	0	1	2	3	4
DLBCL11472	0.7143570948573764	0.0043680661913793745	0.007192073554414719	0.17949560526489255	0.09458716013193691
DLBCL_MAYO_DLBCL_3653	0.03739608353171113	0.59102816705867	0.17762559529974536	0.006033951936856125	0.1879162021730174
DLBCL_C_D_1130_NULLPAIR	0.9894126098604715	9.124203034272922e-05	5.4565905527151286e-05	0.010437599462999374	3.9827406592292175e-06
DLBCL10993	0.9702971259107623	0.010531457220246817	0.00862239696668112	0.0036728767961154056	0.006876143106194309
DLBCL10935	0.7163894722149454	0.26640801569726524	0.010279982936952326	0.0033417861538079267	0.0035807429970290535
DLBCL10869	0.005692882482078921	0.9099230128425055	0.05233005173513737	0.00015335811179651037	0.03190069482848164
DLBCL11486	0.9585976112501075	0.03335733210982618	0.0032883702094756153	0.0008435742615087694	0.003913112169082044
DLBCL11512	0.8533647750381032	6.286413411339142e-10	4.537510545994416e-10	0.14663522052119626	3.3583081330782405e-09
DLBCL10896	0.8849641436636966	0.03381552832467564	0.012916649542523669	0.06615108591845854	0.002152592550645609
DLBCL10997	0.3485660837943118	0.0032938116564224457	0.01598594235271024	0.0707778412965042	0.5613763209000513
DLBCL11652	0.10063237598833677	0.6994342500443872	0.0904564301413167	0.0005351634360872062	0.10894178038987215
DLBCL10969	0.19953468542736133	0.5622771709291886	0.2123604796304289	0.0017500369910512913	0.02407762702196978
DLBCL10971	0.0009348281693021414	0.9220838869027908	0.01004404137049277	0.00017308892823436525	0.06676415462917994
DLBCL_RICOVER_338	0.42164073424243	0.08266834755668916	0.05454647894590766	0.40625792385977927	0.034886515395193884
DLBCL_LS378	0.9780038472977748	0.02037799161729481	0.0014981199761898599	4.2450185069798965e-05	7.759092367077984e-05
DLBCL10509	0.6092701034525753	0.383694830534284	0.004488017600035983	0.001445392991549437	0.0011016554215553336
DLBCL11477	0.9972080361264991	0.0016566740918298709	0.0006142056827234112	0.0002489231029303061	0.00027216099601735423
DLBCL11473	0.9089309438743927	0.05238585449100409	0.00040570268208840705	0.038236011110428264	4.1487842086584e-05
DLBCL11474	0.9726511842747961	3.0994533135240433e-06	2.7103425792631098e-05	0.027245799071591727	7.281377450595963e-05
DLBCL11480	0.14033048951653698	0.3012245695539243	0.08497537070644932	0.0019036180437724582	0.47156595217931707
DLBCL10957	0.756890678412833	0.10441372108210847	0.06972822352148143	0.059113016990580525	0.00985435999299658
DLBCL10918	0.9890118041400575	0.00011510249270272047	0.00020851787569920775	0.004296444486986528	0.006368131004554068
DLBCL_LS1757	0.9986436733821522	0.00050932159223779	1.4093037335924532e-05	0.0008243067910423934	8.605197231670145e-06
DLBCL10495	0.9503050256227191	0.04807701501761308	0.0001594878536363075	5.7593879154134863e-05	0.0014008776268773257
DLBCL11484	0.0005321595074342155	0.9690061192362129	0.008448010671245792	2.5973419484636436e-05	0.02198773716562243
DLBCL_C_D_1136_NULLPAIR	0.0006666738995758107	0.9403609108517975	2.078071563175717e-06	2.4824243978134846e-05	0.058945512933085316
DLBCL_LS1668	0.0002184493805863055	0.004049173844827631	0.038404543170508766	0.955694072791576	0.0016337608125012641
DLBCL10873	0.008848751874413687	1.6041822572102115e-05	2.177200688178623e-05	0.9910444228941142	6.901140201825837e-05
DLBCL10885	0.1641927462480502	0.09309245668187362	0.0009218127084233948	0.0012296152922731934	0.7405633690693796
DLBCL11673	0.0024537272960989008	0.9807235786195995	0.009378917811548136	0.0027483143504476435	0.004695461922305813
DLBCL10903	2.792896442680543e-05	0.997621057364274	0.0016563820698658113	2.9595153756574807e-06	0.000691672086057697
DLBCL11436	0.003972882565145151	0.9517215912483354	0.007178613923125167	0.0005510771050505158	0.03657583515834374
DLBCL_RICOVER_467	0.006571594227717073	0.25125926728634834	2.363511763582578e-06	0.0010180971080782678	0.7411486778660927
DLBCL11188	6.8322876822067e-06	0.9998600299535653	3.7792604576318126e-05	4.706704056601823e-06	9.063845011957243e-05
DLBCL10849	0.0025912946496333728	0.100188248143758	2.550366544356443e-05	5.168348213982928e-05	0.8971432700590253
DLBCL10834	0.0003838837341644823	0.9996145660904212	3.432575858953476e-07	1.1631298335545004e-06	4.3787994862633745e-08
DLBCL_RICOVER_401	0.0007415025668139102	0.2568996929406335	0.7423028584730667	3.7272926882844116e-05	1.8673092603073347e-05
DLBCL_RICOVER_1060	0.0026691996695566403	0.8187842686843539	0.017703921966539037	0.00011788134762766493	0.16072472833192275
DLBCL_LS2089	0.00011367327648696902	0.979348694291777	1.4172789586074758e-07	3.0395202078055563e-06	0.02053445118363239
DLBCL_C_D_1118_NULLPAIR	0.6394002680385582	0.3312139800941298	0.00018080348869918864	0.02902361035028374	0.00018133802832912742
DLBCL11203	9.048187421668044e-05	0.9694449607565074	5.878107051573633e-06	0.030441174080132177	1.7505182092155728e-05
DLBCL10907	0.3612750764081831	0.0010608402280657388	1.093933112310916e-05	0.6375363187663751	0.0001168252662529915
DLBCL10954	0.0061290609182929855	0.8297334411320504	0.0027102530813630206	0.001446046796109797	0.15998119807218378
DLBCL_RICOVER_533	0.001201540858297296	0.9826019184500688	0.004144726271695269	0.01094492473390719	0.0011068896860314651
DLBCL10934	0.04509099099735227	0.6730673667122115	0.0005957452003035635	0.15982331795998775	0.12142257913014495
DLBCL_MC_F500_ECU	0.0008313294013274536	0.8772475738304413	0.008439167360456988	9.971500824298997e-05	0.11338221439953126
DLBCL10480	0.1540758948422165	0.8363022331691855	0.006189029272465405	0.0021078533547234384	0.0013249893614091562
DLBCL11003	0.007576542472397536	0.2495726276389263	0.007208639104025391	0.001711096076517376	0.7339310947081334
DLBCL_LS3204	0.02732989400781655	0.835505046204623	0.03251845050078101	0.09002935474017555	0.014617254546603968
DLBCL_LS1395	0.00014652957761616758	0.11602947015764103	0.8830312375864997	3.528252988813946e-05	0.0007574801483549152
DLBCL11669	0.012415601558044073	0.0013294615572159822	0.9567606617208309	0.026614085210291166	0.0028801899536179108
DLBCL11541	0.003056394117739223	0.5540823878602972	0.2111020309015778	0.0004903162829055667	0.23126887083748018
DLBCL_C_D_1141_NULLPAIR	1.8216630180585977e-05	0.0015891351389649487	0.9983061043056021	1.5754709170871145e-05	7.078921608148928e-05
DLBCL11469	0.00106846622767483	0.5533241441651414	0.4007465864314487	3.691711710734401e-05	0.04482388605862757
DLBCL11458	0.608121413215098	0.19572602362177818	0.18212000900797293	0.008814994250291077	0.005217559904859858
DLBCL10554	0.00820582325992214	0.0006199479856204543	0.9845603312851924	0.0059333052471624145	0.0006805922221026367
DLBCL11670	8.76898176807523e-05	0.00031470334731253783	0.9985888673610628	0.00015725969450615263	0.000851479779437804
DLBCL_LS2325	0.0011229063149240748	0.23593443920387527	0.762017400289746	0.00011253074448194329	0.0008127234469726801
DLBCL10459	2.520882983005251e-06	0.0004425790245075906	0.9994937396461734	1.9919023837362938e-05	4.1241422498701904e-05
DLBCL_LS4593	0.004216745966678781	0.15063875719225325	0.831983409272201	0.005793534876585295	0.007367552692281638
DLBCL_LS4616	3.553785724842156e-05	0.0348336687872294	0.9640687863357917	0.0008402539009068071	0.00022175311882366802
DLBCL11515	0.018918403265204796	0.33300333765664025	0.3870228593690613	0.002895766516245097	0.2581596331928486
DLBCL11525	0.006097582853282918	0.03882648536591407	0.9519849561358561	0.002675137246460207	0.00041583839848674997
DLBCL_RICOVER_320	0.0013172771799453329	0.9216745371772495	0.06473253223027237	0.00014935530165734106	0.012126298110875493
DLBCL11656	2.815408086283507e-05	0.00038698553725334544	0.9995206806378106	2.2910089908341805e-05	4.126965416484424e-05
DLBCL11566	5.14191960254063e-05	0.0670201707032381	0.9327835375609732	0.00012242253040102823	2.245000936231048e-05
DLBCL11439	0.5687267721942696	0.00035365629786885354	0.14513919144799844	0.28266149087916415	0.003118889180698956
DLBCL11468	0.05631548051603101	0.0753153549045853	0.055853494448840184	0.7751081116000337	0.03740755853050986
DLBCL10564	0.0024819187260270137	3.691865961119087e-06	0.0009715092559607346	0.9965020110571126	4.08690949385726e-05
DLBCL_MC_F218_RAP	0.8920226139098503	0.001764371672602145	0.007051715885495268	0.0990756466745571	8.565185749516856e-05
DLBCL10965	0.03012083773927957	4.215427255446656e-05	0.00010063608844822696	0.9696158239834177	0.00012054791630001435
DLBCL10973	0.07384593830386374	0.15712164035383702	0.7117635961711989	0.016858873973783262	0.040409951197317155
DLBCL_LS2590	0.006140789500216737	0.003551171976418159	0.004853036304186486	0.8464030128961677	0.13905198932301097
DLBCL10527	0.0032529686515803615	0.0023722095984676198	0.00048385550487187146	0.9779006312373879	0.015990335007692206
DLBCL10927	0.013778494387292308	9.481722977947226e-12	5.97310089802677e-08	0.9862214458099452	6.227179080853625e-11
DLBCL_C_D_1115_NULLPAIR	0.017608057423509887	0.9454538234897162	0.011968129788377238	0.015055309866690353	0.009914679431706359
DLBCL11471	0.04852132895136836	0.7205389362374638	0.10268201924755846	0.027297491506435855	0.10096022405717349
DLBCL_C_D_1109_NULLPAIR	0.029430117207199822	2.0767135637767436e-05	0.00017926822132452886	0.9688210447670427	0.0015488026687952429
DLBCL11467	0.002198232385558548	0.9185871405052727	0.04027454701336471	0.00013173125609392341	0.03880834883971011
DLBCL_RICOVER_151	0.00014809893121745147	0.0004391857833529319	1.5519796585760843e-06	0.9993702832575286	4.088004824245917e-05
DLBCL10544	1.966215509793867e-06	5.180747283515814e-08	1.535258589150708e-07	0.999996787727163	1.0407239954265397e-06
DLBCL11564	1.0052815067254717e-05	8.629500065851774e-05	5.9509106256514886e-06	0.999897168026477	5.332471715321805e-07
DLBCL10970	0.0018588537151659537	0.9802625541947899	0.011146353642004583	0.001755787501679596	0.004976450946359965
DLBCL_RICOVER_701	0.17785703499454064	0.039823023804196535	0.0048798704734552625	0.7726423311883264	0.004797739539481134
DLBCL10550	0.003106768395782868	0.019475740202431903	0.0005044397088712464	0.000653560677476402	0.9762594910154376
DLBCL10837	0.16274404243778742	0.002675981837194076	0.04267864337596723	0.08922939719245958	0.7026719351565917
DLBCL10915	0.036578158160186273	0.1355744259010713	0.0028025719431732754	0.0006147687436021563	0.824430075251967
DLBCL10902	0.02693350496772836	0.01257180948755127	0.0006292134874905296	0.00028092980794563555	0.9595845422492842
DLBCL10880	0.0017440147067264921	0.003217096685838345	3.182568925407902e-05	7.669199832254553e-07	0.9950062959981979
DLBCL_RICOVER_773	0.0046305395479789456	0.044524009568135424	0.001590639192980606	0.00026871286700076637	0.9489860988239043
DLBCL_RICOVER_1289	0.0007564375875932411	2.817417134905094e-05	4.434422685332102e-05	0.005590681662813168	0.9935803623513912
DLBCL10899	0.024106903015820743	0.00021667331624784612	8.818722072661978e-05	0.37203976993113624	0.6035484665160685
DLBCL10901	0.014625224016332816	0.013766726887742388	0.0005500359163206119	0.007451785827913155	0.963606227351691
DLBCL11195	0.0019081938881694556	0.255177259629005	9.649632339088474e-05	0.005456926866022785	0.7373611232934119
DLBCL10864	7.218628311133967e-05	8.55154656046513e-07	5.294604946516655e-08	8.929426020469128e-07	0.999926012673581
DLBCL10980	0.0013354243969046287	0.35012465736216036	0.0018987734598540685	0.00012021915500533234	0.6465209256260757
DLBCL10889	0.0003289205938413898	0.0008744287477159946	9.148912493498062e-05	0.0002005564602771036	0.9985046050732306
DFCIDL004_DT	0.5538835928813978	0.018323748386191788	0.053790477020173824	0.15408886027846053	0.2199133214337761
DLBCL10999	0.00028307706216298457	1.97467032841674e-05	0.00019430737284327886	0.6093067500734948	0.3901961187882148
DLBCL_RICOVER_1190	0.20947981953619652	0.5340674174788822	0.22647792226613053	0.00018929795616334154	0.02978554276262737
DLBCL10781	0.033689001201842254	0.000328550535850852	0.0016231517172817717	0.1029900776167748	0.8613692189282504
DLBCL11495	0.08353358764309528	0.012406295001080573	0.002292830509578541	0.06689959229808373	0.8348676945481619
DLBCL_RICOVER_417	0.00033723568982349457	7.913973818723461e-05	7.77000449529269e-06	0.00024905598183523706	0.9993267985856588
DLBCL_RICOVER_1032	0.00023417841951586576	0.0018065965547436405	3.058729432669996e-08	0.0001314116713127064	0.9978277827671335
DLBCL_LS3200	0.0006327101909797449	0.311849795654377	6.115790214131377e-05	0.00013701690680970738	0.6873193193456921
DLBCL10530	0.0022987153138932185	2.815209678729535e-05	1.7693595523774406e-07	0.0019043389188510766	0.9957686167345132
DLBCL10862	0.0007304906456352354	0.003085802073921849	4.216152636241878e-05	2.0519548645512717e-06	0.996139493799216
DLBCL_RICOVER_1287	0.0011980152764437596	0.8557536160814337	0.0030833247706630127	7.247113329879655e-05	0.13989257273816075
DLBCL10848	0.01789106904728824	6.430059127422282e-05	0.003233644367430752	0.002378846088439302	0.9764321399055675
DLBCL_RICOVER_850	0.00039400986528579	0.0007580362337420916	4.898750537830998e-06	0.0003022902066137545	0.9985407649438205
DLBCL10457	0.0006818725843363121	0.6810324075637056	0.014793489151762478	0.0002541507734885161	0.30323807992670704
DLBCL10961	0.008308454908310794	0.0811649240333989	4.068451013552094e-06	0.13677442211170815	0.7737481304955686
DLBCL10975	0.8715157002226884	1.0394196591648732e-08	1.2912292554452047e-06	0.12845430070922081	2.8697444638662115e-05
DLBCL11537	0.9916930867709995	6.3898356343873106e-06	9.802697424136776e-06	0.008266643157995832	2.407753794614506e-05
DLBCL_LS3809	0.9583151142513487	0.0007721153277308006	0.0003530043170026924	0.0018866642275669522	0.03867310187635078
DLBCL10462	0.9693467649818451	5.017097233663765e-06	0.0008465826551519033	0.029757478914115	4.4156351654330996e-05
DLBCL11662	0.9923538027909876	8.99921098224989e-05	0.000332819585137409	0.007195608496669246	2.7777017383192615e-05
DLBCL10913	0.893102699287407	0.029045964982546364	0.0011179595588249557	0.0765146944953611	0.00021868167586052472
DLBCL11454	0.9872720952565166	0.0004600270267488821	1.7798262889584302e-06	0.012265777225834782	3.2066461081497747e-07
DLBCL10450	0.5173180997256822	0.009227786662534548	0.009221650409855954	0.4426514091563979	0.021581054045529405
DLBCL10914	0.02472336087200784	0.8290816715381668	0.08647126601077544	0.0007530187940581506	0.05897068278499175
DLBCL10490	0.29348548290059495	0.0006962636157769644	0.00023945461569307628	0.6868411362732195	0.01873766259471543
DLBCL11429	0.7210266216815818	5.396642844307588e-06	3.5017832333594185e-05	0.27737250441841754	0.001560459424822691
DLBCL11539	0.991457330677705	1.989513665426313e-07	2.3815197905440314e-08	0.008542446391206784	1.645237684621173e-10
DLBCL10492	0.8406835848786072	0.031348190926689785	0.00024522836862736854	0.010066922664817648	0.11765607316125803
DLBCL10894	0.049643784652778994	0.9475745718037405	8.040317518458172e-06	0.0027728999477398073	7.032782222081281e-07
DLBCL10986	0.35504716462428604	0.11708459882238982	0.016556568900891196	0.0005681592036616363	0.5107435084487713
DLBCL10950	0.9622913941302002	0.0051559942528691905	0.00042302917778249316	0.03183967287538572	0.00028990956376247174
DLBCL11191	0.9972064843702116	1.650025181962841e-07	9.432898386034217e-06	0.0027828159512911714	1.1017775929140119e-06
DLBCL10959	0.7868864852169842	0.052783364421905773	0.018950790331749668	0.1400348748262793	0.0013444852030810393
DLBCL11434	0.8613085812907585	0.0002723305188785673	0.00033707807394243246	0.13807594807152268	6.062044897809535e-06
DLBCL10515	0.9964236015931811	0.0002471523218842871	0.0001911441811318478	0.0029631193406622156	0.00017498256314051858
DLBCL_RICOVER_945	0.8145142809730042	0.0008526130396691479	0.0040271893793166055	0.1499245664281871	0.030681350179822944
DLBCL11482	0.7582711976998815	5.873379721887789e-07	0.0006893679596369603	0.2410169685773982	2.1878425111131064e-05
DLBCL11496	0.8989234691735057	0.008347953891613089	0.07709452163322272	0.013842226762916394	0.0017918285387420571
DLBCL11565	0.00036943830186473095	0.8767239968945413	0.000448977251504453	0.12021254450959268	0.002245043042496878
DLBCL11679	0.9689870318038883	0.025386154577187722	2.186015844815043e-05	0.005601971729216453	2.9817312592947986e-06
DLBCL10780	0.0019162528218705979	0.09962843344296994	0.8804737416986199	0.017125864580413114	0.0008557074561264776
DLBCL10983	0.0015647701909661683	0.9942757879470424	7.5193853046900765e-06	0.0010490707045580294	0.0031028517721287114
DLBCL10988	2.7178643298316146e-05	0.9978614824309026	0.00020089421106816752	1.7333868099636458e-05	0.0018931108466313648
DLBCL10981	0.03178561621121312	0.010742606940203177	0.0004377437830146868	0.9564153986321718	0.0006186344333972044
DLBCL_MC_F729_MAN	0.00011347596455044244	0.9980892785021503	0.0010209396971969935	1.1634681187936628e-05	0.0007646711549143029
DLBCL_RICOVER_299	4.440326052835356e-05	0.13474934258292165	0.8647886515134099	0.00010672614164747792	0.00031087650149262544
DLBCL_C_D_1126_NULLPAIR	0.16469277165673443	0.7230901091621605	0.006484061619336479	0.0015429816750060887	0.10419007588676238
DLBCL11516	0.08892215361942485	0.20713776260858954	0.002453102308875789	0.6289544323485579	0.07253254911455201
DLBCL_LS3749	0.00011689326884596792	0.9990727370648034	0.0001329099156424544	0.0006608532717102967	1.660647899790736e-05
DLBCL10503	0.0021888925309596547	0.801582005623263	0.10575617131686187	6.316708115535354e-05	0.09040976344776015
DLBCL10487	0.7324331615671552	0.1525618119719692	0.0027039119268958078	0.11163251208897092	0.00066860244500882
DLBCL_LS2245	0.7453420762029731	0.13455960492933436	0.1134535631052127	0.006565506744998015	7.92490174818295e-05
DLBCL10906	0.004965059724943813	0.6357501341583143	0.0011143790208443319	9.068858054849746e-05	0.358079738515349
DLBCL10989	0.00028290624971359613	0.9971386169889395	0.00042839338755275346	0.00025403945943791394	0.0018960439143563
DLBCL11498	0.763267498948868	0.2314082132380022	6.75776917441554e-05	0.0052085668539805525	4.814326740501284e-05
DLBCL10850	0.009344582249813148	0.990586822947906	3.998762588604088e-06	5.200739408456575e-06	5.939530028379995e-05
DLBCL_MC_F739_AMA3	0.00015562658753519957	0.7713701433421352	0.2188773206135143	0.009568199967607872	2.870948920751355e-05
DLBCL10917	0.03076797374868147	0.9462741013770843	0.00023689773784137244	0.018242984360693392	0.004478042775699478
DLBCL10871	0.0065423044429787905	0.9543746551924576	0.001838390306283659	0.0008841067770738542	0.03636054328120616
DLBCL_LS3245	1.796370998263654e-05	0.892872474141744	0.10698850506928116	6.882895766577932e-05	5.222812132645228e-05
DLBCL10502	0.003829040883380518	0.6948034372014316	0.2850460716016162	0.014990587046725162	0.001330863266846624
DLBCL10453	0.0014803737787271215	0.03307451396675599	0.00011351918162352534	1.9128166427539136e-05	0.9653124649064658
DLBCL_RICOVER_948	9.251734302622733e-05	0.9926129988791492	0.006905548207142739	3.741542213621431e-06	0.00038519402846822
DLBCL11518	0.5278245760104183	0.42678869773353517	0.04307914151366476	0.00039387188223246857	0.0019137128601492356
DLBCL11428	4.2986153595845906e-05	0.00026462661259871135	0.9996420975864861	4.5523759126797255e-05	4.765888192464281e-06
DLBCL11590	0.052758454086868176	0.043879961826296145	0.817856029138225	0.034100442992528075	0.05140511195608262
DLBCL_RICOVER_408	0.005705601922301422	0.9158768950985847	0.06208305107175074	0.01120492861269363	0.005129523294669441
DLBCL11573	0.0009072263290454597	0.0022556586985064534	0.9672917435981486	0.0290217814939933	0.0005235898803062115
DLBCL_DFCI_DLBCL_GOE16	4.891201950729707e-06	0.0006332810577544986	0.999352300014083	3.9417948368768745e-07	9.133546728002755e-06
DLBCL_LS2328	0.0008778622118061943	0.5813478226524245	0.4176035234040384	0.0001326255507575176	3.8166180973497554e-05
DLBC_FF_8046_TP_NB	0.0012335158673616284	0.019089816929009396	0.9792735111844133	4.884451408835639e-05	0.0003543115051272642
DLBCL_LS1098	3.68964052392259e-05	3.350894413665418e-05	0.9876502207051474	0.012275534190029537	3.839755447211383e-06
DLBCL_MC_F815_BAT	0.05047739699341446	0.0384315001736904	0.1629402259249164	0.03176099791919135	0.7163898789887875
DLBCL11542	1.9038378076867597e-05	0.013493130094545266	0.9814522603888238	0.005025609682595281	9.961455958738546e-06
DLBCL_LS762	0.0021426232923813793	0.7360878868788536	0.14682578974639598	0.00046328362871692785	0.11448041645365206
DLBCL11666	1.1446918629135627e-06	6.841646155458252e-05	0.9999294815026721	2.2469383377755734e-07	7.32650076617599e-07
DLBCL10498	0.0006169480075405911	1.6422627612026426e-05	0.9645502465332726	0.034815839372815155	5.434587596087164e-07
DLBCL_MAYO_DLBCL_234	0.3921329167079879	0.0035207452947521633	0.5200909017875258	0.07856823314502419	0.0056872030647099345
DLBCL_RICOVER_978	0.5412458350261141	6.892383752780361e-06	0.005322125292957587	0.4521356356852615	0.0012895116119140762
DLBCL_C_D_1112_NULLPAIR	0.004715099011739667	0.5952703885822918	0.35174405837556205	0.008032426923808022	0.040238027106598455
DLBCL11441	0.14143710474363386	0.41511065545632614	0.017955792884436803	0.01009233386056325	0.41540411305504005
DLBCL10879	0.00200253867898732	0.0003183713583843981	0.955739408343453	0.034053397989383685	0.007886283629791666
DLBCL10456	0.0017727950813124546	3.433162431386756e-06	0.0002700551056572884	0.9979438531973595	9.86345323937484e-06
DLBCL10547	0.00031313456486890487	1.4908236802875075e-06	1.6689112862206316e-06	0.9996835403730626	1.653271019446003e-07
DLBCL10782	0.0013561928142863152	4.172299949933567e-08	5.216469420696869e-13	0.9986437654621108	8.17897221370936e-14
DLBCL11536	0.005204815190616824	0.15330094923910328	0.002358872272546822	0.8374123064682302	0.0017230568295028975
DLBCL_C_D_1103_NULLPAIR	0.01722154308704826	0.44224427431637314	0.00544989854182465	0.5321435229534581	0.002940761101295909
DLBCL11433	0.09128441961966026	0.01072346429708982	0.09007916385553791	0.5315816662962013	0.2763312859315107
DLBCL11455	0.3427482924974801	0.003261785536759477	0.01714115206406936	0.6315220043932604	0.005326765508430597
DLBCL_RICOVER_950	0.19625139268421335	0.36522421446444703	0.07420761734107895	0.36167906060199556	0.0026377149082650415
DLBCL10539	0.032330069383167466	0.5614632057288559	0.0036124405187764005	0.16647442647168773	0.23611985789751253
DLBCL11504	0.03272777595812468	0.8175871456396883	0.06388099450268717	0.0074660932130169114	0.07833799068648299
DLBCL_MC_F139_LJF	0.0017086152352202152	1.470513260403359e-07	2.5227901308399155e-05	0.9982657661531765	2.436589688092321e-07
DLBCL_RICOVER_361	0.011342185068063202	0.0010610817772177283	0.003335973740198008	0.9793567622465836	0.00490399716793739
DLBCL_BWH_DLBCL64	0.635066815438443	0.01741796294882154	0.00032835032189550215	0.34707687623432254	0.00010999505651748215
DLBCL10978	0.0016332711498266966	0.0009913669877827406	0.002691406231097259	0.9931102156205147	0.0015737400107786288
DLBCL10974	0.0716119779505461	0.013007804114494939	0.03899034142952601	0.20776542200959128	0.6686244544958416
DLBCL10932	0.44667835815336643	0.0010004856889556549	0.00013656454467887193	0.547786898668563	0.00439769294443606
DLBCL_C_D_1125_NULLPAIR	0.0002517609510684639	0.00900201769525185	1.6990499264756609e-06	0.00037940541030301853	0.9903651168934502
DLBCL_RICOVER_1106	0.017545346359635686	0.00019783672427949484	5.34043795638889e-07	0.07563642888980274	0.9066198539824865
DLBCL10471	0.003957236220862158	0.004408166894274884	2.7331549002742765e-05	3.453818661349963e-05	0.9915727271492467
DLBCL10876	0.0002988234384260259	0.004556870548711774	9.452803390945831e-06	1.840481051393294e-05	0.9951164483989573
DLBCL11450	0.009267823839691365	0.00930901822111863	0.0018569108028797688	0.32398901554860354	0.6555772315877066
DLBCL10857	0.013638680649014382	0.0009607879034363646	1.631855469419065e-05	0.001854249299404125	0.9835299635934509
DLBCL10890	0.004301728641198649	0.0007203602983435016	2.7225090947746764e-05	0.0006910378738558575	0.9942596480956543
DLBCL10532	0.021812358599017718	0.00023431059277753945	0.0017012820206089782	0.07112263521672946	0.9051294135708663
DLBCL_RICOVER_134	0.04435798758775544	0.013645664423366741	0.00013275962195865535	0.0450609115925573	0.8968026767743619
DLBCL10904	0.01164965275001121	0.034093675250694	0.0016157813951803894	0.027300700222839522	0.9253401903812749
DLBCL10847	0.0007977222337457831	0.043953900953666095	4.203156250765507e-05	3.946134275296006e-06	0.9552023991158052
DLBCL_RICOVER_314	0.006378058912417251	0.8217131125466743	0.014532751450434901	0.023866401030007905	0.13350967606046554
DLBCL10924	0.000529140586013473	7.786770265518833e-06	6.850149164586534e-08	0.0019529134292177372	0.9975100907130117
DLBCL_RICOVER_712	0.015199540763170063	0.11656206996708368	0.00718330683475603	0.004132300127918817	0.8569227823070714
DLBCL10853	0.05594677382224568	0.005890915615622846	0.000145949224203525	0.0051675854009578265	0.9328487759369701
DLBCL10887	0.00030184803206449105	0.00023825088996809948	0.0001000748911529612	9.040238076905613e-05	0.9992694238060454
DLBCL10854	0.0031997070738210886	0.00020517348952297083	1.9940312826893464e-06	0.007524626991608262	0.989068498413765
DLBCL_RICOVER_1329	0.001119445459348052	0.4427167143804206	0.0006670680932489624	3.287367346651175e-05	0.5554638983935158
DLBCL_RICOVER_449	0.028574236468691904	0.0010291381811651061	0.0004960655286635874	0.00035185135315671836	0.9695487084683226
DLBCL10838	0.0012258870643046366	0.5756331912743701	2.2807782844456218e-05	0.00011806223690165294	0.4230000516415791
DLBCL11206	0.002702417272389217	0.687579335807903	0.0062877954251312216	9.531763974132155e-05	0.30333513385483535
DLBCL10984	0.0011975428712884862	0.02091698580438776	1.6323847678336894e-06	0.0001827858103647373	0.9777010531291912
DLBCL10836	0.002664461961571272	2.185588983237691e-06	9.880374394324614e-05	0.011943795219752749	0.9852907534857495
DLBCL10566	0.000956103715282816	0.8572745460993756	0.00525771691656793	2.975149269048577e-05	0.13648188177608317
DLBCL10842	0.0016061299742279494	0.000501815002597876	1.203907288281527e-05	1.5296031591129107e-05	0.9978647199187002
DLBCL_RICOVER_1293	0.012498242740168709	1.325310871472893e-06	8.162393425879834e-05	0.0010343199876909376	0.9863844880270101
DLBCL10916	0.0007446508123413798	0.032904955347433554	5.8589149372774476e-05	2.0277214739442993e-05	0.9662715274761129
DLBCL10883	0.03194071832475991	1.9726139765866348e-05	0.0007351435158297253	0.004454236186283149	0.9628501758333613
DLBCL10451	0.9825220089309266	0.005222583737483731	0.012067880563532387	0.00018696181841746558	5.649496398216805e-07
DLBCL_RICOVER_829	0.9655240000438338	2.606471796184138e-06	1.5872583256630476e-05	0.034402977036084845	5.454386502856181e-05
DLBCL11677	0.996805617118568	0.0001880212542652991	0.0008897035967580308	0.002073646914575221	4.301111583346491e-05
DLBCL11478	0.4505282098755201	0.4609724951673321	0.05628492764806137	0.031166443116125188	0.0010479241929613591
DLBCL10843	0.5811134467454215	3.1067603744596565e-07	1.980578869796803e-05	0.4188189597535623	4.7477036280702915e-05
DLBCL10968	0.8785809887210966	2.0260958467089048e-05	0.00015976014874079006	0.12111293501791986	0.00012605515377562155
DLBCL10486	0.033378970899849564	0.4190274103529003	0.022675700479986443	0.0014714046875796347	0.5234465135796841
DLBCL_RICOVER_826	0.6221865290563763	2.501335598872893e-07	1.5016877734342402e-05	0.37778128302596575	1.692090636365497e-05
DLBCL10897	0.9933621793839553	0.00015230573293562903	0.0002928581390271912	0.00513244189932506	0.0010602148447567804
DLBCL10994	0.005919951542952968	0.9600035932829347	0.005681622340273164	0.0008623756122059953	0.027532457221633094
DLBCL11481	0.28683637384810867	0.33769538918383196	0.35804722182901083	0.005068724534584035	0.01235229060446448
DLBCL_C_D_1129_NULLPAIR	0.8913386045613039	0.002088476467479927	0.09923963169423668	0.004274467781157993	0.0030588194958215353
DLBCL11202	0.15428621095175918	0.20634686599020144	0.5773623510408656	0.061734308156445795	0.00027026386072786645
DLBCL11663	0.003936871056873427	0.8949404892777345	0.06921432919392831	0.00022109425519337906	0.031687216216270395
DLBCL_LS951	0.7173673831897832	0.04930170696720227	0.005650725943739257	0.2151040750629958	0.01257610883627951
DLBCL11501	0.4295076614237039	0.4443022726234439	0.04816638570954161	0.002152735270294334	0.07587094497301625
DLBCL11470	0.6620950520628188	8.587661431284775e-09	1.579593256272309e-08	0.33790453981083257	3.837427545476432e-07
DLBCL10542	0.9959882343619946	0.00011528784118904797	0.00015798615576175925	0.00048267394054447616	0.0032558177005101462
DLBCL_MC_F132_MLM	0.999569377225095	8.057054152845136e-06	1.0194221908644857e-05	0.00021678959833529863	0.00019558190050824754
DLBCL10548	0.9122300180862903	0.0605913790109295	1.4908897696548255e-05	0.026982975203679132	0.00018071880140445315
DLBCL10884	0.9963996233425053	0.0015873299055477429	1.1368501315817638e-05	0.0019009631277817757	0.00010071512284937352
DLBCL10996	0.9997756972966894	1.5137332976673408e-07	1.5880610723888973e-06	0.00022255426709058204	9.001817849155653e-09
DLBCL10458	0.9999815731864635	6.813465176236306e-09	5.859723248219114e-10	1.8419201644182344e-05	2.1245480698254819e-10
DLBCL10947	0.08057548957239734	0.9083797973108607	0.0005906025108745215	6.135973082265732e-05	0.010392750875044746
DLBCL10519	0.00022314923987953216	0.9944392203727213	0.0011140543373295319	0.004101053460532082	0.0001225225895376475
DLBCL10985	0.07510237037215016	0.21298810513756408	0.0002967673989027991	0.7074567183140766	0.004156038777306293
DLBCL_RICOVER_335	0.00025068744717192897	0.869435887822805	2.9427022068739033e-05	0.13026787306830412	1.6124639650199127e-05
DLBCL_C_D_1135_NULLPAIR	0.00569127300236466	0.9936636754782896	4.969102539544946e-05	0.0005940074697929938	1.3530241573206592e-06
DLBCL11479	0.00040313976159915956	0.9699494800355437	0.011469534220727795	4.38725092575758e-05	0.018133973472871733
DLBCL11449	0.03833184271658869	0.46672172486727065	0.004129701000898599	0.005548786909797186	0.485267944505445
DLBCL11446	0.009416294266823473	0.8765368641708018	0.09176627228213505	0.008654527301735219	0.013626041978504479
DLBCL_RICOVER_288	0.0017272646096542516	0.99494972179678	0.00013572862960563352	0.0029699647273485332	0.0002173202366116136
DLBCL_RICOVER_174	1.8205587014762942e-05	0.9999710642941465	3.3168389370729146e-06	4.647078630023335e-06	2.7662012716713087e-06
DLBCL10846	0.06892512186040305	0.9008513310321784	0.011876248426935878	0.0064695744814596765	0.011877724199023009
DLBCL11208	0.0008308370947420604	0.9638682605968413	0.018825178914821255	0.00010249382854566661	0.016373229565049763
DLBCL10517	0.0005115704846931844	0.8310157213589066	0.15869206695532848	0.0028865354122712054	0.00689410578880061
DLBCL_MC_F089_HCZ	1.731882693901339e-05	0.9982736208586693	0.000802096641551024	0.0008807990857290576	2.6164587111533034e-05
DLBCL_RICOVER_678	0.0023999912245973288	0.9431735036590021	0.0006284883290718703	0.0005773404139253867	0.053220676373403275
DLBCL_LS4054	0.0008036597347074643	0.9742548890883643	0.011118858015236531	6.536813764820584e-05	0.013757225024043418
DLBCL10962	0.009554779463404994	0.7129073123129951	0.004614915618179617	0.0001429522643899434	0.2727800403410303
DLBCL11466	0.0005925592407124365	0.9810857914504685	0.009549767794019464	0.00018971263188911718	0.008582168882910484
DLBCL_RICOVER_583	0.0029936521912163824	0.49485649081755606	0.06541314951270345	0.0008646568418748497	0.43587205063664936
DLBCL_LS1065	0.02333730391762149	0.9393321130603898	0.0033880175999374475	0.010637267215418238	0.023305298206633074
DLBCL11507	0.49870892912898757	0.032990346827421524	0.0035429065304494723	0.46475603089033085	1.7866228105147886e-06
DLBCL_RICOVER_1046	9.540927148563285e-05	0.1703614915589009	0.8270985495599923	7.373780799910957e-05	0.0023708118016220305
DLBCL_LS146	0.00021389355614296222	0.9991870773250665	3.843000619117277e-06	0.000532381385748565	6.280473242284429e-05
DLBCL_C_D_1117_NULLPAIR	0.004485483187214095	0.6879246135365067	0.000671537914770759	0.30653831072039234	0.00038005464111608096
DLBCL11591	8.239406213783509e-05	0.7347199193241474	0.26426364101114025	9.623896321155353e-06	0.0009244217062534308
DLBCL_RICOVER_440	3.210170256778054e-05	0.10323310695900148	0.8962213042693497	0.000279786072297736	0.00023370099678336902
DLBCL_RICOVER_522	0.01876296989205115	0.0008032379851970261	0.41323162014789805	0.5671090526094611	9.311936539269759e-05
DLBCL_RICOVER_216	0.0022535079091741987	0.8822220945676941	0.024886403814218607	6.693460729664886e-05	0.09057105910161652
DFCIDL009_DT	0.0006123801170475114	0.06455240578927682	0.9318690861143415	0.0003719631392096072	0.0025941648401246273
DLBCL10472	0.06183361295339404	0.0011865493296891263	0.8862267026859061	0.050280593653634166	0.000472541377376536
DLBCL_MC_F362_MJB1	0.0011464544886304298	0.066002857431277	0.8446139022356227	0.00013837192494855404	0.08809841391952125
DLBCL_MC_F064AB	0.0004289123988501616	2.0733771542159144e-05	0.9944614973307451	0.005072314145799488	1.6542353063147523e-05
DLBCL11651	0.0008182764576329711	0.04324357355876941	0.9511706105263562	5.825930809490404e-05	0.004709280149146526
DLBCL_LS1304	0.0010603039971235433	0.06306953835203816	0.9326588167031467	4.809112002961006e-05	0.0031632498276620916
DLBCL11672	0.046479891274528805	0.057981603625811215	0.7785768327400124	0.059803322194296474	0.05715835016535111
DLBCL_C_D_1133_NULLPAIR	0.0012295806214238562	0.10467450827026714	0.8846812947954047	0.00012751986442519853	0.009287096448479101
DLBCL10549	0.014557362120279919	0.14997835951948163	0.8227595469482186	0.011992903654648172	0.0007118277573716403
DLBCL10856	0.25119488581851823	0.023642500868725984	0.18622597206884095	0.23044261436004027	0.30849402688387445
DLBCL_RICOVER_866	0.0	0.0	0.0	1.0	0.0
DLBCL11569	8.615111722686137e-05	0.001683167861639502	0.9981925131782127	2.632388200950536e-05	1.1843960911450819e-05
DLBCL_RICOVER_258	0.20351621808752515	0.04086535038597241	0.06522984959485467	0.0015503556892975552	0.6888382262423502
DLBCL10522	0.0011790073428228972	0.0613143792164627	0.935745915169545	0.00014206630555592674	0.001618631965613533
DLBCL11685	6.417218910719394e-06	0.00027757313282023434	0.9996984021416253	2.7247518310734255e-06	1.4882754812614975e-05
DLBCL_C_D_1157_NULLPAIR	0.20775867497059772	0.0016721505531672475	0.7876341104304604	0.002932714466824802	2.349578949877522e-06
DLBCL10939	0.12180121610387735	0.0005677742668910306	0.0008524722396455823	0.8741770006921241	0.0026015366974619816
DLBCL_C_D_1151_NULLPAIR	0.010145168204489014	2.2102402890365404e-05	3.773958971697257e-06	0.9898288591797372	9.625391178377354e-08
DLBCL11460	0.5059052525557887	0.02954957975895363	0.0009993700820469494	0.4632532985354283	0.00029249906778254866
DLBCL_C_D_1153_NULLPAIR	0.015365579279911317	0.0038299303615340436	7.910850642148682e-05	0.48349408492245877	0.49723129692967427
DLBCL10565	0.15973405752026784	0.003713930812481786	0.06926646945744099	0.6886477418916588	0.07863780031815064
DLBCL11437	0.3497802758815188	0.017726169648445887	0.0006125244464099097	0.6308088144496595	0.001072215573965878
DLBCL11459	0.04276660043357077	0.014140075244117534	0.0004305253287555693	0.9392391547872124	0.0034236442063437372
DLBCL11657	0.07041787211217745	0.004968622335750978	0.04143842793003118	0.8625501869732547	0.02062489064878565
DLBCL_RICOVER_274	0.01203134606532525	0.009900241293175082	8.35017923732229e-05	0.8372770151016535	0.1407078957474729
DLBCL10553	0.00011170545123205719	3.95109175339204e-05	0.00020881805745521774	0.9996303475763962	9.61799738257494e-06
DLBCL11196	0.009655438100806015	1.3350452894818103e-05	0.00012214290404249922	0.9900709209915403	0.00013814755071642502
DLBCL_LS3499	0.031399319344928824	0.8105631937214399	0.052213333832013785	0.09679026973766361	0.009033883363953846
DLBCL10868	3.592271556375315e-05	4.168725454669145e-08	3.71717089984594e-09	0.9999273869723805	3.664490763034172e-05
DLBCL10552	0.0018599373223543792	1.1023199077307168e-07	1.616208579884525e-07	0.9981397893058307	1.5189661131537456e-09
DLBCL10513	0.20757899536707924	0.02310781782419325	0.005261472039630533	0.7526567121382228	0.011395002630874172
DLBCL_MC_F927_JHS	0.0011123648766589573	0.9307341515489855	0.027671093541872718	5.411054472570782e-05	0.04042827948775706
DLBCL_RICOVER_1219	0.0010286483831966915	0.0011263822338358732	4.241042673173387e-06	0.0007421482768688708	0.9970985800634254
DLBCL10860	0.0008885201496003461	0.0021187355637015733	6.575790856174503e-05	0.0017527373096274004	0.9951742490685089
DLBCL11500	0.003699178454855461	0.0012603248045831548	0.0010936383510233424	0.0027741739903402985	0.9911726843991977
DLBCL10908	0.002485629175843044	0.838238370511279	0.1226445601532509	5.479972209288214e-05	0.03657664043753416
DLBCL10454	0.029269300050539154	0.6664238063852588	0.010519648913154149	0.000777615887059938	0.293009628763988
DLBCL11476	0.00355447327676657	0.33926544983752704	0.0012940486257577838	3.3240517646418806e-05	0.6558527877423022
DLBCL_RICOVER_111	0.04830432837948685	0.40377367030431305	0.06502695316015941	0.0002472599164011221	0.48264778823963955
DLBCL10881	0.2257314015553735	0.021416309255440667	0.01254643949736845	0.040814997149728326	0.6994908525420891
DLBCL10485	0.003387215394337594	0.5465092279115846	0.0003229274099012922	0.00020420385199420598	0.4495764254321823
DLBCL10964	0.027373952276061233	0.00023869675206284868	2.8035943641842653e-06	0.31937185502287385	0.6530126923546379
DLBC_FF_A7CR_TP_NB	0.032957439108039326	0.00015968691727062694	0.13034109953535444	0.21843764032052598	0.6181041341188096
DLBCL10900	0.46561886014148	8.538149436475287e-11	3.337239104088227e-08	0.3980002887949782	0.1363808176057693
DLBCL_RICOVER_1204	0.02056433771032267	0.00023580617120633906	0.0005116324038932951	0.5642252373843519	0.4144629863302257
DLBC_FF_8042_TP_NB	0.0029573741163468393	0.06521314634474644	0.5242886485229409	0.0031529849417220234	0.40438784607424383
DLBC_FF_A7CX_TP_NB	0.21527965258221318	0.07840448549431511	0.00911720054901849	0.000331094118728257	0.696867567255725
DLBCL10909	0.037238466228025485	0.47743589466438774	0.038770333503971015	0.08344586711995446	0.36310943848366134
DLBCL10878	0.01621430488130543	0.016537288585593366	0.0007699041971376918	0.0006438319524900005	0.9658346703834735
DLBCL_C_D_1140_NULLPAIR	0.003240489456540127	0.8325721992379392	0.03770521882346345	0.00021997041601482903	0.12626212206604237
DLBCL11004	0.0002715781534353499	2.71407849027738e-05	8.821474161292121e-06	0.12098541388164538	0.8787070457058552
DLBCL_RICOVER_173	0.00861280525708768	0.009229111734762737	0.002050132504721591	0.0020401098294625117	0.9780678406739655
DLBCL10977	0.007584070039786245	0.04464693659083381	0.004781773725248231	0.00037191950415281185	0.9426153001399789
DLBCL10521	0.00210275135171885	0.2766801123443017	3.1731608783716875e-06	5.785132057671752e-05	0.7211561118225244
DLBCL_MC_F519_ALT	0.005797057915182226	0.01691097126964049	5.645180581275569e-05	2.539454608995693e-05	0.9772101244632746
DLBCL10895	0.011959740073456295	0.47510538758637655	0.007578660216266136	0.00014691926624470482	0.5052092928576563
DLBCL_RICOVER_1192	0.0004994948767029122	0.004861333056822844	1.7985010210717893e-05	4.3934210844721155e-05	0.9945772528454188
DLBCL11510	0.010280918751255424	0.9136729834206341	0.02292006250548509	0.00046330609951328067	0.05266272922311213
DLBCL10925	0.10521369540338969	0.08548928906431404	8.552725990405676e-05	0.040691023876427264	0.768520464395965
DLBCL10877	0.03536387437255983	0.7586515388740321	0.146193480828773	0.001413450672589679	0.05837765525204533
DLBCL11488	0.9170794683616229	0.0003076513951411553	0.003290223533705608	0.016869990235932043	0.06245266647359828
DLBCL10928	0.9960479908656273	0.0011520919354790883	2.467563983348419e-05	0.0027706997870142556	4.541772045796038e-06
DLBCL10931	0.9730552312842935	4.2405640428063274e-05	1.94864450165273e-05	0.026873986976605382	8.88965365653666e-06
DLBCL10912	0.9985398063736862	2.1779996595582215e-05	4.740228184545033e-05	0.0013512067070145322	3.980464085818224e-05
DLBCL11519	0.0735422910951351	7.568730436350689e-05	2.7302122762357705e-06	0.92637744538385	1.8460043751449168e-06
DLBCL11457	0.761679200317977	1.5021292671438162e-05	0.0006656787001557116	0.23747474195053012	0.00016535773866575208
DLBCL11659	0.28305227297676167	0.02227238403039347	0.4219916991266736	0.2710024449326543	0.0016811989335169765
