	0	1	2	3	4
DLBCL11472	0.8427933728070195	4.5450685997018296e-11	8.715591926923112e-07	0.1572028492045533	2.9063837838059247e-06
DLBCL_MAYO_DLBCL_3653	0.7398248826830498	0.0016187547969506362	0.005756500901008374	0.18841776536334304	0.06438209625564816
DLBCL_C_D_1130_NULLPAIR	0.9999999569721808	9.868080057472734e-11	5.672577293915062e-10	3.257251488430074e-08	9.789365782252759e-09
DLBCL10993	0.9967694390700458	3.84610990549039e-08	1.3788270291054835e-06	0.0031031093553807827	0.00012603428644524184
DLBCL10935	0.9955582819525574	0.003263552984006643	6.764437824911707e-06	0.000377274433979795	0.0007941261916313316
DLBCL10869	0.7061122469489942	0.033678481545222835	0.1965201747451908	0.04986842080789875	0.013820675952693352
DLBCL11486	0.9924188441927704	7.0707855177371035e-09	5.718756313485844e-08	2.1598075914035968e-05	0.007559493472966933
DLBCL11512	0.9960489991084129	2.2411090775607868e-10	4.7569711478944436e-07	0.003950524967652682	2.7086934604960728e-12
DLBCL10896	0.9996415321427528	5.760676938114199e-07	6.610919950437974e-08	0.00025648227398903756	0.00010134340636491418
DLBCL10997	0.9999920555061912	4.404021496609705e-11	2.3859377588533577e-10	7.676795182545902e-06	2.674159922728385e-07
DLBCL11652	0.3242092246297179	0.6232141960677542	0.033300095015360284	0.0012130147810257646	0.018063469506141867
DLBCL10969	0.9350410408328974	0.00913173116737217	0.024954430782317853	0.0019151382276533292	0.02895765898975925
DLBCL10971	0.002773496243122782	0.965042971482514	0.001575357354655231	0.0004851100533882378	0.030123064866319847
DLBCL_RICOVER_338	0.2191173929589671	9.016196139995781e-10	4.069538757596659e-06	0.7808768135895992	1.7230110565859172e-06
DLBCL_LS378	0.9999992531003592	1.2463574415031066e-08	1.9400083223484062e-07	5.376189223525505e-07	2.8163117998335563e-09
DLBCL10509	0.006945230893866125	0.9901729801608227	5.621002884810966e-05	3.396050791057408e-05	0.0027916184085525417
DLBCL11477	0.9999641451065738	3.13889902128081e-10	8.294773056956665e-09	3.580793752336453e-05	3.8347239846688317e-08
DLBCL11473	0.9725765278608657	2.6602230016004796e-08	7.459587091793988e-08	0.027400854025381987	2.2516915651449816e-05
DLBCL11474	0.3798063869796315	4.394685357681142e-11	8.544572676106862e-09	0.6201919282407476	1.6761911013433837e-06
DLBCL11480	0.7346348975256226	0.011987954797185287	0.21874359769854393	0.012346185106597678	0.022287364872050408
DLBCL10957	0.9873170979884274	6.300612565152681e-07	0.0003203402861415706	0.012332936126046048	2.8995538128457393e-05
DLBCL10918	0.9998472804495908	3.676580997856448e-11	4.063981271618304e-11	0.0001127751417816842	3.9944331221888074e-05
DLBCL_LS1757	0.9999961190257884	6.89858357117015e-11	1.4710743829781482e-09	3.879331617109941e-06	1.0253422801748733e-10
DLBCL10495	0.9999829648277228	1.4526957458706997e-05	1.1511112952950416e-08	1.266409852141343e-06	1.230293853446306e-06
DLBCL11484	2.823595568091189e-06	0.9973301362249759	0.0015852238468578622	9.66797211400445e-06	0.0010721483604841822
DLBCL_C_D_1136_NULLPAIR	1.0078154648731626e-12	0.9999997037967427	1.29864931970441e-08	8.705642161118976e-12	2.832070506004482e-07
DLBCL_LS1668	6.905644580591257e-09	0.042119546185834224	0.9578068855275782	6.786854034713877e-05	5.692840595872451e-06
DLBCL10873	0.0029942580861294092	0.11871945816688773	0.3491520722269642	0.3939659115702765	0.13516829994974214
DLBCL10885	1.3424498811700735e-06	0.43632165277231805	8.897471677557946e-07	1.18251141969586e-07	0.563675996779491
DLBCL11673	1.4878049983134375e-05	0.95954979540604	0.04021590174031261	0.0001828914624603952	3.65333412038761e-05
DLBCL10903	5.697311726138514e-10	0.9999566415384806	4.191022830621846e-05	2.490828756875381e-10	1.4474143991073904e-06
DLBCL11436	0.007792062871479365	0.7526772069437404	0.021158393869243484	0.2153128141145674	0.003059522200969355
DLBCL_RICOVER_467	1.6074356483368755e-19	0.9999237562766684	1.2013049817789164e-12	2.003099660881903e-21	7.6243722130292e-05
DLBCL11188	1.5510919874892344e-10	0.9999985004588472	2.4785693865622015e-07	4.964564512328841e-11	1.2514794593051459e-06
DLBCL10849	1.5123467550551795e-07	0.9716213431941343	1.0564431376822541e-07	1.675110813527237e-10	0.028378399759365347
DLBCL10834	3.3207949050034655e-17	0.9999999999994552	3.2742846377841473e-13	9.160929791246689e-21	2.1732475729520157e-13
DLBCL_RICOVER_401	1.0600086573643963e-13	0.37005450963196	0.6299454903622747	2.39395235805765e-14	5.6353290233899336e-12
DLBCL_RICOVER_1060	0.00041083384506588396	0.9577268576036394	0.0006320141310762564	1.6631641975038844e-05	0.04121366277824345
DLBCL_LS2089	1.0022819659084173e-15	0.9998678744426432	3.4461078066801374e-12	5.340092882409017e-17	0.00013212555390959904
DLBCL_C_D_1118_NULLPAIR	0.017001521628627832	0.9816115673867509	9.820245203002663e-05	0.00043446677037534245	0.0008542417622158378
DLBCL11203	2.5081905899954646e-15	0.9999999930771732	4.080013941864467e-09	6.013002536731987e-12	2.8367973037034683e-09
DLBCL10907	0.0008620040763268395	0.2948926116033402	9.181255095356754e-07	7.4662151668058645e-06	0.7042369999796566
DLBCL10954	1.2844662518133363e-06	0.9974316528181887	9.925936198677738e-05	4.4857825594162713e-07	0.0024673547753168213
DLBCL_RICOVER_533	8.664769890160907e-10	0.999932190712358	6.780209986063285e-05	5.498448507909987e-09	8.228559252514563e-10
DLBCL10934	1.2047547239787545e-07	0.992944126390327	8.729476765022323e-08	3.5360581215067502e-09	0.007055662303374767
DLBCL_MC_F500_ECU	7.836756876783429e-07	0.9976693490992263	7.747757132913966e-05	2.7399999157250434e-07	0.002252115653765302
DLBCL10480	9.314948291415755e-08	0.9998982546094822	3.1660204982624436e-07	9.5981321689218e-10	0.00010133467917181985
DLBCL11003	2.2169106088217564e-05	0.9465445238779601	9.276086116747639e-05	2.1163661939440375e-06	0.05333842978859032
DLBCL_LS3204	7.064411020378883e-05	0.9979918708192484	0.0018617092618295884	4.663190040394158e-05	2.9143908314237425e-05
DLBCL_LS1395	8.848427491585934e-08	0.025090789052462002	0.9748944131157622	1.2223295981165954e-07	1.4587114541100396e-05
DLBCL11669	7.326506844458472e-09	2.5039061645001934e-05	0.999974914629166	3.130108856926592e-08	7.681593596215018e-09
DLBCL11541	0.00014983670448311383	0.028296054559875092	0.9701945825526986	0.0001649078028278813	0.001194618380115239
DLBCL_C_D_1141_NULLPAIR	4.168770274330823e-13	0.0022905319068512973	0.9977094661937379	1.788128493123904e-12	1.8972058155208884e-09
DLBCL11469	2.846726036042256e-06	0.1488574334778791	0.8466573144997706	4.0959273046635e-06	0.004478309369009612
DLBCL11458	0.000460796430491656	0.0008272416044012507	0.9986912022681715	1.441690266582582e-05	6.34279426969204e-06
DLBCL10554	7.212507063757033e-06	5.3661542249138465e-09	0.9999834002009298	9.381789840396594e-06	1.3601182735250532e-10
DLBCL11670	1.825548320557612e-14	8.886928107653539e-07	0.9999991086946924	2.6092946564581142e-09	3.183882632307979e-12
DLBCL_LS2325	4.4466107380378285e-11	0.11594367692417616	0.8840563202434228	4.918214332994569e-10	2.2961134511833287e-09
DLBCL10459	5.257555449113744e-13	1.420219503804913e-05	0.9999857909544592	5.941075879981767e-10	6.255869444285481e-09
DLBCL_LS4593	2.0592464417200522e-08	0.013150686508805699	0.9868414020149086	5.87546304602125e-06	2.0154207753005776e-06
DLBCL_LS4616	6.860322486473809e-15	0.0005700862035259805	0.9994299136925706	9.169647388709172e-11	1.2200103587865605e-11
DLBCL11515	6.923496584692989e-06	0.008339428745561246	0.9854516973645543	5.145040363034823e-06	0.006196805352936696
DLBCL11525	4.310885416336876e-05	3.1490146800885174e-05	0.9984976374028661	0.0014270588996675366	7.04696502063502e-07
DLBCL_RICOVER_320	0.03609405032855574	0.3247717289757729	0.5884794301984739	0.031930167464729355	0.0187246230324682
DLBCL11656	1.1381097408599483e-08	1.2182062087942088e-09	0.9999998892583236	4.484198078621718e-08	5.3300391980980365e-08
DLBCL11566	6.734447676174848e-14	0.002971173033360855	0.9970288268804518	8.556044514127868e-11	5.595049175066438e-13
DLBCL11439	0.885498411820506	2.6070542800143355e-10	0.04185740919609202	0.07264417047685681	8.245839729134276e-09
DLBCL11468	7.888411479375782e-05	2.959274395290432e-07	0.0009999732527985487	0.9989205617542959	2.849506722284894e-07
DLBCL10564	1.4935566500009862e-06	2.511352973089452e-05	0.3803913634354425	0.6195496341800005	3.2395298176049475e-05
DLBCL_MC_F218_RAP	0.1087790918745593	1.1534976620204583e-07	0.00024583818789770414	0.8909745332957546	4.2129202224106247e-07
DLBCL10965	0.038613290444411134	1.084218540740181e-12	2.8083335718301676e-08	0.9613864334784106	2.4799275838926827e-07
DLBCL10973	0.15621492990305993	0.0001683061818817991	0.07809692982170185	0.7425350935176669	0.022984740575689624
DLBCL_LS2590	0.000681703870256275	5.1244992506002525e-11	1.1629544686732893e-06	0.9464805634964675	0.0528365696275626
DLBCL10527	1.3716104996262537e-08	5.28666797927889e-11	2.4448712207348543e-06	0.9999974833952944	5.79645132161057e-08
DLBCL10927	0.00011381155208254186	2.4482415255822253e-18	8.419637512255207e-12	0.9998861884394936	4.2075755162518004e-15
DLBCL_C_D_1115_NULLPAIR	0.0016899101115678283	0.03536983844546957	0.014717605786447768	0.94760438349853	0.0006182621579847405
DLBCL11471	0.18560363314148434	0.3927672198438508	0.0851390546051521	0.03799649496178523	0.2984935974477274
DLBCL_C_D_1109_NULLPAIR	0.0022689210502536156	1.163690325381753e-12	6.270140829958277e-09	0.9977309222804183	1.5039802362142093e-07
DLBCL11467	0.062425927302993615	0.015281319748967546	0.04672650723949457	0.8244701982044083	0.05109604750413605
DLBCL_RICOVER_151	0.0010848190100990482	0.023814535956729128	0.0004948608640046867	0.9658396311834788	0.008766152985688315
DLBCL10544	1.0977034195459433e-08	7.414485342674981e-21	3.999698039241333e-14	0.9999998664765476	1.2254637821336436e-07
DLBCL11564	8.69209804148778e-09	2.538768127598827e-15	9.492339417777139e-11	0.9999999911661832	4.67928147445537e-11
DLBCL10970	4.9332363484100194e-05	0.03622510863747976	0.05336121725533877	0.9103415865664636	2.275517723380282e-05
DLBCL_RICOVER_701	1.2073561739280672e-05	5.6257595695667764e-11	6.05388145682945e-08	0.9999878645062326	1.3369559961001646e-09
DLBCL10550	1.2024881279218885e-07	5.2009588531420995e-08	2.9564632617312303e-10	6.245847846058413e-10	0.9999998268213676
DLBCL10837	0.0005166096626483496	5.728074358557803e-05	1.1053529054927911e-05	0.0027350362973853296	0.9966800197673258
DLBCL10915	0.05361059615345077	0.1255652022276841	0.016137193175649364	0.7770241374763963	0.02766287096681946
DLBCL10902	3.237878329281784e-05	1.784285203029353e-05	4.787415506283004e-07	2.8183292134268103e-06	0.9999464812939128
DLBCL10880	1.8337926584154714e-05	1.2198482767692916e-06	4.9605137250210555e-08	1.4404858642799434e-08	0.9999803782151432
DLBCL_RICOVER_773	2.7785663044945324e-07	0.004732811986116379	7.92935850671683e-06	1.3656032174452165e-08	0.9952589671427143
DLBCL_RICOVER_1289	0.0002941945144176113	7.222543163703277e-13	6.1564940768992035e-12	3.5066564910115545e-05	0.9996707389137935
DLBCL10899	2.556717761907594e-07	1.2185878071956741e-11	1.5931576111481313e-15	1.5566466344224874e-08	0.99999972874957
DLBCL10901	1.0976968102359038e-05	7.691203556819404e-07	1.3751919601932196e-07	1.575449128962439e-05	0.9999723619010563
DLBCL11195	4.0602894652136346e-08	1.6186282134082746e-05	1.2935332428400334e-07	6.844012915653577e-07	0.9999829593603554
DLBCL10864	7.697035365429704e-11	5.93294613763136e-10	7.699094757733949e-12	5.760792335942636e-12	0.9999999993162751
DLBCL10980	1.639387495986636e-07	0.6752484250030071	8.47434389081888e-05	9.606244579783755e-08	0.3246665715568893
DLBCL10889	1.839257586123451e-07	2.799229801571873e-13	7.481011112358817e-13	1.7889241790672217e-06	0.9999980271490343
DFCIDL004_DT	0.886219739390959	7.858186129397085e-08	1.0495989470116098e-06	0.01169061484005531	0.10208851758817737
DLBCL10999	1.4747240641317254e-07	6.069571229252316e-11	1.2777698870884143e-08	0.0005370959118746767	0.9994627437773244
DLBCL_RICOVER_1190	0.027901077747354324	0.32020139109027596	0.0019425813462899235	4.449633077330992e-05	0.6499104534853064
DLBCL10781	6.276010947230235e-06	1.2251271286854485e-07	2.9719698427048403e-08	5.912661411709173e-05	0.9999344451425244
DLBCL11495	0.1328336161102793	1.7847095574849508e-09	1.1546601515583249e-07	0.03257392461604545	0.8345923420229505
DLBCL_RICOVER_417	7.880219622376575e-09	1.9844079423189786e-09	9.186686433191444e-12	5.061251710601904e-09	0.999999985064934
DLBCL_RICOVER_1032	1.5289688011576671e-12	0.0004678124626541979	1.25572063653599e-12	1.819160594780159e-13	0.9995321875343792
DLBCL_LS3200	4.1909534953465005e-10	0.32216209699768794	2.2458313292298525e-07	9.232684921015161e-11	0.677837677907757
DLBCL10530	3.2385429796340175e-13	1.9482407546070387e-11	1.2646270464227733e-15	1.650483432527487e-14	0.999999999980176
DLBCL10862	1.4398853077231584e-08	6.482596892132041e-08	2.106971311841396e-10	1.2797044476527312e-10	0.9999999204365104
DLBCL_RICOVER_1287	0.0005412260947933647	0.43536237163448094	0.002002762410026355	0.00021622635530753177	0.5618774135053919
DLBCL10848	0.0019981365722842167	1.513439585679319e-14	6.604550351287847e-12	4.867570567658645e-05	0.9979531877154195
DLBCL_RICOVER_850	9.474042774511204e-07	9.10144000314224e-07	2.4622254342054373e-09	4.3326340679292736e-07	0.99999770672609
DLBCL10457	5.8840353784057665e-05	0.008494971581436797	4.1699326905802235e-05	1.3847040468083889e-05	0.9913906416974052
DLBCL10961	9.868147222312532e-13	2.861222914772897e-06	2.740794791463963e-10	5.015737263397241e-10	0.9999971380004452
DLBCL10975	0.999994076834297	1.2161241548045254e-22	4.2331683653231155e-18	5.923163166109501e-06	2.5369122574221725e-12
DLBCL11537	0.9999997595500492	4.418509798056105e-17	3.4329382922798596e-14	9.83854997936151e-08	1.4206441667188095e-07
DLBCL_LS3809	0.9976103389452367	1.0906556396075904e-05	8.045236311519444e-07	4.110395774584828e-06	0.0023738395789615636
DLBCL10462	0.9999948911909052	3.6580029852701664e-13	1.8470013995451856e-10	4.748921210746357e-06	3.597028180807635e-07
DLBCL11662	0.999906783368987	8.24735391195013e-09	1.879197889445858e-08	7.181312469513957e-05	2.1376466985086156e-05
DLBCL10913	0.9999850360147842	7.819216894063217e-13	2.949383875688847e-11	1.4961948072242093e-05	2.006867830645365e-09
DLBCL11454	0.9979224574966931	5.3872345268545724e-09	1.001952937874067e-09	0.00207749991861775	3.6195501734892116e-08
DLBCL10450	0.09564853716847688	4.7899631686587884e-08	1.8921856829613482e-08	0.0065142902859957035	0.8978371057240389
DLBCL10914	0.7496196398189251	0.19528983208138717	0.047041466771371554	0.004509227501873891	0.0035398338264422185
DLBCL10490	0.9895491796533147	1.4568622529325744e-06	3.1241801698046503e-07	0.004225241672431456	0.0062238093939840046
DLBCL11429	0.9996712721685732	2.776128537432442e-12	2.1473992153801943e-09	0.0003132386806317604	1.548700061970425e-05
DLBCL11539	0.9999366678628614	2.1295267745986353e-18	4.211705064424446e-12	6.33321329266654e-05	2.364126867389341e-16
DLBCL10492	0.9916465137001393	4.442248424639276e-09	5.836015108550059e-09	0.0014084909106419174	0.00694498511095525
DLBCL10894	0.07662074194814608	0.9230668998022715	0.00016848818580531523	9.12010425255556e-05	5.266902125157981e-05
DLBCL10986	0.900649520349907	0.0029669896826812676	0.08205299626593894	0.010560723278560226	0.0037697704229126263
DLBCL10950	0.9997334373668416	1.413726586904487e-07	1.4521967964340128e-06	0.0002427774793220486	2.2191584381227313e-05
DLBCL11191	0.9999931388162592	8.09195963014911e-12	1.1809956776295567e-09	6.859981020034533e-06	1.3633153613351053e-11
DLBCL10959	0.9874244546188112	0.0004252933086294167	2.0897463758188505e-05	0.00781778159850906	0.00431157301029206
DLBCL11434	0.9999802419217364	7.222646767382118e-12	1.9088028130671412e-09	1.9756161771805904e-05	4.663340716476028e-13
DLBCL10515	0.9999849717345592	2.0831198877646783e-07	7.802124511948784e-08	1.4679696560525566e-05	6.223564633233008e-08
DLBCL_RICOVER_945	0.9980075927660895	1.5481690597855475e-07	1.770857130733236e-07	0.0019762013116456883	1.587401964574113e-05
DLBCL11482	0.9999839634640706	1.0767968446952353e-13	6.305764015282994e-10	1.5894342978310067e-05	1.415622670186689e-07
DLBCL11496	0.9879492903950581	2.858267989871668e-05	6.861862801747713e-05	0.0004159309709961523	0.011537577326029615
DLBCL11565	3.402256471898647e-13	0.9999994638024522	3.8072728367230105e-07	1.1698330298421558e-10	1.5535294060597044e-07
DLBCL11679	0.00010379877384235651	0.9998822000625638	1.3973617685115582e-05	7.585172388073632e-09	1.9960736360473927e-08
DLBCL10780	4.017625017232733e-12	0.6310824472592137	0.3689175396347222	1.3240533974431236e-09	1.1777993082171013e-08
DLBCL10983	9.220939551031991e-10	0.9820095165589526	4.343519251539762e-09	1.1695142231945463e-11	0.01799047816373907
DLBCL10988	6.504173048542826e-11	0.9999938065221615	3.318948731932755e-07	1.6753357339146873e-10	5.861350389981887e-06
DLBCL10981	7.560569298683079e-07	0.9994674315737444	0.0001639885017592601	4.451889914334097e-06	0.00036337197765216607
DLBCL_MC_F729_MAN	1.5633606892273898e-09	0.9999515488366916	5.59551744727991e-07	6.704770001471569e-11	4.788998115531284e-05
DLBCL_RICOVER_299	7.160174551482319e-21	0.9997765276783774	0.00022347231860991856	6.457803097088016e-20	3.0126586648293013e-12
DLBCL_C_D_1126_NULLPAIR	0.0009443785597253241	0.9989044254362324	7.060778313990734e-05	1.0723740291825385e-05	6.986448061052799e-05
DLBCL11516	6.661318626066509e-05	0.9925166175929235	9.115842799071918e-05	4.862704178048584e-06	0.0073207480886470265
DLBCL_LS3749	4.4744253309497424e-15	0.9999997225849988	2.773775649803347e-07	2.4428745295818954e-12	3.498886377527574e-11
DLBCL10503	6.397025620680352e-05	0.9092148027453822	0.08897392625343895	6.827328894804094e-05	0.0016790274560239322
DLBCL10487	0.0010503242942141392	0.972666226224914	0.014766314395407867	0.011448571898451939	6.856318701203964e-05
DLBCL_LS2245	8.907362027903433e-11	0.9305815468257207	0.06941845137620012	4.5943562257911587e-11	1.6630619425136249e-09
DLBCL10906	2.360638194580595e-08	0.9386826907100289	1.6632048840954606e-07	2.547762171896282e-10	0.0613171191083246
DLBCL10989	1.677742541216053e-06	0.9982720901191775	0.00026380827972909745	1.4398922234868034e-06	0.0014609839663286873
DLBCL11498	1.1646465995116741e-08	0.999999934337906	2.6579657362221802e-09	2.1317105068612333e-12	5.135553054244473e-08
DLBCL10850	1.6474795457488627e-12	0.9999999791278462	1.3097008933778888e-09	2.4914145637578627e-15	1.9560802918765493e-08
DLBCL_MC_F739_AMA3	1.1847851044417491e-16	0.9268223193072206	0.07317768068932937	2.9440187630649186e-14	3.420538636783677e-12
DLBCL10917	6.761752398807256e-13	0.99999997649672	1.680400161693285e-08	1.861178273219846e-12	6.6967410184566516e-09
DLBCL10871	0.036677063309645826	0.426058260515971	0.010727699479260324	0.0020466032032382007	0.5244903734918847
DLBCL_LS3245	6.702179772983347e-19	0.9994286268746893	0.0005713731239423731	1.4346282135341879e-15	1.3669729491357631e-12
DLBCL10502	7.252563423269462e-11	0.9999045039031492	9.549120988895627e-05	1.100922258631512e-09	3.7135139343181697e-09
DLBCL10453	1.3222407139096686e-05	0.0030225413635867164	2.050641865917705e-06	4.337420780089342e-06	0.9969578481666281
DLBCL_RICOVER_948	1.5543396355424129e-15	0.9999990892795828	9.091593938889386e-07	3.0918066828209524e-16	1.5610214385741117e-09
DLBCL11518	0.007583912198897617	0.9054559147776357	0.08655107855931282	2.2348627928560965e-05	0.0003867458362253165
DLBCL11428	1.2864538469812597e-11	5.388762564009008e-06	0.9999946111755238	9.13898149239083e-12	3.9908675934144125e-11
DLBCL11590	0.7036916616825221	4.280485571984224e-07	0.07998890061634943	0.21629714631945945	2.1863333111819247e-05
DLBCL_RICOVER_408	1.3283009831448461e-06	0.9963916261976258	0.0036024215802049134	1.6852097303996826e-06	2.938711455751175e-06
DLBCL11573	2.16688423992494e-11	0.0006772505041318549	0.9993227396148544	8.49666261946546e-09	1.3626823177957815e-09
DLBCL_DFCI_DLBCL_GOE16	6.208715470212345e-11	3.904813346398592e-07	0.9999996050576652	3.6407752074300643e-09	7.581378339776794e-10
DLBCL_LS2328	1.2703622258630474e-11	0.07898433477665866	0.9210156651516296	5.857868274539608e-11	4.2940256212857266e-13
DLBC_FF_8046_TP_NB	1.4405383420685283e-06	0.0004814782060015428	0.999484144539904	1.2810854357495863e-05	2.012586139494933e-05
DLBCL_LS1098	5.60625404065921e-11	1.7361328905816023e-11	0.9999999939162428	6.010324853465738e-09	8.441932089880039e-15
DLBCL_MC_F815_BAT	7.262208847562948e-11	4.177106462610206e-06	0.999982373127868	1.3449270566935702e-05	4.2248039271884435e-10
DLBCL11542	1.3582504457868926e-14	0.00019444807696705153	0.9998055484754904	3.447457892165628e-09	7.107198002817237e-14
DLBCL_LS762	0.010958568491633458	0.048120229939621464	0.06666493324424146	0.0025846785542999046	0.8716715897702036
DLBCL11666	1.486267395785202e-13	1.3752861689303236e-06	0.9999986246798056	3.3819243451169013e-11	5.759624465788191e-14
DLBCL10498	7.794953796472789e-13	5.127638705950913e-11	0.999999989536032	1.0411912130601387e-08	1.2358239589792648e-17
DLBCL_MAYO_DLBCL_234	0.7369599222663447	2.778080703073302e-07	0.03493980736806977	0.22809640276677062	3.5897907446774233e-06
DLBCL_RICOVER_978	0.9967580484237294	4.455286840046385e-08	0.000648189226157227	0.0025935794376101455	1.3835963480175184e-07
DLBCL_C_D_1112_NULLPAIR	0.01117410339982223	0.4104052720820436	0.5452090164690014	0.005054832945686814	0.028156775103445993
DLBCL11441	0.18888877742223606	1.3524437262227233e-06	0.0005909508002097292	0.8071499667281031	0.003368952605724907
DLBCL10879	2.457432588208318e-06	3.999342508698507e-06	0.9998583555427935	2.3374775889075853e-06	0.00013285020452074057
DLBCL10456	1.3537769377294588e-06	1.5336935029870888e-11	7.772789704764256e-06	0.9999908691813671	4.23665342382223e-09
DLBCL10547	1.0331578436076032e-06	4.505001842987171e-12	5.656936938897302e-08	0.9999989097380518	5.302301683930589e-10
DLBCL10782	2.0396467983818753e-07	6.856127254750456e-14	4.737302310873538e-10	0.9999997955615212	1.8192764995675211e-16
DLBCL11536	7.418440725151817e-05	0.9098717599495828	0.010840841305170166	0.07308668636104548	0.006126527976950079
DLBCL_C_D_1103_NULLPAIR	1.876957345025969e-05	1.8932554377228196e-08	0.0006958320517954257	0.9992853793231566	1.190433375141507e-10
DLBCL11433	0.26995377598767606	1.752701095084802e-06	0.0025189105720061903	0.6882325857897396	0.039292974949483084
DLBCL11455	0.009583498513206947	3.034405827626744e-09	6.941675415942864e-06	0.990408731040942	8.257360293307071e-07
DLBCL_RICOVER_950	9.982483299388957e-08	1.57954004818647e-13	2.5012879470865004e-06	0.9999973988574754	2.958655995936992e-11
DLBCL10539	0.00014829587181246963	0.9463510259140153	0.009463578112496636	0.03723972097957049	0.006797379122105115
DLBCL11504	0.06050686575682861	0.0008802081750800228	0.00017849994354820857	0.00667937050253193	0.9317550556220112
DLBCL_MC_F139_LJF	7.335965386816264e-08	1.466248872047643e-17	1.967878331590963e-11	0.9999999266206652	2.1645109926638917e-15
DLBCL_RICOVER_361	2.0756952015313544e-09	1.3175394058739673e-13	8.782313769747146e-07	0.9999991196677362	2.5059822812518965e-11
DLBCL_BWH_DLBCL64	0.00777971950485196	0.7041840792988314	0.03507282267612652	0.2529613093743244	2.0691458657085283e-06
DLBCL10978	2.7191876389681184e-05	2.836212289728548e-06	0.009078320887551596	0.9908903990889569	1.251934812042861e-06
DLBCL10974	0.034117831833351236	1.7417840670376628e-06	0.00017402492637061035	0.8966658660892661	0.06904053536694503
DLBCL10932	8.010943406470047e-07	2.717941411415175e-14	3.51581446601142e-10	0.9999991983069232	2.471275399085631e-10
DLBCL_C_D_1125_NULLPAIR	1.7307654282253185e-12	1.6704630450309993e-09	3.4865079613054016e-14	2.464828264763534e-13	0.9999999983275248
DLBCL_RICOVER_1106	1.2756953982106398e-10	8.877255331421369e-07	2.190509237899261e-11	3.735349992907028e-09	0.9999991083896422
DLBCL10471	2.4647606656184334e-08	7.173974566393001e-07	1.775975496935777e-11	4.003933288764775e-11	0.9999992578971376
DLBCL10876	1.2728749081939187e-08	1.4291180534891157e-05	4.277093687580976e-10	3.343607836688551e-09	0.9999856923193988
DLBCL11450	4.69704475493364e-10	3.799667623924075e-09	5.343145814090008e-13	2.3993327469295294e-09	0.9999999933307608
DLBCL10857	0.032597645872706624	4.5961648333660694e-09	2.462883272672401e-09	0.0009468369010292557	0.966455510167216
DLBCL10890	1.3363493133766026e-05	9.668066064463397e-06	9.914170156564392e-08	4.5490975469623815e-06	0.9999723202015532
DLBCL10532	0.0006425832173076076	1.8911266999830504e-07	0.0002233820431239165	0.03211621897731439	0.9670176266495841
DLBCL_RICOVER_134	4.374394054554026e-11	5.815478598564946e-05	1.347644399246408e-11	6.876395221186695e-12	0.9999418451499176
DLBCL10904	0.00012990334865822583	2.0760953625218845e-05	1.605226718606157e-06	1.098048237118844e-06	0.9998466324227608
DLBCL10847	1.1264464257372178e-07	9.943865494161088e-05	8.445524043826724e-10	1.6521662930542898e-10	0.9999004476906468
DLBCL_RICOVER_314	1.62814370628759e-05	0.26314562408343506	0.0002581061710432313	8.912757928759068e-06	0.73657107555053
DLBCL10924	1.4377770765774464e-07	7.589604967485924e-12	1.7297756584539973e-12	1.9754979949903807e-06	0.999997880714978
DLBCL_RICOVER_712	2.473402912268744e-07	9.457154077125408e-05	2.255108621836299e-08	2.8445667345725353e-08	0.999905130122184
DLBCL10853	1.063992571605013e-05	1.8753788841330462e-10	1.385676796446574e-11	1.5711882250860812e-08	0.999989344161007
DLBCL10887	3.2674613433693964e-07	7.623331204518016e-07	2.2641119314473836e-06	1.0316138680318918e-07	0.999996543647427
DLBCL10854	4.719478069389196e-05	2.762979632223213e-10	7.89631485716709e-09	0.003259643528293326	0.9966931535183999
DLBCL_RICOVER_1329	5.034980685170298e-06	0.1801406648489676	1.2829886867262665e-06	1.3952453428485502e-08	0.8198530032292071
DLBCL_RICOVER_449	2.1401064562959058e-05	3.1541528389589433e-09	7.246508438684832e-11	5.784337834359039e-08	0.9999785378654408
DLBCL10838	8.652294397205574e-06	0.12673523377130533	4.971583766905516e-07	3.4919649026145705e-08	0.8732555818562717
DLBCL11206	1.2612852202187189e-08	0.9972911693096459	2.5298043342345325e-05	9.515337929068269e-10	0.0026835190826258095
DLBCL10984	3.6432408899925582e-09	3.683427782364097e-05	3.915266659042738e-11	3.2441163643485245e-09	0.9999631587956664
DLBCL10836	0.00046969015333375936	1.1566343418843068e-14	7.076128812298993e-11	9.92353473417212e-06	0.9995203862411592
DLBCL10566	0.00039524674429318804	0.5072044317426362	0.0015215548222415908	8.478584820205968e-05	0.490793980842627
DLBCL10842	1.920635459549659e-08	8.484918460448325e-10	1.2959027800935095e-10	5.926494253384243e-09	0.999999973889069
DLBCL_RICOVER_1293	4.1795441178720957e-07	1.135764151689821e-14	5.620364544533704e-16	3.423301894383371e-09	0.9999995786222744
DLBCL10916	2.133956352354899e-07	0.005301777270827403	6.164146742721866e-06	1.7482381238835157e-07	0.9946916703629822
DLBCL10883	3.1751721852565785e-06	7.087057815722546e-13	3.791724720905737e-13	3.4995822404512552e-09	0.9999968213271446
DLBCL10451	0.49696047340518024	9.12757474545008e-05	0.5029447784772023	3.395559460291394e-06	7.681070275734071e-08
DLBCL_RICOVER_829	0.9999898351173988	1.531737166558304e-11	3.748249455970931e-11	9.563727503051514e-06	6.011022982763786e-07
DLBCL11677	0.9999971943022956	1.188944926932123e-10	7.810227316482942e-09	2.7869014518224256e-06	1.086713075743852e-08
DLBCL11478	0.9704707758310712	5.4226237490669924e-05	0.027958215983422758	0.0015165339378291392	2.480101861587338e-07
DLBCL10843	0.999849627201947	3.11710391081484e-11	1.5756491167467913e-08	0.00015015900858850387	1.9800180226509688e-07
DLBCL10968	0.8888258434079067	3.5639416187467926e-14	2.911064534424557e-11	0.11117336423331707	7.923296299868312e-07
DLBCL10486	0.26758134246641	0.19178172531036036	0.0010239539285089039	0.0024612118685914115	0.5371517664261294
DLBCL_RICOVER_826	0.9969474009677	5.167027614744177e-13	3.3363375548582775e-11	0.003052571897124156	2.710129576279372e-08
DLBCL10897	0.9999876052172813	8.043800103599696e-10	6.075821039323547e-10	7.128268886272096e-06	5.265101870364166e-06
DLBCL10994	0.8375629961599933	0.004207381899757579	0.002228473322237513	0.10684299236168657	0.049158156256325095
DLBCL11481	0.9990976268952805	6.850496120160081e-07	0.0001323248161456846	0.0007580857758725492	1.127746308932569e-05
DLBCL_C_D_1129_NULLPAIR	0.996534138897247	3.851259881424359e-06	0.0006745315774808141	0.0020161848859826526	0.0007712933794081323
DLBCL11202	0.005218754432776529	0.0011618656346753212	0.8017464157094951	0.1918729554394554	8.783597659046106e-09
DLBCL11663	0.7814906472330593	0.023934016261828905	0.04608749615275266	0.13352442702243794	0.014963413329921208
DLBCL_LS951	0.976588079467521	0.005213780845392843	0.004049686346120568	0.014143980998923505	4.472342042097896e-06
DLBCL11501	0.9312413749194548	0.06671816719693317	0.000497357881752337	0.0003724700261949231	0.0011706299756647964
DLBCL11470	0.9996826460255488	2.9268879530706128e-21	7.371113164405411e-14	0.0003173539742228722	1.5464183757325576e-13
DLBCL10542	0.9999233959965026	1.4326372219161825e-12	7.309346948642858e-10	1.1698893674518936e-05	6.490437745555816e-05
DLBCL_MC_F132_MLM	0.9999994586901104	8.41314197597833e-15	5.306238683863058e-13	5.409262113163461e-07	3.831392256864752e-10
DLBCL10548	0.996260518033695	2.6721763319275606e-06	4.420638045158307e-08	0.003733918119197833	2.847464394809431e-06
DLBCL10884	0.9999231419031656	1.966867941057795e-11	8.055135153569525e-09	7.680415988309886e-05	4.586214751498525e-08
DLBCL10996	0.9999999999665417	1.4850392361565367e-20	2.3320394702009627e-15	3.3189081287482534e-11	2.6693386211732366e-13
DLBCL10458	0.9999999997277916	2.063591570485445e-15	1.1865212010146564e-13	2.720789711173448e-10	8.680129181278533e-15
DLBCL10947	1.2664788481122125e-07	0.9999331596755036	1.1544326166840023e-07	1.821075508220453e-11	6.659821513921138e-05
DLBCL10519	5.746414470683533e-13	0.9999400637744418	5.993559797531693e-05	5.384428557738881e-10	8.856541077747429e-11
DLBCL10985	0.001085191249193942	0.8723833069028302	0.0011935346520423385	0.12531457689261216	2.3390303321425344e-05
DLBCL_RICOVER_335	1.953602508281807e-12	0.999999961667899	3.175579264296636e-08	3.879090417068582e-09	2.6952643863247683e-09
DLBCL_C_D_1135_NULLPAIR	6.192353269193585e-14	0.9999999996062132	3.0237028893211124e-10	4.917332339288699e-15	9.134965116401673e-11
DLBCL11479	0.0010758321048373505	0.9367153060980127	0.04095941654191754	0.0003901746384658845	0.02085927061676657
DLBCL11449	9.354259995561534e-06	0.539372278835273	1.4422421838278721e-05	1.0766144841472829e-07	0.46060383682144485
DLBCL11446	0.3057790989709668	0.07573556133697532	0.03591027215425911	0.5561579484065761	0.026417119131222706
DLBCL_RICOVER_288	1.021421209859313e-07	0.9999994903163748	2.0281293137881004e-07	3.0261073318895836e-09	2.0170246549727844e-07
DLBCL_RICOVER_174	1.9088918329322817e-16	0.999999999978878	2.101964829910384e-11	1.71891835243389e-17	1.0213666602417765e-13
DLBCL10846	0.01796583886817773	0.8941365427099607	0.00019117620747260218	9.799704966256135e-05	0.08760844516472638
DLBCL11208	8.315627917859227e-05	0.9934293786432454	0.0022328631682453732	4.029783471874299e-05	0.004214304074611911
DLBCL10517	5.898782455079162e-08	0.7445442690173786	0.2553805298696915	1.49929909497491e-05	6.014913415562153e-05
DLBCL_MC_F089_HCZ	5.2363442656529104e-15	0.9999922419368183	7.748393913696728e-06	1.507017280942731e-11	9.654192545525728e-09
DLBCL_RICOVER_678	1.0701454461514505e-09	0.999993571984846	1.2819016631197164e-07	3.8155508233805855e-10	6.2983732872073646e-06
DLBCL_LS4054	0.00012835384140817566	0.9882253798024665	0.006389804005896426	0.0015385713400010654	0.0037178910102278577
DLBCL10962	2.6858077253042934e-06	0.9963176479075706	0.0010378364307225508	1.1049076512900643e-07	0.0026417193632164064
DLBCL11466	0.030719915987788518	0.15970821888166625	0.04653618039829555	0.7546390551736174	0.008396629558632275
DLBCL_RICOVER_583	1.4667449625224267e-08	0.9920688411294064	0.0003798179797838342	4.451629211620683e-09	0.007551321771730939
DLBCL_LS1065	4.314296366748417e-08	0.9999778694557666	1.8324422509293566e-05	1.0945077728049077e-07	3.653527983149423e-06
DLBCL11507	1.6920581687025342e-10	0.9999657123347372	3.428709512289699e-05	1.717441370863674e-11	3.837596854477593e-10
DLBCL_RICOVER_1046	7.058737006677967e-13	0.9230343624591232	0.0769645093003161	2.483627516784714e-10	1.1279914921429898e-06
DLBCL_LS146	1.0801921775609051e-15	0.9999999982017062	1.6908802672476835e-09	7.708064930119367e-16	1.0741172891987241e-10
DLBCL_C_D_1117_NULLPAIR	0.0020847691252767558	0.6872143958985323	0.00033752938978933025	0.31036051333568554	2.7922507159764456e-06
DLBCL11591	4.265711158133583e-14	0.8997641569160323	0.10023582541532072	7.977820739264713e-13	1.7667806518465473e-08
DLBCL_RICOVER_440	2.1819820983691883e-19	0.9904941262035446	0.009505873796373352	1.9669399164046349e-16	8.185068800747305e-14
DLBCL_RICOVER_522	6.555389525020154e-07	3.2171146531352417e-07	0.9915849111874016	0.008414111304072741	2.581079378782732e-10
DLBCL_RICOVER_216	0.044407495082098604	0.3408315540285014	0.39512871325202126	0.018798686909578956	0.20083355072779968
DFCIDL009_DT	4.339550615042044e-09	0.10742361179110342	0.8925760601279489	1.598894086564801e-08	3.0775245616100275e-07
DLBCL10472	0.00024303598751574694	6.950100949916654e-06	0.9612441001373382	0.038505910989666214	2.784529973815337e-09
DLBCL_MC_F362_MJB1	1.8178657952653952e-08	0.5736674616664025	0.411942102835846	9.55186966904991e-09	0.014390407767223971
DLBCL_MC_F064AB	7.515609026545935e-09	4.676427109358972e-08	0.9999452611555218	5.45076280201053e-05	1.769365779304632e-07
DLBCL11651	8.097558586290337e-07	0.002817233274104994	0.9970321187850646	4.14616597027999e-06	0.0001456920190014565
DLBCL_LS1304	9.823538714575027e-06	0.020672311222221497	0.7005810629701331	5.37430554145099e-05	0.2786830592135164
DLBCL11672	4.391155087562508e-08	7.145802429295401e-07	0.9999957447820633	3.293958064500057e-06	2.0276807837229605e-07
DLBCL_C_D_1133_NULLPAIR	3.497347355604402e-11	0.0008410522141908132	0.9991589211877004	7.708725166195604e-10	2.579226280175653e-08
DLBCL10549	3.7421538669512835e-08	0.15207989583434126	0.847918690565926	7.389443979320892e-07	6.372337962067362e-07
DLBCL10856	0.0976126298709554	1.1957819220497584e-05	0.00039884050858261355	0.0005262889122365115	0.901450282889005
DLBCL_RICOVER_866	1.53876049838162e-13	1.1779075146326006e-13	0.9393679453535585	0.06063205464616982	7.32838224363411e-18
DLBCL11569	1.0816425562524695e-14	1.363958763965282e-06	0.9999986360276364	1.3563063739374013e-11	2.5765154468054366e-14
DLBCL_RICOVER_258	0.9351615821703412	3.651519805278876e-05	0.03340066167749359	0.011335923679299772	0.020065317274812682
DLBCL10522	0.002648468430340259	3.7003606937767885e-05	0.9968342941538002	0.0004044693394643301	7.576446945740126e-05
DLBCL11685	6.458811693923647e-11	7.301563741403167e-08	0.9999999120708412	3.942503706553865e-10	1.4454682941304246e-08
DLBCL_C_D_1157_NULLPAIR	1.1781728263850649e-08	8.421119193727439e-07	0.9999989528217664	1.9311982668886035e-07	1.647592454175679e-10
DLBCL10939	3.3125606469267654e-05	3.799843014845021e-15	7.072444152607462e-10	0.9999668733193796	3.669029069898146e-10
DLBCL_C_D_1151_NULLPAIR	1.9122546660941836e-05	6.959376309043347e-13	7.388184811688545e-09	0.9999808700644368	2.1499053272981025e-14
DLBCL11460	7.064979925969634e-07	3.4190777858763082e-12	3.782665489220427e-08	0.9999992556588728	1.3060612116924518e-11
DLBCL_C_D_1153_NULLPAIR	0.00023122766833980573	4.3518937329403736e-05	3.2647178128667204e-07	0.007314256532513115	0.9924106703900364
DLBCL10565	5.517543806804195e-07	7.158116459422274e-05	0.999875944059204	5.106271822597292e-05	8.603035951396018e-07
DLBCL11437	0.00018516341315335695	2.4867536574228956e-13	2.4224345627827107e-08	0.999814239273274	5.730889783981869e-07
DLBCL11459	4.4624942179423334e-07	9.47464586167506e-14	5.1904353267701755e-09	0.9999995477112288	8.488193458471324e-10
DLBCL11657	0.03641407129566769	0.0019040867996680433	0.8077200712374778	0.15362699824036777	0.0003347724268187422
DLBCL_RICOVER_274	0.0002811445655832643	3.341307883324807e-05	2.2620744451180762e-06	0.6952840742363964	0.3043991060447421
DLBCL10553	3.5153903469817834e-06	4.256685871696705e-12	0.0001836957972141143	0.9998124912962156	2.975119665960337e-07
DLBCL11196	2.7342737133920744e-08	4.638122855721558e-18	1.727221930187855e-11	0.9999999725545662	8.542445664000666e-11
DLBCL_LS3499	0.0713296563235392	0.2060245537556167	0.027046036777859606	0.6833027534443397	0.012296999698644777
DLBCL10868	8.438548730980594e-05	1.9261865283260625e-20	4.191667573267075e-16	0.9998414044129172	7.421009977253906e-05
DLBCL10552	0.024828073887507796	7.338450262545337e-15	1.7200810546355098e-07	0.9751717541043794	1.5512869366540175e-17
DLBCL10513	0.052395643866407854	1.262098042835196e-05	0.0009038512816887325	0.9466861662874854	1.7175839896974094e-06
DLBCL_MC_F927_JHS	0.06032046050689754	0.42398079510585407	0.07793869247699148	0.026342953349013994	0.4114170985612429
DLBCL_RICOVER_1219	6.660859282106961e-08	5.260770241502572e-08	7.267101915208304e-10	8.887955618043798e-07	0.9999989912614328
DLBCL10860	5.0295616619518205e-11	5.4737235684959615e-09	6.961297697875109e-11	6.6334225104542935e-12	0.9999999943997344
DLBCL11500	1.2748309212312488e-06	1.7841696466417213e-09	1.9376805153882937e-09	1.2683891418953865e-07	0.9999985946083144
DLBCL10908	0.022135809156306308	0.333467601287996	0.5181135536544935	0.007011495205042357	0.11927154069616183
DLBCL10454	0.00035348943577411646	0.9838724972571239	0.0036684176698994343	3.8000544966700873e-06	0.01210179558270594
DLBCL11476	0.00013518808625975523	0.04055491493564843	2.0413423609428357e-05	2.862942988813419e-06	0.9592866206114936
DLBCL_RICOVER_111	0.4880444643014892	0.012744669664918919	0.11627064424418748	0.028206265097842468	0.3547339566915618
DLBCL10881	0.684718688378175	4.764717687527179e-07	4.83825529061263e-07	0.0023193429560664633	0.31296100836846075
DLBCL10485	9.767022581931011e-07	0.22220346580069975	6.166428640185042e-06	3.1101324789266815e-08	0.7777893599670771
DLBCL10964	7.041206200690252e-06	4.192608953237249e-06	7.920175104816147e-09	0.0015512467949714466	0.9984375114696995
DLBC_FF_A7CR_TP_NB	0.03035209937781424	9.871428268971537e-13	1.88380335954209e-07	0.004276123607544727	0.965371588633318
DLBCL10900	1.745735179041952e-05	7.583955768457747e-21	1.682143350121273e-19	5.606930959407687e-08	0.9999824865789
DLBCL_RICOVER_1204	4.217032582772167e-06	1.1975094511846759e-05	2.97892947518697e-05	0.004814551218103584	0.9951394673600499
DLBC_FF_8042_TP_NB	4.988751213003069e-10	0.9170353572400023	0.0009781138051323714	2.4000622120290077e-09	0.08198652605592796
DLBC_FF_A7CX_TP_NB	0.9530310139655648	5.161824341724295e-05	0.0001799926459420331	0.0011120092798458663	0.04562536586523005
DLBCL10909	0.008944490246213969	2.5826108405249773e-05	0.00021956300176148265	0.9695156651063003	0.02129445553731903
DLBCL10878	0.8438798727024298	3.2688366477894026e-07	2.38685318049136e-06	0.021257942160714166	0.13485947140001076
DLBCL_C_D_1140_NULLPAIR	0.1605448384770503	0.025832712790037116	0.03928205933320144	0.13812256952640176	0.6362178198733094
DLBCL11004	1.337019424447554e-08	3.1832842491944503e-12	3.8496593158359833e-14	1.4485138834435792e-07	0.9999998417751956
DLBCL_RICOVER_173	0.0007424884609845136	2.0027628317129177e-07	2.877123537369186e-07	0.0018750412460067033	0.9973819823043719
DLBCL10977	2.8052939311030946e-05	1.4102183826294618e-08	5.990981981743172e-09	5.984121635005823e-08	0.9999718671263068
DLBCL10521	3.3599793645808765e-09	0.046818722186784664	6.537205882650136e-10	1.1464495993232946e-11	0.9531812737880508
DLBCL_MC_F519_ALT	1.135853434589478e-06	3.404905717756546e-05	1.1723483667336263e-08	1.8469488575947e-08	0.9999647848964156
DLBCL10895	3.4936739441779364e-07	0.9080112035222663	0.00012669397813151831	2.6821592624583185e-08	0.09186172631061522
DLBCL_RICOVER_1192	4.2610686029884865e-09	1.1777135659933295e-06	7.249347618452034e-10	2.777947819354787e-11	0.9999988172726512
DLBCL11510	0.3159979259927559	0.11986697180963146	0.014201804771988062	0.031436785622737544	0.518496511802887
DLBCL10925	8.802967704145664e-05	8.842357570618426e-07	5.6256667057898125e-09	1.23021982595586e-05	0.9998987782632752
DLBCL10877	0.8607945661796165	0.09072661885247069	0.011074040713660567	0.007765393920173172	0.02963938033407913
DLBCL11488	0.9998547087499337	2.92299347096873e-15	1.2002662156865362e-13	2.304201290582473e-05	0.0001222492370375825
DLBCL10928	0.9999669901104216	1.852561503438542e-05	8.68703644383151e-06	2.1507677658598334e-06	3.6464703343643583e-06
DLBCL10931	0.9998099748050643	1.6246006579444553e-14	8.727089885470306e-11	0.0001899914149199772	3.369272860581672e-08
DLBCL10912	0.9999985116947016	4.1483019188652153e-10	3.454761468023936e-08	1.4520010878859883e-06	1.3417656890960389e-09
DLBCL11519	0.2747581244627543	3.170281611368548e-09	3.1800033328226027e-06	0.7252386864652506	5.898380610366626e-09
DLBCL11457	0.999982763441872	2.6563224145305425e-18	1.542698746500253e-12	1.723620320960094e-05	3.5337571849198883e-10
DLBCL11659	0.9844911560159357	2.0325416170333897e-07	0.0037173660895181795	0.011790706624723615	5.680156607914444e-07
DLBCL10525	0.999999969288232	4.1554757054226e-15	6.4015008764691275e-12	2.8696872999157855e-08	2.008489362102318e-09
DLBCL11435	0.9537976130770374	1.157923423899975e-15	1.2909406968435695e-10	0.046202357405995105	2.9387872338596524e-08
DLBCL11432	0.8810823966464564	8.616026067232832e-13	1.1001405556771412e-05	0.1189065880502097	1.3896915480439802e-08
DLBCL11205	0.9951037466993481	0.00048150279775409664	0.004113873316493798	0.0003004637716740527	4.134147299152876e-07
DLBCL11509	0.9882056594084682	7.262126517154915e-07	1.624832343107829e-05	0.011766829654090781	1.0536401358284898e-05
DLBCL_RICOVER_977	0.9999999861675208	5.365458269842518e-21	1.457550044052097e-17	1.3830786305661747e-08	1.6928418484907178e-12
DLBCL_C_D_1114_NULLPAIR	0.9999999765725048	1.4452303926874706e-15	1.3898635743014426e-14	2.3421508704326466e-08	5.971117848355806e-12
DLBCL10945	0.9999929312425588	1.3353141010327826e-10	6.752415901884394e-11	2.0535931146715463e-06	5.014963270924053e-06
DLBCL_LS2367	0.9998958175192046	2.1598115058587334e-05	1.0465953614694121e-07	4.597793402319421e-05	3.6501772177433785e-05
DLBCL11430	0.43963545312864427	1.4977976963256584e-10	3.5337144649317146e-05	0.5603292075395981	2.037328604254906e-09
DLBCL11681	0.9906958968575447	1.6200889256750502e-10	0.0003929046548655272	0.008909965800309585	1.2325252713157048e-06
DLBCL11462	0.9993265217517912	5.973134206522739e-08	7.866732940197025e-06	0.00040090441088502023	0.0002646473730416043
DLBCL11520	0.9999991123207632	5.6768792658832365e-15	3.8046701449353795e-14	1.8031800651882722e-07	7.073611865405451e-07
DLBCL_C_D_1148_NULLPAIR	0.12165553926040681	2.5415869751465156e-15	8.99336603720784e-06	0.8783354673722802	1.273256046391821e-12
DLBCL10482	0.5108240843415687	1.7553004840538485e-05	2.4203021497076385e-07	8.559593476880133e-05	0.48907252468860707
DLBCL10452	1.0338487346040203e-09	0.9999216977251758	2.8028722867326957e-05	1.2112384900766373e-10	5.0272396984287486e-05
DLBCL_RICOVER_253	0.0	1.0	0.0	0.0	0.0
DLBCL_RICOVER_839	1.2991588312067858e-06	0.9998426233326814	3.987040285764274e-05	5.019968679475926e-06	0.00011118713695031538
DLBCL10510	8.63674724428129e-08	0.9996781648830086	8.13907104690104e-07	2.3283451877842503e-09	0.00032093251406905166
DLBCL10851	6.440470021897806e-08	0.996452205086247	4.889502286459599e-06	9.439447522605486e-10	0.003542840062821565
DLBCL_DFCI_DLBCL_GOE07	4.0284919850222657e-07	0.9997122710252148	1.274441670898261e-05	1.891106376569234e-08	0.0002745627978140059
DLBCL_C_D_1131_NULLPAIR	7.13559209872279e-08	0.9993524357058796	0.00031738935158274995	3.0442370865301757e-09	0.0003301005423795982
DLBCL11204	0.4794596929028166	0.26693703925833423	0.013227079058431944	0.0030204860856846995	0.23735570269473263
DFCIDL003_DT	1.2214250527817745e-17	0.9999943470292076	5.652970755642615e-06	5.104180079184274e-18	3.669844508659072e-14
DLBC_FF_8043_TP_NB	3.686853123151423e-06	0.9999087081081868	6.672727248170194e-05	3.790870437047422e-08	2.083985750400921e-05
DLBCL_RICOVER_496	1.900621134501499e-05	0.8051747570856713	0.19430597073568395	9.417735580604817e-05	0.0004060886114937283
DLBCL_C_D_1106_NULLPAIR	2.5025836716097885e-07	0.9999987009688118	7.78279250235732e-07	2.85594685745621e-10	2.702079760909358e-07
DLBCL10859	1.2476406504673302e-10	0.9999947566517076	4.3389525751913753e-07	1.900992184099716e-11	4.809309260932835e-06
DLBCL_MC_F502_RFK	3.511288779652933e-22	0.999727474272356	0.0002725257269666013	3.2779395326533137e-21	6.77438677491781e-13
DLBCL10874	0.00011409494883537397	0.41540881310337363	0.0005370484662514754	0.001840846456928506	0.582099197024611
DLBCL_C_D_1152_NULLPAIR	2.5211567379984496e-13	0.999652407394462	0.000347572684480602	6.414908757652409e-10	1.9279314387657325e-08
DLBCL_C_D_1138_NULLPAIR	1.1409090982278672e-05	0.9853888947830683	0.0054415423682650415	1.2343271550490624e-05	0.009145810486133806
DLBCL10956	2.086361518049039e-08	0.9999691199822978	2.071997795502909e-06	6.797294270903147e-09	2.878035899728697e-05
DLBCL_RICOVER_1235	9.617912139406247e-17	0.9994630294788384	0.0005369702927953583	2.3230135433452615e-14	2.2834298612501384e-10
DLBCL10483	6.64778311399515e-17	0.99994764880274	5.234831289669921e-05	1.5874057945673197e-16	2.8843630707795416e-09
DLBCL_C_D_1149_NULLPAIR	1.2437362450257526e-07	0.999295338630016	0.0003541674954822234	1.6411626035497647e-08	0.00035035308925131844
DLBCL10922	5.136155391419529e-05	0.9991087183998926	0.00047837017876903526	4.404701540263982e-06	0.0003571451658839872
DLBCL_RICOVER_1165	0.00016803277420703906	0.9146134783087978	0.05478751848416002	6.786214832762639e-06	0.03042418421800238
DLBCL_C_D_1119_NULLPAIR	1.119106976277656e-06	0.9999973172653972	1.037789768789566e-06	6.38403710386952e-10	5.251994540216564e-07
DLBCL_MC_F496DMP	0.00486450980463755	0.7698355832720328	0.22493998381758518	1.8394833859952913e-05	0.0003415282718844922
DLBCL_RICOVER_1263	3.824556889834503e-11	0.0002556420680457184	0.999744357287416	5.594621986596984e-10	4.683057660889026e-11
DLBCL_RICOVER_577	1.2187848144672496e-07	3.184434776448348e-05	0.9999679321762122	5.328637505058866e-08	4.831116686131026e-08
DLBCL_RICOVER_267	2.9320613281771804e-12	9.174833742832162e-14	0.9999999962157672	3.6067655772776623e-09	1.7444342905233347e-10
DLBCL_LS297	2.034250921850619e-11	2.6999975725797177e-08	0.9999999304051956	4.2571034039289956e-08	3.4520895578870147e-12
DLBCL10518	4.017100682807672e-05	8.725220118564083e-09	0.9944340429246477	0.005525656519094881	1.2082420926114189e-07
DLBCL10995	0.000576194339155228	0.0017280908638481348	0.9928716925135092	0.004759843220146579	6.417906334087935e-05
DLBCL_RICOVER_1269	8.168031492177766e-09	0.030915050210558976	0.9690507505431583	1.260067245338743e-05	2.159040579792177e-05
DLBCL10501	4.722606901145014e-16	0.2757627633191349	0.7242372360228699	1.565802687566101e-12	6.564288496638096e-10
DLBCL_C_D_1113_NULLPAIR	0.000234699414773894	0.002379933630551128	0.996772299240704	0.000600697691064905	1.2370022906054247e-05
DLBCL_LS4592	4.944820182185863e-14	4.39041299305911e-07	0.9999983338106662	1.2253581005864469e-06	1.7898844972019557e-09
DLBCL11574	0.07573363931166079	0.20301677451753372	0.581442893933627	0.04360090833330733	0.09620578390387116
DLBCL11683	0.003915989466587759	8.192417978073707e-05	0.6496057602975988	0.3463628168948274	3.3509161205423936e-05
DLBCL10466	5.920140095097791e-13	0.00017005420947574187	0.9998299134319405	3.158797989662225e-08	7.700118594818348e-10
DLBCL_MC_F349_BJJ	1.6080484624937934e-11	1.0275713354855229e-06	0.999998970676291	7.555374453854092e-10	9.80755629820294e-10
DLBCL_LS843	1.3368071758121968e-11	1.2330232423148932e-09	0.999999948220933	4.9630922261288155e-08	9.017534586608696e-10
DLBCL_MC_F606_DMJ	4.753110071218277e-11	0.0752469782763009	0.9247528426640655	1.1018269001221092e-09	1.779102755105527e-07
DLBCL10555	3.749610124697724e-08	1.9805457150964803e-05	0.9999801505030322	6.50953086878827e-09	3.418468153893414e-11
DLBCL_LS155	1.1025515583462577e-08	1.538659345101093e-08	0.9998755834171378	0.00012431306060989075	7.711014330102498e-08
DLBCL_LS3820	1.3212520831211372e-09	0.0030611303356725367	0.9969321986752158	2.0661874795822892e-06	4.603480379991693e-06
DLBCL10497	1.2904584120962244e-10	1.2890214186427763e-22	1.8538167148086033e-14	0.9999999998709356	4.6436504732807385e-17
DLBCL_RICOVER_1018	1.9113310274534686e-06	0.12606599217757958	0.00010117186999184339	0.8729674268053268	0.0008634978160743021
DLBC_FF_8062_TP_NB	0.0019788976612006267	2.829025531267774e-07	0.0023896636146124458	0.9956310984542486	5.736738525855675e-08
DLBCL11678	3.574556502212199e-07	4.367553437952213e-09	0.9985872575347314	0.0014123037420157563	7.690004912416848e-08
DLBCL11576	0.00016448803239745203	0.0001895797903586338	0.01870400467293063	0.9809419101607089	1.7343604424824857e-08
DLBCL_RICOVER_985	5.558481474976929e-08	1.0962663107157926e-10	0.0002417726904754956	0.9997581715962952	1.8787929006809258e-11
DLBCL_RICOVER_711	0.11047896507582582	0.021258065464582872	0.00013423130257068935	0.8681011216229341	2.761653408659525e-05
DLBCL11448	0.0010805552685697847	0.0009784185303344474	0.0044767213660753076	0.01363120423527282	0.9798331005997476
DLBCL10469	2.5378301019515325e-08	1.1482739146138573e-20	6.245478110023604e-11	0.9999999745592428	1.3669685283968334e-15
DLBCL10863	0.6448226187898288	9.628143558093128e-14	1.266697969720965e-10	0.2534625136396351	0.10171486744376992
DLBCL10955	0.914499748280343	0.0005428238412003469	0.0009840618702260787	0.007976148774565945	0.07599721723366465
DLBCL11658	2.209506856621492e-05	4.522920604019346e-13	6.777959710825942e-08	0.9999774104988712	4.266525131529749e-07
DLBCL_C_D_1159_NULLPAIR	0.4101197567121276	4.659247555130989e-11	1.5953171646945503e-08	0.5898799783759637	2.48912144488823e-07
DLBCL_RICOVER_1045	0.2613019943621266	2.8628507715758237e-07	6.309493586800872e-06	0.7386892782669318	2.1315922777329472e-06
DLBCL11464	0.07873971025975221	4.662956729386625e-14	7.90472606183191e-12	0.9212602798426175	9.889678978710986e-09
DLBCL11194	0.007198371772657346	1.0613051232751003e-12	3.6642665592125404e-10	0.18868192985026744	0.8041196980095873
DLBCL11187	5.027914866425517e-06	2.0814798145166724e-18	6.666814740260717e-16	1.1860372775118235e-07	0.9999948534814052
DLBCL10951	1.653010420607132e-07	4.467789796595467e-05	5.097428934416718e-09	2.4085368950724043e-09	0.9999551492950262
DLBCL10963	4.97118885323259e-06	0.0004253492362804071	1.3917858794236002e-06	1.1854180623525597e-06	0.9995671023709246
DLBC_FF_A7CW_TP_NB	7.277515091651547e-07	0.3879872245828325	0.00025630842820528255	8.369150799181437e-07	0.6117549023223732
DLBCL10866	1.3656157912665148e-05	2.0200983405918724e-14	1.1182766738555602e-11	7.44636324411353e-05	0.9999118801984432
DLBCL10865	0.05118774024146616	0.7891985563913001	0.0017883185485225784	0.0026055498927725425	0.15521983492593863
DLBC_FF_A7CQ_TP_NB	0.0012256304818025817	1.405839988425973e-07	1.3691755699899103e-08	3.751334778015662e-05	0.9987367018946627
DLBCL_RICOVER_506	1.3941847965088735e-11	0.5135989256997723	1.3856059485176999e-08	3.1408881058282916e-12	0.4864010604270855
DLBCL_RICOVER_720	6.266414820905646e-09	0.16261730265840374	3.250932864039846e-09	1.0946744797806095e-12	0.8373826878231538
DLBCL_RICOVER_221	6.172319298127971e-09	0.00045487728495097743	1.7090717280641173e-07	3.1779869708892817e-09	0.99954494245757
DLBCL11513	0.0015383276149513016	0.001406472113781988	0.017058334641542987	0.0005016720261993686	0.9794951936035243
DLBCL10992	1.5589237427990863e-08	1.3858131706701235e-14	1.4695039760412594e-11	4.894621295214911e-09	0.9999999795014324
DLBCL_RICOVER_685	1.5205535575892302e-10	8.086378147457507e-16	1.7767771401086657e-16	2.9193050521276633e-10	0.9999999995560132
DLBCL_LS4619	2.1613502408029758e-08	0.17236525558742644	0.8251834573625132	7.962170362578776e-06	0.0024433032661953856
DLBCL10835	1.0541650364070001e-10	5.622736944632499e-06	7.239542225505525e-11	1.343727491083109e-06	0.9999930333577524
DLBCL11440	1.022353190768275e-06	2.39635937406855e-10	1.1652997405080883e-10	4.493763772007967e-09	0.9999989727968795
DLBCL11001	0.013615289778429619	2.6270893792334697e-07	2.4217740410856505e-05	0.000567521590234265	0.9857927081819874
DLBCL10534	6.90609466519436e-10	2.6410046198367407e-13	5.810784434696457e-16	7.173693691936417e-12	0.9999999993019522
DLBCL10867	2.8443756619912517e-06	0.0005206701953919553	3.956083195050245e-08	3.2377183797403333e-06	0.9994732081497344
DLBCL10898	8.940385825291519e-05	0.003527826762557479	2.2192606719802643e-06	2.5220231546219063e-05	0.9963553298869714
DLBCL10921	4.28263331371586e-08	0.04055878266103817	4.14020105951558e-08	3.322784437909268e-09	0.9594411297878337
DLBCL10852	6.397245111834315e-07	4.619317573141262e-10	2.701365172336533e-11	4.98062235793652e-08	0.9999993099803198
DLBCL10870	1.3154166131628145e-06	1.273244018416574e-08	3.1175125245502447e-07	3.397107670581135e-06	0.9999949629920236
DLBCL10893	7.417217830186279e-08	6.721451155345894e-11	1.590884586957654e-10	7.174954482694216e-07	0.9999992081060705
DLBCL_RICOVER_1278	0.18194503018639482	1.370487841677002e-10	1.0461759547203564e-07	0.30338812015484085	0.5146667449041201
DLBCL10467	0.0005425184820303449	6.44789714065376e-09	4.124403400081181e-08	2.0420144331806737e-06	0.9994553918116054
DLBCL_C_D_1123_NULLPAIR	0.9999897651826625	3.4409088105119496e-07	2.998510593018475e-08	9.835316562666863e-06	2.542478788119946e-08
DLBCL11671	0.9880818641186325	2.903140481025849e-08	2.4789415660755926e-05	0.011893314518014751	2.9162871869665887e-09
DLBCL_C_D_1128_NULLPAIR	0.999757376670422	3.4931144281400547e-06	2.6002997137061833e-06	0.0002176747466820437	1.8855168754153173e-05
DLBCL11511	0.9999805576513928	1.4339632671455233e-09	1.635401876117398e-07	1.922190505591715e-05	5.546940038440443e-08
DLBCL_C_D_1156_NULLPAIR	0.9812073425408122	0.0001119540490285459	9.783896869980565e-05	0.018475712986068992	0.00010715145539043018
DLBCL_RICOVER_473	0.9302027747828139	0.009626908238812584	0.00020938988307636018	9.678685487096097e-05	0.05986414024042618
DLBCL_LS2154	0.36236955205466365	0.4332788603914575	0.10749191349008126	0.08226056374861211	0.014599110315185421
DLBCL_MC_F307_JPS	0.8376028333800419	0.0054771772669012925	0.004645838954009366	0.1512602619931414	0.0010138884059060485
DLBCL10875	0.9996916168012596	5.3384031121211285e-08	5.758989003963044e-06	0.0003025427321241564	2.809358115803031e-08
DLBCL11443	0.9999994719287072	1.4928913921663218e-14	6.143470250651754e-10	5.267045637795792e-07	7.523670711052131e-10
DLBCL_RICOVER_1150	0.5883545183088541	0.38262308412631557	0.00044451282900739614	0.012306361300310173	0.016271523435512646
DLBCL_MC_F262_WLC	0.9999906024266586	3.3199267897678555e-10	6.124114079658708e-10	9.31906970794217e-06	7.755922936789436e-08
DLBCL10488	0.9787508315453876	0.0014382403415437862	0.01829153561439604	0.0015192895559519239	1.0294272071587166e-07
DLBCL_MAYO_DLBCL_5613	0.9999788225492772	3.99059979672485e-06	1.1651031641138471e-07	2.314714771732427e-06	1.4755625837963857e-05
DFCIDL010_DT	0.9986378530884171	5.145437448909187e-10	6.429722099864045e-09	0.001362139939667522	2.764947499433216e-11
DLBCL_RICOVER_451	0.9999980368615364	2.5879192492011735e-09	2.9928184627370556e-07	1.6537900456091907e-06	7.478652435676717e-09
DLBCL11523	0.05220948498994922	0.00014143553755415104	0.0003653253133940705	0.04700492886779763	0.900278825291305
DLBCL10844	0.9587852384506027	0.00035510284302225437	3.617274022023051e-05	0.0005918787011152845	0.04023160726503949
DLBCL11461	0.9999574849613642	2.960243835950317e-11	3.361536375877543e-08	4.2481392598179344e-05	1.0714634918681029e-12
DLBCL11676	0.9967085388361772	6.603305347264546e-08	0.00019526810819987762	0.003096126892791268	1.2977819176438996e-10
DLBCL_RICOVER_910	0.07538420592115493	0.06176445793889455	0.02641738613566116	0.8282051645111266	0.008228785493162803
DLBCL10972	0.9963568411878828	9.835231553080375e-06	1.1093683330607366e-05	0.0009750728736542838	0.0026471570235792057
DLBCL10966	0.9994406492134597	3.3342181131660646e-09	9.67774573708272e-07	0.0005583793799126057	2.9783595238402213e-10
DLBCL11664	6.670125836436462e-05	0.9992261866751464	0.0006917119202231284	1.5379931498195726e-05	2.0214767957019207e-08
DLBCL11483	0.05102055387017839	0.541270745426975	0.08751422478906301	0.027997878307162688	0.29219659760662103
DLBCL_DFCI_DLBCL_GOE05	1.6419995563125856e-08	0.8015852242944087	8.262191088141472e-06	5.784233175406703e-10	0.1984064965160843
DLBCL10541	6.374422536068726e-05	0.9995127598942564	0.00020311074851360618	5.922757097854268e-06	0.0002144623747715167
DLBCL_RICOVER_478	0.0003755984103513583	0.9229296359827902	0.004378329557023569	1.5358785587966907e-06	0.07231490017127601
DLBCL_C_D_1108_NULLPAIR	1.1166955361785475e-18	0.9999996094769444	6.727734942109974e-14	7.953854718618038e-20	3.905229882815652e-07
DLBCL_LS1921	6.669895505551916e-13	0.9939685418913212	0.006029694633367765	1.7634639268646505e-06	1.0717177955425554e-11
DLBCL10494	1.1687938674984562e-10	0.996451803882459	0.003547977954708186	2.1301737655803537e-08	1.9674421573657018e-07
DLBCL10484	8.501351437690193e-13	0.9997992398641196	0.00020075608552429466	1.7421024141208926e-11	4.03208499784527e-09
DLBCL_RICOVER_780	7.133184416127198e-12	0.9708582265701243	0.02914176599462505	5.836175353551165e-09	1.5919421254923826e-09
DLBCL10911	1.4180672408241521e-08	0.9999937139264388	1.5865541835282274e-06	1.3208242881767062e-09	4.684017881010394e-06
DLBCL10845	5.388815322281852e-13	0.9999956307085828	4.287994373843296e-08	8.980732888530732e-11	4.326321127279154e-06
DLBCL_RICOVER_787	0.21435844639202065	0.17775713636237825	0.07395088373373916	0.533810774025999	0.00012275948586299012
DLBCL_RICOVER_1210	5.1343477484512e-09	0.9992720898052396	0.0007265181585646627	4.435356941322443e-07	9.433661538718849e-07
DLBCL11346	1.5028971165365586e-08	0.3041981498930142	2.8010479996251844e-08	5.2340833490780927e-11	0.6958018070151938
DLBCL_C_D_1105_NULLPAIR	0.012256331114349681	0.9838728211787039	0.0015367278016739372	0.00010073402173063169	0.002233385883541909
DLBCL_MC_F210_GWC	2.9399636937325342e-05	0.9919545943223119	0.0010779392028436325	0.0006401525825368834	0.006297914255370262
DLBCL11533	0.0006145441200287874	0.9225406823414668	0.07617746093728539	0.0005051734902047607	0.00016213911101424722
DLBCL10460	9.978217052964613e-09	0.9993910785096234	0.0006088006336230821	2.0047219947965102e-09	1.0887381451832263e-07
DLBCL10461	2.506495555564577e-16	0.9999939931884708	1.3764910511054016e-10	1.3167552339999638e-17	6.006673879811457e-06
DLBCL11661	1.6756876762317022e-09	0.9921799882703085	0.00781925275942486	7.488144346241632e-07	8.480144341061787e-09
DLBCL11456	0.00010572805440384252	0.9810916238667061	0.012419426977021612	0.005132091598730521	0.0012511295031379
DLBCL_MAYO_DLBCL_7359	1.187268936051627e-18	0.999999999945679	4.135538209019015e-12	1.826238225108035e-18	5.018545092633665e-11
DLBCL_LS1683	2.5906509185714406e-08	0.983150216428595	2.4507256882497144e-05	3.9990177670824805e-08	0.016825210417835617
DLBCL10536	0.0033824258553400736	0.3293366332507136	0.6569771172253626	0.0048065036256145985	0.0054973200429692445
DLBCL_RICOVER_744	1.8600813711040261e-09	6.713018327245778e-08	0.9999999308845976	1.1927845568639617e-10	5.859302043272146e-12
DLBCL11558	4.4360961026968215e-11	1.111431408024795e-05	0.9999888672965536	1.8038033677592903e-08	3.0697155109883697e-10
DLBCL10512	1.1714116261180091e-05	0.3657697683087258	0.6326174522896062	1.4843996963152468e-05	0.0015862212884436878
DLBCL10514	1.4269174941714656e-07	0.011390051842213839	0.9885904981384606	1.9303898130341333e-05	3.4294458444390983e-09
DLBCL11667	1.1507779354397188e-10	4.7294039356177886e-08	0.9999999513476467	1.2425268499666037e-09	7.092575535379357e-13
DLBCL_RICOVER_1283	8.631232232983146e-10	1.5309760094482545e-05	0.9999800114244022	4.631471261736966e-06	4.648111837632914e-08
DLBCL11528	0.02266512420049118	0.5039188324993513	0.4619185988217241	0.01146114681223277	3.629766620065652e-05
DLBCL11526	0.010706896226715125	0.0001395355777527433	0.9888929976712881	0.000260395454676713	1.7506956726801092e-07
DLBCL_LS2599	5.748282929993198e-08	6.393514426421021e-05	0.999906946651382	2.899044494388568e-05	7.027658058704526e-08
DLBCL10936	0.11975284578104389	0.43627968892390306	0.16971121341879222	0.08745512247813415	0.18680112939812665
DLBCL10523	1.8250808953108911e-06	7.116382958045662e-10	0.9976779243962131	0.0023202498112003186	5.304292680365704e-14
DLBCL10910	0.00011385366388252741	0.004707584391023508	0.9940078225739513	0.0011145376673612694	5.6201703781450374e-05
DLBCL11680	1.681004392821764e-08	1.2568884004689498e-07	0.9999998573860264	1.1486784724166873e-10	2.2180812171811424e-13
DLBCL10464	7.760402629870046e-10	1.528138702442231e-10	0.9999999990361867	3.4933293680860314e-11	2.582451910185668e-14
DLBCL10465	7.713720551403671e-15	5.075928182659028e-08	0.9999999492369408	2.2640754328237537e-12	1.5055848573950923e-12
DLBCL11675	2.488572229903376e-06	3.2126993673484735e-13	0.9997699267157808	0.00022714756810579933	4.371435622418394e-07
DLBCL11534	0.12160271148724956	0.005868260684190726	0.23275474602399382	0.5833819371069053	0.05639234469766058
DLBCL_RICOVER_469	1.4771919847175904e-09	6.798650855276174e-11	0.9999998274325583	1.7102217727693836e-07	8.589951453677689e-14
DLBCL10858	0.010117723794108073	2.3280444775353776e-19	6.986812987271957e-14	0.7889566833535085	0.2009255928523135
DLBCL11538	0.018395648397798184	2.6568175173890317e-09	0.0023893014025655373	0.9792068451059546	8.202436864187753e-06
DLBCL11002	0.006683431842870362	2.3805502573507788e-07	0.0005818952173502243	0.9927343297314764	1.0515327730758894e-07
DLBCL11535	0.02626713237510225	0.0004329491568193494	0.000790341706497747	0.8203778548169408	0.15213172194463992
DLBCL11655	2.561595847657725e-07	3.2569569458200125e-36	1.2920445376119688e-24	0.9999997438404152	3.4495522934650627e-19
DLBCL_RICOVER_617	0.004710873036705473	8.037778605593865e-08	6.146575661364577e-05	0.9952275479094128	3.291948195769375e-08
DLBCL_C_D_1139_NULLPAIR	4.9890306507044265e-05	2.636359665122788e-06	1.4627045349109648e-06	0.99994600944434	1.1849529468861907e-09
DLBCL10919	0.4604931356466118	4.001606002109484e-14	2.2819616617435633e-08	0.5395068394170097	2.116721800607237e-09
DLBCL11491	0.3439344076336451	1.6305202100304117e-05	0.0005314913138596116	0.6483757177240064	0.007142078126388603
DLBCL_LS2357	2.025451957780266e-10	4.967930335692783e-16	9.619638581185054e-11	0.999999999700418	8.399474704467246e-13
DLBCL_RICOVER_575	7.066749336969058e-06	5.723322038331134e-10	9.413008578898411e-06	0.9999835195918247	7.792718641605677e-11
DLBCL11527	1.3662852661087683e-07	5.542447044054745e-08	0.010217492901595975	0.9897822982212936	1.6824113417264456e-08
DLBCL_RICOVER_1061	2.3081978441907223e-07	6.574882625949872e-22	2.2521637356221074e-10	0.9999997689549992	5.4475148601253404e-18
DLBCL10491	5.173861810856446e-08	0.06511941878925644	0.3330582439071385	0.6018222802458709	5.319116099216441e-09
DLBCL11447	0.0006197234718996421	9.251416125045275e-14	1.5035139031690113e-09	0.9968141974723682	0.0025660775521256915
DLBCL11353	4.223754668426954e-11	2.6629579604520256e-06	1.3133562365135819e-09	4.674138584015587e-12	0.9999973356817716
DLBCL11431	0.09988466376802808	0.3140211536933851	0.09940457668709757	0.05052193524770111	0.4361676706037881
DLBCL_RICOVER_120	0.36914251496509365	0.00018155929177887661	9.27307215592537e-07	7.079080946176721e-06	0.6306679193549658
DLBCL11000	9.298155372930212e-10	8.102601849196883e-08	1.817723115219249e-10	2.6788226504956773e-09	0.999999915183571
DLBCL10463	4.593477086238098e-09	2.0443898243621652e-12	8.147507088885286e-11	4.609978826696259e-06	0.9999953853441768
DLBCL_LS2208	0.0008022532473665056	0.2869016193913598	0.18629345315499551	0.0009749797349251007	0.5250276944713531
DLBCL11581	0.4103229379639527	4.27076263014436e-05	0.012968320793701756	0.04681976626572027	0.5298462673503239
DLBCL10891	0.030598079293063265	1.7015577670100577e-09	6.608655317997094e-05	0.5299075667719008	0.4394282656802983
DLBCL_RICOVER_1081	0.020017612371019167	2.4979281719636595e-10	3.818778413292604e-05	0.9725849829012845	0.007359216693770655
DLBCL10833	0.8155327890680408	1.8529230394344668e-12	4.854461686608696e-10	0.0017275221452572973	0.18273968829940276
DLBCL10535	7.930922885031715e-05	0.00010015791673159675	2.5689626794665632e-06	1.4592701094429098e-06	0.9998165046216292
DLBCL_C_D_1166_NULLPAIR	1.0771222201582294e-14	0.6033270528249112	1.5556029543326284e-11	2.390777219556862e-17	0.39667294715952195
DLBCL_RICOVER_1248	5.82291572794391e-08	3.99078778683091e-08	4.393614844090012e-14	2.4978509607373213e-11	0.9999999018379424
DLBCL10987	4.908206235645852e-05	3.077645696949876e-06	1.762951463969853e-08	1.5693374630205428e-07	0.9999476657286857
DFCIDL008_DT	2.0351820155534963e-05	0.013189389671800101	0.00024090638007300628	1.1942535779394663e-06	0.9865481578743934
DLBCL11242	0.0026220466166588597	1.3840089442230909e-09	7.619497858831859e-11	8.207260084200548e-06	0.9973697446630531
DLBCL_RICOVER_956	2.9956933889729437e-06	0.1926516097380415	1.4246256624022666e-05	4.502780177882104e-07	0.8073306980339278
DLBCL_C_D_1144_NULLPAIR	0.0010035259884615144	0.001456099476704568	5.1870794592852654e-06	0.00010846832745675577	0.9974267191279179
DLBCL10967	2.9836540591147464e-09	1.971320548950442e-09	3.272436475842698e-11	7.708702042379119e-10	0.9999999942414308
DLBCL_RICOVER_1299	0.0012503218901542925	5.566863027339682e-10	4.895003132456945e-10	0.0006098072525119823	0.9981398698111471
DLBCL10990	3.5386654167541085e-08	0.0007231082071994107	8.378560507523356e-09	5.053687190566532e-10	0.9992768475222172
DLBCL10529	7.113768500249496e-08	0.07572728831599726	5.579725640007452e-06	5.5660748944118385e-08	0.9242670051599288
DLBCL11595	2.2000690234087733e-05	0.16521542918707086	0.00045042533080823515	7.0074781945886885e-06	0.8343051373136923
DLBCL_C_D_PAIR13	0.1003806705529571	0.3122755198927046	0.09889316350001859	0.05053078902029563	0.4379198570340242
DLBCL_C_D_1163_NULLPAIR	9.038792220062541e-11	2.838122728368648e-17	8.993280671752159e-18	2.1014906079617703e-09	0.9999999978081214
DLBCL10930	0.05886430591112981	4.96538566839589e-05	4.225024660790116e-06	3.0365833868640727e-06	0.9410787786241386
DLBCL10888	0.08981125762693391	3.74034980623408e-06	0.0024192841395884518	0.13714135170092526	0.7706243661827461
