	0	1	2	3	4
DLBCL11539	0.9934233721095607	8.517246245367963e-07	2.0117279828204987e-08	0.006575754768473995	1.2800610074819063e-09
DLBCL_C_D_1148_NULLPAIR	0.16090854707272753	3.386914958774313e-06	3.713792010909725e-05	0.8390508752125054	5.2879699138717965e-08
DLBCL10912	0.9972262528268289	0.00023346049184865214	0.00020372171305059413	0.002290081461152266	4.648350711961314e-05
DLBCL_RICOVER_829	0.9969453812283072	7.879712019533395e-05	9.259978876484541e-06	0.0006164324879034105	0.0023501291847175003
DLBCL11652	0.2806402805568527	0.4459728625222938	0.15381096389668727	0.0013828972959581832	0.11819299572820809
DLBCL10986	0.39071179206581774	0.08399489514937705	0.015311924362153851	0.0011693603364631435	0.5088120280861882
DLBCL_C_D_1129_NULLPAIR	0.88576496342106	0.004884533479115337	0.10281151497229388	0.004753284627803826	0.0017857034997269523
DLBCL10950	0.9592453216006012	0.010688654048494993	0.001118047783642991	0.02748487772087961	0.0014630988463812137
DLBCL11662	0.981151067478057	0.0010921520479497536	0.0007858239532724518	0.01678415451506819	0.00018680200565256025
DLBCL11481	0.3508758363694208	0.2874384633372686	0.34184463833293854	0.004740471331324589	0.0151005906290475
DLBCL11429	0.9296301544241751	1.1677935794113567e-05	5.132346761979559e-05	0.06945447331311537	0.0008523708592957076
DLBCL10945	0.9875581568696289	0.0008253246622488823	2.7484307755064064e-05	0.011304880494917263	0.00028415366544994486
DLBCL_LS951	0.3398661619750033	0.37366242048302883	0.04004957220968229	0.22240310423294696	0.024018741099338606
DLBCL_MAYO_DLBCL_3653	0.07808781664867065	0.534005311988377	0.17031352293125868	0.008358200612012158	0.20923514781968153
DLBCL11537	0.9957737194124882	4.742409422888193e-06	1.576960183439025e-05	0.004093756805103382	0.00011201177115121187
DLBCL_C_D_1114_NULLPAIR	0.9997499255582565	0.0001886580428382795	6.130875454330674e-06	1.8228958706230135e-05	3.70565647446395e-05
DLBCL11461	0.9983817211771523	5.931438454774755e-05	2.070626584796842e-06	0.0015567822271392447	1.1158457595117325e-07
DLBCL10997	0.3334914084378006	0.006873758399986947	0.023180399644942794	0.11426231476362031	0.5221921187536493
DLBCL_C_D_1130_NULLPAIR	0.9968335734217035	0.00013727244395493642	9.095635551144219e-06	0.0030161514521522144	3.907046638199222e-06
DLBCL10515	0.9940121805589616	0.0012330889916885982	0.0004746366650486856	0.003370670632260109	0.0009094231520410851
DLBCL10914	0.04619717218074021	0.7650906495127173	0.11249898280317548	0.0009204889880195238	0.07529270651534747
DLBCL11462	0.1168946398178195	0.18053513233171126	0.05541648059630357	0.00012904414720868272	0.647024703106957
DLBCL11520	0.9983055346523608	8.598344283490098e-06	2.5647741663919095e-05	0.0001405278819743821	0.0015196913797174063
DLBCL11203	3.1493026931918214e-05	0.9847642857967311	3.417164967255501e-06	0.015180483342606016	2.0320668763670806e-05
DLBCL_LS3749	0.00023935536042589905	0.9964758795900839	0.00016880770600763794	0.0030663608403892224	4.959650309331613e-05
DLBCL10874	0.039351007107079755	0.7114384825628075	0.03125335156636409	0.048926560800690334	0.16903059796305833
DLBCL_BWH_DLBCL64	0.7433940192845554	0.05724591560324817	0.0005566682739038699	0.1986671952140289	0.0001362016242637324
DLBCL_LS1921	0.002190574748215143	0.5940541181399279	0.03217754906574716	0.37144889246414053	0.0001288655819691983
DLBCL_C_D_1108_NULLPAIR	0.000222482561351284	0.9917157308902783	6.7559168630362935e-06	0.00032730141722205693	0.007727729214285354
DLBCL11661	0.0075523465728701165	0.6571847929542682	0.005911609901594092	0.3292344631243967	0.00011678744687081907
DLBCL_C_D_1136_NULLPAIR	0.0012638344807347351	0.9118996327580747	2.2603578805926394e-06	8.851282158181497e-05	0.08674575958172816
DLBCL11507	0.3889363016520456	0.4708590440388476	0.003515984286874458	0.13668423441997787	4.435602254362381e-06
DLBCL10494	0.002000957177323939	0.9179256504342026	0.07327306548976861	0.002343788759833187	0.004456538138871623
DLBCL_RICOVER_1046	0.00020401681262059858	0.23637374036545322	0.7587205974177736	0.00014435433853511904	0.004557291065617375
DLBCL10510	0.0005259539410061329	0.9949567898027625	0.00013144127871886707	0.00012567337846052185	0.0042601415990520305
DLBCL_LS1065	0.002699780715570435	0.9910722164167054	0.0008503829648291239	0.000947870616923307	0.004429749285971721
DLBCL_RICOVER_787	0.019853759754605255	0.8472940942586451	0.09031699067926038	0.03790479453764619	0.0046303607698430505
DLBCL_RICOVER_478	0.023944428417242775	0.40473561559035437	0.037470491390105415	0.003741928450431408	0.530107536151866
DLBCL10983	0.0021057566522835513	0.9839553742985476	1.351520726306216e-05	0.0013468961893611073	0.012578457652544678
DLBCL11479	0.002104026031898889	0.9305193894389929	0.019233519509485885	0.0001765756940954398	0.04796648932552688
DLBCL_MC_F500_ECU	0.002721465316352326	0.8721127156094454	0.011843034034529581	0.0003761789238308302	0.11294660611584192
DLBCL10846	0.07262280051460727	0.9080279633350942	0.007548633247338553	0.005165808245390409	0.006634794657569574
DLBCL10911	0.00022134662474149235	0.9972787297553704	0.0004270253940783263	1.7387828186933165e-05	0.0020555103976229437
DLBCL10981	0.01862788614950185	0.07554961575392677	0.0006823031527253622	0.9018356644127477	0.003304530531098363
DLBCL_MC_F729_MAN	0.0005137373732557017	0.9964363471764439	0.0012465648598723358	8.689144666196819e-05	0.0017164591437660995
DLBCL10894	0.10363536853406077	0.8772978479798131	1.4185169213713891e-05	0.019047915559634802	4.682757277534405e-06
DLBCL11565	0.00019674293112795753	0.9132443988475013	0.00010305667890373477	0.08478724429317262	0.0016685572492944375
DLBCL10461	0.0007287257722224334	0.8982801318575261	3.8594418747649176e-05	0.0001354152536337507	0.10081713269787011
DLBCL_MC_F089_HCZ	2.3055321693520982e-05	0.9983233801734608	0.00019913810380599783	0.0014278677199240182	2.6558681115650618e-05
DLBCL_RICOVER_440	0.00010305343299857824	0.17758590097909346	0.8211115512111714	0.0009599595251707784	0.0002395348515657093
DLBCL_DFCI_DLBCL_GOE16	8.079436526866446e-06	0.0003904104020445626	0.999590133566345	9.865813358926816e-07	1.0390013747678286e-05
DLBCL11558	2.105282004020722e-05	0.00019812042208123073	0.9994264723085036	0.00032515002830769366	2.9204421067251247e-05
DLBCL10555	0.00011173989628561267	0.0003787179299254183	0.999497598118614	6.0530542490117035e-06	5.891000925856019e-06
DLBCL_LS1395	0.0001079959655177274	0.05593047826588145	0.9433355017100051	4.700841093894327e-05	0.0005790156476567856
DLBC_FF_8046_TP_NB	0.0015150544049197772	0.022008553370015956	0.9760822265061878	5.954281013373303e-05	0.00033462290874270714
DLBCL11680	0.00010547159023781371	0.00046017466621963414	0.9994225324496611	8.623934352445119e-06	3.19735952906767e-06
DLBCL11685	6.470352974598065e-06	0.00012741418069550395	0.9998530830219646	1.105290186692151e-06	1.1927154178579676e-05
DLBCL_LS1304	0.0033427609478427238	0.057976531386121556	0.9319326681836788	0.0001435904240306592	0.006604449058326283
DLBCL_LS297	6.499040745235395e-06	4.505353548438373e-05	0.9999399060499775	6.442177031926559e-06	2.099196760936794e-06
DLBCL_MC_F815_BAT	0.01651189811975736	0.027213781041098697	0.1527387223389472	0.0031076127252538757	0.8004279857749429
DLBCL_LS2325	0.00027931011508075196	0.17962759601921877	0.8193708870586447	9.508332489368307e-05	0.0006271234821620972
DLBCL10466	2.2314166802836524e-05	0.0007525147972928989	0.992605523863079	0.006524578602624175	9.506857020109956e-05
DLBCL11672	0.00913754231379626	0.013338707511261363	0.9303711773608658	0.014552239682830606	0.03260033313124588
DLBCL_MC_F606_DMJ	0.00013104895132812352	0.05903248692706845	0.940412950280592	6.981326370743533e-06	0.00041653251464067665
DLBCL11428	2.4812607714242833e-05	0.0003078343924021448	0.9996140222311141	4.1799957658172866e-05	1.1530811111425665e-05
DLBCL10879	0.002464703525059904	0.0008352833340303596	0.9342841831196844	0.031225920191101552	0.031189909830123753
DLBCL10536	0.011297998099154686	0.5911820135793514	0.35492457854831627	0.020621633612608388	0.02197377616056915
DLBCL11534	0.04085829503164275	0.6772985825276375	0.18775996975426504	0.003852193147990233	0.09023095953846447
DLBCL10491	0.00014279496273173351	0.0015266901977441414	4.524447682412511e-05	0.998285147808987	1.225537129462965e-07
DLBCL10513	0.42848956009121075	0.026694420129058444	0.025339697785375644	0.5146972196055473	0.004779102388807861
DLBCL10868	1.5691236970556187e-05	2.175898913990735e-06	2.1113563744467004e-07	0.9998512246127639	0.00013069711571414507
DLBCL10858	0.0018174150244244678	4.987317738293227e-07	2.8283291119710756e-05	0.9844794878539751	0.01367431509870684
DLBCL10547	0.0004132998828628993	1.0882559033836142e-05	1.086794740881793e-05	0.9995639612106055	9.88400088871966e-07
DLBCL10544	2.6190335580924954e-07	1.48185834478246e-07	3.7844222838692515e-07	0.9999976949522653	1.516516315983705e-06
DLBCL11491	0.05332383028807459	0.0010947111293228816	0.026140021481048468	0.46121681103493034	0.45822462606662384
DLBCL11564	8.506591208826964e-06	0.00013075265524413	1.8096749145370893e-06	0.9998585451892206	3.85889411880935e-07
DLBCL11459	0.01458280365551662	0.015000263080924534	0.0014804207617396315	0.967149300353274	0.0017872121485453083
DLBCL_RICOVER_1045	0.15952383567907302	0.021338675474587683	0.024675421765934905	0.027634010842430935	0.7668280562379735
DLBCL10456	0.0013594741009369565	3.204635191377324e-05	3.185836160260815e-05	0.9985440061149484	3.261507059819701e-05
DLBCL_RICOVER_985	0.0024596170626877746	0.024633523933312453	0.0005105977839579115	0.972271683309397	0.00012457791064496542
DLBCL_RICOVER_950	0.11916234414708854	0.5877264082538125	0.11435829138080263	0.17272681678391583	0.006026139434380507
DLBCL_C_D_1159_NULLPAIR	0.8303347634631666	1.8264402066325536e-05	3.7232740692305015e-05	0.16956107590436162	4.866348971310671e-05
DLBCL_RICOVER_711	0.188789058467592	0.47754215769460157	8.663386526778202e-05	0.333577549625775	4.600346763630553e-06
DLBC_FF_A7CQ_TP_NB	0.008274067315965902	0.0016514277816361514	1.3311063815717347e-05	0.00035653298531824687	0.989704660853264
DLBCL10915	0.048600342265994884	0.16311489701299214	0.004682988486974633	0.0008214422841495297	0.7827803299498888
DLBCL10867	0.005842247923127088	0.047106569721905356	1.2467645804370033e-05	0.00033373213941610604	0.9467049825697471
DLBCL10992	0.0016488419103079812	1.9632069657369037e-06	7.066099759355169e-06	0.030599184695543565	0.9677429440874233
DLBCL10887	0.0008927823325089549	0.00023324944837278157	0.00011429366376991213	0.00021819527169159917	0.9985414792836568
DLBCL10878	0.029945227484817125	0.02063909764011629	0.0025742951292849754	0.0009178168209531185	0.9459235629248285
DLBCL11431	0.008541699723755606	0.8657756007044245	0.06342869337778892	0.0003618912573150848	0.0618921149367159
DLBCL10891	0.04148603773884214	0.0008730324265532083	0.03724124173403908	0.6731373910023927	0.24726229709817296
DLBCL10521	0.0023971767257478143	0.16833604356229945	2.4630915924281046e-06	4.896418286444721e-05	0.8292153524374959
DLBCL11476	0.009373610931334568	0.16216472113634453	0.0016770810882709975	0.0001588928688567922	0.8266256939751931
DLBCL_MC_F519_ALT	0.0064087211017408805	0.009368103111073401	4.0651310828182895e-05	7.572479405971838e-05	0.9841067996822979
DLBCL10866	0.0032445390145825373	0.0020573368607555084	0.0020957956487976403	0.9166428029785719	0.07595952549729239
DLBCL_RICOVER_449	0.03493397363532351	0.0005439837793263043	0.0006440940679714995	0.0004912566829935259	0.9633866918343852
DFCIDL004_DT	0.38939573916398695	0.0343224611540511	0.06876471869745202	0.166078262556852	0.341438818427658
DLBCL_RICOVER_1287	0.0060251112227937805	0.5353577512067134	0.004255645216947744	0.000435484930121591	0.45392600742342354
DLBCL10836	0.007769637379824736	2.610856706209164e-05	0.00044272607311389705	0.032745227693795835	0.9590163002862034
DLBCL10550	0.0030000838041334033	0.007202408498090213	0.0001676004670887323	0.00029887365370725473	0.9893310335769804
DLBCL_LS3200	0.0016139742182965113	0.3419633214608808	4.397553710341397e-05	0.00027703015377145	0.6561016986299478
DLBCL10900	0.1799128509550318	3.497630459990504e-08	6.191769759795597e-05	0.18300088246061028	0.6370243139104553
DLBCL10853	0.03498573550133309	0.0078805451907364	0.0004202369978894519	0.0077533340982150695	0.948960148211826
DLBCL_RICOVER_111	0.07293425244090587	0.3277015209664069	0.07554195679103852	0.000931118858797036	0.5228911509428517
DLBCL_RICOVER_417	0.0021752493031705266	0.0002666087901097323	1.503536377618866e-05	0.000481266092314696	0.9970618404506288
DLBCL10529	0.0025890141508606583	0.17126338191207427	0.000297692310722044	0.0009832895250162807	0.8248666221013268
DLBCL10847	0.0021296957857532706	0.03554502997198448	9.018989991292589e-05	9.002156428628304e-06	0.9622260821859207
DLBCL_C_D_PAIR13	0.00824843693687376	0.8567251150194952	0.0748759528826417	0.0003302135963714175	0.05982028156461784
DLBCL_C_D_1163_NULLPAIR	0.00035802197049640376	6.800145965987275e-06	2.6003700131338097e-06	0.05359485086477024	0.9460377266487542
DLBCL10833	0.714021864180428	1.2546168589672753e-05	0.015424779441054564	0.27053603690502137	4.773304906408678e-06
DLBCL10835	0.007059078433698804	0.002899072075616237	3.589116307767446e-07	0.04607186266657326	0.943969627912481
DLBCL_C_D_1156_NULLPAIR	0.6817807011437307	0.26506714865316017	0.03968840544465029	0.003721956530248936	0.009741788228209921
DLBCL_RICOVER_977	0.9998449617462484	1.5130058508715067e-06	2.2381316956730058e-07	0.00012764528998820924	2.5656144743014334e-05
DLBCL_C_D_1128_NULLPAIR	0.9646062423852271	0.03181469171924167	0.0009846672950884674	0.0017205970775686643	0.0008738015228741488
DLBCL_RICOVER_451	0.9934371217918847	0.0009188997566746052	0.0005157354742448817	0.004773959611045385	0.00035428336615044226
DLBCL10994	0.02168209886670273	0.8985967776748017	0.009550694078085216	0.00325271315465489	0.06691771622575547
DLBCL10884	0.9956205807412637	0.0018081148901983232	9.161687229254458e-06	0.0024443053815625545	0.00011783729974618175
DLBCL10931	0.984884241108917	0.00018009236990336678	2.0390456010207608e-05	0.0149012520407216	1.4024024447789802e-05
DLBCL11671	0.7195602176370998	0.030316409997622175	0.0012499733282192323	0.24661654009414397	0.0022568589429148634
DLBCL_LS1757	0.9983236678162879	0.0013904976263580148	3.487328905942407e-05	0.00022661821840673358	2.4343049887956363e-05
DLBCL11488	0.9439865864393381	0.00048483983938297744	0.004591221341125981	0.011252707421983588	0.03968464495816938
DLBCL11496	0.9573145174787064	0.004967786960325784	0.02590291578148361	0.009436554438595403	0.0023782253408887125
DLBCL10525	0.9995866888802067	0.00013257643571822707	0.00024129488522108876	1.3836977257424751e-05	2.560282159649216e-05
DLBCL11430	0.6578492871251227	4.196059810275809e-05	0.000600060395838069	0.341485918538382	2.2773342554491527e-05
DLBCL11478	0.5818856106317499	0.390333270780539	0.012737527559993585	0.014594009332444542	0.00044958169527294626
DLBCL11202	0.053105331215584785	0.2461680825681845	0.6451314774762669	0.05532846225778374	0.0002666464821801167
DLBCL10935	0.8350918878621161	0.15941747901724318	0.0024890757631584764	0.0016116767260500968	0.0013898806314321655
DLBCL11470	0.6322473949079658	2.0851438379951848e-06	6.97241120098087e-08	0.36774804293079033	2.407293293795578e-06
DLBCL_RICOVER_910	0.008577928111395424	0.8992697570411923	0.04980609035338545	0.0007940543884570376	0.04155217010556981
DLBCL10495	0.9019997221374737	0.09548078644118506	0.000298171782417539	8.322570843000986e-05	0.00213809393049364
DLBCL10844	0.11596296135468437	0.3303674002791272	0.06997494240782082	0.001884704616826672	0.48180999134154084
DLBCL10993	0.9928884275883272	0.0023381862522511964	0.0011985794767068471	0.0017662593891334293	0.0018085472935813426
DLBCL11519	0.11100397683866585	0.005902018543926721	0.000203838421699658	0.8828100188565595	8.01473391482612e-05
DLBCL_RICOVER_945	0.865698161694323	0.02613690359376046	0.011010658585661831	0.059603930367478214	0.03755034575877649
DLBCL_RICOVER_533	0.000490608586238454	0.990101725848573	0.0026766817550208984	0.006427073133973099	0.0003039106761945673
DLBCL10903	0.00014715497263085287	0.9961638300032667	0.002162674276012327	1.3980058162929605e-05	0.001512360689927175
DLBCL_DFCI_DLBCL_GOE05	0.00149328696625077	0.5886031666476665	8.347463041351578e-05	0.00014364444361090575	0.40967642731205833
DLBCL11673	0.007147290067498895	0.9499014142573726	0.02203399405904708	0.008912450972031707	0.012004850644049648
DLBCL_LS146	1.3782055680277884e-05	0.9999451488382807	3.921107975452059e-06	2.4668725906996427e-05	1.2479272156616163e-05
DLBCL10517	0.0020384893559588263	0.9005828025253757	0.0754371597537728	0.0033018883030333165	0.018639660061859378
DLBCL11204	0.06889901676295915	0.5851461621888808	0.010411152957584121	0.0006492405674867382	0.3348944275230891
DLBCL11436	0.007273485260819841	0.9055542934170807	0.015416397010231052	0.0013537052227126534	0.07040211908915572
DLBCL_RICOVER_467	0.0025776255823574366	0.49902560603385543	1.0035164691143127e-06	0.0007224704706063512	0.49767329439671176
DLBCL10922	0.01369807671327782	0.7797430336075237	0.005077711342172279	0.00029314513497593323	0.20118803320205028
DLBCL_C_D_1117_NULLPAIR	0.003980030561976006	0.49958297183103073	0.0005615652184640385	0.49560189052401366	0.00027354186451549123
DLBCL11188	3.294268438410593e-05	0.9995969524363495	6.548696613435559e-05	2.9855376149032506e-05	0.00027476253698297573
DLBCL10871	0.003145970047419958	0.9442709719789648	0.0017087090690890308	0.00047120762810360213	0.05040314127642264
DLBCL10549	0.016760640964371243	0.21515006654917718	0.7582487272053194	0.008684125563790175	0.0011564397173419927
DLBCL10885	0.06577490506396964	0.06644804192044991	0.00039057571606783653	0.0006404216062277588	0.8667460556932849
DLBCL_C_D_1118_NULLPAIR	0.6190004565791921	0.3497996457389663	7.753187621690451e-05	0.030966166192829627	0.00015619961279498935
DLBCL11456	0.004957772765671432	0.9659308826437147	0.016630749138484592	0.0022049310602988686	0.010275664391830332
DLBCL_LS2089	0.00032011311226207465	0.9641166432749947	2.356183937765309e-07	2.2766218990663106e-05	0.03554024177535882
DLBCL_LS2245	0.4628785594023976	0.2955082130394733	0.2370737955114572	0.004464999015599769	7.443303107211893e-05
DLBCL_LS3245	1.8467518252356775e-05	0.9086752182414823	0.09113959539943293	0.00011660579290698592	5.0113047925413725e-05
DLBCL10962	0.018079973461382588	0.7097164718439437	0.004527404095043905	0.00034435616798869433	0.26733179443164107
DLBC_FF_8043_TP_NB	0.005621204636791666	0.9848323625850154	0.001719504130517628	0.0011848976738270188	0.006642030973848245
DLBCL_LS4054	0.00423496192150537	0.9402423216125452	0.023753045179292536	0.00034917291241375834	0.03142049837424315
DLBCL10452	0.024078402360380963	0.5390777014627212	0.009358089801169471	0.005859236567387015	0.42162656980834146
DLBCL_DFCI_DLBCL_GOE07	0.0007035240948214483	0.9708481654342263	0.004508396941021124	5.256258589871029e-05	0.02388735094403241
DLBCL10503	0.010566007284566737	0.5799597969242409	0.1400979257071856	0.0002867282193067206	0.2690895418647001
DLBCL10512	0.02782674369248126	0.5059362456886776	0.33945545954664164	0.0024895342725846843	0.12429201679961482
DLBCL11670	3.457572623045706e-05	0.0003230652067411656	0.9994396827818914	4.16936606537028e-05	0.000160982624483287
DLBCL11590	0.0710756273587088	0.05992999123705631	0.7828882970306354	0.015786824198271977	0.07031926017532751
DLBCL_RICOVER_978	0.4337921086924843	2.1531270721313233e-06	0.0016671578937609921	0.5641139015900422	0.0004246786966403698
DLBCL10910	0.01858400714166523	0.6285643894518911	0.2449784072048863	0.0056721006307865925	0.10220109557077069
DLBCL11656	9.623979218935755e-05	0.0003679634239256895	0.9993943578813295	5.9872937229877785e-05	8.15659653256128e-05
DLBCL10472	0.03885666116214961	0.0035705161544795235	0.9204401648006806	0.03568539020514658	0.0014472676775437196
DLBCL10465	8.672142410952521e-06	2.7077793086212966e-05	0.9998889890095997	4.735971220854194e-05	2.790134269462916e-05
DLBCL10856	0.2661470911491633	0.08919618855743426	0.2089110170482547	0.06312150732680354	0.37262419591834434
DLBCL11566	0.00010614181311487994	0.027301646941482773	0.9716446812996699	0.0008985745963409459	4.895534939155806e-05
DLBCL_RICOVER_577	0.16797658448018996	0.10909726949695989	0.5143676753484584	0.030779443334299564	0.17777902734009224
DLBCL_LS2599	0.0028283021754234475	0.003380589870040691	0.9864657569798855	0.007171920115329345	0.0001534308593210775
DLBCL11515	0.04995835177389807	0.37424479812870853	0.222555263303986	0.0040079473420319145	0.3492336394513754
DLBCL11528	0.036409693283841964	0.4332132189330372	0.497986020109651	0.01663693373998483	0.015754133933484876
DLBCL10936	0.009223683728969149	0.856755693079866	0.056587232931225945	0.00040093109146100363	0.07703245916847792
DLBCL_RICOVER_408	0.005075577501062532	0.8951011995584987	0.0882259299405256	0.008240453324814616	0.0033568396750985954
DLBCL_LS4616	3.440104077622906e-05	0.01813410066634189	0.9808336253376285	0.0008715987516035468	0.00012627420364986304
DLBCL_LS762	0.007552221276370922	0.5860552700332029	0.20163319621928702	0.0013075346582956358	0.20345177781284352
DLBCL11667	0.001891876256757172	0.0022169383951657355	0.9948161999095868	0.0008868286275576352	0.00018815681093263577
DLBCL_LS2357	0.0032448170978170527	0.0036435807915363213	0.00042682121429980406	0.9926325113515133	5.2269544833557e-05
DLBCL_LS3499	0.027005896000131396	0.8150270776300158	0.049100328133051575	0.10085853640325373	0.008008161833547436
DLBCL11576	0.03518868519858043	0.16415879391682567	0.391579535227483	0.40836635720731645	0.0007066284497945493
DLBCL10782	0.007346122241401521	0.00023280774477089876	1.3328609126132105e-10	0.9924210698657665	1.4774970926309476e-11
DLBCL10565	0.1063384489856908	0.004480572097268091	0.1956149980971231	0.6423356098774624	0.05123037094245561
DLBCL_RICOVER_1018	9.599312732036379e-05	0.002522093183649035	7.562232924119686e-07	0.9973755521321185	5.605333619696511e-06
DLBCL10564	0.00992462538119284	6.249568319489708e-05	0.003850944307691242	0.9860609929833724	0.00010094164454868485
DLBCL11437	0.705440072397048	0.02292152963562665	0.0009242903432777024	0.2677879830787825	0.002926124545265137
DLBCL10974	0.09566239339648194	0.021653016661870646	0.05701322989401793	0.29692957687150745	0.5287417831761221
DLBCL10927	0.005080076125743374	4.7681567025725584e-07	4.956224638308669e-07	0.9949189505422732	8.93849363985687e-10
DLBCL_RICOVER_274	0.011611955747127319	0.029215510158948695	0.0003414571052648182	0.8084251822763007	0.15040589471235846
DLBCL11658	0.006965544194160324	0.0019038305051764155	0.0005282327408096737	0.9300680395724655	0.06053435298738805
DLBCL10552	0.0033343549394528335	2.4361482402459287e-06	3.1849185899536986e-07	0.996662888533004	1.887443892431821e-09
DLBCL10553	0.00036156226260190946	0.00109792805975352	0.0016358827960961607	0.9968506389910373	5.398789051105911e-05
DLBCL11536	0.0028085899655237423	0.15471420475709544	0.0013256302194737304	0.8397627386908928	0.001388836367014295
DLBCL11500	0.0012942375486144292	0.0011572426125882793	0.00042448518084118214	0.0003313030510591811	0.996792731606897
DLBCL10530	0.0019463794688146204	0.00022148466176845393	1.9580121947751574e-07	0.004299905330107973	0.9935320347380895
DLBCL10951	0.00235299428324718	0.0071371305874728735	1.3053738947633772e-05	0.00025034322091297805	0.9902464781694194
DLBCL11353	0.00041853504578162013	0.004248403468626368	9.443090735592904e-05	7.780311562691498e-05	0.9951608274626091
DLBCL10534	0.001313211448653554	0.0013299317027354659	8.957027417751584e-06	0.00043051192038915683	0.9969173879008041
DLBCL_RICOVER_850	0.0010882452943382535	0.002725492095861047	1.2194724258743574e-05	0.0007523890342926781	0.9954216788512493
DLBCL10890	0.005259276344701374	0.0015499024676471282	7.827076703029645e-05	0.0008299859728590351	0.9922825644477622
DLBCL_RICOVER_1289	0.00304367491570374	0.00038378471264236696	0.00023497804827350222	0.007908326706331697	0.9884292356170487
DLBCL_RICOVER_1106	0.016948413737163208	8.970704433368917e-05	3.403583003174648e-07	0.05603064230946792	0.9269308965507349
DLBCL_RICOVER_221	0.02972598953908972	0.030028357245104532	0.0016111625806887791	0.0028986496807131435	0.9357358409544039
DLBCL_RICOVER_1248	0.17251410453998872	0.0029465680979116745	5.0691135325046585e-05	0.002045457388032797	0.8224431788387417
DLBCL_RICOVER_1278	0.007691846969282554	4.58139970207645e-06	6.898541793472853e-07	0.8831016707445418	0.1092012110322942
DLBCL10852	0.040269505364816736	0.00048004394518376766	0.0001362595902736496	0.20315545082936431	0.7559587402703616
DLBCL10781	0.010170722351097578	0.002572354724289107	0.002707287137260674	0.02607461153466543	0.9584750242526873
DLBCL10880	0.0021795231995337533	0.0018312159346455898	1.797343232491423e-05	3.254281588421763e-06	0.9959680331519073
DLBCL10535	0.02803872554056338	0.04740681525205102	0.010410773345416045	0.00030703881040826224	0.9138366470515613
DLBCL10909	0.07687944639383017	0.41166816700993114	0.04788115927315576	0.0813118898095862	0.38225933751349683
DLBCL10921	0.0016123517922728213	0.44970809434273823	0.00015574967296338503	8.72567272529859e-05	0.5484365474647726
DLBCL11195	0.002585641975143189	0.19593860456632714	7.042115745691993e-05	0.0033981656237321318	0.7980071666773406
DLBCL11450	0.006942060181890825	0.024563474628920567	0.0010832839545736976	0.04687060786076778	0.9205405733738471
DLBCL10895	0.014939998166855352	0.2829059808340306	0.004757427052036945	0.0002660109908168132	0.6971305829562602
DLBCL_LS2208	0.023444362624620924	0.20696349114643814	0.05168003373677173	0.0031503918363053806	0.7147617206558637
DLBCL10862	0.001664734336052565	0.0032758844032803	7.465261722158271e-05	3.854081517250256e-06	0.9949808745619283
DLBCL_RICOVER_314	0.005296561622627992	0.8329821272312206	0.00888983193300242	0.04891743091404211	0.10391404829910687
DLBC_FF_8042_TP_NB	0.0036052519557927716	0.0498598529250741	0.6810850690076186	0.012480574057687918	0.25296925205382664
DLBCL10883	0.14586804726316077	0.00010613402237535821	0.0020744111387015936	0.003808830335047675	0.8481425772407146
DLBCL_C_D_1125_NULLPAIR	0.0002835024285126293	0.01122296393607749	1.4672247903978122e-06	0.00015443654936449108	0.988337629861255
DLBCL_C_D_1144_NULLPAIR	0.0447842181608677	0.2620606925581824	0.003281350731748233	0.0016470678873324726	0.6882266706618692
DLBCL11472	0.5182219308900737	0.07600237039907466	0.04670052427011518	0.10083233618761003	0.2582428382531264
DLBCL11512	0.4831100969684493	1.2060281858586882e-06	4.498619215919232e-08	0.5168886480501507	3.967022045492734e-09
DLBCL11681	0.8034949799078608	0.0009299098862687121	0.131112197470438	0.03427074767323911	0.030192165062193424
DLBCL10482	0.4337821183735335	0.21672305464950706	0.00600348147900955	0.037215621342199	0.3062757241557509
DLBCL_LS2154	0.017897315677458583	0.8731527151759403	0.043036152196489284	0.0011198020517636362	0.06479401489834817
DLBCL11474	0.9843099052334254	0.00014001027619932986	0.0002650805617882865	0.014685308162714624	0.0005996957658723564
DLBCL10968	0.9318235390419336	0.00020083718583963807	0.0005563171407123983	0.06665852107658903	0.0007607855549253595
DLBCL11480	0.17610112876653894	0.3274606658662813	0.10267742232239306	0.0017849797420751148	0.39197580330271165
DLBCL11486	0.9743243796812282	0.02063688725494569	0.001020636909157122	0.0007801656527499043	0.003237930501919079
DLBCL11435	0.627691098235604	9.44784970209402e-05	0.0003549881662107542	0.3687387175302573	0.003120717570906987
DLBCL10451	0.9912183662079185	0.005526208021026281	0.003183907795039132	7.07479981071562e-05	7.699779089751513e-07
DLBCL_RICOVER_473	0.9628604893188608	0.002054528944389345	0.020219502744856604	0.00274702158658177	0.012118457405311495
DLBCL11205	0.7374934226759041	0.19705171568636634	0.06141154653979203	0.0030048941575153637	0.0010384209404220787
DLBCL11457	0.37768597298849693	1.3184899179791124e-05	0.0018968812593070817	0.6201807287377994	0.0002232321152168545
DLBCL10969	0.09742940372380746	0.5805137192805708	0.29460101831272223	0.0019357583420977714	0.025520100340801738
DLBCL10490	0.38934760718822076	0.02180182880536308	0.003431020803454894	0.474462697050207	0.11095684615275427
DLBCL10486	0.043236727416246484	0.43121064007906273	0.0256942422117063	0.0011185333049614395	0.49873985698802303
DLBCL10458	0.9998288761691165	3.4776147743125417e-07	3.0050103699056626e-08	0.0001707362032450217	9.81605732279113e-09
DLBCL10972	0.8182642638647183	0.00518988380096568	0.0035613466592661403	0.002613355296855597	0.17037115037819428
DLBCL_MC_F262_WLC	0.991607473133588	0.00043357976830930904	7.218784541070751e-05	0.00777673004597489	0.00011002920671711796
DLBCL_MC_F307_JPS	0.499143112003149	0.38977906513824906	0.08883436322160884	0.002666296419151037	0.019577163217842117
DLBCL_LS378	0.9838858798271554	0.015532003237912598	0.0005133717414915945	2.3151368706388855e-05	4.559382473402236e-05
DLBCL10957	0.6926511938573896	0.11669852694920801	0.10258669794080759	0.08216656794729887	0.005897013305295966
DLBCL_C_D_1105_NULLPAIR	0.25365773528929486	0.5910587633852198	0.029084940486167884	0.0016156996170398118	0.12458286122227769
DLBCL_RICOVER_174	2.403592787637992e-05	0.9999589681191691	2.413633888021501e-06	1.1606216038575815e-05	2.9761030279978707e-06
DLBCL10985	0.03477655357923488	0.5241040837681679	0.0005502022355735903	0.43674873071799564	0.0038204296990280843
DLBCL_C_D_1126_NULLPAIR	0.097148574365019	0.7819441993468822	0.00428449051658302	0.0014232859580651618	0.1151994498134506
DLBCL10834	0.00033940573660353666	0.9996584788783542	2.002927263223779e-07	1.8685079011337155e-06	4.6584414796098773e-08
DLBCL_RICOVER_1210	0.0010508287458670432	0.9633780814366624	0.016910078384171304	0.01455462138820848	0.004106390045090767
DLBCL10906	0.015810660747890316	0.45902679702780536	0.0016780658185768615	0.0008694309985215208	0.5226150454072059
DLBCL_RICOVER_299	3.5880477714309376e-05	0.12110241215822695	0.878487564985503	0.00014578299363717903	0.00022835938491860055
DLBCL10502	0.011160495025799065	0.7848830376592022	0.17642103350149702	0.024959569746921775	0.002575864066579957
DLBCL10954	0.024569767939568606	0.7697327771527384	0.003282897383122332	0.00497049170984846	0.1974440658147222
DLBCL_RICOVER_253	4.660765585859248e-05	0.9999530561191843	8.290075664964109e-08	2.3029433472635707e-07	2.3029865752417364e-08
DLBCL_RICOVER_1060	0.009782520408156546	0.7151997287476028	0.020990480791651046	0.0003105396327457489	0.25371673041984383
DLBCL_RICOVER_1165	0.0767869785668462	0.31720094250097214	0.06348010431794716	0.008038991769150537	0.534492982845084
DLBCL11003	0.018918781396320264	0.1453088395781907	0.0037710445936502005	0.0007988107612389968	0.8312025236705999
DLBCL10780	0.0012622131780448832	0.17230209123278953	0.7909462414722581	0.03476811164294865	0.0007213424739588104
DLBCL10934	0.03223615172904418	0.38731766557577185	0.0003843525548778671	0.48810852197677723	0.09195330816352888
DLBCL_RICOVER_496	0.004136832396434866	0.7890398023615464	0.19500957751313971	0.000984803728775911	0.010828984000103176
DLBCL_C_D_1119_NULLPAIR	0.2191334977020778	0.7784556439332118	0.001966490781475686	0.00021510266592900633	0.0002292649173057706
DLBCL10460	0.00037627643458115946	0.995260736679973	0.0032461339172519055	4.2427469458220486e-05	0.001074425498735814
DLBCL10850	0.0043752984148588666	0.9955955687150986	3.017699945214207e-06	3.088431076565758e-06	2.302673902072571e-05
DLBCL_LS1668	0.00020517223796827813	0.04275284656057499	0.18846970847502065	0.7657817262346719	0.002790546491764204
DLBCL_C_D_1131_NULLPAIR	0.003512531845704297	0.9499577877817554	0.0005050673527370219	0.00018061395116674458	0.04584399906863651
DLBCL11484	0.003009926296177416	0.9336494802960508	0.016819812343178954	0.00011395341799743858	0.046406827646595386
DLBCL10483	3.634855621200775e-05	0.8221657023124569	0.17606014818447346	7.12040432468874e-05	0.0016665969036107479
DLBCL11449	0.0454027567879787	0.28324619284951263	0.0021645734581871496	0.005506819450263662	0.6636796574540579
DLBCL_MC_F064AB	0.0009812079319980866	0.00024901640616630677	0.9929868184311373	0.005751365580191556	3.159165050670968e-05
DLBCL_RICOVER_522	0.00623835662646785	0.01038051933760357	0.6871595830403568	0.2959028144173691	0.00031872657820264345
DLBCL11441	0.1852066691383362	0.3695519578220834	0.0348509619090277	0.015190736081457342	0.3951996750490953
DLBCL10459	4.350039492301834e-06	0.0007065469351588674	0.999208276844523	2.5571590065393963e-05	5.52545907604403e-05
DLBCL10498	0.00014705441066043435	2.9852821112243738e-05	0.9824745959882071	0.017348263455496508	2.3332452370059053e-07
DLBCL_MC_F349_BJJ	1.6398091322303765e-05	0.0017744690575794422	0.998180956712241	1.342752446386269e-06	2.6833386410789276e-05
DLBCL_LS155	0.00014540093072626693	2.8880323871930286e-05	0.9972462677995109	0.0025789823718292957	4.6857406163152435e-07
DLBCL_C_D_1112_NULLPAIR	0.0065657933627734305	0.703116713579978	0.2368362397718985	0.004687891929898851	0.04879336135545125
DLBCL_C_D_1113_NULLPAIR	0.005653129608172816	0.514089053705854	0.4738828972643514	0.0004362509467107806	0.0059386684749109546
DLBCL_LS1098	3.078386783896883e-05	3.4342381792400765e-05	0.9299162481465366	0.07000320142367424	1.5424180157811585e-05
DLBCL_C_D_1133_NULLPAIR	0.0002577735131773767	0.03936508222391707	0.9527665941979909	4.94790403068139e-05	0.007561071024607837
DLBCL10523	0.013929526324657788	0.00040596048122251076	0.37694817424792937	0.60870183374989	1.4505196300374063e-05
DLBCL_RICOVER_744	4.8259332552279544e-05	0.00048307361848700015	0.9994645526349061	1.1785267337182235e-06	2.9358873208727593e-06
DLBCL11675	4.773060549343126e-06	4.804817660417376e-06	0.9954006500460034	0.0038689565112268315	0.0007208155645599693
DLBCL_C_D_1141_NULLPAIR	4.7341658259784476e-05	0.0018814853808822776	0.9979249895844008	3.831335401070186e-05	0.00010787002244643426
DLBCL_RICOVER_216	0.009438723292985807	0.750929446823862	0.050891737915850215	0.0002794555509981114	0.18846063641630387
DLBCL11526	0.9007689173948	0.0022515072012857184	0.08432557720670551	0.012573800223559011	8.019797364972835e-05
DLBCL11666	1.4069790046684395e-06	6.483509478524157e-05	0.999932386079996	3.006930441144181e-07	1.0711531699707358e-06
DLBCL11458	0.6297459395531753	0.20326673348586824	0.1545624341121276	0.0024840797641751036	0.009940813084653844
DLBCL_RICOVER_1061	2.4003931626441302e-05	3.80509066594214e-06	1.1914975238812566e-05	0.9999602728356703	3.1667984099517944e-09
DLBC_FF_8062_TP_NB	0.0394283057407054	0.05507456397274144	0.032009001521668426	0.8709994867810511	0.0024886419838336038
DLBCL11002	0.05494606720330257	0.01976398165389821	0.013731316396980473	0.9112648277942463	0.0002938069515723752
DLBCL11433	0.0875290860005413	0.014230237924377572	0.11340805920999417	0.5235768496799589	0.2612557671851281
DLBCL11447	0.0015542838897410986	0.00020325195036921835	0.00012384639396837807	0.904247742877533	0.09387087488838836
DLBCL_MC_F139_LJF	0.00011328191647570488	1.267363791889219e-05	8.574150921088852e-05	0.9997874675537451	8.353826493456955e-07
DLBCL11527	0.0023902649523778016	0.0010068896924554716	0.33347266235722545	0.662073474378935	0.0010567086190061978
DLBCL_LS2590	0.0166191170140382	0.002762228756905419	0.001958789874719712	0.8624984896871706	0.11616137466716613
DLBCL10539	0.030701027059006118	0.44604704668098466	0.003216925112772429	0.17484203912789295	0.34519296201934385
DLBCL10965	0.0070028776749716925	2.2891975038185118e-05	0.00013894408237285626	0.9926457713554799	0.00018951491213735567
DLBCL_MC_F218_RAP	0.8240166039927008	0.0056920417156489595	0.0077515651288615865	0.16232727143357517	0.00021251772921344298
DLBCL11460	0.246281753573933	0.05384109085007261	0.0011537577275894822	0.6978971729844277	0.0008262248639771814
DLBCL_C_D_1109_NULLPAIR	0.1184975920573176	0.005867355746705489	0.0025713671602528372	0.8534015926972907	0.01966209233843343
DLBCL_RICOVER_701	0.05065473225587488	0.011559881592806314	0.0021545636404741793	0.9341751181778668	0.0014557043329778265
DLBCL10863	0.0029268667708623984	0.000689407418262352	0.005717857772361017	0.6387811801546568	0.35188468788385746
DLBCL11206	0.009440358704516951	0.5674137739132324	0.008671577219417647	0.00034355408577222367	0.4141307360770607
DLBCL10901	0.014301735661430792	0.013738033039226398	0.0008642920008793183	0.0025740272677942364	0.9685219120306693
DLBCL10860	0.000855350168876121	0.003193871872445129	9.8091645274754e-06	0.001710706465607117	0.9942302623285442
DLBCL_RICOVER_1032	0.00026091674596386087	0.0036539407034203975	7.719003527095348e-08	0.0003543669503423408	0.9957306984102381
DLBCL10908	0.011470254665858262	0.7699479041122295	0.14319243553729366	0.0001787420376700938	0.0752106636469485
DLBCL10999	0.0011811155143258084	0.0008030552387301513	0.0002458883418150204	0.34318462509264314	0.6545853158124859
DLBCL10930	0.36911742612127724	0.0017855612809004123	0.00035680105945574834	0.0004923516806332605	0.6282478598577333
DLBCL_RICOVER_506	0.005134409930988464	0.16501839299246576	3.257130666184207e-05	0.0008243634562131733	0.8289902623136708
DLBCL_RICOVER_712	0.005645329963928111	0.04691430579209197	0.0017987147676866678	0.0024480962976417726	0.9431935531786515
DLBCL_RICOVER_956	0.002446949459994886	0.13803623928955652	0.0006719592759414346	0.0005252347706529859	0.8583196172038542
DLBCL10990	0.0008128136752421192	0.024196709252148316	0.00011928491551659902	9.532090772424667e-05	0.9747758712493687
DLBCL10925	0.07802167469747193	0.14765904745674627	0.00035567463527209924	0.09062557130630847	0.6833380319042012
DLBCL10857	0.012781316584657237	0.002443685903345777	4.960937507678104e-05	0.0031830738159433704	0.9815423143209768
DLBCL11538	0.3219098341532559	0.059821619230229967	0.21235332713488708	0.02719402016375094	0.3787211993178762
DLBCL10902	0.010965940594362664	0.004215660989406206	0.00033736451071482757	0.0004988495738902857	0.983982184331626
DLBCL10889	0.0014263228527146934	0.0013294804493698663	9.176864065985982e-05	0.0002016362187049194	0.9969507918385506
DLBCL10842	0.0009900092221403452	0.0002698787708468273	8.875845882547184e-06	1.989737661469361e-05	0.9987113387845156
DLBCL11504	0.08195194262478284	0.7067086779127117	0.051650813168983845	0.011187328427696932	0.1485012378658246
DLBCL10963	0.0358693529833625	0.0068700889212726345	6.959876394752584e-05	0.024771951071671787	0.9324190082597456
DLBCL_RICOVER_720	0.08608910781700249	0.03978795803305924	7.743291231218475e-05	7.590845414497028e-05	0.8739695927834811
DLBCL_RICOVER_773	0.011425393395665107	0.029886438482602504	0.0021591173366101004	0.0002741980252082405	0.9562548527599141
DLBCL10532	0.024545767376519756	0.00034523814251168647	0.0015008457871782035	0.028751016575386784	0.9448571321184036
DLBCL_RICOVER_1192	0.0007207892518535224	0.0044037266117641005	1.6277750081438232e-05	7.787020655001194e-05	0.994781336179751
DLBCL10980	0.0028468655337209503	0.4131113438546414	0.0023589497548995647	0.00024624698740635523	0.5814365938693318
DLBCL10977	0.009913214307910678	0.019532708105039546	0.0020801568700025827	0.00030650138588318834	0.968167419331164
DLBCL11000	0.0003917958734678882	0.0016511578264183896	6.798911320838927e-07	3.992330904639915e-05	0.9979164430999352
DLBCL10898	0.007313730139220561	0.3964473077448582	0.00011417718380652422	0.0005023592976976414	0.595622425634417
DLBC_FF_A7CX_TP_NB	0.2181870500717206	0.059885416871920935	0.009991077088601032	0.0006673099568928453	0.7112691460108646
DLBCL10877	0.07642940571342932	0.6621101417127199	0.17206151892309507	0.0027757374793170664	0.08662319617143868
DLBCL10492	0.8819763074209708	0.012830399984846294	0.00021253342954900614	0.0061749779953612135	0.09880578116927267
DLBCL11501	0.5543974310520225	0.3220534426176429	0.05374174052198943	0.006403346057153657	0.06340403975119145
DLBCL11477	0.9904899311074278	0.006862667429389555	0.0006880955277846648	0.0001364914173335981	0.0018228145180644452
DLBCL_LS3809	0.9583107923441108	0.002494423775462332	0.0010118712915060525	0.010680197188686742	0.02750271540023412
DLBCL10971	0.0035683780945350366	0.8535850965651013	0.013702695167586255	0.0006324762453932015	0.12851135392738422
DLBCL10462	0.942327407174416	5.961930775242944e-05	0.002622798891283455	0.054725330850886426	0.0002648437756617395
