	0	1	2	3	4
DLBCL11539	0.9934233721095608	8.517246245367942e-07	2.0117279828204934e-08	0.006575754768473883	1.2800610074819032e-09
DLBCL_C_D_1148_NULLPAIR	0.16090854707272753	3.3869149587743147e-06	3.7137920109097265e-05	0.8390508752125054	5.287969913871799e-08
DLBCL10912	0.9972262528268289	0.00023346049184857703	0.0002037217130505725	0.00229008146115236	4.648350711961562e-05
DLBCL_RICOVER_829	0.9969453812283072	7.879712019533548e-05	9.259978876484719e-06	0.0006164324879033668	0.0023501291847175428
DLBCL11652	0.2806402805568528	0.44597286252229373	0.1538109638966873	0.0013828972959581064	0.11819299572820806
DLBCL10986	0.39071179206581774	0.08399489514937704	0.015311924362153818	0.0011693603364631424	0.5088120280861882
DLBCL_C_D_1129_NULLPAIR	0.88576496342106	0.0048845334791152665	0.10281151497229407	0.004753284627803739	0.001785703499726922
DLBCL10950	0.9592453216006012	0.01068865404849502	0.0011180477836429605	0.027484877720879663	0.0014630988463811632
DLBCL11662	0.981151067478057	0.0010921520479497317	0.0007858239532723618	0.016784154515068327	0.00018680200565253282
DLBCL11481	0.3508758363694208	0.28743846333726863	0.34184463833293854	0.004740471331324497	0.015100590629047412
DLBCL11429	0.9296301544241751	1.1677935794113588e-05	5.132346761979568e-05	0.06945447331311541	0.0008523708592956613
DLBCL10945	0.9875581568696289	0.0008253246622488299	2.7484307755064417e-05	0.011304880494917329	0.0002841536654499306
DLBCL_LS951	0.3398661619750033	0.37366242048302883	0.0400495722096822	0.2224031042329469	0.024018741099338603
DLBCL_MAYO_DLBCL_3653	0.0780878166486706	0.534005311988377	0.17031352293125868	0.008358200612012126	0.2092351478196816
DLBCL11537	0.9957737194124882	4.742409422888382e-06	1.576960183439088e-05	0.004093756805103459	0.00011201177115113368
DLBCL_C_D_1114_NULLPAIR	0.9997499255582565	0.0001886580428382576	6.130875454332864e-06	1.8228958706236647e-05	3.7056564744652734e-05
DLBCL11461	0.9983817211771523	5.931438454774796e-05	2.0706265847968564e-06	0.001556782227139244	1.1158457595117403e-07
DLBCL10997	0.3334914084378008	0.0068737583999868845	0.023180399644942756	0.11426231476362032	0.5221921187536493
DLBCL_C_D_1130_NULLPAIR	0.9968335734217035	0.00013727244395491439	9.095635551144414e-06	0.003016151452152236	3.907046638199306e-06
DLBCL10515	0.9940121805589616	0.0012330889916886436	0.00047463666504861174	0.0033706706322601645	0.0009094231520410584
DLBCL10914	0.04619717218074021	0.7650906495127173	0.11249898280317545	0.0009204889880195054	0.07529270651534752
DLBCL11462	0.1168946398178195	0.18053513233171123	0.05541648059630359	0.000129044147208671	0.647024703106957
DLBCL11520	0.9983055346523608	8.598344283490837e-06	2.56477416639213e-05	0.00014052788197434479	0.0015196913797174405
DLBCL11203	3.149302693191839e-05	0.9847642857967311	3.41716496725552e-06	0.015180483342606016	2.032066876367092e-05
DLBCL_LS3749	0.00023935536042582622	0.9964758795900839	0.00016880770600758444	0.003066360840389346	4.959650309331878e-05
DLBCL10874	0.03935100710707976	0.7114384825628075	0.03125335156636411	0.04892656080069028	0.16903059796305833
DLBCL_BWH_DLBCL64	0.7433940192845554	0.05724591560324811	0.0005566682739038531	0.19866719521402895	0.00013620162426370997
DLBCL_LS1921	0.0021905747482151043	0.5940541181399279	0.03217754906574708	0.3714488924641407	0.0001288655819691404
DLBCL_C_D_1108_NULLPAIR	0.00022248256135122438	0.9917157308902783	6.755916863036427e-06	0.00032730141722196634	0.007727729214285503
DLBCL11661	0.007552346572870071	0.6571847929542682	0.0059116099015940685	0.3292344631243968	0.00011678744687075212
DLBCL_C_D_1136_NULLPAIR	0.0012638344807346402	0.9118996327580747	2.2603578805926428e-06	8.85128215818151e-05	0.08674575958172825
DLBCL11507	0.3889363016520458	0.4708590440388475	0.003515984286874455	0.13668423441997785	4.435602254362384e-06
DLBCL10494	0.0020009571773239297	0.9179256504342026	0.07327306548976865	0.002343788759833163	0.004456538138871613
DLBCL_RICOVER_1046	0.00020401681262050702	0.2363737403654535	0.7587205974177735	0.00014435433853511156	0.004557291065617356
DLBCL10510	0.0005259539410060548	0.9949567898027625	0.00013144127871880638	0.00012567337846052578	0.004260141599052166
DLBCL_LS1065	0.002699780715570498	0.9910722164167054	0.0008503829648290736	0.0009478706169232405	0.004429749285971776
DLBCL_RICOVER_787	0.019853759754605224	0.847294094258645	0.09031699067926051	0.03790479453764621	0.004630360769843018
DLBCL_RICOVER_478	0.023944428417242727	0.40473561559035454	0.03747049139010541	0.003741928450431349	0.530107536151866
DLBCL10983	0.002105756652283509	0.9839553742985476	1.3515207263062299e-05	0.0013468961893611066	0.012578457652544721
DLBCL11479	0.002104026031898808	0.9305193894389929	0.019233519509485916	0.0001765756940953974	0.047966489325526974
DLBCL_MC_F500_ECU	0.002721465316352284	0.8721127156094454	0.011843034034529574	0.0003761789238308231	0.11294660611584195
DLBCL10846	0.07262280051460741	0.9080279633350942	0.007548633247338509	0.005165808245390368	0.00663479465756952
DLBCL10911	0.00022134662474148045	0.9972787297553704	0.00042702539407827336	1.7387828186934337e-05	0.0020555103976230074
DLBCL10981	0.018627886149501845	0.07554961575392685	0.0006823031527252964	0.9018356644127477	0.0033045305310983315
DLBCL_MC_F729_MAN	0.0005137373732556527	0.9964363471764439	0.0012465648598723165	8.689144666197373e-05	0.0017164591437661622
DLBCL10894	0.10363536853406076	0.8772978479798131	1.4185169213713907e-05	0.01904791555963481	4.682757277534409e-06
DLBCL11565	0.00019674293112789735	0.9132443988475013	0.00010305667890365028	0.08478724429317286	0.0016685572492943482
DLBCL10461	0.0007287257722223448	0.8982801318575261	3.859441874764927e-05	0.000135415253633652	0.10081713269787031
DLBCL_MC_F089_HCZ	2.3055321693522984e-05	0.9983233801734608	0.00019913810380594118	0.0014278677199240704	2.655868111565292e-05
DLBCL_RICOVER_440	0.00010305343299855864	0.1775859009790936	0.8211115512111714	0.0009599595251707007	0.0002395348515657083
DLBCL_DFCI_DLBCL_GOE16	8.07943652686795e-06	0.000390410402044559	0.999590133566345	9.86581335892865e-07	1.0390013747680217e-05
DLBCL11558	2.105282004020608e-05	0.00019812042208118403	0.9994264723085037	0.0003251500283076321	2.9204421067249658e-05
DLBCL10555	0.00011173989628554678	0.00037871792992548074	0.999497598118614	6.053054249013467e-06	5.891000925857735e-06
DLBCL_LS1395	0.00010799596551771892	0.05593047826588152	0.9433355017100051	4.700841093894334e-05	0.0005790156476567185
DLBC_FF_8046_TP_NB	0.0015150544049197408	0.022008553370015997	0.9760822265061878	5.9542810133733386e-05	0.0003346229087426979
DLBCL11680	0.00010547159023774219	0.0004601746662197036	0.9994225324496611	8.623934352446574e-06	3.1973595290682096e-06
DLBCL11685	6.470352974598389e-06	0.000127414180695503	0.9998530830219646	1.1052901866922063e-06	1.1927154178580269e-05
DLBCL_LS1304	0.0033427609478426383	0.05797653138612172	0.9319326681836788	0.0001435904240306067	0.006604449058326252
DLBCL_LS297	6.499040745235395e-06	4.505353548438373e-05	0.9999399060499775	6.442177031926559e-06	2.099196760936794e-06
DLBCL_MC_F815_BAT	0.016511898119757305	0.02721378104109865	0.1527387223389474	0.0031076127252538154	0.8004279857749429
DLBCL_LS2325	0.00027931011508067064	0.17962759601921885	0.8193708870586447	9.508332489368313e-05	0.0006271234821620624
DLBCL10466	2.2314166802836873e-05	0.0007525147972928299	0.992605523863079	0.006524578602624242	9.506857020110102e-05
DLBCL11672	0.009137542313796262	0.013338707511261306	0.9303711773608658	0.014552239682830622	0.03260033313124593
DLBCL_MC_F606_DMJ	0.00013104895132811788	0.0590324869270685	0.940412950280592	6.981326370743541e-06	0.00041653251464063675
DLBCL11428	2.4812607714246468e-05	0.00030783439240213335	0.9996140222311141	4.179995765817899e-05	1.1530811111427355e-05
DLBCL10879	0.002464703525059897	0.0008352833340302855	0.9342841831196845	0.031225920191101514	0.031189909830123756
DLBCL10536	0.011297998099154683	0.5911820135793514	0.3549245785483165	0.02062163361260833	0.021973776160569093
DLBCL11534	0.04085829503164275	0.6772985825276375	0.18775996975426504	0.0038521931479902198	0.09023095953846447
DLBCL10491	0.00014279496273171866	0.0015266901977441538	4.5244476824127616e-05	0.998285147808987	1.2255371294630326e-07
DLBCL10513	0.42848956009121075	0.026694420129058413	0.025339697785375634	0.5146972196055473	0.004779102388807798
DLBCL10868	1.5691236970561347e-05	2.1758989139914508e-06	2.111356374447395e-07	0.9998512246127639	0.0001306971157141391
DLBCL10858	0.0018174150244244594	4.987317738293244e-07	2.8283291119710854e-05	0.9844794878539751	0.013674315098706848
DLBCL10547	0.0004132998828628954	1.0882559033838008e-05	1.0867947408819793e-05	0.9995639612106055	9.884000888721357e-07
DLBCL10544	2.6190335580924954e-07	1.4818583447824603e-07	3.7844222838692515e-07	0.9999976949522653	1.5165163159837049e-06
DLBCL11491	0.05332383028807454	0.0010947111293227944	0.026140021481048447	0.46121681103493034	0.45822462606662395
DLBCL11564	8.506591208827557e-06	0.00013075265524412926	1.8096749145372155e-06	0.9998585451892206	3.8588941188096186e-07
DLBCL11459	0.014582803655516645	0.015000263080924604	0.0014804207617395888	0.967149300353274	0.0017872121485452614
DLBCL_RICOVER_1045	0.1595238356790731	0.021338675474587683	0.024675421765934877	0.02763401084243087	0.7668280562379735
DLBCL10456	0.0013594741009369535	3.204635191377424e-05	3.1858361602609156e-05	0.9985440061149484	3.2615070598198035e-05
DLBCL_RICOVER_985	0.002459617062687774	0.02463352393331251	0.0005105977839578899	0.972271683309397	0.00012457791064492927
DLBCL_RICOVER_950	0.11916234414708857	0.5877264082538125	0.11435829138080263	0.17272681678391588	0.006026139434380436
DLBCL_C_D_1159_NULLPAIR	0.8303347634631666	1.826440206632554e-05	3.723274069230502e-05	0.16956107590436162	4.866348971310671e-05
DLBCL_RICOVER_711	0.188789058467592	0.47754215769460157	8.663386526778202e-05	0.333577549625775	4.600346763630553e-06
DLBC_FF_A7CQ_TP_NB	0.008274067315965973	0.0016514277816360977	1.3311063815717528e-05	0.00035653298531822925	0.989704660853264
DLBCL10915	0.04860034226599491	0.1631148970129922	0.004682988486974574	0.0008214422841494918	0.7827803299498888
DLBCL10867	0.0058422479231270905	0.04710656972190543	1.246764580437008e-05	0.0003337321394160319	0.9467049825697471
DLBCL10992	0.0016488419103079094	1.9632069657369143e-06	7.066099759355208e-06	0.030599184695543635	0.9677429440874233
DLBCL10887	0.0008927823325089845	0.00023324944837278103	0.00011429366376989224	0.00021819527169159015	0.9985414792836568
DLBCL10878	0.029945227484817212	0.02063909764011634	0.0025742951292849264	0.00091781682095303	0.9459235629248285
DLBCL11431	0.008541699723755581	0.8657756007044245	0.06342869337778892	0.00036189125731504593	0.06189211493671595
DLBCL10891	0.04148603773884214	0.0008730324265531987	0.03724124173403902	0.6731373910023927	0.24726229709817305
DLBCL10521	0.0023971767257478026	0.16833604356229945	2.4630915924281063e-06	4.8964182864447245e-05	0.8292153524374959
DLBCL11476	0.009373610931334554	0.16216472113634461	0.0016770810882709617	0.00015889286885674664	0.8266256939751931
DLBCL_MC_F519_ALT	0.006408721101740864	0.009368103111073417	4.065131082818322e-05	7.572479405971897e-05	0.9841067996822979
DLBCL10866	0.003244539014582482	0.002057336860755461	0.002095795648797623	0.9166428029785719	0.07595952549729251
DLBCL_RICOVER_449	0.03493397363532367	0.0005439837793262488	0.0006440940679714175	0.0004912566829934956	0.9633866918343852
DFCIDL004_DT	0.3893957391639869	0.034322461154051014	0.06876471869745199	0.166078262556852	0.34143881842765805
DLBCL_RICOVER_1287	0.006025111222793762	0.5353577512067134	0.004255645216947709	0.00043548493012154405	0.4539260074234236
DLBCL10836	0.007769637379824705	2.610856706209172e-05	0.00044272607311383996	0.03274522769379592	0.9590163002862034
DLBCL10550	0.0030000838041334206	0.007202408498090323	0.00016760046708866842	0.00029887365370718914	0.9893310335769804
DLBCL_LS3200	0.001613974218296446	0.341963321460881	4.397553710341401e-05	0.0002770301537713517	0.6561016986299478
DLBCL10900	0.17991285095503176	3.4976304599905056e-08	6.191769759795599e-05	0.1830008824606103	0.6370243139104553
DLBCL10853	0.034985735501333125	0.007880545190736377	0.00042023699788943546	0.007753334098215071	0.948960148211826
DLBCL_RICOVER_111	0.07293425244090587	0.3277015209664069	0.07554195679103853	0.0009311188587969602	0.5228911509428517
DLBCL_RICOVER_417	0.0021752493031706325	0.00026660879010968183	1.5035363776189718e-05	0.00048126609231464014	0.9970618404506288
DLBCL10529	0.002589014150860618	0.1712633819120744	0.00029769231072201486	0.000983289525016195	0.8248666221013268
DLBCL10847	0.002129695785753247	0.035545029971984506	9.018989991292604e-05	9.002156428628319e-06	0.9622260821859207
DLBCL_C_D_PAIR13	0.008248436936873764	0.8567251150194952	0.07487595288264173	0.0003302135963713686	0.0598202815646179
DLBCL_C_D_1163_NULLPAIR	0.00035802197049632884	6.800145965987292e-06	2.6003700131338165e-06	0.0535948508647703	0.9460377266487542
DLBCL10833	0.714021864180428	1.2546168589672755e-05	0.015424779441054505	0.2705360369050214	4.7733049064086785e-06
DLBCL10835	0.00705907843369875	0.002899072075616158	3.589116307767459e-07	0.046071862666573385	0.943969627912481
DLBCL_C_D_1156_NULLPAIR	0.6817807011437307	0.2650671486531602	0.03968840544465029	0.0037219565302489222	0.009741788228209902
DLBCL_RICOVER_977	0.9998449617462484	1.5130058508718087e-06	2.238131695673452e-07	0.00012764528998820377	2.5656144743019446e-05
DLBCL_C_D_1128_NULLPAIR	0.9646062423852271	0.03181469171924173	0.0009846672950884377	0.0017205970775686593	0.0008738015228741205
DLBCL_RICOVER_451	0.9934371217918847	0.0009188997566745782	0.0005157354742448118	0.004773959611045542	0.0003542833661503829
DLBCL10994	0.02168209886670274	0.8985967776748017	0.00955069407808516	0.003252713154654863	0.06691771622575556
DLBCL10884	0.9956205807412637	0.0018081148901983421	9.161687229254743e-06	0.002444305381562534	0.00011783729974618418
DLBCL10931	0.984884241108917	0.00018009236990329815	2.0390456010207828e-05	0.014901252040721671	1.4024024447789955e-05
DLBCL11671	0.7195602176370998	0.030316409997622137	0.0012499733282191775	0.24661654009414408	0.0022568589429148023
DLBCL_LS1757	0.9983236678162879	0.0013904976263580165	3.4873289059424295e-05	0.00022661821840673138	2.4343049887956515e-05
DLBCL11488	0.9439865864393381	0.00048483983938290057	0.004591221341125956	0.011252707421983615	0.03968464495816946
DLBCL11496	0.9573145174787064	0.0049677869603257235	0.02590291578148374	0.009436554438595392	0.0023782253408886505
DLBCL10525	0.9995866888802067	0.0001325764357181748	0.00024129488522112765	1.3836977257429446e-05	2.5602821596500845e-05
DLBCL11430	0.6578492871251227	4.19605981027581e-05	0.0006000603958380078	0.34148591853838206	2.2773342554491534e-05
DLBCL11478	0.5818856106317499	0.39033327078053914	0.012737527559993527	0.014594009332444513	0.0004495816952729415
DLBCL11202	0.05310533121558475	0.24616808256818462	0.6451314774762669	0.05532846225778372	0.0002666464821800752
DLBCL10935	0.8350918878621161	0.15941747901724332	0.002489075763158436	0.0016116767260500751	0.001389880631432082
DLBCL11470	0.6322473949079658	2.0851438379951848e-06	6.972411200980871e-08	0.36774804293079033	2.4072932937955786e-06
DLBCL_RICOVER_910	0.008577928111395376	0.8992697570411923	0.04980609035338551	0.0007940543884569853	0.04155217010556986
DLBCL10495	0.9019997221374737	0.0954807864411851	0.00029817178241749734	8.322570843000996e-05	0.002138093930493632
DLBCL10844	0.11596296135468445	0.3303674002791273	0.06997494240782078	0.0018847046168266525	0.48180999134154084
DLBCL10993	0.9928884275883272	0.0023381862522512025	0.0011985794767068016	0.00176625938913341	0.0018085472935814011
DLBCL11519	0.11100397683866592	0.0059020185439267155	0.00020383842169960131	0.8828100188565595	8.014733914826128e-05
DLBCL_RICOVER_945	0.865698161694323	0.02613690359376045	0.011010658585661841	0.05960393036747827	0.03755034575877644
DLBCL_RICOVER_533	0.000490608586238453	0.990101725848573	0.0026766817550209123	0.0064270731339731695	0.00030391067619448654
DLBCL10903	0.00014715497263080707	0.9961638300032667	0.0021626742760123578	1.3980058162930247e-05	0.0015123606899271897
DLBCL_DFCI_DLBCL_GOE05	0.0014932869662506937	0.5886031666476665	8.347463041351582e-05	0.00014364444361080584	0.40967642731205844
DLBCL11673	0.007147290067498896	0.9499014142573726	0.022033994059047123	0.008912450972031685	0.012004850644049636
DLBCL_LS146	1.3782055680277884e-05	0.9999451488382807	3.921107975452059e-06	2.466872590699643e-05	1.2479272156616164e-05
DLBCL10517	0.002038489355958817	0.9005828025253756	0.07543715975377295	0.0033018883030333027	0.01863966006185935
DLBCL11204	0.06889901676295913	0.5851461621888808	0.010411152957584095	0.0006492405674866671	0.3348944275230892
DLBCL11436	0.007273485260819804	0.9055542934170807	0.015416397010231007	0.0013537052227125606	0.07040211908915589
DLBCL_RICOVER_467	0.0025776255823574154	0.49902560603385543	1.0035164691143127e-06	0.0007224704706063288	0.49767329439671176
DLBCL10922	0.01369807671327781	0.7797430336075237	0.005077711342172274	0.0002931451349758713	0.2011880332020503
DLBCL_C_D_1117_NULLPAIR	0.00398003056197598	0.49958297183103073	0.0005615652184640201	0.4956018905240139	0.00027354186451540943
DLBCL11188	3.2942684384109535e-05	0.9995969524363495	6.548696613436275e-05	2.985537614903577e-05	0.00027476253698296174
DLBCL10871	0.003145970047419892	0.9442709719789648	0.0017087090690889404	0.0004712076281035644	0.050403141276422835
DLBCL10549	0.01676064096437122	0.21515006654917726	0.7582487272053194	0.008684125563790175	0.001156439717341955
DLBCL10885	0.06577490506396967	0.06644804192044994	0.0003905757160678151	0.000640421606227746	0.8667460556932849
DLBCL_C_D_1118_NULLPAIR	0.6190004565791921	0.3497996457389665	7.753187621690456e-05	0.030966166192829558	0.00015619961279492498
DLBCL11456	0.0049577727656713606	0.9659308826437147	0.01663074913848464	0.002204931060298876	0.010275664391830355
DLBCL_LS2089	0.00032011311226202066	0.9641166432749947	2.3561839377653192e-07	2.27662189906632e-05	0.035540241775358875
DLBCL_LS2245	0.46287855940239747	0.29550821303947344	0.2370737955114573	0.004464999015599726	7.443303107211898e-05
DLBCL_LS3245	1.8467518252356795e-05	0.9086752182414823	0.091139595399433	0.00011660579290689761	5.0113047925413786e-05
DLBCL10962	0.018079973461382497	0.7097164718439437	0.004527404095043897	0.0003443561679886943	0.2673317944316412
DLBC_FF_8043_TP_NB	0.00562120463679172	0.9848323625850154	0.0017195041305176361	0.0011848976738269435	0.00664203097384826
DLBCL_LS4054	0.004234961921505369	0.9402423216125452	0.023753045179292567	0.00034917291241369573	0.03142049837424319
DLBCL10452	0.024078402360380873	0.5390777014627212	0.009358089801169476	0.005859236567386932	0.42162656980834157
DLBCL_DFCI_DLBCL_GOE07	0.0007035240948214458	0.9708481654342263	0.004508396941021117	5.256258589871041e-05	0.023887350944032423
DLBCL10503	0.010566007284566643	0.5799597969242409	0.1400979257071856	0.00028672821930669795	0.26908954186470013
DLBCL10512	0.027826743692481188	0.5059362456886776	0.3394554595466418	0.0024895342725846023	0.1242920167996148
DLBCL11670	3.4575726230463834e-05	0.00032306520674118833	0.9994396827818914	4.169366065371097e-05	0.00016098262448324934
DLBCL11590	0.07107562735870884	0.059929991237056286	0.7828882970306354	0.015786824198271925	0.07031926017532755
DLBCL_RICOVER_978	0.4337921086924844	2.1531270721313237e-06	0.0016671578937609423	0.5641139015900422	0.00042467869664036524
DLBCL10910	0.01858400714166521	0.6285643894518911	0.24497840720488645	0.005672100630786514	0.10220109557077071
DLBCL11656	9.623979218936424e-05	0.0003679634239256728	0.9993943578813295	5.987293722988193e-05	8.156596532561847e-05
DLBCL10472	0.038856661162149614	0.003570516154479531	0.9204401648006806	0.03568539020514665	0.001447267677543637
DLBCL10465	8.672142410952521e-06	2.7077793086212966e-05	0.9998889890095997	4.735971220854194e-05	2.7901342694629163e-05
DLBCL10856	0.26614709114916335	0.0891961885574342	0.20891101704825474	0.06312150732680351	0.37262419591834434
DLBCL11566	0.00010614181311480196	0.027301646941482932	0.9716446812996699	0.0008985745963408666	4.895534939155845e-05
DLBCL_RICOVER_577	0.16797658448019	0.10909726949695986	0.5143676753484584	0.030779443334299553	0.17777902734009224
DLBCL_LS2599	0.0028283021754234353	0.003380589870040731	0.9864657569798855	0.007171920115329385	0.00015343085932101175
DLBCL11515	0.04995835177389805	0.37424479812870853	0.222555263303986	0.004007947342031893	0.34923363945137553
DLBCL11528	0.03640969328384195	0.4332132189330373	0.497986020109651	0.01663693373998481	0.015754133933484855
DLBCL10936	0.009223683728969154	0.856755693079866	0.05658723293122596	0.00040093109146095896	0.07703245916847795
DLBCL_RICOVER_408	0.0050755775010625425	0.8951011995584987	0.08822592994052572	0.008240453324814547	0.003356839675098514
DLBCL_LS4616	3.440104077622944e-05	0.01813410066634204	0.9808336253376285	0.0008715987516034981	0.00012627420364976508
DLBCL_LS762	0.007552221276370844	0.5860552700332029	0.2016331962192871	0.0013075346582956137	0.20345177781284357
DLBCL11667	0.001891876256757224	0.0022169383951657438	0.9948161999095868	0.0008868286275575902	0.00018815681093262048
DLBCL_LS2357	0.003244817097817082	0.003643580791536354	0.0004268212142997406	0.9926325113515133	5.2269544833558745e-05
DLBCL_LS3499	0.027005896000131382	0.8150270776300158	0.04910032813305161	0.10085853640325382	0.008008161833547358
DLBCL11576	0.03518868519858035	0.16415879391682564	0.39157953522748307	0.40836635720731645	0.0007066284497945486
DLBCL10782	0.007346122241401534	0.0002328077447708849	1.332860912613225e-10	0.9924210698657665	1.477497092630964e-11
DLBCL10565	0.10633844898569077	0.0044805720972680855	0.1956149980971232	0.6423356098774624	0.05123037094245562
DLBCL_RICOVER_1018	9.599312732036413e-05	0.0025220931836490348	7.562232924119713e-07	0.9973755521321185	5.60533361969653e-06
DLBCL10564	0.009924625381192933	6.249568319489794e-05	0.0038509443076912113	0.9860609929833724	0.00010094164454862127
DLBCL11437	0.705440072397048	0.022921529635626655	0.0009242903432776619	0.26778798307878254	0.002926124545265118
DLBCL10974	0.0956623933964819	0.021653016661870618	0.05701322989401794	0.29692957687150745	0.5287417831761221
DLBCL10927	0.005080076125743374	4.768156702572592e-07	4.956224638308704e-07	0.9949189505422732	8.938493639856933e-10
DLBCL_RICOVER_274	0.011611955747127296	0.0292155101589487	0.00034145710526472216	0.8084251822763007	0.15040589471235855
DLBCL11658	0.006965544194160318	0.0019038305051763552	0.0005282327408096703	0.9300680395724656	0.06053435298738802
DLBCL10552	0.0033343549394528335	2.4361482402459364e-06	3.184918589953709e-07	0.996662888533004	1.887443892431827e-09
DLBCL10553	0.0003615622626018582	0.001097928059753529	0.0016358827960961996	0.9968506389910373	5.398789051106277e-05
DLBCL11536	0.0028085899655237168	0.15471420475709557	0.0013256302194736746	0.8397627386908928	0.0013888363670142491
DLBCL11500	0.0012942375486144813	0.0011572426125883196	0.0004244851808411431	0.00033130305105912803	0.996792731606897
DLBCL10530	0.001946379468814631	0.0002214846617683897	1.958012194775223e-07	0.0042999053301080266	0.9935320347380895
DLBCL10951	0.0023529942832471594	0.0071371305874729195	1.3053738947633936e-05	0.0002503432209129526	0.9902464781694194
DLBCL11353	0.00041853504578157584	0.004248403468626408	9.443090735593183e-05	7.780311562691728e-05	0.9951608274626091
DLBCL10534	0.0013132114486535589	0.0013299317027354726	8.957027417751725e-06	0.00043051192038914544	0.9969173879008041
DLBCL_RICOVER_850	0.001088245294338274	0.0027254920958610946	1.219472425874395e-05	0.000752389034292608	0.9954216788512493
DLBCL10890	0.005259276344701452	0.001549902467647076	7.827076703029762e-05	0.0008299859728590074	0.9922825644477622
DLBCL_RICOVER_1289	0.00304367491570374	0.00038378471264227996	0.00023497804827343302	0.007908326706331853	0.9884292356170487
DLBCL_RICOVER_1106	0.016948413737163163	8.97070443336893e-05	3.4035830031746534e-07	0.056030642309467964	0.9269308965507349
DLBCL_RICOVER_221	0.029725989539089722	0.030028357245104546	0.0016111625806887768	0.0028986496807131192	0.9357358409544039
DLBCL_RICOVER_1248	0.1725141045399888	0.002946568097911587	5.069113532504661e-05	0.002045457388032782	0.8224431788387417
DLBCL_RICOVER_1278	0.0076918469692824855	4.581399702076453e-06	6.89854179347286e-07	0.8831016707445418	0.10920121103229426
DLBCL10852	0.040269505364816736	0.0004800439451836724	0.0001362595902735795	0.20315545082936434	0.7559587402703617
DLBCL10781	0.010170722351097616	0.002572354724289029	0.0027072871372606096	0.02607461153466553	0.9584750242526873
DLBCL10880	0.002179523199533774	0.0018312159346455677	1.7973432324914877e-05	3.25428158842188e-06	0.9959680331519073
DLBCL10535	0.028038725540563424	0.04740681525205107	0.010410773345416	0.0003070388104082216	0.9138366470515613
DLBCL10909	0.07687944639383014	0.41166816700993114	0.04788115927315571	0.08131188980958619	0.382259337513497
DLBCL10921	0.001612351792272813	0.44970809434273834	0.00015574967296330363	8.725672725298593e-05	0.5484365474647726
DLBCL11195	0.002585641975143164	0.19593860456632706	7.042115745691996e-05	0.003398165623732113	0.7980071666773407
DLBCL11450	0.006942060181890823	0.024563474628920574	0.00108328395457361	0.04687060786076787	0.9205405733738471
DLBCL10895	0.014939998166855352	0.2829059808340308	0.004757427052036895	0.000266010990816796	0.6971305829562602
DLBCL_LS2208	0.023444362624620893	0.2069634911464382	0.051680033736771755	0.0031503918363052887	0.7147617206558637
DLBCL10862	0.0016647343360525813	0.0032758844032802826	7.465261722158404e-05	3.854081517250324e-06	0.9949808745619283
DLBCL_RICOVER_314	0.005296561622627924	0.8329821272312206	0.00888983193300242	0.04891743091404215	0.10391404829910689
DLBC_FF_8042_TP_NB	0.0036052519557927087	0.04985985292507404	0.6810850690076186	0.012480574057687882	0.2529692520538268
DLBCL10883	0.14586804726316085	0.00010613402237529716	0.002074411138701592	0.003808830335047623	0.8481425772407146
DLBCL_C_D_1125_NULLPAIR	0.0002835024285125769	0.011222963936077622	1.4672247903978368e-06	0.0001544365493644102	0.988337629861255
DLBCL_C_D_1144_NULLPAIR	0.044784218160867716	0.2620606925581825	0.003281350731748161	0.0016470678873323887	0.6882266706618692
DLBCL11472	0.5182219308900737	0.07600237039907465	0.04670052427011516	0.10083233618760999	0.25824283825312644
DLBCL11512	0.4831100969684493	1.2060281858586884e-06	4.498619215919232e-08	0.5168886480501507	3.967022045492734e-09
DLBCL11681	0.8034949799078608	0.0009299098862687011	0.13111219747043804	0.03427074767323907	0.03019216506219343
DLBCL10482	0.4337821183735335	0.2167230546495071	0.0060034814790095245	0.03721562134219892	0.30627572415575094
DLBCL_LS2154	0.017897315677458583	0.8731527151759403	0.04303615219648924	0.001119802051763591	0.06479401489834823
DLBCL11474	0.9843099052334254	0.00014001027619933178	0.000265080561788226	0.014685308162714772	0.0005996957658722704
DLBCL10968	0.9318235390419335	0.00020083718583958115	0.0005563171407123669	0.06665852107658927	0.0007607855549253064
DLBCL11480	0.1761011287665389	0.3274606658662813	0.10267742232239305	0.001784979742075098	0.39197580330271165
DLBCL11486	0.9743243796812282	0.020636887254945783	0.0010206369091570308	0.0007801656527499037	0.0032379305019190788
DLBCL11435	0.627691098235604	9.44784970209402e-05	0.0003549881662107044	0.3687387175302574	0.0031207175709069375
DLBCL10451	0.9912183662079185	0.005526208021026311	0.0031839077950390994	7.07479981071576e-05	7.699779089751665e-07
DLBCL_RICOVER_473	0.9628604893188608	0.0020545289443893097	0.020219502744856687	0.0027470215865817134	0.012118457405311506
DLBCL11205	0.7374934226759041	0.1970517156863665	0.06141154653979202	0.0030048941575153555	0.00103842094042198
DLBCL11457	0.3776859729884971	1.3184899179791129e-05	0.0018968812593069936	0.6201807287377994	0.00022323211521678343
DLBCL10969	0.09742940372380743	0.5805137192805708	0.29460101831272234	0.0019357583420977272	0.025520100340801707
DLBCL10490	0.38934760718822087	0.021801828805363004	0.003431020803454828	0.474462697050207	0.1109568461527543
DLBCL10486	0.04323672741624647	0.43121064007906273	0.025694242211706284	0.0011185333049614108	0.49873985698802303
DLBCL10458	0.9998288761691165	3.477614774312931e-07	3.005010369905997e-08	0.00017073620324502167	9.816057322792224e-09
DLBCL10972	0.8182642638647183	0.00518988380096568	0.0035613466592660553	0.0026133552968555154	0.17037115037819445
DLBCL_MC_F262_WLC	0.991607473133588	0.00043357976830923526	7.218784541070881e-05	0.007776730045974975	0.00011002920671710467
DLBCL_MC_F307_JPS	0.499143112003149	0.3897790651382491	0.08883436322160884	0.0026662964191510002	0.01957716321784205
DLBCL_LS378	0.9838858798271554	0.01553200323791262	0.000513371741491572	2.3151368706388892e-05	4.559382473402243e-05
DLBCL10957	0.6926511938573896	0.11669852694920811	0.1025866979408076	0.08216656794729885	0.005897013305295875
DLBCL_C_D_1105_NULLPAIR	0.25365773528929497	0.5910587633852198	0.029084940486167818	0.0016156996170397556	0.12458286122227769
DLBCL_RICOVER_174	2.403592787637992e-05	0.9999589681191691	2.4136338880215004e-06	1.1606216038575815e-05	2.976103027997871e-06
DLBCL10985	0.034776553579234835	0.5241040837681679	0.000550202235573506	0.43674873071799586	0.003820429699028001
DLBCL_C_D_1126_NULLPAIR	0.09714857436501907	0.7819441993468822	0.0042844905165829285	0.0014232859580650796	0.11519944981345069
DLBCL10834	0.0003394057366035362	0.9996584788783542	2.0029272632242644e-07	1.868507901134168e-06	4.6584414796110056e-08
DLBCL_RICOVER_1210	0.0010508287458669877	0.9633780814366624	0.016910078384171308	0.014554621388208523	0.004106390045090765
DLBCL10906	0.01581066074789028	0.4590267970278056	0.00167806581857678	0.0008694309985214296	0.5226150454072059
DLBCL_RICOVER_299	3.58804777143094e-05	0.12110241215822702	0.878487564985503	0.00014578299363717583	0.00022835938491852864
DLBCL10502	0.011160495025799043	0.7848830376592022	0.17642103350149713	0.024959569746921755	0.0025758640665799193
DLBCL10954	0.02456976793956856	0.7697327771527384	0.0032828973831222482	0.00497049170984839	0.1974440658147224
DLBCL_RICOVER_253	4.660765585859248e-05	0.9999530561191843	8.290075664964107e-08	2.3029433472635707e-07	2.3029865752417367e-08
DLBCL_RICOVER_1060	0.009782520408156482	0.7151997287476028	0.020990480791650983	0.0003105396327457254	0.25371673041984394
DLBCL_RICOVER_1165	0.07678697856684619	0.31720094250097214	0.06348010431794712	0.008038991769150534	0.534492982845084
DLBCL11003	0.018918781396320195	0.1453088395781908	0.0037710445936501888	0.000798810761238985	0.8312025236705999
DLBCL10780	0.0012622131780448713	0.1723020912327897	0.7909462414722581	0.03476811164294858	0.0007213424739587454
DLBCL10934	0.03223615172904415	0.3873176655757719	0.00038435255487783234	0.48810852197677723	0.09195330816352891
DLBCL_RICOVER_496	0.004136832396434826	0.7890398023615464	0.1950095775131399	0.000984803728775829	0.010828984000103122
DLBCL_C_D_1119_NULLPAIR	0.21913349770207802	0.7784556439332118	0.001966490781475612	0.00021510266592896494	0.0002292649173056709
DLBCL10460	0.0003762764345811167	0.9952607366799731	0.0032461339172518942	4.242746945822136e-05	0.0010744254987357566
DLBCL10850	0.0043752984148588666	0.9955955687150986	3.0176999452142265e-06	3.0884310765657774e-06	2.302673902072586e-05
DLBCL_LS1668	0.0002051722379682454	0.042752846560574986	0.18846970847502073	0.7657817262346719	0.002790546491764197
DLBCL_C_D_1131_NULLPAIR	0.0035125318457042954	0.9499577877817555	0.0005050673527369887	0.00018061395116672865	0.04584399906863645
DLBCL11484	0.003009926296177335	0.9336494802960508	0.016819812343178996	0.00011395341799737127	0.0464068276465955
DLBCL10483	3.6348556212007765e-05	0.8221657023124569	0.17606014818447346	7.120404324688743e-05	0.001666596903610735
DLBCL11449	0.045402756787978636	0.28324619284951275	0.0021645734581870768	0.005506819450263622	0.6636796574540579
DLBCL_MC_F064AB	0.0009812079319980183	0.0002490164061662543	0.9929868184311373	0.0057513655801916756	3.159165050671037e-05
DLBCL_RICOVER_522	0.0062383566264678485	0.01038051933760352	0.6871595830403568	0.29590281441736915	0.00031872657820261456
DLBCL11441	0.18520666913833625	0.3695519578220835	0.03485096190902765	0.015190736081457342	0.39519967504909526
DLBCL10459	4.350039492302172e-06	0.0007065469351588608	0.999208276844523	2.5571590065395955e-05	5.525459076044461e-05
DLBCL10498	0.00014705441066041635	2.985282111224381e-05	0.9824745959882071	0.017348263455496525	2.3332452370059109e-07
DLBCL_MC_F349_BJJ	1.6398091322304656e-05	0.0017744690575794396	0.998180956712241	1.3427524463863418e-06	2.6833386410790733e-05
DLBCL_LS155	0.00014540093072621153	2.8880323871931235e-05	0.9972462677995109	0.00257898237182935	4.6857406163153975e-07
DLBCL_C_D_1112_NULLPAIR	0.0065657933627733915	0.703116713579978	0.2368362397718987	0.004687891929898756	0.048793361355451204
DLBCL_C_D_1113_NULLPAIR	0.0056531296081727385	0.514089053705854	0.4738828972643516	0.00043625094671072664	0.005938668474910946
DLBCL_LS1098	3.0783867838968826e-05	3.4342381792400765e-05	0.9299162481465366	0.07000320142367424	1.5424180157811585e-05
DLBCL_C_D_1133_NULLPAIR	0.000257773513177289	0.03936508222391717	0.9527665941979909	4.947904030681409e-05	0.007561071024607825
DLBCL10523	0.013929526324657715	0.00040596048122249064	0.37694817424792953	0.60870183374989	1.4505196300374067e-05
DLBCL_RICOVER_744	4.825933255228224e-05	0.0004830736184869973	0.9994645526349061	1.1785267337182896e-06	2.9358873208729232e-06
DLBCL11675	4.773060549343254e-06	4.804817660417503e-06	0.9954006500460034	0.00386895651122687	0.0007208155645599308
DLBCL_C_D_1141_NULLPAIR	4.734165825978641e-05	0.0018814853808822778	0.9979249895844008	3.831335401070342e-05	0.00010787002244643064
DLBCL_RICOVER_216	0.00943872329298573	0.750929446823862	0.05089173791585021	0.00027945555099810783	0.18846063641630392
DLBCL11526	0.9007689173948	0.00225150720128567	0.08432557720670558	0.012573800223558992	8.019797364972849e-05
DLBCL11666	1.4069790046684395e-06	6.483509478524157e-05	0.999932386079996	3.006930441144181e-07	1.0711531699707358e-06
DLBCL11458	0.6297459395531754	0.20326673348586813	0.1545624341121276	0.0024840797641750793	0.009940813084653803
DLBCL_RICOVER_1061	2.4003931626441302e-05	3.80509066594214e-06	1.1914975238812564e-05	0.9999602728356703	3.1667984099517944e-09
DLBC_FF_8062_TP_NB	0.039428305740705424	0.055074563972741464	0.03200900152166845	0.8709994867810511	0.0024886419838335188
DLBCL11002	0.05494606720330265	0.01976398165389816	0.013731316396980449	0.9112648277942463	0.00029380695157236997
DLBCL11433	0.08752908600054127	0.014230237924377527	0.1134080592099942	0.5235768496799589	0.2612557671851281
DLBCL11447	0.0015542838897410185	0.00020325195036918737	0.00012384639396836148	0.904247742877533	0.0938708748883885
DLBCL_MC_F139_LJF	0.00011328191647566713	1.2673637918897014e-05	8.574150921092116e-05	0.9997874675537451	8.353826493460133e-07
DLBCL11527	0.0023902649523777917	0.001006889692455386	0.33347266235722556	0.662073474378935	0.0010567086190061848
DLBCL_LS2590	0.016619117014038176	0.002762228756905419	0.001958789874719631	0.8624984896871706	0.11616137466716625
DLBCL10539	0.03070102705900611	0.44604704668098466	0.003216925112772337	0.174842039127893	0.3451929620193439
DLBCL10965	0.007002877674971755	2.2891975038185433e-05	0.000138944082372818	0.9926457713554799	0.0001895149121373307
DLBCL_MC_F218_RAP	0.8240166039927008	0.005692041715648956	0.007751565128861563	0.16232727143357523	0.00021251772921343048
DLBCL11460	0.24628175357393314	0.053841090850072576	0.0011537577275894555	0.6978971729844277	0.000826224863977173
DLBCL_C_D_1109_NULLPAIR	0.11849759205731765	0.005867355746705471	0.0025713671602528034	0.8534015926972907	0.019662092338433405
DLBCL_RICOVER_701	0.050654732255875044	0.011559881592806322	0.0021545636404740917	0.9341751181778668	0.0014557043329777393
DLBCL10863	0.0029268667708623576	0.0006894074182623447	0.005717857772360923	0.6387811801546568	0.35188468788385757
DLBCL11206	0.009440358704516953	0.5674137739132324	0.008671577219417595	0.00034355408577214946	0.41413073607706086
DLBCL10901	0.014301735661430835	0.013738033039226404	0.0008642920008792826	0.0025740272677942247	0.9685219120306693
DLBCL10860	0.0008553501688761157	0.0031938718724451643	9.809164527475615e-06	0.0017107064656070876	0.9942302623285442
DLBCL_RICOVER_1032	0.00026091674596380053	0.003653940703420499	7.719003527095679e-08	0.0003543669503422992	0.9957306984102381
DLBCL10908	0.011470254665858201	0.7699479041122295	0.14319243553729374	0.00017874203767003372	0.07521066364694855
DLBCL10999	0.0011811155143257538	0.0008030552387300626	0.0002458883418149552	0.34318462509264336	0.6545853158124859
DLBCL10930	0.36911742612127746	0.0017855612809003468	0.000356801059455676	0.000492351680633199	0.6282478598577333
DLBCL_RICOVER_506	0.005134409930988431	0.16501839299246585	3.257130666184208e-05	0.0008243634562130821	0.8289902623136708
DLBCL_RICOVER_712	0.00564532996392806	0.046914305792092104	0.0017987147676865889	0.0024480962976417657	0.9431935531786515
DLBCL_RICOVER_956	0.002446949459994874	0.13803623928955674	0.0006719592759413961	0.0005252347706529159	0.8583196172038541
DLBCL10990	0.0008128136752420608	0.024196709252148542	0.00011928491551654965	9.532090772424779e-05	0.9747758712493686
DLBCL10925	0.07802167469747193	0.14765904745674624	0.00035567463527207843	0.0906255713063085	0.6833380319042012
DLBCL10857	0.012781316584657311	0.002443685903345722	4.9609375076781603e-05	0.003183073815943351	0.9815423143209768
DLBCL11538	0.32190983415325597	0.059821619230229946	0.21235332713488703	0.02719402016375088	0.3787211993178761
DLBCL10902	0.010965940594362705	0.004215660989406224	0.0003373645107148227	0.0004988495738902294	0.983982184331626
DLBCL10889	0.0014263228527147025	0.001329480449369907	9.176864065986544e-05	0.00020163621870486394	0.9969507918385506
DLBCL10842	0.0009900092221403428	0.0002698787708468274	8.875845882547941e-06	1.9897376614695304e-05	0.9987113387845156
DLBCL11504	0.08195194262478289	0.7067086779127117	0.0516508131689838	0.011187328427696864	0.14850123786582467
DLBCL10963	0.03586935298336249	0.006870088921272612	6.959876394752597e-05	0.024771951071671818	0.9324190082597456
DLBCL_RICOVER_720	0.08608910781700246	0.03978795803305924	7.743291231218478e-05	7.59084541449703e-05	0.8739695927834811
DLBCL_RICOVER_773	0.011425393395665133	0.02988643848260255	0.0021591173366100865	0.0002741980252081971	0.9562548527599141
DLBCL10532	0.02454576737651979	0.0003452381425116277	0.0015008457871781998	0.028751016575386815	0.9448571321184036
DLBCL_RICOVER_1192	0.000720789251853514	0.004403726611764215	1.6277750081438896e-05	7.787020655001513e-05	0.9947813361797508
DLBCL10980	0.002846865533720943	0.4131113438546415	0.002358949754899546	0.00024624698740631143	0.5814365938693318
DLBCL10977	0.009913214307910678	0.019532708105039598	0.002080156870002571	0.00030650138588314573	0.968167419331164
DLBCL11000	0.0003917958734678652	0.0016511578264184097	6.798911320839358e-07	3.992330904640168e-05	0.9979164430999352
DLBCL10898	0.0073137301392204685	0.3964473077448583	0.00011417718380651938	0.000502359297697617	0.595622425634417
DLBC_FF_A7CX_TP_NB	0.21818705007172073	0.05988541687192089	0.009991077088600994	0.0006673099568928135	0.7112691460108646
DLBCL10877	0.07642940571342934	0.6621101417127199	0.17206151892309512	0.0027757374793170304	0.0866231961714387
DLBCL10492	0.8819763074209708	0.012830399984846268	0.00021253342954898584	0.006174977995361142	0.09880578116927279
DLBCL11501	0.5543974310520225	0.322053442617643	0.05374174052198941	0.006403346057153612	0.06340403975119145
DLBCL11477	0.9904899311074278	0.006862667429389716	0.0006880955277846031	0.00013649141733351633	0.0018228145180644278
DLBCL_LS3809	0.9583107923441108	0.002494423775462342	0.0010118712915060035	0.010680197188686739	0.027502715400234162
DLBCL10971	0.0035683780945350283	0.8535850965651013	0.013702695167586203	0.0006324762453931927	0.12851135392738428
DLBCL10462	0.942327407174416	5.961930775242959e-05	0.002622798891283422	0.054725330850886496	0.00026484377566169987
