	0	1	2	3	4
DLBCL11539	0.9998207137903712	9.189448222384622e-19	3.335381596886687e-09	0.0001792828742472177	1.133029644224662e-20
DLBCL_C_D_1148_NULLPAIR	0.04107182190242053	8.824197828005662e-11	3.5851066482712807e-06	0.9589245929022903	3.9895810737221597e-13
DLBCL10912	0.9999933049707755	1.2754170089595576e-09	2.164005688033194e-12	6.693411745219226e-06	3.398982233384405e-10
DLBCL_RICOVER_829	0.9999942500707808	2.215187600791911e-07	2.456660212346247e-10	2.956647382532256e-07	5.232500054847287e-06
DLBCL11652	0.9632239334514459	0.03660775073848762	3.139246730496378e-05	0.00012169412096891912	1.5229221792638342e-05
DLBCL10986	0.6530368243786209	0.08274881534564373	0.013806402813053344	0.000531549643345541	0.24987640781933645
DLBCL_C_D_1129_NULLPAIR	0.9993183436414019	1.2363050682490022e-06	0.00016540888503190835	1.4449731560847255e-05	0.0005005614369370679
DLBCL10950	0.995514608542625	9.893287309072016e-05	5.1060170563428325e-09	0.0031457316300736965	0.0012407218481935718
DLBCL11662	0.9968162429896947	8.038119014338239e-07	1.3189528073894849e-07	0.00019297468913005968	0.002989846613993042
DLBCL11481	0.9868098451546096	1.2069103601800178e-05	0.00712066644419188	0.00605439879598056	3.0205016162295477e-06
DLBCL11429	0.9687152218833607	6.200329304765381e-11	1.735883237520199e-06	0.03124035199807037	4.2690173328120275e-05
DLBCL10945	0.9999969466296131	7.364175188730665e-12	4.760068982829049e-16	1.210856896304506e-06	1.8425061259072367e-06
DLBCL_LS951	0.3646620994543784	0.02320168191241774	0.00015535331696966962	0.6118522942530394	0.0001285710631946727
DLBCL_MAYO_DLBCL_3653	0.8447821119246456	0.015414123271778657	0.04515624646770247	0.09277218371595758	0.0018753346199157192
DLBCL11537	0.9999999837759715	1.658888156276144e-18	1.0253084610822062e-18	1.6124520786246888e-08	9.950766509500082e-11
DLBCL_C_D_1114_NULLPAIR	0.9999999999928582	2.1878803360606738e-12	2.091322852947588e-15	4.4837489340538686e-12	4.681220798412372e-13
DLBCL11461	0.9999996924056298	2.875109729321282e-12	5.846371122195549e-10	3.070068141119428e-07	4.3863004428554004e-14
DLBCL10997	0.9999999455863974	1.8367540181338648e-08	3.21719677703223e-08	1.1238719746333625e-09	2.750222697409934e-09
DLBCL_C_D_1130_NULLPAIR	0.9999999278134731	1.697760026582736e-11	7.730634020267761e-15	7.209295042152097e-08	7.659111471449394e-11
DLBCL10515	0.9999983478324231	1.1818970372879419e-06	3.338372874356142e-09	1.0974995533173226e-07	3.571822113659054e-07
DLBCL10914	0.9003993756743801	0.00014168337389453196	0.09908988933214756	0.00022886981354171957	0.0001401818060361426
DLBCL11462	0.9990363985574894	6.472076913164368e-09	8.798571565411794e-06	2.875485536009417e-09	0.0009547935233827616
DLBCL11520	0.9999970155742246	1.0057702420961753e-15	2.4677316571671744e-18	3.5489165830368154e-11	2.9843902852245315e-06
DLBCL11203	3.845759363534813e-14	0.9999999981093459	5.940572091682767e-12	6.243469079134387e-11	1.8222403572641488e-09
DLBCL_LS3749	5.643969898349902e-13	0.9999999877382756	1.1723287423891348e-08	4.83856337834803e-10	5.4016254882123604e-11
DLBCL10874	0.001886244968569616	0.549826189326279	0.11615293399856046	0.06668513549741203	0.2654494962091789
DLBCL_BWH_DLBCL64	0.007143812014172961	0.3465586007096731	0.0004010955550649292	0.6458964910527631	6.68325845675862e-10
DLBCL_LS1921	2.381157727992645e-10	0.9970251606565436	0.0009255883666445137	0.0020492507362191497	2.4770090280015985e-12
DLBCL_C_D_1108_NULLPAIR	2.04297708460956e-13	0.9995792936214644	9.219270421812471e-09	1.2362027958192024e-16	0.0004206971590607982
DLBCL11661	9.939225654070955e-09	0.9964150352643736	0.0035824998020688122	2.4541912171975234e-06	8.031147632756966e-10
DLBCL_C_D_1136_NULLPAIR	5.175656272642825e-14	0.9999999899460056	3.692043061916644e-13	3.581574548174743e-12	1.0049991879365544e-08
DLBCL11507	5.971022862645555e-10	0.999999852705424	1.4667716253829443e-07	2.005068528163261e-11	2.604707763817556e-13
DLBCL10494	1.4570721386426308e-08	0.8310248065433571	0.16896831187093284	6.626232558700444e-06	2.407824300134114e-07
DLBCL_RICOVER_1046	6.727492573754031e-12	0.4969165621812426	0.5030830062162643	2.586905983273788e-10	4.3133707501687763e-07
DLBCL10510	1.1733725878108734e-06	0.9989585863099716	1.738682333738628e-09	1.0833311540869545e-06	0.0010391552476041856
DLBCL_LS1065	1.5419206401116346e-06	0.9999816336141656	9.619845931766836e-08	2.7267996564740432e-09	1.672553993532613e-05
DLBCL_RICOVER_787	0.12277449755236067	0.6842245956697831	0.0030939075570109026	0.1899031214453309	3.877775514456387e-06
DLBCL_RICOVER_478	0.0006600907034068436	0.9979038534234992	1.1947481996763629e-05	1.7572452970970951e-09	0.0014241066338519137
DLBCL10983	2.8837074434696295e-08	0.998924893413478	1.667497221039134e-10	1.0770143660984664e-08	0.0010750668125541754
DLBCL11479	0.0012063911389925798	0.9750317039557223	0.002084361399198949	3.894575248958068e-05	0.021638597753596597
DLBCL_MC_F500_ECU	3.5856530635552038e-06	0.9942942483199524	0.000277302730118784	4.3571391582726864e-07	0.0054244275829494586
DLBCL10846	0.007516105055643782	0.9920077629926032	2.5533326063703085e-06	0.00011968167114870123	0.0003538969479979881
DLBCL10911	9.872457147019776e-07	0.999997114011182	1.3692520908445192e-06	7.371238252169356e-10	5.287538886637732e-07
DLBCL10981	1.3841109379842152e-05	0.9998384831423172	1.2053041860918585e-05	4.451926316434165e-05	9.110344327773993e-05
DLBCL_MC_F729_MAN	3.6743990145961687e-09	0.999985570086439	1.1245189539939948e-05	1.5523854566738146e-09	3.1794972366314397e-06
DLBCL10894	0.038028958473773175	0.9615495214189455	8.496187498011364e-07	0.0004119520125204279	8.718476011139282e-06
DLBCL11565	3.984144793255151e-14	0.9999999895194531	6.772673299899529e-09	2.2065034347903845e-09	1.5013302986647842e-09
DLBCL10461	2.7992712803430926e-15	0.999990344029166	5.072719904854627e-11	1.2732513622806332e-14	9.655920091290782e-06
DLBCL_MC_F089_HCZ	3.4541567675735267e-13	0.9999997053341644	2.8066650887463195e-07	1.1085032882508115e-08	2.9139484478394756e-09
DLBCL_RICOVER_440	1.5231732060150808e-16	0.9993696541281252	0.0006303458666546188	1.5715703488783192e-14	5.204341605419656e-12
DLBCL_DFCI_DLBCL_GOE16	7.248938887131577e-12	6.429983447603643e-09	0.9999999921896009	1.3506631638744633e-09	2.2503554880619023e-11
DLBCL11558	1.1363661692336086e-12	1.1924824124724911e-07	0.9999998718121251	8.937492495612992e-09	1.0047614247012229e-12
DLBCL10555	1.1048046349979685e-09	1.2730140653853942e-07	0.9999998526387156	1.8955064378437364e-08	8.845210622574178e-15
DLBCL_LS1395	5.476553485860126e-07	0.019058086353992244	0.9809392587214963	3.2507319404757595e-09	2.1040184309386576e-06
DLBC_FF_8046_TP_NB	4.483342364991633e-06	0.00021050530467773057	0.999774213534416	3.6994122012076114e-06	7.0984063400921735e-06
DLBCL11680	1.4604701917727987e-10	3.7880259836329715e-09	0.9999999960540804	1.1846541486181824e-11	4.6778729977447816e-17
DLBCL11685	7.647123963659167e-13	7.784517027260993e-09	0.9999999922044835	6.090432684169081e-12	4.144282236927399e-12
DLBCL_LS1304	6.774880494337072e-05	0.3325896446923381	0.3921746598226899	0.0008261695967774094	0.27434177708325125
DLBCL_LS297	1.786494519765025e-13	7.837002960308486e-09	0.9999999920335296	1.292883468020149e-10	4.157045981773915e-16
DLBCL_MC_F815_BAT	3.741580586546358e-11	0.00015986357480458308	0.9998401235786711	1.2328567599792327e-08	4.805408756434292e-10
DLBCL_LS2325	3.090314747197253e-12	0.38680114840642776	0.6131988513999391	1.2760552538312237e-11	1.7778216379294453e-10
DLBCL10466	8.252403609709305e-14	1.58807816329712e-05	0.9999828435528868	1.2756645473223267e-06	8.503804535688655e-13
DLBCL11672	3.1244950470519243e-07	2.656867636246608e-05	0.999950771081829	1.9542413209886816e-05	2.8053790939935046e-06
DLBCL_MC_F606_DMJ	2.912447148514518e-10	0.07797867859100205	0.9220212323488034	2.060140966250756e-09	8.670880888630595e-08
DLBCL11428	1.9174099411522384e-13	5.5672201909685635e-09	0.9999999944285246	4.046205674146425e-12	1.7254515271368855e-14
DLBCL10879	9.867924160648814e-06	0.02010445940359307	0.9798504886507075	4.826021937748375e-06	3.0357999601024866e-05
DLBCL10536	4.230285171798958e-06	0.006564714326642697	0.9931386340419633	0.00029004645708588766	2.3748891362935536e-06
DLBCL11534	0.14227248404816564	0.014893078095988265	0.2980135989844732	0.5348875083298387	0.00993333054153421
DLBCL10491	2.135664130488389e-09	0.010778241046278515	1.985933068966185e-05	0.9892018974873625	5.186946230630433e-15
DLBCL10513	0.003212131019277694	4.387093325230123e-06	0.0009887812441213822	0.9957946704890291	3.015424656131308e-08
DLBCL10868	0.0002460880306206869	9.534224465261542e-13	4.743121015876112e-19	0.7857328042992336	0.21402110766919227
DLBCL10858	5.82503165716426e-05	9.67285935016499e-19	3.914717452959258e-15	0.9578274803924435	0.04211426929098097
DLBCL10547	6.23810824482057e-08	2.3648190171583373e-12	8.81986800187163e-08	0.9999998494168434	1.0293247120618417e-12
DLBCL10544	2.0992155925384292e-10	1.628590937602529e-17	1.160600576899731e-12	0.9999999915244185	8.264499282772196e-09
DLBCL11491	0.0003780939272102742	7.721707935767186e-05	0.00022013395402337675	0.34239075312979944	0.6569338019096091
DLBCL11564	2.2035683484476334e-09	1.28113456824304e-10	1.0563112645525501e-14	0.9999999976671909	1.1166886527895915e-12
DLBCL11459	6.38295518197049e-08	5.53651188668764e-12	1.630991160805768e-07	0.9999997730018539	6.394164569851152e-11
DLBCL_RICOVER_1045	0.9620475159588546	0.0031445731575894115	0.03080885994808662	0.0005007890321429319	0.0034982619033264006
DLBCL10456	2.361685466791734e-09	2.3424115128699413e-14	1.1956348130944954e-08	0.9999999856786975	3.245455397498437e-12
DLBCL_RICOVER_985	2.680042756391383e-08	5.43046984699194e-09	3.6747528204936804e-06	0.999996293016184	9.81162829564797e-14
DLBCL_RICOVER_950	4.424385967898851e-06	1.3487408657513314e-11	1.128642754273614e-05	0.9999842891729905	1.1419417217886499e-14
DLBCL_C_D_1159_NULLPAIR	0.7142064006508296	5.439774802304919e-10	2.3935438321222008e-08	0.2857935311386673	4.373108723493403e-08
DLBCL_RICOVER_711	0.007973425003734099	0.09260732483761308	1.118353833332458e-06	0.8994181308975757	9.072437151493305e-10
DLBC_FF_A7CQ_TP_NB	0.0019202213025189007	1.1999009050842395e-06	2.878818357810749e-12	5.482553391267449e-06	0.9980730962403059
DLBCL10915	0.022264734884625895	0.17625709537046175	0.039390500834189886	0.028373705074909748	0.7337139638358127
DLBCL10867	1.5623556427167138e-09	0.010083995315182762	4.496077818488523e-11	8.240965184420792e-11	0.9899160029950912
DLBCL10992	1.5993126794096006e-12	1.5551644582946762e-15	1.774738144303066e-16	7.464096738549387e-11	0.999999999923758
DLBCL10887	4.251224526334706e-09	3.342005995667204e-07	9.326629307796206e-08	2.9950518464262287e-09	0.999999565286831
DLBCL10878	0.29794976935858736	0.00034236064257487585	7.916192168022673e-07	7.505282861044759e-07	0.7017063278513349
DLBCL11431	0.15040610331988766	0.2682444424845978	0.13053165403761424	0.11256012002689006	0.33825768013101026
DLBCL10891	0.004032009248513938	1.950737325905028e-08	5.7467751935310475e-05	0.04516296853813767	0.9507475349540399
DLBCL10521	4.266518379607566e-10	0.0014196602699817974	2.4174255276160543e-13	4.630217318351509e-14	0.9985803393030783
DLBCL11476	9.480744173264585e-05	0.0018918268401351779	4.346953283093666e-07	1.0365161372644659e-06	0.9980118945066666
DLBCL_MC_F519_ALT	1.4490573412447919e-06	9.992451936128017e-06	3.2714685604308365e-09	1.820277657088264e-09	0.9999885533989764
DLBCL10866	2.0947504288276473e-06	2.878211306837552e-13	8.500171553296281e-15	0.16171097463791334	0.8382869306113615
DLBCL_RICOVER_449	1.9552137520675118e-06	1.8080176875642776e-08	1.4838633262286693e-14	1.5465701295604554e-08	0.9999980112403549
DFCIDL004_DT	0.3283100205920307	2.29603237403439e-06	2.209750872189976e-06	0.1838213877816059	0.48786408584311713
DLBCL_RICOVER_1287	0.0011524812939112652	0.09030530399467196	0.000146491253591821	1.6813730748176098e-05	0.9083789097270768
DLBCL10836	4.603338752872275e-09	6.599937582844547e-16	2.8402784189287527e-19	2.4109144331541687e-10	0.9999999951555691
DLBCL10550	3.300981753414027e-07	1.213243874535606e-07	1.2684617266045695e-11	8.823991275760973e-13	0.9999995485638702
DLBCL_LS3200	2.662362841525258e-09	0.01024034842996541	1.0067391630963323e-08	7.477105285643886e-10	0.9897596380925696
DLBCL10900	1.1914631659060393e-07	5.993594523850032e-21	3.1296385685629684e-26	7.914979781888284e-11	0.9999998807745336
DLBCL10853	3.6191800535139702e-06	1.7601202999728034e-07	2.5495939859457003e-12	2.0072911534025935e-07	0.9999960040762516
DLBCL_RICOVER_111	0.6935964211050508	0.010528816322204412	0.01042852154037815	0.03035992285838624	0.2550863181739803
DLBCL_RICOVER_417	1.284162403673974e-09	3.0772042869538837e-10	3.871533186333808e-15	2.2488929271803274e-11	0.9999999983856244
DLBCL10529	2.2308448781681423e-09	0.0017124937204591906	8.68395469458162e-09	1.0437699169588843e-07	0.9982873909877495
DLBCL10847	2.793402801497982e-07	0.0001052690620914835	6.264197612222872e-11	1.7445649375898023e-13	0.9998944515348119
DLBCL_C_D_PAIR13	0.099372163442064	0.23463889891560916	0.1777317244027477	0.0564670043491016	0.4317902088904775
DLBCL_C_D_1163_NULLPAIR	1.0429909646574035e-11	1.681205971893075e-16	5.739247876874738e-22	3.033462849925164e-08	0.9999999696549414
DLBCL10833	0.0024823548300573054	4.4920989811035993e-10	1.4910778245925306e-14	4.709349708360486e-08	0.9975175976272208
DLBCL10835	1.53728224023878e-10	1.6352068104723835e-05	2.302547707058521e-13	2.9310616114756207e-09	0.9999836448468752
DLBCL_C_D_1156_NULLPAIR	0.9677284100960782	0.003568073344762491	4.04855077399204e-05	0.028536259797435053	0.00012677125398427463
DLBCL_RICOVER_977	0.9999999997907806	6.817718329222716e-22	2.3927316639823264e-18	1.7750257634156166e-10	3.171684083188945e-11
DLBCL_C_D_1128_NULLPAIR	0.9999024310274086	7.115491710853513e-06	1.335412931988147e-09	8.95500682987495e-05	9.02077168853913e-07
DLBCL_RICOVER_451	0.9999994188472986	7.26420736235639e-09	1.257386147622845e-10	5.734443917873547e-07	3.1836364210136147e-10
DLBCL10994	0.7913077129211227	0.027808031378542663	1.4459654234852675e-05	0.016936769059130604	0.16393302698696927
DLBCL10884	0.906587561209662	2.6512872360823294e-07	5.678086044388209e-10	0.09341210255491592	7.053888992033967e-08
DLBCL10931	0.9999904058473972	9.627467804679895e-13	5.817253579516108e-13	9.591042220323832e-06	3.108838024984015e-09
DLBCL11671	0.5116697546395653	1.496365161861585e-06	2.1716386262635927e-06	0.4883257062717471	8.710848994097475e-07
DLBCL_LS1757	0.9999999993951	4.060939267228979e-10	2.908747851073326e-14	1.6355070725621552e-10	3.522629750578312e-11
DLBCL11488	0.9990663152189662	7.315197071759674e-12	4.6567289386601083e-14	3.9703651860669157e-07	0.0009332877371534705
DLBCL11496	0.997886253409886	1.4286948965184006e-05	2.836800153120155e-05	0.0002641186764941174	0.001806972963123488
DLBCL10525	0.9999999813492796	1.3711133606234572e-15	1.8464525998979453e-13	3.190190869412366e-10	1.833151530920183e-08
DLBCL11430	0.9974670418872804	2.857474233354765e-13	2.671238885563981e-05	0.0025062456984129545	2.516525117290839e-11
DLBCL11478	0.8365417041331181	0.00014334645206279768	0.0008247917333087287	0.16249015761577223	6.573810972667032e-11
DLBCL11202	0.001906932108733061	0.002919825423576695	0.7673378173135408	0.22783542512868477	2.5464693910358185e-11
DLBCL10935	0.9999848993860032	1.1402332461463204e-05	1.3156085499472206e-07	1.1158044816110316e-07	3.455140232168983e-06
DLBCL11470	0.750098873496723	1.0369966466254192e-16	7.0691723778798014e-15	0.2499011265032655	4.345600396922835e-15
DLBCL_RICOVER_910	0.07634590750409208	0.2574498231692515	0.06229680097133765	0.6035934938317826	0.0003139745235360728
DLBCL10495	0.9996362236370862	0.00036333719818598605	5.542345818834178e-09	4.8935428678066476e-08	3.846869533660406e-07
DLBCL10844	0.9545778389938421	4.770582167359451e-06	1.732680732008171e-05	1.2098677634214846e-05	0.04538796493903628
DLBCL10993	0.999818860876781	1.2398553596480716e-09	6.363484374512746e-08	0.00017929300299034042	1.7812455295982362e-06
DLBCL11519	0.5440549158439127	9.973328071026298e-07	2.4596436548782016e-09	0.45594406325964487	2.110399165984599e-08
DLBCL_RICOVER_945	0.9968111060695576	0.0010209786899221828	9.273026832806736e-06	8.571529411054495e-05	0.00207292691957689
DLBCL_RICOVER_533	6.5940105275289325e-09	0.9999993414251271	1.8206818331057394e-07	4.6897999041130567e-07	9.326886088462659e-10
DLBCL10903	1.4086765949592532e-07	0.9998938188413056	8.59525557842842e-05	4.684836961512652e-08	2.00408868810345e-05
DLBCL_DFCI_DLBCL_GOE05	4.782502120854257e-08	0.34356350913773737	8.85106399462739e-08	2.722018621898337e-08	0.6564363273064152
DLBCL11673	0.00015764664206259377	0.9894512949439171	0.009702471890597242	5.412222556817554e-05	0.0006344642978548703
DLBCL_LS146	4.111608962580384e-12	0.9999999972760496	2.4938213078227004e-09	3.522735308353286e-13	2.2566520825931684e-10
DLBCL10517	1.2388369251385282e-07	0.9834195388910422	0.016529092825508556	3.295595293557355e-05	1.8288446821233965e-05
DLBCL11204	0.8636734685287524	0.12732699993234858	0.0008682451233022328	0.00015952501535493443	0.007971761400241912
DLBCL11436	0.06819595050541227	0.5026997420229762	0.0025202464205511454	0.04974134485106631	0.37684271619999415
DLBCL_RICOVER_467	7.578143956475011e-18	0.07147752554441189	7.889546220272331e-14	4.0699713829757963e-19	0.9285224744555092
DLBCL10922	5.978860630626557e-06	0.9999925971143662	5.93219399044359e-07	7.194722546446878e-09	8.236108816163907e-07
DLBCL_C_D_1117_NULLPAIR	0.014589821927463652	0.34969394672138	9.377713521825366e-06	0.6357067508716847	1.0276594984753537e-07
DLBCL11188	1.7149965261280697e-09	0.9999997098385007	5.5728722949084773e-08	6.542577312665734e-09	2.261752024844234e-07
DLBCL10871	0.1351256896914627	0.8253392278955518	0.0061804234640125445	0.0006981469577595892	0.03265651199121337
DLBCL10549	2.9305845365354263e-08	0.4141126237979833	0.5858862071724822	1.0840049646518951e-06	5.571872460559952e-08
DLBCL10885	0.002482021488171807	0.24863738188174211	1.424851156979926e-08	1.1309361970763593e-07	0.7488804692879548
DLBCL_C_D_1118_NULLPAIR	0.09479414004770975	0.8659845714987465	1.5752694084124664e-09	0.03921956091733053	1.7259609438135948e-06
DLBCL11456	0.00028894301407235347	0.9971825058898848	0.00014044801751162902	0.002368009586553129	2.0093491978122472e-05
DLBCL_LS2089	1.7187405602375843e-13	0.996551325296254	1.7410154120649513e-14	3.6208673617092397e-16	0.003448674703556354
DLBCL_LS2245	3.313399501146395e-08	0.9995564846248688	0.0004434676768966505	2.818064413000161e-09	1.1746175135629095e-08
DLBCL_LS3245	9.73170805492431e-16	0.5901651468953405	0.4098348530955239	9.106623675664937e-12	2.7955528556361646e-14
DLBCL10962	1.4858417592570236e-05	0.996582483385127	5.650349364504705e-07	7.677639063392747e-07	0.0034013253984376446
DLBC_FF_8043_TP_NB	9.156347509527272e-08	0.9999894026523232	5.491551651561951e-06	1.0450229166262163e-07	4.90973025851303e-06
DLBCL_LS4054	0.0052801403324436	0.9903303062425963	0.003582636782682463	0.0007536858961451755	5.3230746132462174e-05
DLBCL10452	3.1984956484392296e-06	0.9947832877886522	8.518570030362494e-06	9.100664860421308e-10	0.005204994235602512
DLBCL_DFCI_DLBCL_GOE07	2.0392909843681176e-06	0.9998243930520048	5.453131147051156e-05	3.5210354942009815e-08	0.00011900113518541147
DLBCL10503	0.01326417908923366	0.8690428978706999	0.10564353638872483	4.909579899114059e-05	0.012000290852350512
DLBCL10512	6.237684973527112e-05	0.17982936576048647	0.81817024128886	0.00032020125159655305	0.0016178148493216614
DLBCL11670	2.686850692352071e-16	1.6708284907401033e-08	0.9999999832687804	2.2500968185432907e-11	4.334876998391877e-13
DLBCL11590	0.49190040384548867	6.45261872975925e-05	0.5049429986997438	0.003091919332448959	1.519350210775851e-07
DLBCL_RICOVER_978	0.9994017850795027	1.4708437165115007e-09	8.649626924308934e-06	0.0005887796564040626	7.841663251888967e-07
DLBCL10910	0.008807515989676726	0.02760575532561585	0.813703171498142	0.14378803120454195	0.006095525982023482
DLBCL11656	6.523015355486699e-12	6.957848047273294e-11	0.9999999997195602	1.749155539846939e-10	2.9422732694445144e-11
DLBCL10472	0.0015660201921326084	6.334785530769593e-06	0.9529830388960223	0.04544460194854718	4.177767143756208e-09
DLBCL10465	2.1364864664373093e-15	8.241148635530921e-08	0.99999991758776	7.505109110194438e-13	1.0295415320789207e-15
DLBCL10856	0.2143687554828642	0.0012780436011206437	0.10689926671239228	0.006785545164791452	0.6706683890388314
DLBCL11566	2.0859967279123142e-12	0.00023844131115896184	0.999761538628334	2.0058163626696774e-08	2.574697690120304e-13
DLBCL_RICOVER_577	2.2909825404758804e-06	0.00046963157314463096	0.9995219939053869	6.026170745418021e-06	5.7368182602367394e-08
DLBCL_LS2599	5.657649353213634e-11	2.063365229625919e-06	0.9999968575356784	1.0790424155462735e-06	9.998250333867971e-14
DLBCL11515	0.0001829373019298514	0.36691492885441224	0.5933757963062228	7.718005688223897e-07	0.03952556573686621
DLBCL11528	0.02237115528215898	0.03751454803875012	0.9117591394858735	0.028351533488187287	3.6237050301200677e-06
DLBCL10936	0.12886795814063037	0.3692570683549337	0.2479702411254297	0.06309849053865266	0.19080624184035364
DLBCL_RICOVER_408	3.532562308433434e-06	0.2751727591012707	0.7232688242781452	0.001554849573773223	3.448450241184602e-08
DLBCL_LS4616	1.8826427150448785e-13	0.018787575214038593	0.9812124205290532	4.240117626135367e-09	1.66023519634363e-11
DLBCL_LS762	0.0005159507647361068	0.018900191116656168	0.9452451090581883	0.0006326497704520771	0.03470609928996743
DLBCL11667	1.6553137818486487e-11	2.6436392749620018e-09	0.9999999972312492	1.0855036531412453e-10	8.006104309917319e-15
DLBCL_LS2357	1.043457422331975e-09	5.927025153270129e-14	8.564765306742224e-11	0.9999999988708356	8.2975056718404e-17
DLBCL_LS3499	0.03046909669795802	0.010737529160497864	0.01825149987230477	0.9401259238953272	0.00041595037391217645
DLBCL11576	1.9658395507436088e-05	0.00015901119925111173	0.19763779466467138	0.802183535739748	8.220974816153597e-13
DLBCL10782	0.018906637958891366	1.847282895580101e-11	2.1774350811529665e-12	0.9810933620204584	4.1979961973999006e-17
DLBCL10565	1.06288756418277e-05	0.19073270114499788	0.8016202646970143	0.007635797145857779	6.081364882293755e-07
DLBCL_RICOVER_1018	1.1824040598659574e-08	0.004316406503582309	2.4287376253087773e-07	0.9956832577684114	8.103020319443099e-08
DLBCL10564	1.018685188700421e-09	5.794176571648235e-06	0.0005417962499827044	0.9994524085418416	1.2918874238962566e-11
DLBCL11437	0.0072366852713310415	1.6235259948396613e-10	9.918472707564462e-14	0.9927615057301196	1.808836097629909e-06
DLBCL10974	0.006441757913331842	7.093190558584308e-06	0.00064750270764444	0.991285345923192	0.0016183002652732064
DLBCL10927	0.0894584551645692	6.615995043177255e-14	2.4944585168998054e-12	0.9105415448305587	2.311493507628199e-12
DLBCL_RICOVER_274	3.157264536472972e-06	0.03726646466016006	1.991971957260154e-06	0.09184876236666732	0.8708796237366789
DLBCL11658	6.761386342695631e-07	1.787468482571198e-10	1.1601896009237778e-06	0.9999872888768762	1.0874616141801475e-05
DLBCL10552	4.0723553779019226e-05	8.164762268423199e-15	2.8513772639989587e-08	0.9999592479324402	1.2547247307304936e-21
DLBCL10553	0.00010951899901661615	1.5253128577571524e-06	0.3841968884466225	0.6156897236408264	2.343600676698595e-06
DLBCL11536	8.750369482699726e-07	0.997433559100418	5.106787607464925e-05	0.002490108180722645	2.438980583646587e-05
DLBCL11500	6.06967364065053e-07	2.8562457785658766e-09	7.829855061691518e-12	1.9276099414914475e-09	0.9999993882409504
DLBCL10530	1.5990297257772676e-12	4.464812835184371e-11	1.787959724365623e-19	8.063618541079934e-15	0.9999999999537448
DLBCL10951	2.0804437245684536e-08	3.55269333050474e-06	7.34871172731545e-11	2.840771166021325e-12	0.9999964264259044
DLBCL11353	1.385833226105723e-10	1.1566776790016885e-05	7.054858766217055e-08	5.184118793088691e-12	0.9999883625308549
DLBCL10534	1.48897115786835e-12	4.701441383190643e-14	2.4666626391271813e-20	6.678332518229748e-12	0.9999999999917857
DLBCL_RICOVER_850	7.717297462122911e-05	0.0004902840163614627	3.6871915122185066e-07	2.632245205364377e-06	0.9994295420446607
DLBCL10890	2.163205004618436e-07	5.772210867203557e-05	1.692721768223667e-09	8.465095739594237e-08	0.9999419752271483
DLBCL_RICOVER_1289	3.5379243776139373e-07	4.421715259873295e-11	5.082228896543373e-15	2.597561191006966e-06	0.999997048602149
DLBCL_RICOVER_1106	2.2504994892996453e-10	1.9037765094849985e-06	5.777523029835434e-13	1.864885034951878e-11	0.999998095979214
DLBCL_RICOVER_221	1.5556863438052063e-08	3.636937008426201e-05	4.232576115072975e-08	2.391916196489815e-10	0.9999635725080995
DLBCL_RICOVER_1248	1.308791500156119e-11	1.2882763253309517e-10	2.3744193754800958e-23	3.262502431889317e-15	0.9999999998580812
DLBCL_RICOVER_1278	0.0016945104494540118	7.48946186027225e-11	8.59713759864632e-12	0.10762563880625318	0.890679850660801
DLBCL10852	1.3287175888635248e-07	8.959202969096994e-08	8.47747264255973e-14	2.7281456801016983e-09	0.999999774807981
DLBCL10781	1.3133932082959818e-07	5.080572798628303e-08	2.0002405628394212e-09	1.7825860203927006e-08	0.9999997980288504
DLBCL10880	9.752377153880035e-06	1.3613103943081723e-07	9.310195688238601e-11	4.873447211155471e-07	0.9999896240539836
DLBCL10535	0.0014734996815013077	0.00018198538081324055	1.694889946308412e-05	1.485581787588687e-06	0.9983260804564348
DLBCL10909	0.03808241184968153	0.0004250476697544702	4.13414987909581e-06	0.07832284202194627	0.8831655643087386
DLBCL10921	3.465068640156042e-08	0.03613991108376299	4.12254817332206e-09	6.02413180172423e-11	0.9638600500827611
DLBCL11195	2.0639023239815228e-11	7.832055904623469e-07	1.871863194669675e-12	4.731777228251527e-08	0.9999991694541264
DLBCL11450	4.0114741311203616e-10	6.726158386317169e-09	2.3409669299271624e-14	2.378440628837906e-09	0.9999999904942302
DLBCL10895	0.0002640474724467551	0.4468480430831828	0.00039271495106136975	5.003075741520126e-08	0.5524951444625517
DLBCL_LS2208	0.0006484222108849734	0.18802454561211054	0.05771773146923688	0.0004006871895382003	0.7532086135182294
DLBCL10862	1.5220480190772778e-07	7.106091018324389e-08	9.70533742359117e-10	6.556617960906898e-11	0.999999775698188
DLBCL_RICOVER_314	0.00012275827411603458	0.2331249667013263	0.0219055386393044	0.0019912863046260467	0.7428554500806273
DLBC_FF_8042_TP_NB	3.3090296729359966e-09	0.8595388635526939	0.04546856586500184	1.70169300115796e-08	0.09499255025634448
DLBCL10883	4.7214974592805515e-06	6.149890259915128e-12	4.182650436099443e-12	3.140598063821612e-10	0.9999952781781484
DLBCL_C_D_1125_NULLPAIR	4.249798714092633e-14	7.556288474187161e-10	1.7777194218197583e-20	2.28330762201819e-13	0.9999999992441003
DLBCL_C_D_1144_NULLPAIR	0.07471781680902911	0.004027178838410118	6.617908580338963e-05	6.473989759746656e-05	0.9211240853691599
DLBCL11472	0.9434750065531099	1.603149583955507e-09	3.3947946500710847e-06	0.05652079957188158	7.974772089156052e-07
DLBCL11512	0.9999999830485936	4.022697509040184e-11	3.3383377273023893e-13	1.6910844569414552e-08	1.0114093120999907e-15
DLBCL11681	0.8744313974702818	1.3660171118001339e-08	3.4295166176047637e-06	0.1255650734528173	8.590011225790959e-08
DLBCL10482	0.9991923240658078	9.501720436580048e-07	3.656892706235722e-09	0.0006931070100352985	0.00011361509522051522
DLBCL_LS2154	0.3806749363941329	0.4719140820542985	0.004044373151760279	0.1010210841728029	0.042345524227005354
DLBCL11474	0.8762521157607062	1.612523188306632e-07	3.0825941776875424e-06	0.1235992181702742	0.0001454222225231349
DLBCL10968	0.9854862195952355	1.2277148455162132e-12	1.4593825505675118e-09	0.014510875990017606	2.902954136645542e-06
DLBCL11480	0.6117219202801639	0.044197143201520926	0.011939606850560412	0.027381117181728122	0.3047602124860265
DLBCL11486	0.9984236764208904	0.00035781996393626934	7.734511039138907e-10	0.00014563205535129677	0.0010728707863709738
DLBCL11435	0.9882988605690488	1.7032993105881695e-13	1.861081191130968e-10	0.011701139229816556	1.4856219315968398e-11
DLBCL10451	0.40837779345570224	0.0004726551587506144	0.5911495505150159	7.916385249722322e-10	7.889266864265036e-11
DLBCL_RICOVER_473	0.9998945374603235	8.797737060729541e-05	6.87280013573488e-07	3.5001962603493315e-09	1.6794388859341827e-05
DLBCL11205	0.9856112443228696	0.011554172092075122	0.0003501600845887825	0.0024843372908108056	8.62096557135436e-08
DLBCL11457	0.9999701058138988	5.8464791670014975e-15	2.34624746946201e-11	2.9894162419938402e-05	2.129608065162305e-13
DLBCL10969	0.9718952744067211	0.025208017934510926	0.0028882953433599025	7.5652761828290255e-06	8.470392252291267e-07
DLBCL10490	0.9856536471536416	7.412482452700059e-08	9.938003770071769e-10	0.014166747933307137	0.00017952979442643354
DLBCL10486	0.3253421065812976	0.19139501995870878	0.003555479306161179	0.0007032123980932226	0.4790041817557393
DLBCL10458	0.999999999998258	7.039811795315963e-16	1.6555509477910114e-12	8.338939508312273e-14	2.4066238856721897e-15
DLBCL10972	0.9966317089096208	3.019076399820827e-05	6.709291931043763e-07	0.0024334719970100093	0.0009039574001778596
DLBCL_MC_F262_WLC	0.9999995670138344	2.7019784302000754e-08	5.615395539995349e-12	1.16226568834323e-07	2.8973419705642687e-07
DLBCL_MC_F307_JPS	0.7341653902946403	0.03143949407799312	3.4044568374187865e-05	0.22208417971891778	0.012276891340074541
DLBCL_LS378	0.9999999740794284	1.9141248515894792e-08	6.65532908412363e-09	7.959225624986192e-13	1.2319805543890148e-10
DLBCL10957	0.9916575865633471	7.290981655308874e-05	0.00020304924648323664	0.00758395791195789	0.000482496461658682
DLBCL_C_D_1105_NULLPAIR	0.35249250646603775	0.5144439822967437	0.00012027891268250808	0.00022589631287149375	0.13271733601166458
DLBCL_RICOVER_174	5.217515152717291e-16	0.9999999995312215	4.687759242041236e-10	2.1626384880873455e-16	1.7982744929425024e-15
DLBCL10985	0.004962003079061552	0.5029171721321032	0.0003681832852026474	0.4917507089214221	1.932582210619701e-06
DLBCL_C_D_1126_NULLPAIR	0.012581910872087675	0.9052964560447704	0.06951810552156039	4.626526799418607e-06	0.012598901034782185
DLBCL10834	0.0	1.0	0.0	0.0	0.0
DLBCL_RICOVER_1210	1.440547083436049e-08	0.9682418672277239	0.031754136798334616	3.769994997144461e-06	2.1157347350471782e-07
DLBCL10906	8.841131750466801e-07	0.24305619287551725	1.2293414023146281e-06	5.624839419173872e-10	0.7569416931074214
DLBCL_RICOVER_299	1.0281288242690015e-17	0.9999787407743937	2.1259225559746158e-05	1.051653569070051e-16	4.639005065510114e-14
DLBCL10502	5.975146159397873e-08	0.9043839566195322	0.09561421389829977	1.7519483924438439e-06	1.778231403944382e-08
DLBCL10954	8.521379576724116e-07	0.9895166084789832	6.170195054367566e-05	1.112056776717325e-08	0.010420826311947764
DLBCL_RICOVER_253	1.5553151651973908e-19	0.9999999999999661	1.711759696408783e-14	5.30579931334811e-21	1.674404444966371e-14
DLBCL_RICOVER_1060	0.0045645163728592715	0.9244526954936317	0.003991068930878893	2.7740486629815015e-05	0.06696397871600027
DLBCL_RICOVER_1165	7.694908095587774e-05	0.9984158572721624	0.0002547870131583605	3.3259341397639948e-09	0.001252403307789205
DLBCL11003	2.052055476273792e-05	0.9987577406131434	3.951226882203738e-05	5.230519282931203e-09	0.001182221332752571
DLBCL10780	4.986084638696202e-12	0.1216817873717455	0.8783181997088347	1.2061324988447017e-08	8.531086970876562e-10
DLBCL10934	8.546996083855351e-07	0.991791159821573	1.4337712008245552e-07	4.750547610725826e-09	0.00820783735115099
DLBCL_RICOVER_496	4.038746113688233e-06	0.9825304157886864	0.017326992556172368	0.0001044453773643893	3.410753166321746e-05
DLBCL_C_D_1119_NULLPAIR	0.0022019616658997473	0.9977976142947884	3.9829390577773076e-08	3.8336630814504244e-08	3.458732904507294e-07
DLBCL10460	1.2744964145108765e-07	0.99790737720999	0.002086109557703742	2.9230407513530447e-09	6.382859624051521e-06
DLBCL10850	4.737549852410871e-09	0.9999999878330148	2.4196624830986588e-11	3.934557935596364e-13	7.40484526409084e-09
DLBCL_LS1668	4.808542110581274e-10	0.014317630486163673	0.9849744822634886	0.0007017381975096252	6.14857198392816e-06
DLBCL_C_D_1131_NULLPAIR	2.697213860949566e-09	0.9988328493924046	4.642391129602059e-09	2.6524115152954157e-09	0.0011671406155789215
DLBCL11484	0.0002500752698520148	0.959590280518341	0.0021792369362960305	0.0001769441800880676	0.03780346309542283
DLBCL10483	7.183353167323817e-15	0.9999078971785236	9.210137155909266e-05	1.2988379321686883e-15	1.4499088506380698e-09
DLBCL11449	0.0001921469587981763	0.5260463914994349	8.809705456103187e-05	3.3210094940562894e-05	0.47364015439226537
DLBCL_MC_F064AB	3.3245300582398723e-09	2.8123670777673406e-06	0.9999450220026331	5.214493848230233e-05	1.736727673962253e-08
DLBCL_RICOVER_522	1.528533523996665e-11	3.8119688925056685e-08	0.9997159884356955	0.00028397342933020233	3.1573634273014624e-18
DLBCL11441	0.5783632891759474	0.0004049959595033799	0.1631818355049263	0.034907258624012394	0.22314262073561053
DLBCL10459	5.882520195238178e-16	4.9985534770437934e-08	0.9999999500019684	1.1058760052890436e-11	1.4374850279919986e-12
DLBCL10498	3.457434298017062e-17	1.9134576359170156e-11	0.9999999998728741	1.0799125242859799e-10	2.0279878686063677e-18
DLBCL_MC_F349_BJJ	1.0925184194013084e-12	5.126944788839805e-07	0.9999994872703624	5.406025851851585e-12	2.866020790527669e-11
DLBCL_LS155	2.171612916333263e-13	1.5480939691024394e-10	0.9999934174540663	6.582390894000963e-06	1.3105217082314823e-14
DLBCL_C_D_1112_NULLPAIR	5.596743244480866e-05	0.1504072458255985	0.8493488762391075	0.0001214658619686601	6.644464088052016e-05
DLBCL_C_D_1113_NULLPAIR	2.482072630095745e-05	0.0002408854577281619	0.9996891489618802	4.5121135891573646e-05	2.3718199093851656e-08
DLBCL_LS1098	1.4098013205005197e-11	8.515619839184712e-10	0.9999998548953352	1.4423900483657089e-07	5.607761381028386e-18
DLBCL_C_D_1133_NULLPAIR	5.237115933624529e-08	0.029625761535292984	0.9703705859126779	5.336749053492798e-08	3.546813379232489e-06
DLBCL10523	7.118586639734268e-11	2.769268993218062e-14	0.9999880671865856	1.1932742200824586e-05	4.155443380097316e-20
DLBCL_RICOVER_744	1.4934557827607218e-10	7.038544852889297e-10	0.999999999144225	2.5719048536688804e-12	3.0379955371996176e-15
DLBCL11675	1.1548639138933493e-10	1.3870253918630603e-13	0.9999999963737319	3.510125755668089e-09	5.172140090640996e-13
DLBCL_C_D_1141_NULLPAIR	1.3935539674852797e-12	1.0049698792143441e-05	0.9999899501842828	1.0993390542973873e-10	5.597569638435806e-12
DLBCL_RICOVER_216	0.06503431891640446	0.2824485295709944	0.283447184375139	0.00458352192299425	0.3644864452144679
DLBCL11526	0.004680645160491493	0.00028193685769290497	0.9949634706068684	7.394720704544805e-05	1.6790176281639863e-10
DLBCL11666	6.918639264773191e-17	1.1340932279352505e-10	0.9999999998865495	4.074171634540794e-14	3.375434105330195e-16
DLBCL11458	0.0013418299063263917	0.0658749898385867	0.9327730018949077	3.924648100371264e-07	9.785895369097384e-06
DLBCL_RICOVER_1061	8.536258420248251e-07	1.9847515610335275e-19	1.1253762865620235e-11	0.9999991463629042	8.924933485523216e-21
DLBC_FF_8062_TP_NB	0.0020333106467530855	1.5673966894307963e-07	4.390886140212283e-06	0.9979621417131854	1.4252340476251258e-11
DLBCL11002	0.00031818009787716025	1.571113385949814e-07	1.6468703601437084e-05	0.9996651940862844	8.984053755821352e-13
DLBCL11433	0.1373599710453499	3.064301228313443e-07	5.6748100607955816e-06	0.7093395440612598	0.1532945036532068
DLBCL11447	4.00664112201599e-06	1.7312255387023637e-12	3.934834305378929e-12	0.9998011457332999	0.0001948476199120017
DLBCL_MC_F139_LJF	7.13515685747901e-08	3.75998775127588e-14	3.3349504594565224e-09	0.9999999253134432	1.938391825007426e-16
DLBCL11527	4.997451598035522e-07	3.716654036384408e-07	0.019167080487001827	0.9808320467418912	1.3605436102042783e-09
DLBCL_LS2590	0.00022316627605445017	2.1954046005989703e-10	3.2751495891639136e-06	0.9942192509722084	0.005554307382607517
DLBCL10539	2.4509466669200264e-05	0.8505016153364909	0.0002488528093826314	0.14778350294566373	0.0014415194417934738
DLBCL10965	0.0018314415345727236	8.365512046763518e-14	5.004855940256625e-08	0.9981685013926503	7.0241338811485044e-09
DLBCL_MC_F218_RAP	0.2240065810115124	1.4847715880597608e-05	0.0006666355305259872	0.7753119156786782	2.0063402758619028e-08
DLBCL11460	6.024676989144586e-07	1.3990102590272737e-11	4.920271527607233e-11	0.9999993912663839	6.202724337511062e-09
DLBCL_C_D_1109_NULLPAIR	0.015186706346215927	2.618669146255525e-09	2.1126244681806504e-10	0.9848132264510986	6.437275393226133e-08
DLBCL_RICOVER_701	0.0016922408401159464	1.433411952276983e-08	1.471880884377768e-05	0.9982930259899379	2.6982903373812608e-11
DLBCL10863	0.0037633287809721336	6.290847764724387e-10	1.8137417778751078e-11	0.21900392543110367	0.777232745140702
DLBCL11206	6.363212402303056e-07	0.7387989853690421	1.8011240589898343e-05	8.935796421804383e-08	0.2611822777111635
DLBCL10901	1.3585066255421015e-06	1.452007715683107e-07	2.3604010640638653e-11	2.2004891402045105e-07	0.9999982762200849
DLBCL10860	1.4280286193847213e-11	4.3679801232159956e-08	6.451228453854193e-12	3.9851533308552654e-10	0.9999999559009519
DLBCL_RICOVER_1032	1.8191047715787125e-15	5.364936364907935e-07	3.295753862617506e-16	1.762286084935073e-15	0.9999994635063596
DLBCL10908	0.054647784373876206	0.4366309137105218	0.2120948233855005	0.024157773629855214	0.2724687049002463
DLBCL10999	4.010387382333474e-11	4.026300432933929e-11	2.7156176086787052e-14	2.0334555303940193e-06	0.9999979664640756
DLBCL10930	0.0013966441623299967	9.088406426685797e-06	6.239723497745105e-12	5.568452801226805e-06	0.9985886989722024
DLBCL_RICOVER_506	1.1901953140634006e-09	0.10740066980566372	1.356962410637235e-11	5.197487312700048e-10	0.8925993284708226
DLBCL_RICOVER_712	4.173410059544091e-07	2.7617345215020446e-05	6.424119883930862e-07	1.9588436256107935e-08	0.9999713033133544
DLBCL_RICOVER_956	9.58365503899937e-06	0.024588129861636634	2.6891358836389216e-05	1.7111714668045787e-05	0.9753582834098199
DLBCL10990	1.1336953522302856e-09	1.3846230899350862e-05	8.623346118071917e-11	1.1634086468191241e-09	0.9999861513857632
DLBCL10925	0.015427868123103306	0.0008769437556688048	6.32537695436994e-09	0.001823364461086621	0.9818718173347644
DLBCL10857	8.190392836757354e-06	3.970055151082416e-09	1.0448090819301555e-12	8.314194364224794e-07	0.9999909742166269
DLBCL11538	0.11266134504941268	6.336669648289297e-06	0.15300490273663023	0.7340980134007674	0.00022940214354133937
DLBCL10902	9.741805845603151e-06	0.00012244958804473504	6.911291763829084e-07	3.8708955300045455e-08	0.999867078767978
DLBCL10889	3.1784158347580985e-10	1.1494092668403871e-11	9.095288759828532e-12	1.2975144142596348e-09	0.9999999983640546
DLBCL10842	2.078556577679616e-09	2.0500381502369896e-10	1.3578500186373406e-11	4.656707161646303e-09	0.999999993046154
DLBCL11504	0.7243219810023505	0.0005478417579346235	0.0006683184049369335	0.052040838240597714	0.22242102059418026
DLBCL10963	0.0007448435114550963	0.11731884330712528	2.1615923675729826e-08	1.2863348989351342e-05	0.8819234282165066
DLBCL_RICOVER_720	8.380128951933931e-11	0.03754211824267833	1.4695792275355657e-12	7.742483544339902e-15	0.962457881672043
DLBCL_RICOVER_773	2.25037168509919e-08	0.014328105456157453	2.9964612528967207e-07	2.0657970513122898e-10	0.9856715721874207
DLBCL10532	1.50831258610366e-05	4.687630424783864e-06	5.793285980310535e-07	0.00017272182884378723	0.9998069280862724
DLBCL_RICOVER_1192	2.144538099017873e-10	8.474353392527283e-06	5.137120218455426e-14	2.5121232974872584e-10	0.99999152518089
DLBCL10980	2.7324435755516424e-08	0.013358106836463528	1.8010999089805204e-08	4.0037948792996885e-08	0.9866418077901529
DLBCL10977	4.675940150060621e-06	1.702010994996822e-08	1.4674326719504614e-08	1.40096136013824e-10	0.9999952922253171
DLBCL11000	5.0807678303090495e-12	5.4526336808181795e-09	5.035880969860661e-14	5.990418573535258e-12	0.9999999945362448
DLBCL10898	0.00017922899201338314	0.009232581020902682	1.5057309636491578e-07	5.6900103571946156e-08	0.990587982513884
DLBC_FF_A7CX_TP_NB	0.9604041154189007	0.0010001206969996025	0.021739133585993935	7.174469532000393e-07	0.01685591285115257
DLBCL10877	0.7785562110990646	0.031416345097320435	0.15872939563761648	0.020990864016586404	0.010307184149412028
