	0	1	2	3	4
DLBCL11472	0.4820425334819956	0.20824820117906806	0.06290624949792031	0.14920926330615822	0.09759375253485787
DLBCL_MAYO_DLBCL_3653	0.1290716162674884	0.5336394224350735	0.10926147825929586	0.04729976250996433	0.18072772052817804
DLBCL_C_D_1130_NULLPAIR	0.9980789849276328	0.0009286948836144918	2.024347820059643e-05	0.0009667352227324553	5.341487819685368e-06
DLBCL10993	0.9864935417700923	0.002235482177764357	0.003742662060449184	0.005172755473526499	0.002355558518167646
DLBCL10935	0.6680805366095874	0.3205592103745233	0.001983309158225933	0.008076722172217252	0.0013002216854460966
DLBCL10869	0.06915791887300647	0.7383012355693583	0.0946057113418137	0.005365042604100566	0.092570091611721
DLBCL11486	0.9940881055756029	0.00315481613035553	0.0008640772178040617	0.0010400646221992674	0.0008529364540381887
DLBCL11512	0.6549541217855702	0.001705250005468882	1.8406834600877856e-06	0.3433387329767042	5.4548796628589273e-08
DLBCL10896	0.9674318380588293	0.009794716494157831	0.0010997552967396498	0.02119716136754482	0.000476528782728387
DLBCL10997	0.4976603140557528	0.0034945726016980243	0.005105511169000048	0.13012429705917958	0.3636153051143695
DLBCL11652	0.3080489323692303	0.40623746463327726	0.18440510248659447	0.004830535176694928	0.09647796533420303
DLBCL10969	0.24820456826636345	0.3894108058862963	0.31474555814377503	0.005365945213972721	0.04227312248959258
DLBCL10971	0.0167125388054541	0.7599687482674705	0.01656037704543561	0.00547264544746202	0.20128569043417777
DLBCL_RICOVER_338	0.2318960477075869	0.04512052017055356	0.04780404341262254	0.6615937411093766	0.013585647599860405
DLBCL_LS378	0.9905336472639401	0.008917936571309397	0.0004561604239983566	5.96063513645978e-05	3.264938938753768e-05
DLBCL10509	0.8849636178968759	0.10255129169919792	0.0027375310294529198	0.008652698238891407	0.0010948611355818267
DLBCL11477	0.9965731971858012	0.0020094656482814574	0.0004991911141491965	0.00016577534837794894	0.000752370703390237
DLBCL11473	0.9118214497924286	0.014855390268501098	0.00038384586972435667	0.0728407157991444	9.859827020144226e-05
DLBCL11474	0.9832882782107693	0.00013213200071740875	0.0003089153569427146	0.01604599699796483	0.00022467743360576507
DLBCL11480	0.3579889977765758	0.2663970976594953	0.12096985266636935	0.00602941255869421	0.24861463933886535
DLBCL10957	0.6524531058513536	0.07575650961101679	0.12059716851619548	0.14361677534798423	0.007576440673449817
DLBCL10918	0.9900477563642481	0.0008563402012553953	0.0006088469481768433	0.0013350498786638433	0.007152006607655779
DLBCL_LS1757	0.9990126411214013	0.0005571643874535447	9.209405040467713e-05	0.00031994695060442616	1.8153490136048085e-05
DLBCL10495	0.9638909191578238	0.03441999543269782	0.00017962348447595706	9.630246684235645e-05	0.0014131594581601322
DLBCL11484	0.0192905619089159	0.8200198021220414	0.028387237185784415	0.0019663594722854733	0.13033603931097282
DLBCL_C_D_1136_NULLPAIR	0.0016850932553845095	0.9367457778778048	5.719108515848131e-06	7.513509591257816e-05	0.06148827466238232
DLBCL_LS1668	0.00013394924677435474	0.025093862642545546	0.27115606248901136	0.7003971656333797	0.003218959988289024
DLBCL10873	0.0074631985751572915	0.027036693943917427	0.0012181478318571508	0.9636323532525654	0.0006496063965027329
DLBCL10885	0.08094967373308498	0.06895032394768985	0.0003932537708171762	0.0006972724574235049	0.8490094760909845
DLBCL11673	0.011056700482559485	0.9404282870489291	0.00985983024881802	0.02683094604853439	0.011824236171158978
DLBCL10903	0.0011854942344513228	0.9919657100132214	0.0031141204359255545	0.00020920233798091818	0.0035254729784208244
DLBCL11436	0.022202499418987404	0.867821042478712	0.012735321869471766	0.008066214291681913	0.08917492194114701
DLBCL_RICOVER_467	0.00039855719710039	0.9493604039359959	8.348732866008797e-07	0.0001439447477899535	0.05009625924582714
DLBCL11188	0.0002185392067626451	0.9986033140638513	0.00012600337563152824	0.0004649622977280742	0.0005871810560264378
DLBCL10849	0.004993643895221148	0.06389645228725276	6.03073956442221e-05	0.00018044552530498833	0.9308691508965768
DLBCL10834	0.0022343871652553875	0.9977517632061991	1.1644128885456825e-06	1.2606096277013174e-05	7.911937994171889e-08
DLBCL_RICOVER_401	0.0004985225139022867	0.4183152264272366	0.5810368116639192	0.0001355556403026787	1.3883754639226304e-05
DLBCL_RICOVER_1060	0.01776426550889721	0.6174679008420315	0.013566950270792008	0.0019497849877026425	0.34925109839057655
DLBCL_LS2089	0.0002796086327379728	0.9673863191768713	3.7328246428895106e-07	2.3154018094010992e-05	0.03231054488983243
DLBCL_C_D_1118_NULLPAIR	0.769713044536172	0.18431762665201978	0.0005561975689489066	0.045272482880787245	0.00014064836207215058
DLBCL11203	2.5525206583860953e-05	0.987502391324704	1.0803999286879466e-06	0.012462465966819427	8.537101964040867e-06
DLBCL10907	0.2852384010323738	0.408645865981843	4.195388129479153e-05	0.3058460249671434	0.0002277541373449939
DLBCL10954	0.039581774094734755	0.6618264736590489	0.0017859246471330194	0.0059929675641164715	0.2908128600349669
DLBCL_RICOVER_533	0.00526131179571553	0.893105141474415	0.010692590574350729	0.08817063384585165	0.00277032230966712
DLBCL10934	0.026105251625920135	0.573428194036914	0.00038155564926957056	0.3384310495375208	0.06165394915037555
DLBCL_MC_F500_ECU	0.006948261784821944	0.8562571866249159	0.006675762773137793	0.0022328908255070685	0.12788589799161726
DLBCL10480	0.3405545131144322	0.6458883764228176	0.004325449870456596	0.0021005315635817747	0.007131129028711821
DLBCL11003	0.015421484158820479	0.07047394781210801	0.001332190189454977	0.0010397081998388285	0.9117326696397777
DLBCL_LS3204	0.04638625210984405	0.7692376698703995	0.04330202728520124	0.12316815980856104	0.017905890925994133
DLBCL_LS1395	0.00034277440323769964	0.05329149511895489	0.945776690753645	0.00015871868329589683	0.0004303210408665036
DLBCL11669	0.000447744173380048	0.000739929339503233	0.99823899275237	0.0005295725459158102	4.37611888308115e-05
DLBCL11541	0.028419825331858637	0.47075877456111587	0.1882985130321014	0.00876751377863179	0.3037553732962923
DLBCL_C_D_1141_NULLPAIR	4.988058692679549e-05	0.0015533484776818615	0.998267424794659	7.832433102062931e-05	5.102180971169132e-05
DLBCL11469	0.007838437475965056	0.2880120432720782	0.5981051587268738	0.0008092827803136298	0.10523507774476931
DLBCL11458	0.7482142832134415	0.18223134968223323	0.06197177374761641	0.004762851508289259	0.0028197418484196667
DLBCL10554	0.03554541850463216	0.0020289862813419875	0.9064972841708162	0.05501483082921824	0.0009134802139914014
DLBCL11670	0.00014867398632311784	0.002684952225749099	0.9965377621816163	8.619096639050618e-05	0.0005424206399210538
DLBCL_LS2325	0.0003523675143687109	0.16598426955310178	0.8327288428107191	0.00012756482320168066	0.0008069552986087193
DLBCL10459	7.3548346627460175e-06	0.00032282679477627156	0.9994962189949782	9.817349941245982e-05	7.542587617035799e-05
DLBCL_LS4593	0.0032746452838515222	0.05507061351173306	0.9330272304214976	0.005074396981206802	0.0035531138017109716
DLBCL_LS4616	6.892881076545586e-05	0.017066843156839887	0.9814695734523146	0.0013282463701878935	6.640820989220494e-05
DLBCL11515	0.08156847222961142	0.15017969581058146	0.43228828292362986	0.011982482640192478	0.32398106639598484
DLBCL11525	0.00762218025999767	0.016690823674094194	0.9653385328525813	0.010163396769368793	0.00018506644395802378
DLBCL_RICOVER_320	0.04126027403484283	0.7712851790671558	0.13639305210871308	0.007371171896971052	0.043690322892317265
DLBCL11656	0.0001628553904066202	0.0001447492988703486	0.9994896820231403	0.00013061170549528316	7.210158208749942e-05
DLBCL11566	0.0002822778211507934	0.07570619611116669	0.9223953392242493	0.0015716752963437634	4.451154708941595e-05
DLBCL11439	0.054944684205277684	0.01186681772369677	0.8706244661177013	0.062013308120493285	0.0005507238328309715
DLBCL11468	0.1618853928107863	0.2040721520489468	0.16832097471271112	0.4143389659058547	0.05138251452170104
DLBCL10564	0.000189220879174216	0.0006654350357795763	0.04269257005468255	0.9563910100744595	6.176395590418148e-05
DLBCL_MC_F218_RAP	0.8902260949034438	0.0028731416776592183	0.004219370716404088	0.10259537162052527	8.602108196762863e-05
DLBCL10965	0.009294359696956122	0.00014985616624111972	0.0002966646489040939	0.9897908673477398	0.0004682521401589077
DLBCL10973	0.11100224701373268	0.19104180483968192	0.5815627184240934	0.04925215572429362	0.0671410739981984
DLBCL_LS2590	0.023011936071253035	0.0015751503570880497	0.0014990975712231049	0.7115473911105658	0.26236642488987
DLBCL10527	0.006694125088296734	0.05695223252828766	0.0030889744113625247	0.9194329740169173	0.013831693955135763
DLBCL10927	0.035667502481008986	3.040064615074962e-05	1.064859811584533e-05	0.9642914345116957	1.3763028701181487e-08
DLBCL_C_D_1115_NULLPAIR	0.0880310994654956	0.6694367681461061	0.03808038540245743	0.1799450355583467	0.02450671142759415
DLBCL11471	0.12398863326330382	0.5815306761072789	0.0917370580839168	0.1143149061229779	0.08842872642252259
DLBCL_C_D_1109_NULLPAIR	0.09125416591239248	0.0121140732150127	0.0017531073234628516	0.8818477138803935	0.013030939668738476
DLBCL11467	0.06258161453538294	0.6974008480435498	0.08241979234958366	0.007925341594650347	0.14967240347683317
DLBCL_RICOVER_151	0.00027471565575194366	0.01711468663983835	1.8386246881520408e-05	0.982569343440927	2.2868016601235725e-05
DLBCL10544	0.0	0.0	0.0	1.0	0.0
DLBCL11564	1.1031515050870256e-05	3.3269062381231124e-05	7.689056630274269e-07	0.9999545340277953	3.964891095060597e-07
DLBCL10970	0.016503557994062064	0.9238918310153745	0.021901796353537097	0.02579067928914772	0.011912135347878631
DLBCL_RICOVER_701	0.02669839820217143	0.0312229030532429	0.0069829771589047795	0.9328046544256554	0.002291067160025505
DLBCL10550	0.007837106991227213	0.004559858669812096	0.00037614817253549135	0.0008469427845737741	0.9863799433818514
DLBCL10837	0.13734204879176956	0.028107690047768752	0.07911693911296874	0.10971073273946504	0.645722589308028
DLBCL10915	0.06806694823335555	0.11594072821489775	0.0033554973545792148	0.0012656242202989194	0.8113712019768686
DLBCL10902	0.0038538563072043424	0.0067412694134882795	0.00026270076201136394	0.0002864162357880244	0.988855757281508
DLBCL10880	0.005040194663352536	0.0011712053348286989	1.6593870042731452e-05	3.3016340360786323e-06	0.9937687044977399
DLBCL_RICOVER_773	0.014035938078762846	0.16463031852039306	0.011127966023944322	0.0004827563862525922	0.8097230209906472
DLBCL_RICOVER_1289	0.0011948135577669022	0.00027145773409634904	0.0003493610969417241	0.00531580162167056	0.9928685659895244
DLBCL10899	0.005958178179321116	0.000264483962749233	7.500444248565238e-05	0.1264530369626636	0.8672492964527804
DLBCL10901	0.010958818437582132	0.03633234103229009	0.0009369601295944213	0.0033098647020338764	0.9484620156984995
DLBCL11195	0.0038277410499040375	0.33152613128689523	0.00011153005546191056	0.009176888367374078	0.6553577092403647
DLBCL10864	4.6333467623219564e-05	1.6846550643170808e-05	3.409712796335628e-07	5.123634994687865e-07	0.9999359666469545
DLBCL10980	0.007118483893793861	0.4339859763218697	0.0028649594171310327	0.000990647729030338	0.5550399326381752
DLBCL10889	0.0009281086815962566	0.0005987284969188051	4.8370727563726035e-05	0.000864311190777057	0.9975604809031442
DFCIDL004_DT	0.46792652146660757	0.03188539616897807	0.04237428748606117	0.25013660534194576	0.20767718953640743
DLBCL10999	0.00014149459731335382	0.0001813119060036523	4.691482971628175e-05	0.062163674881915994	0.9374666037850508
DLBCL_RICOVER_1190	0.8316262487858911	0.08662605456690083	0.06160177955649424	0.0013714429613882822	0.018774474129325557
DLBCL10781	0.007724844900463129	0.011664335442222278	0.0005446707144802992	0.01739223600849575	0.9626739129343386
DLBCL11495	0.0753866670126021	0.03033404627553209	0.0030431426323399165	0.06336762095973439	0.8278685231197915
DLBCL_RICOVER_417	0.000544134649820797	0.0005986261327631944	1.4990110537700303e-05	0.000542481420780445	0.9982997676860978
DLBCL_RICOVER_1032	0.0006432923600561139	0.007809045170518733	2.0680137617023985e-07	0.0010628452853007474	0.9904846103827483
DLBCL_LS3200	0.003436725005425797	0.2278334612964847	7.273332913732376e-05	0.0009161806067300163	0.7677408997622222
DLBCL10530	0.00015314033269712719	0.001596969542138251	2.2802727961337704e-07	0.0011242727004516736	0.9971253893974333
DLBCL10862	0.0034812264362425183	0.00600840567871476	7.752776963515909e-05	8.421913537030622e-06	0.9904244182018705
DLBCL_RICOVER_1287	0.016161155900543955	0.4140076722280467	0.008074576109156961	0.0024904744699969805	0.5592661212922554
DLBCL10848	0.048217087103225156	2.656936463701408e-05	0.0015996391878500289	0.006302166718191334	0.9438545376260965
DLBCL_RICOVER_850	0.0010975315935457055	0.0012520484481299272	2.5254183427142957e-05	0.001035401635441297	0.9965897641394559
DLBCL10457	0.011975789548675229	0.33209968186111544	0.012593181359635525	0.008260169206606266	0.6350711780239675
DLBCL10961	0.00022947286664379575	0.010793267619199106	1.5792705931197101e-06	0.012776249913351663	0.9761994303302123
DLBCL10975	0.9549358915062379	5.833338994270017e-06	1.951668163472953e-06	0.04502543064147799	3.0892845126398085e-05
DLBCL11537	0.9964303238862192	6.185130021797241e-06	1.3904772815143915e-05	0.0034826861789146396	6.690003202921306e-05
DLBCL_LS3809	0.9110779802449186	0.027700490987497748	0.0022173909165071996	0.00429045805996594	0.05471367979111051
DLBCL10462	0.9858823348369622	8.05846420707133e-05	0.0019120569667368775	0.011892485439257517	0.000232538114972717
DLBCL11662	0.994507818517289	0.00031022774745746734	0.00026731220950373534	0.0048690621049717765	4.5579420778027864e-05
DLBCL10913	0.919797679854329	0.05739508908117353	0.0006390600935654826	0.02197141225030862	0.0001967587206233754
DLBCL11454	0.968250219564321	0.0033366465631553158	1.390046566263784e-05	0.02839864769484144	5.857120195449635e-07
DLBCL10450	0.37030807626869566	0.07539284199212358	0.016164126479193356	0.48568673689081227	0.05244821836917515
DLBCL10914	0.13232793482132554	0.6183166727577187	0.12351758288668685	0.010303111327045195	0.11553469820722369
DLBCL10490	0.3337636492257952	0.3315839787880788	0.007427617992216582	0.25234207946447096	0.07488267452943824
DLBCL11429	0.9034964182454854	0.00011492517000458097	0.001035137205440326	0.09461871811302702	0.0007348012660426852
DLBCL11539	0.9529050891870532	4.160488768691062e-05	3.825026157245614e-06	0.04704947429889749	6.600205174624617e-09
DLBCL10492	0.9256999088746994	0.014285434601805666	0.0010022518171148092	0.0027107377067649655	0.056301666999615134
DLBCL10894	0.15417436995793776	0.829405308800327	3.0237186355240652e-05	0.016386960690295157	3.123365084811322e-06
DLBCL10986	0.3444435276644565	0.06626357941649133	0.03477382817626909	0.002366563540020979	0.5521525012027622
DLBCL10950	0.965033398263443	0.013401118917570218	0.0006464943293412251	0.02010682058356652	0.0008121679060789827
DLBCL11191	0.999137879546007	8.938272434050693e-07	5.204752771518167e-06	0.0008549857053431667	1.0361686348950094e-06
DLBCL10959	0.8822147524157977	0.009451550020363506	0.0037441657048607256	0.10403022463096856	0.0005593072280095174
DLBCL11434	0.7505396673176666	0.006201682684744161	0.0009517718845894734	0.24227697997391864	2.9898139081087593e-05
DLBCL10515	0.9940681888196682	0.0025397529067211016	0.00022688572545962433	0.0016043651214735855	0.0015608074266775316
DLBCL_RICOVER_945	0.7210651844886523	0.08202036110634554	0.049693857644737695	0.0656656938747871	0.08155490288547734
DLBCL11482	0.6921055027662958	2.2083872115646564e-05	0.020507323241057748	0.2873054869894151	5.960313111580658e-05
DLBCL11496	0.959647633451601	0.004466115005710884	0.02260696225670875	0.012301736993456982	0.0009775522925223948
DLBCL11565	0.0008065435224397806	0.749682934145301	0.0004603623460379042	0.24619268904014824	0.002857470946073103
DLBCL11679	0.35751280180330663	0.6398193966791328	6.843729150927509e-05	0.002595368236739734	3.995989311640438e-06
DLBCL10780	0.0008302869826836553	0.1999427333181084	0.7775415806857648	0.02108296106714297	0.0006024379463001315
DLBCL10983	0.0004873959450791096	0.9963520814210053	6.424582039309129e-06	0.0004568175989234216	0.0026972804529528977
DLBCL10988	0.0005652410766528381	0.9906040896330266	0.000722575225218616	0.0010958401514177673	0.0070122539136842224
DLBCL10981	0.003928639128633526	0.8825247064740178	0.0002672771057893426	0.11059577011469104	0.0026836071768683314
DLBCL_MC_F729_MAN	0.0019282777068787272	0.9918036293928458	0.0022719364165637466	0.0006187629034925198	0.0033773935802192223
DLBCL_RICOVER_299	8.178473362247642e-05	0.08912467007871294	0.9101687928671327	0.00044940324817707	0.0001753490723548132
DLBCL_C_D_1126_NULLPAIR	0.06739313177909494	0.8157310185490239	0.0041361985334824386	0.0008973690493671729	0.11184228208903157
DLBCL11516	0.07457155302126423	0.4351585889944718	0.014912410013863179	0.42899079426464704	0.046366653705753776
DLBCL_LS3749	0.0014020483883589116	0.9767829400525812	0.0005594110882365932	0.02112093872737095	0.00013466174345235665
DLBCL10503	0.02703979053392507	0.5043132626212883	0.13145609067651814	0.0025085452261847684	0.3346823109420837
DLBCL10487	0.7779135031907004	0.1295042743512573	0.002288852209461693	0.08987224726192065	0.00042112298665991047
DLBCL_LS2245	0.4835678851440381	0.1018902203734874	0.4091903395708938	0.005313029009734635	3.852590184617831e-05
DLBCL10906	0.016761449198210408	0.3230710924124188	0.001318846859981522	0.0010575768587060836	0.6577910346706832
DLBCL10989	0.003989616977434497	0.979596064709126	0.0017853753505650224	0.004837388323782573	0.009791554639091989
DLBCL11498	0.44829315948718657	0.5495176653245027	6.093910506323454e-05	0.0020844944650319944	4.3741618215382715e-05
DLBCL10850	0.003021450553291288	0.9969662337378888	1.0063437043407047e-06	2.231733677265461e-06	9.077631438239432e-06
DLBCL_MC_F739_AMA3	0.00011319428991048761	0.5305088207680304	0.46050248268384475	0.008841622300156782	3.387995805753369e-05
DLBCL10917	0.0021812894059624406	0.9917439506362505	5.547500851047009e-05	0.005424641043493551	0.0005946439057829566
DLBCL10871	0.013094129050260597	0.879001121843171	0.0029451368684999604	0.007263866846167559	0.09769574539190087
DLBCL_LS3245	0.0001209165200046144	0.8289773461561769	0.16970196980648225	0.0010421683588251918	0.00015759915851101006
DLBCL10502	0.009015727330985643	0.8862649499967168	0.07126144224534149	0.03053767826428047	0.002920202162675559
DLBCL10453	0.0037132906816983403	0.025386171132519893	0.00017024954866597946	0.00011718893093259391	0.9706130997061831
DLBCL_RICOVER_948	0.00021438201662265125	0.9900110013933984	0.008991896158588041	4.252602926796424e-05	0.0007401944021229471
DLBCL11518	0.9127578520937354	0.07534099892083237	0.010792953186820213	0.0006182266650885977	0.0004899691335234632
DLBCL11428	1.8798333199584445e-05	7.808958311256499e-05	0.999872543183631	2.5422313734725663e-05	5.14658632221556e-06
DLBCL11590	0.21809847403706778	0.10851098666646812	0.5239161305665478	0.014221703963943927	0.13525270476597234
DLBCL_RICOVER_408	0.007997125303313396	0.9318289585305731	0.03882764115158924	0.01671249128073416	0.004633783733790061
DLBCL11573	0.0006979410386054632	0.011638670747053513	0.984306283687313	0.0018408432778620183	0.0015162612491660442
DLBCL_DFCI_DLBCL_GOE16	2.892617805831268e-05	0.0005361921847005917	0.9994143975665952	5.458648842989418e-06	1.5025421802905423e-05
DLBCL_LS2328	0.00045482799478841873	0.5801567117068479	0.4191566174746677	0.00020079818492554007	3.104463877045339e-05
DLBC_FF_8046_TP_NB	0.004362350786215205	0.011949725729283291	0.983024166186287	0.00041149930516802525	0.000252257993046545
DLBCL_LS1098	6.932550714521385e-05	6.25756630640414e-05	0.888466297337282	0.1113785541572201	2.32473352886115e-05
DLBCL_MC_F815_BAT	0.012631703639755998	0.031505329135119615	0.6124229413357439	0.002835688702443021	0.3406043371869374
DLBCL11542	3.17349141220162e-05	0.008437932813968874	0.9757724558277225	0.015750280457897066	7.59598628950378e-06
DLBCL_LS762	0.04947761699334723	0.39341303410087564	0.16359103718047985	0.015788187817578007	0.3777301239077193
DLBCL11666	4.77859052161272e-06	0.00011398805682565756	0.9998756984886081	2.4530609260378905e-06	3.08180311852319e-06
DLBCL10498	0.00013623903493553677	0.00012379904132338844	0.991785705986714	0.007953478761418673	7.771756084497283e-07
DLBCL_MAYO_DLBCL_234	0.12037704871461499	0.015491203915235357	0.8269094229896367	0.028534673732150004	0.008687650648363042
DLBCL_RICOVER_978	0.4623694651186999	0.000318658847310493	0.14028562258670005	0.39470772669104426	0.002318526756245249
DLBCL_C_D_1112_NULLPAIR	0.035980776977863636	0.572345960627112	0.24031390715349796	0.07004579528852543	0.08131355995300107
DLBCL11441	0.1863906105939157	0.48819182272800055	0.04912757062255658	0.024960664171083873	0.25132933188444334
DLBCL10879	0.00019808969085118069	0.0002221226812254106	0.995143462726258	0.002147043875213084	0.002289281026452357
DLBCL10456	0.003064607915432469	0.0004185480305609333	0.00015639539945850602	0.9963189417811252	4.150687342284478e-05
DLBCL10547	0.00033186718929576094	8.164570427694534e-05	2.8544554904950047e-05	0.9995555861377957	2.356413726647243e-06
DLBCL10782	0.00204534255995813	0.00027661483875021653	2.394955839475331e-10	0.9976780423612409	5.551698087444682e-13
DLBCL11536	0.0016388621703671375	0.2936511358685191	0.0027484351419270973	0.6997273111815646	0.002234255637622046
DLBCL_C_D_1103_NULLPAIR	0.005194123277431785	0.7305547727573676	0.004153768602812924	0.25912788768355016	0.000969447678837648
DLBCL11433	0.126764939792923	0.031171740545016934	0.04391086996060737	0.4762463777007699	0.32190607200068283
DLBCL11455	0.26547228672904716	0.12230377783742113	0.04169382773294726	0.5564323524098255	0.014097755290758952
DLBCL_RICOVER_950	0.15394680647840409	0.2810705676480891	0.07564333696707508	0.48566481326021593	0.0036744756462158044
DLBCL10539	0.0030449815125912823	0.8320633314823748	0.0027204792894211893	0.08587637006263411	0.0762948376529786
DLBCL11504	0.15567075179786033	0.6202871035296253	0.04313807673465947	0.03308953020757181	0.14781453773028305
DLBCL_MC_F139_LJF	0.00031698705224025197	6.019299068764179e-06	2.6754248526421006e-05	0.9996499290085248	3.103916397580952e-07
DLBCL_RICOVER_361	0.02196611795877589	0.0006241404199379458	0.002865943861592265	0.9713768741180189	0.0031669236416750415
DLBCL_BWH_DLBCL64	0.6488370153541231	0.27959879926815306	0.0015877080880369943	0.06987347108155735	0.00010300620812950629
DLBCL10978	0.0004528702698449693	0.000243319984785677	0.0005060890931391548	0.9983305798642567	0.0004671407879735096
DLBCL10974	0.05554503519343817	0.009495042358731845	0.02008853089598508	0.46507457476422914	0.44979681678761585
DLBCL10932	0.3124862218651334	0.07255304745570237	0.002327950860263208	0.6040846735858564	0.008548106233044627
DLBCL_C_D_1125_NULLPAIR	0.0002803278893425623	0.004206410057551158	1.4997568434767617e-06	0.0002835409708275644	0.9952282213254352
DLBCL_RICOVER_1106	0.0008878942557709995	0.0007587581631239772	2.9141093990447476e-06	0.006890880893289908	0.9914595525784161
DLBCL10471	0.002916144899768602	0.0032215091023244653	1.3908440223975286e-05	4.76626479833647e-05	0.9938007749096996
DLBCL10876	0.0006512167957953032	0.001762180738605522	1.2881549589626613e-05	0.00011062606292722282	0.9974630948530824
DLBCL11450	0.011188797502522312	0.010986118764796871	0.001858810072077727	0.25010412807504634	0.7258621455855567
DLBCL10857	0.006509062244369948	0.0023668817465977523	0.00024019911272260373	0.0024712028880069154	0.9884126540083028
DLBCL10890	0.002187102447659594	0.0030686739560645986	0.00025411123510647726	0.0007591663736286596	0.9937309459875406
DLBCL10532	0.006239236982770971	0.0017821394605290457	0.00351205797594447	0.004675395417332117	0.9837911701634234
DLBCL_RICOVER_134	0.03210138266968666	0.008004972665826234	0.00013519988195809853	0.07296178871138412	0.8867966560711449
DLBCL10904	0.031562144484345	0.19926720739347034	0.004296250530476597	0.026798548573168202	0.7380758490185398
DLBCL10847	0.0034801311116545133	0.03141625930061335	9.320629370095054e-05	6.351004660136244e-05	0.9649468932474298
DLBCL_RICOVER_314	0.007441651267988177	0.7848865571861903	0.007685557207561144	0.11021779451506859	0.08976843982319178
DLBCL10924	0.0024413656816512828	0.0006899202465937507	2.192453606471882e-06	0.003412454387034254	0.9934540672311143
DLBCL_RICOVER_712	0.009691022395991584	0.07478787348311601	0.0009271312813597348	0.00544833174368179	0.9091456410958508
DLBCL10853	0.06612942399134512	0.012803726868464068	0.00035072305228105226	0.012065962522567635	0.9086501635653421
DLBCL10887	0.002020734758091444	0.0004415609584551495	0.0003308762098248801	0.0008943409230816948	0.9963124871505469
DLBCL10854	0.0006375322679806097	0.0003386947361816825	5.304788056962102e-06	0.004746780390043295	0.9942716878177374
DLBCL_RICOVER_1329	0.011481235877971363	0.09720677938975388	0.0004528995826616017	0.0002776364589991236	0.8905814486906141
DLBCL_RICOVER_449	0.08949295548377555	0.0003085345145126233	0.00025708565286013	0.0007941345646297614	0.9091472897842219
DLBCL10838	0.007322292558786476	0.4822903570212036	3.271746757817618e-05	0.0006500688053860371	0.5097045641470458
DLBCL11206	0.015140046013364519	0.6823164055396737	0.010828280553132863	0.0006788382484371027	0.29103642964539184
DLBCL10984	0.0008953505246937121	0.009258616564383211	1.541289747535381e-06	0.0005805014062745693	0.989263990214901
DLBCL10836	0.001188174158622106	2.2338007241758732e-05	0.0002688216159463457	0.006172096215292557	0.9923485700028972
DLBCL10566	0.014493492367248567	0.560206173161117	0.009494758586869918	0.0012358000635247913	0.41456977582123966
DLBCL10842	0.0010623434245373557	0.0003069836817641642	1.9345083571063093e-05	1.1044126908385915e-05	0.9986002836832191
DLBCL_RICOVER_1293	0.026699840945654037	4.923616360457803e-06	0.0001115145099042808	0.0016593319811238929	0.9715243889469574
DLBCL10916	0.002067817121950888	0.014981052548337275	8.741969998884117e-05	0.00014501148166351117	0.9827186991480595
DLBCL10883	0.012630462403608149	0.0006882188777565487	0.0012256875581955415	0.0020200983374361057	0.9834355328230037
DLBCL10451	0.9710113522400972	0.017848957372146142	0.010923555246368859	0.00021567897271260642	4.561686752665423e-07
DLBCL_RICOVER_829	0.9978754807765553	0.0003481292680653463	2.8792661129454413e-05	0.0006577434548919988	0.0010898538393578766
DLBCL11677	0.998108887032187	0.0010246644042844748	0.0002951670980804629	0.000546976688555854	2.430477689220837e-05
DLBCL11478	0.7848158597197267	0.15528063229964797	0.013820045155414051	0.04577695870989432	0.0003065041153169873
DLBCL10843	0.7782104862687027	0.00010546373531462404	0.00028438020476354345	0.22110076831190625	0.00029890147931290796
DLBCL10968	0.9176693079479659	7.871299560613017e-05	0.0005484888203733933	0.08138830987432864	0.0003151803617259277
DLBCL10486	0.08207195804987899	0.26162622955223913	0.018075117613928753	0.0062366385787646725	0.6319900562051884
DLBCL_RICOVER_826	0.8165926963224575	5.4020386989207546e-05	0.0003297485517971149	0.1826635906880847	0.0003599440506715304
DLBCL10897	0.9922512518939715	0.001230015689404132	0.0011585490478064728	0.004916511012193035	0.00044367235662495655
DLBCL10994	0.06472311220334612	0.8671964433792754	0.00947071028196027	0.012464198907873161	0.04614553522754508
DLBCL11481	0.3217547477493716	0.3279968051733218	0.3155870354300421	0.020893411294167656	0.01376800035309697
DLBCL_C_D_1129_NULLPAIR	0.9446048830527473	0.002843436887700957	0.041789477874075394	0.009503466676247468	0.0012587355092289203
DLBCL11202	0.10993493047794994	0.2721153396373677	0.5197138743184078	0.09784561052850946	0.00039024503776515803
DLBCL11663	0.07646964034834802	0.6811994829410021	0.12426173237380857	0.010100516526927797	0.10796862780991358
DLBCL_LS951	0.19599674151926902	0.665871338101823	0.022857335814907297	0.09069269771899365	0.024581886845007058
DLBCL11501	0.8926149765103748	0.07302740306541211	0.01002938231267771	0.005586318439764354	0.01874191967177103
DLBCL11470	0.8527798331272528	3.11883353084822e-05	2.3588708268409773e-06	0.14718541811294392	1.2015536679581415e-06
DLBCL10542	0.9935760350431647	0.00028909594866985145	9.405574768010219e-05	0.0010198178655543412	0.005020995394930953
DLBCL_MC_F132_MLM	0.9995007939913748	8.612439030586181e-06	2.091371387637744e-05	0.00033053534227214543	0.0001391445134460259
DLBCL10548	0.6884162210313393	0.25219943198203765	6.407462049093084e-05	0.05867692710738808	0.000643345258744084
DLBCL10884	0.9958434876755793	0.0018760232335045491	4.0148275723490754e-05	0.002201771648553703	3.856916663896992e-05
DLBCL10996	0.9989034552667226	4.671286732363882e-06	1.1390172399942847e-05	0.0010804019559514026	8.131819365394853e-08
DLBCL10458	0.9999145005874638	1.9670746096116207e-05	7.330934491528015e-07	6.503184465724761e-05	6.372833370405438e-08
DLBCL10947	0.17302140513848982	0.8111794200549475	0.00048746231275321626	0.00046776720305802716	0.014843945290751495
DLBCL10519	0.0008368385308653577	0.982791873029906	0.001231251194035905	0.014985923793806909	0.0001541134513857828
DLBCL10985	0.007961812304801849	0.561315033254637	0.0009300500321805933	0.42790181954572337	0.0018912848626570556
DLBCL_RICOVER_335	0.00042329614288413587	0.6779697263422744	2.316844450414411e-05	0.3215334940608437	5.031500949374311e-05
DLBCL_C_D_1135_NULLPAIR	0.03870780008040355	0.9581601847444094	5.787767471016293e-05	0.003070162646699215	3.974853777566588e-06
DLBCL11479	0.015468725061792418	0.821949447707387	0.025107983648248837	0.0027678302084444477	0.1347060133741273
DLBCL11449	0.02423680692667856	0.32921930541474803	0.0026943180432943098	0.005369913029244012	0.6384796565860351
DLBCL11446	0.051537539647336476	0.7888515251465958	0.061900484464264965	0.06931754005181232	0.02839291068999037
DLBCL_RICOVER_288	0.001529891059362936	0.9893639506850378	0.00019149914379779253	0.008601705263282565	0.0003129538485188907
DLBCL_RICOVER_174	7.276200361397332e-05	0.9998356050886892	9.75674493483506e-06	7.593438174773849e-05	5.941781014262014e-06
DLBCL10846	0.46994978181824826	0.4588112078870062	0.009546431097028667	0.0490439903329239	0.012648588864793036
DLBCL11208	0.022005325952217995	0.87276566571803	0.03786924277739732	0.0044965388976886175	0.06286322665466597
DLBCL10517	0.006133767033731268	0.7696321256550811	0.15479513293747726	0.04775666404527673	0.021682310328433665
DLBCL_MC_F089_HCZ	0.00015769068947898445	0.9933821220742179	0.0006732300157209566	0.0057166061627527635	7.035105782936061e-05
DLBCL_RICOVER_678	0.0036398358981209254	0.9405605671269447	0.0013727661320517735	0.002094057872141845	0.05233277297074072
DLBCL_LS4054	0.024209997902592165	0.8558383832040302	0.044671163550943915	0.004041705354535928	0.07123874998789786
DLBCL10962	0.046463755119665204	0.7011866937886977	0.004362697522321127	0.0005092810734039849	0.24747757249591204
DLBCL11466	0.017628884757427812	0.9193304899096832	0.017558455444053152	0.012012195996934873	0.033469973891900914
DLBCL_RICOVER_583	0.02611754650391709	0.4799761744743753	0.04052156029797204	0.00888823363413965	0.4444964850895958
DLBCL_LS1065	0.006628709634108186	0.9796480917711577	0.0018795287231446545	0.004458530605604719	0.007385139265984665
DLBCL11507	0.4173124545740407	0.37290750030678943	0.0008790411893112756	0.20889739030857912	3.613621279407718e-06
DLBCL_RICOVER_1046	0.0008355714648760851	0.2250726316898883	0.7681849993937628	0.0004992366894540325	0.005407560762018783
DLBCL_LS146	2.2877867627707152e-05	0.9998172590068413	5.215094620333094e-06	0.0001397068769871339	1.4941153923529867e-05
DLBCL_C_D_1117_NULLPAIR	0.00484501694452746	0.5205498209475329	0.00041869932793939257	0.473960616090188	0.00022584668981222986
DLBCL11591	9.302258700371364e-05	0.5793376995750081	0.4202155224516145	3.4398787258455866e-05	0.0003193565991151915
DLBCL_RICOVER_440	0.0002150685204809	0.07192935493389271	0.9258451108784626	0.0015593668021526665	0.0004510988650111634
DLBCL_RICOVER_522	0.000927382364219787	0.008354391497633604	0.9056449885377723	0.08487090391120652	0.00020233368916773364
DLBCL_RICOVER_216	0.0380478876009658	0.5526604699354337	0.04710104845082766	0.0023939814395866487	0.35979661257318607
DFCIDL009_DT	0.006933906289718003	0.09394611439545511	0.890593666265212	0.004382530026634425	0.00414378302298055
DLBCL10472	0.036043544335298584	0.012056043791603339	0.9403094700976872	0.010326100099024583	0.001264841676386293
DLBCL_MC_F362_MJB1	0.0011186536530576492	0.031756421734602955	0.8936229486554572	0.00037451848142135515	0.07312745747546077
DLBCL_MC_F064AB	0.00013009020360873173	3.3980276603165865e-05	0.9937196069752546	0.006107067397557822	9.255146975636338e-06
DLBCL11651	0.001599903639215969	0.021733431974966293	0.9715479226769046	0.00014279262443841464	0.004975949084474713
DLBCL_LS1304	0.00712786566124472	0.0370159581621317	0.9508232215670899	0.000633387346920687	0.004399567262613019
DLBCL11672	0.0005829707139090946	0.0024878207589776238	0.9938910129079862	0.0014441555870464112	0.0015940400320806484
DLBCL_C_D_1133_NULLPAIR	0.0007052014016941633	0.04236730984492604	0.946239599230739	0.00022000211231416314	0.01046788741032664
DLBCL10549	0.07254859177579019	0.39781313601842394	0.4394900155956123	0.08765134180878074	0.002496914801392802
DLBCL10856	0.16312268434205957	0.01759261602494017	0.1427401179205598	0.2179875995282843	0.45855698218415614
DLBCL_RICOVER_866	9.178749098928863e-08	3.0877026955423784e-08	0.0008448239956086438	0.9991550473288356	6.011037782156181e-09
DLBCL11569	9.291892793513836e-05	0.0035798979794557403	0.9962068226684179	0.00010807212644951829	1.2288297741699754e-05
DLBCL_RICOVER_258	0.5888328942391036	0.02497850896834721	0.03322546065134185	0.0061401775640205465	0.34682295857718676
DLBCL10522	0.016454661127177486	0.04560146631775751	0.9306077019758641	0.00341573274188117	0.003920437837319739
DLBCL11685	1.3539023808464786e-05	0.00020821858854204052	0.9997628119834104	4.390067762370459e-06	1.1040336476637654e-05
DLBCL_C_D_1157_NULLPAIR	0.1962535367825672	0.012310688512786976	0.7890966843147783	0.0023369883732915022	2.102016576081008e-06
DLBCL10939	0.21473446616577396	0.0006380469938027685	0.0003988368114619555	0.7832491639550456	0.0009794860739156198
DLBCL_C_D_1151_NULLPAIR	0.008422523275927506	0.0006503952347001224	6.707504909929875e-06	0.9909202744960902	9.94883721888412e-08
DLBCL11460	0.3284296251007059	0.1364786267654089	0.0027863519423031763	0.5318347451104131	0.0004706510811689758
DLBCL_C_D_1153_NULLPAIR	0.009413201660774993	0.17588548606631438	0.0009759073220353964	0.10052228143209828	0.7132031235187769
DLBCL10565	0.0030794623810587217	0.011598286342765966	0.9189108753166008	0.060640409462263435	0.00577096649731109
DLBCL11437	0.39758020831600527	0.001968586517076211	0.00022720031607458794	0.5995668966817358	0.0006571081691080866
DLBCL11459	0.0326696827124205	0.0543840596170415	0.0027617682684151863	0.9089753332995861	0.0012091561025366255
DLBCL11657	0.14107633304642614	0.14246976988860835	0.14190749322113136	0.5593030923338325	0.015243311510001668
DLBCL_RICOVER_274	0.01152588631544359	0.06613153402711262	0.000531799272707358	0.58295380398113	0.3388569764036064
DLBCL10553	0.00020102144443281576	0.000538368227576151	0.003982599864194961	0.9952558478685912	2.2162595204809266e-05
DLBCL11196	0.005723770000680755	0.000125281201003614	0.00012961989772780817	0.9937085363303283	0.00031279257025953886
DLBCL_LS3499	0.0891937986943465	0.3152853832972852	0.049953792935441714	0.5269806229262746	0.01858640214665196
DLBCL10868	3.6969354209099556e-05	5.128861819923223e-06	4.4079283578937815e-07	0.9996189723896206	0.0003384886015145808
DLBCL10552	0.0015403685997776014	1.9194552509576356e-05	4.038886673002472e-07	0.9984400298523036	3.106741864972488e-09
DLBCL10513	0.16702070667451	0.43771517467844234	0.06851540253246464	0.32085958363418143	0.005889132480401671
DLBCL_MC_F927_JHS	0.04126189070071322	0.7132290433032206	0.05452962806538713	0.004634229417350601	0.18634520851332842
DLBCL_RICOVER_1219	0.0006105415520533764	0.0010374424383816135	2.9730064111224787e-06	0.0008007152508330428	0.9975483277523208
DLBCL10860	0.0003022506359267389	0.000849613525425532	1.2373516100260733e-05	0.001589441427226346	0.9972463208953212
DLBCL11500	0.0005581889456540972	0.0004492452342003567	0.0002785411615452274	0.0005498903193411083	0.9981641343392592
DLBCL10908	0.07493235996835762	0.5668380040642217	0.21282056943306868	0.0023991506127212475	0.14300991592163076
DLBCL10454	0.054290321177291274	0.5256349145007394	0.03312910946377317	0.0033507109517632904	0.38359494390643284
DLBCL11476	0.014321715770075585	0.14017737407563688	0.001101531745925053	0.0004967797219058972	0.8439025986864566
DLBCL_RICOVER_111	0.11769253153909588	0.19406155838462832	0.09595676642828956	0.002274372656850973	0.5900147709911353
DLBCL10881	0.274198861546535	0.018573087704807454	0.005036040812960365	0.06350704012003357	0.6386849698156637
DLBCL10485	0.01058977858931041	0.5161122889797967	0.00010932334030169588	0.0010525470452210615	0.4721360620453702
DLBCL10964	0.00561931546035454	0.0075862183142726795	0.0001469683954306325	0.1549172258147106	0.8317302720152315
DLBC_FF_A7CR_TP_NB	0.009764248911131253	0.0001052813173057839	0.046952322665664833	0.05253445859336811	0.8906436885125301
DLBCL10900	0.005118971510294521	1.8267240791065848e-05	3.7284595434696304e-05	0.088463173229055	0.9063623034244247
DLBCL_RICOVER_1204	0.00228540764282929	0.004054867464967508	0.0003623112432972771	0.029155416903589682	0.9641419967453162
DLBC_FF_8042_TP_NB	0.003244897610116002	0.04285313819139222	0.6168840177345185	0.005627366103625839	0.33139058036034746
DLBC_FF_A7CX_TP_NB	0.3336781112768372	0.01930985932254387	0.009042772788675572	0.0018269436431785659	0.6361423129687648
DLBCL10909	0.07027753797575152	0.36701400210636387	0.01421401018643301	0.2005171661912122	0.3479772835402393
DLBCL10878	0.043568902331046835	0.026775803008328672	0.003228550516802982	0.0016278495323592296	0.9247988946114623
DLBCL_C_D_1140_NULLPAIR	0.05242499928621853	0.6172670589847383	0.053022410062858794	0.007231048588159243	0.2700544830780251
DLBCL11004	0.0005749372734640318	0.00013670959513394857	1.8590100532421855e-05	0.2268045672336852	0.7724651957971844
DLBCL_RICOVER_173	0.01741658193839938	0.006768580996265593	0.0005477825490023293	0.002961176809353354	0.9723058777069793
DLBCL10977	0.015455575114760247	0.007478308565884574	0.0013462573692658625	0.0005755049654690429	0.9751443539846203
DLBCL10521	0.004082563195237453	0.30418765367858536	4.138070279931167e-06	0.00033603914883183054	0.6913896059070654
DLBCL_MC_F519_ALT	0.00306716812602925	0.011377291482799822	6.462927968121502e-05	8.15648468305975e-05	0.9854093462646591
DLBCL10895	0.023423057051376053	0.18263324469089515	0.011716839106544093	0.000956311456266116	0.7812705476949185
DLBCL_RICOVER_1192	0.0014763521435864698	0.004193645540715414	2.2581260729047408e-05	0.00012814041893085122	0.9941792806360382
DLBCL11510	0.11563947528166753	0.727361207515064	0.02900072042453423	0.009575291655921083	0.11842330512281325
DLBCL10925	0.03888149408419568	0.1364679384829198	0.00034615157941839434	0.052066329763140864	0.7722380860903253
DLBCL10877	0.1686586619372953	0.575349013538117	0.14344048960567765	0.016611662660928072	0.09594017225798201
DLBCL11488	0.9607579899767357	5.276752365503515e-05	0.0005616005805370681	0.014773728446444461	0.023853913472627726
DLBCL10928	0.968713363024694	0.027912651790227564	0.0004321274948885943	0.0028971591349169134	4.46985552729124e-05
DLBCL10931	0.9936189005868701	0.00017262308220210228	4.326670460727203e-05	0.006144930415288614	2.0279211031886112e-05
DLBCL10912	0.9941443151813371	0.0031273016303101256	0.0006228380413548953	0.0020290233271959366	7.65218198020231e-05
DLBCL11519	0.07094319119121278	0.0962423849823393	0.0011514962307151418	0.8314094762960729	0.00025345129965991545
DLBCL11457	0.596671199425322	0.0003161303472552822	0.011275912370601833	0.3911509652732799	0.0005857925835410192
DLBCL11659	0.26046425317317934	0.14343427114367807	0.4300039521965754	0.16338439212409717	0.0027131313624700016
DLBCL10525	0.9987739933178256	0.00018784058235508878	0.0009788125094599195	4.411480927056092e-05	1.5238781088877062e-05
