	0	1	2	3	4
DLBCL11539	0.9215063423000883	0.0005859007098640007	3.500031314896412e-07	0.07790739466801434	1.2318901803577408e-08
DLBCL_C_D_1148_NULLPAIR	0.826814184874131	0.006988007154530284	2.1744270419329796e-05	0.166176012136672	5.156424730444618e-08
DLBCL10912	0.8689579639094376	0.005937111977989017	0.00026862509006694304	0.12473888638899074	9.741263351574637e-05
DLBCL_RICOVER_829	0.7926766778774905	0.014201543510788985	0.0016781260685418103	0.18757822706316862	0.003865425480010074
DLBCL11652	0.06681521040101425	0.48705747153830586	0.18867025883456426	0.1825193911369576	0.07493766808915803
DLBCL10986	0.09181976833042438	0.4037928922938694	0.07947817048346054	0.21345419333982704	0.21145497555241863
DLBCL_C_D_1129_NULLPAIR	0.6590340222279105	0.062176262274871635	0.011951286706768595	0.2645598557990092	0.002278572991440032
DLBCL10950	0.8327629117669841	0.00912118060474864	0.0008744773633450183	0.15604614798502095	0.0011952822799013085
DLBCL11662	0.8436065084103405	0.009035569996253255	0.0006015452468147851	0.14659598531123505	0.00016039103535643131
DLBCL11481	0.10972392471169955	0.4203530100599628	0.22716137859453067	0.2143724494610322	0.028389237172774764
DLBCL11429	0.8874112865453943	0.00314472013258163	0.00015672816382374116	0.10915904144388787	0.00012822371431253426
DLBCL10945	0.8955333235676983	0.0015288304447423674	5.462011248673065e-05	0.10269503185887352	0.0001881940161991291
DLBCL_LS951	0.1976137908100247	0.32699042965231573	0.09040829538836789	0.2829653116389581	0.10202217251033358
DLBCL_MAYO_DLBCL_3653	0.06164029626925751	0.4918928162901099	0.13410770581811177	0.18090864838368056	0.13145053323884018
DLBCL11537	0.9126346437719919	0.0006292573637721044	1.925620109446912e-05	0.08663722980263462	7.96128605069511e-05
DLBCL_C_D_1114_NULLPAIR	0.8893504319031998	0.002562035616999566	0.00012519327868898541	0.10774071091416008	0.00022162828695147856
DLBCL11461	0.9046021598319457	0.002052801880221966	1.0929093204179929e-05	0.09333363758092263	4.716137055255725e-07
DLBCL10997	0.2622609525954328	0.22894804024193305	0.04409875101231569	0.301628205165484	0.16306405098483442
DLBCL_C_D_1130_NULLPAIR	0.9178491261315409	0.00139875076316407	2.390559010150153e-05	0.08071668692466533	1.1530590528181e-05
DLBCL10515	0.8240768797464618	0.009944865274605698	0.0009632624372514068	0.16372362254632875	0.001291369995352382
DLBCL10914	0.07159136644886065	0.48370747038934214	0.16178905733384472	0.18850632905306977	0.09440577677488268
DLBCL11462	0.07137520796858138	0.27691769296204316	0.024955397915379242	0.17388561765630617	0.45286608349769
DLBCL11520	0.8478563414988318	0.002449924064083064	0.000239248633370569	0.145398293600322	0.004056192203392515
DLBCL11203	0.011706732987899747	0.580519879470657	0.05011191889926133	0.08626199603108665	0.2713994726110953
DLBCL_LS3749	0.016274750360939512	0.5586749554330506	0.28281636404976507	0.09403233243238797	0.04820159772385695
DLBCL10874	0.02660509184478037	0.5595417530039959	0.11119849049573945	0.12777868541161563	0.17487597924386875
DLBCL_BWH_DLBCL64	0.6995856518275148	0.04049175643974758	0.005676591814525182	0.25418515532332453	6.084459488800979e-05
DLBCL_LS1921	0.0024388314794644675	0.19512248248225236	0.7793821231462806	0.022398259031747404	0.0006583038602551039
DLBCL_C_D_1108_NULLPAIR	0.004809171900340866	0.552488809948629	0.01344373354491654	0.06006496903095421	0.3691933155751594
DLBCL11661	0.016085071308012268	0.4223862196195904	0.4719496881589436	0.07828619980382151	0.011292821109632261
DLBCL_C_D_1136_NULLPAIR	0.00792937603861384	0.39195353721025894	0.008859617192999963	0.06983815877075472	0.5214193107873725
DLBCL11507	0.5575446408653841	0.10327873301407785	0.027545587954396503	0.31140939851788213	0.00022163964825933896
DLBCL10494	0.012400324192761245	0.5686632268058781	0.28883813753211823	0.08407228246980869	0.046026028999433734
DLBCL_RICOVER_1046	0.0003359212771871605	0.22150729196062072	0.7667188811544154	0.009788767675339441	0.001649137932437263
DLBCL10510	0.023983419687866627	0.48546068713622215	0.0478129637294141	0.11670897687417377	0.32603395257232337
DLBCL_LS1065	0.03187186536105958	0.5469916477194605	0.12469074196380682	0.13789286492134645	0.1585528800343266
DLBCL_RICOVER_787	0.044868210379757946	0.4691770613750369	0.32096071170868373	0.1388694920670362	0.02612452446948516
DLBCL_RICOVER_478	0.016198809689468158	0.3231642669218983	0.010268589426682432	0.0868636346498868	0.5635046993120643
DLBCL10983	0.00958883617842341	0.25522708615139933	0.003698933064131431	0.06417755670305314	0.6673075879029927
DLBCL11479	0.02724630200742914	0.5405250987521691	0.08568700582761223	0.12868616874198932	0.21785542467080019
DLBCL_MC_F500_ECU	0.018073734277716167	0.5624500080028694	0.07178448153844948	0.10791409823247228	0.2397776779484927
DLBCL10846	0.5732139226692554	0.09631801365889635	0.02640961235847289	0.29731211702880955	0.006746334284565747
DLBCL10911	0.014900929888471246	0.6171634238520837	0.1385393922940585	0.097588955925046	0.13180729804034053
DLBCL10981	0.0679088134783495	0.3321387801181547	0.034559934767325474	0.17420228870777618	0.3911901829283942
DLBCL_MC_F729_MAN	0.015205425792960296	0.6102424044680911	0.1917676483064443	0.09531103987137945	0.08747348156112487
DLBCL10894	0.6624164930498257	0.058506201439098515	0.011210832349499107	0.2675657604161222	0.00030071274545448754
DLBCL11565	0.015790098789979456	0.6053348497417805	0.10232343666236164	0.10218427889660289	0.17436733590927544
DLBCL10461	0.00515656571708231	0.5458623173479963	0.016109164728706563	0.06291314988378494	0.3699588023224299
DLBCL_MC_F089_HCZ	0.004021317548306947	0.464257812209201	0.4747489179854772	0.04231717911375598	0.014654773143259015
DLBCL_RICOVER_440	2.6673105475414732e-05	0.04910776860250884	0.9493229701051648	0.0015051635207018927	3.742466614911478e-05
DLBCL_DFCI_DLBCL_GOE16	0.00019559818350437045	0.09273256154580899	0.9022320330312191	0.004717402388120276	0.0001224048513472841
DLBCL11558	0.0004219470926154676	0.10402935250391133	0.8879845498815553	0.00743105001970818	0.00013310050220971808
DLBCL10555	0.0005934982590681553	0.07515725657780578	0.9153922219410235	0.008842987260786226	1.4035961316271439e-05
DLBCL_LS1395	0.0001883968915424893	0.10118191111265094	0.892878840819356	0.005548987951638385	0.00020186322481224934
DLBC_FF_8046_TP_NB	0.003482547173200348	0.3289087618610021	0.6284102830059553	0.035040188609552075	0.004158219350290163
DLBCL11680	0.0007746705744573076	0.08543569090113044	0.9042930475451337	0.009470256239084979	2.633474019358312e-05
DLBCL11685	0.0001938657949810925	0.07410564141076059	0.9210802863939864	0.004566270890057007	5.393551021489451e-05
DLBCL_LS1304	0.004760996137482914	0.6131254746158924	0.29053342049717484	0.05229389315103801	0.039286215598411854
DLBCL_LS297	0.0002600576783723933	0.08082713821464875	0.9142497944999773	0.004603564847067285	5.944475993424494e-05
DLBCL_MC_F815_BAT	0.0007271400717600489	0.19911496551106073	0.7858545728719663	0.013190959220221047	0.0011123623249919563
DLBCL_LS2325	0.00025757572901573755	0.15322531402823739	0.8387412613404785	0.00724867332718104	0.0005271755750872784
DLBCL10466	0.00024372151156448955	0.11627216443013619	0.8774511378185692	0.005780540559373812	0.0002524356803562809
DLBCL11672	0.0009832387022457956	0.22895861367258102	0.7519343146654633	0.01663637025524648	0.0014874627044633012
DLBCL_MC_F606_DMJ	0.00027102553948862195	0.1380172966083394	0.8544849244339623	0.0067978839941237315	0.00042886942408599377
DLBCL11428	0.0002215358320972394	0.06069145487268667	0.9343065078103832	0.004759242891966482	2.125859286642255e-05
DLBCL10879	0.00743490294582609	0.44171785325860496	0.48271456423140224	0.055260323342317196	0.01287235622184955
DLBCL10536	0.032748884089695236	0.5012930876505219	0.3104309576793556	0.12336213172144635	0.03216493885898099
DLBCL11534	0.05559476263482504	0.5087118384902867	0.1584117539882334	0.1706178607314102	0.10666378415524472
DLBCL10491	0.013797932156618963	0.3083182187373732	0.6177138894294627	0.058171733013759004	0.0019982266627861216
DLBCL10513	0.15644603032548968	0.3781040904187213	0.20317753069742261	0.24116263534934984	0.021109713209016487
DLBCL10868	0.12416153600325107	0.014365300230213134	0.0004851665522506831	0.08668340444842955	0.7743045927658556
DLBCL10858	0.1485709488654096	0.014460909055839593	0.0005102111630287413	0.09573506656600646	0.7407228643497156
DLBCL10547	0.4602779367357716	0.15403213019145892	0.041240849448054825	0.31640225405241873	0.028046829572295904
DLBCL10544	0.3652644439970393	0.09404446855542214	0.01179348892619633	0.2671728469578227	0.2617247515635195
DLBCL11491	0.06089499538541246	0.3852274630915186	0.04542262779974191	0.16539840511133536	0.3430565086119917
DLBCL11564	0.42251112708798905	0.1559368724582012	0.03551271249557768	0.3140770045912355	0.07196228336699659
DLBCL11459	0.22441205458775407	0.32330613052653995	0.11517319132931814	0.28564323750711856	0.051465386049269334
DLBCL_RICOVER_1045	0.06349945148157156	0.3485700235950509	0.03828979813291117	0.16941903447110568	0.38022169231936065
DLBCL10456	0.1441265660521248	0.39903426748486515	0.1501506030906921	0.24267207526569137	0.06401648810662663
DLBCL_RICOVER_985	0.1944614596364808	0.3511587998824131	0.16241659480122528	0.26467175240021423	0.02729139327966664
DLBCL_RICOVER_950	0.11766722291668348	0.4142216730591605	0.22363886976995662	0.2168713153484294	0.02760091890576998
DLBCL_C_D_1159_NULLPAIR	0.9202044887922338	0.0015765979883419184	3.914641678993919e-05	0.07815572371768606	2.4043084948215525e-05
DLBCL_RICOVER_711	0.7943983700871925	0.021804107583188834	0.0015320628726400473	0.1821935920994735	7.186735750515276e-05
DLBC_FF_A7CQ_TP_NB	0.026056292225627997	0.036995484597294466	0.0004333718843974367	0.0558760956772386	0.8806387556154416
DLBCL10915	0.04574489628840816	0.2265862903645924	0.011643633188576034	0.12696162855700507	0.5890635516014183
DLBCL10867	0.00524860728193561	0.15508738879221	0.0005721628875207736	0.042508751220273956	0.7965830898180597
DLBCL10992	0.0012798283212128267	0.004970820541993837	4.3959846212641477e-07	0.00791018753667986	0.9858387240016514
DLBCL10887	0.004004656448437068	0.07418526233125737	0.00010181142193437668	0.028046292720695327	0.8936619770776759
DLBCL10878	0.02470996134428174	0.18259516532449838	0.004665768325497657	0.08994894134029686	0.6980801636654254
DLBCL11431	0.043681777473255044	0.5195971392177521	0.11099721336426584	0.15213251938068895	0.1735913505640381
DLBCL10891	0.13501476792854294	0.2196508499120391	0.023170485518483813	0.21252718246179278	0.4096367141791413
DLBCL10521	0.0015970282979006346	0.09246908383360267	2.2757809951745415e-05	0.022119789198407687	0.8837913408601373
DLBCL11476	0.017782532551439703	0.2868509387120584	0.00832636315643088	0.08904857871925946	0.5979915868608116
DLBCL_MC_F519_ALT	0.011188320449269937	0.10615830874223786	0.0008441335408792578	0.05088693212123187	0.8309223051463811
DLBCL10866	0.2474989779122267	0.04318721624648044	0.0029801712241820676	0.19156256279266284	0.5147710718244479
DLBCL_RICOVER_449	0.2812696151731977	0.02967388306300245	0.0016637275112319503	0.1851530585720026	0.5022397156805654
DFCIDL004_DT	0.10069652676826547	0.2673700448813578	0.028430339889893318	0.20143760455501586	0.4020654839054675
DLBCL_RICOVER_1287	0.022876897612550885	0.42886387187001723	0.029280220188168636	0.11381530876948294	0.40516370155978026
DLBCL10836	0.012052929060366242	0.012273163245505375	4.139635152344717e-05	0.027281551443875597	0.9483509598987293
DLBCL10550	0.007063624422118766	0.038465896687376794	9.644948243820237e-05	0.029912635467564862	0.9244613939405014
DLBCL_LS3200	0.0061832518260693465	0.14297629952978344	0.0007075556887822044	0.04439714187998808	0.8057357510753769
DLBCL10900	0.014339894200754578	0.001745131071412277	4.117803336615212e-06	0.025664239651561484	0.958246617272935
DLBCL10853	0.018603569157389824	0.08825008158994653	0.0009833914531006912	0.06055581522645711	0.8316071425731059
DLBCL_RICOVER_111	0.05517355849813402	0.5121702101653258	0.17581931046832064	0.16832273384802907	0.08851418702019044
DLBCL_RICOVER_417	0.004079304515925028	0.011247711496033005	9.994517010633505e-06	0.015887023603580155	0.9687759658674512
DLBCL10529	0.011572299716180713	0.22109054008043844	0.003058837673632707	0.06477934191682083	0.6994989806129273
DLBCL10847	0.004457276665060535	0.08714553465112448	0.00017771441322759495	0.03174602901053621	0.8764734452600512
DLBCL_C_D_PAIR13	0.043965752754914544	0.5236582057325961	0.11669085690205926	0.15429780769289356	0.16138737691753657
DLBCL_C_D_1163_NULLPAIR	0.0018270633501897195	0.002512876813679783	6.728270521720428e-07	0.00736192039001784	0.9882974666190605
DLBCL10833	0.6499660086693693	0.009318179600877156	0.0007982537330564182	0.2032630595093621	0.13665449848733505
DLBCL10835	0.002138649728138746	0.014396993077061594	3.2071579084489518e-06	0.013131227034954444	0.9703299230019368
DLBCL_C_D_1156_NULLPAIR	0.6752706745375929	0.0562406475906576	0.01000209840699063	0.25688925237569143	0.0015973270890674584
DLBCL_RICOVER_977	0.9186656311651833	0.0006635816187805875	1.2867428542178254e-05	0.08061751150787974	4.040827961418751e-05
DLBCL_C_D_1128_NULLPAIR	0.8075982546971281	0.016243011164350278	0.0012919952820646115	0.17460034005944594	0.0002663987970110437
DLBCL_RICOVER_451	0.5006084205097162	0.13877222172166362	0.0419262588009178	0.3117772593402952	0.006915839627407196
DLBCL10994	0.0665556870357663	0.46011594251159454	0.0997572643535117	0.19173230856693754	0.18183879753218993
DLBCL10884	0.8725913619936638	0.005258915090264006	0.00015825345598063445	0.12197225476144578	1.9214698645700197e-05
DLBCL10931	0.9045569650195469	0.001760237883637891	3.13704193173618e-05	0.09363300973028048	1.841694721742676e-05
DLBCL11671	0.28984883713561455	0.2707828559071977	0.10992189833179869	0.3094548273227822	0.019991581302606806
DLBCL_LS1757	0.8581723527014898	0.006898535617688139	0.000400688254283122	0.13440007138043575	0.00012835204610309883
DLBCL11488	0.8115625142327024	0.002036176650258799	0.00015969929390971397	0.17757720185753173	0.008664407965597327
DLBCL11496	0.7231587280299487	0.03984825255390436	0.005552753086282327	0.23055521523058678	0.0008850510992777684
DLBCL10525	0.8764023658909306	0.004245176903563402	0.0001712940719770051	0.11911927442703127	6.18887064977435e-05
DLBCL11430	0.6079132519796981	0.08798488143178904	0.018288995473702156	0.2854961061198472	0.0003167649949633804
DLBCL11478	0.667336036688913	0.060912539789479796	0.008700587942729678	0.26290612482446707	0.00014471075441048896
DLBCL11202	0.10685289475200388	0.3579931967162114	0.32898192830309714	0.20408829633520317	0.002083683893484578
DLBCL10935	0.6553698348182283	0.06360126102412195	0.01329860188022933	0.26504287938906623	0.002687422888354122
DLBCL11470	0.9523048218160032	0.0001147188828023588	1.4411021766426476e-07	0.047580202500333575	1.1269064322865926e-07
DLBCL_RICOVER_910	0.05310740849158728	0.5051522447713697	0.14016680255283134	0.1743078803113123	0.12726566387289942
DLBCL10495	0.7335793111075563	0.030284835768496075	0.004670578959669632	0.22580493046332867	0.005660343700949329
DLBCL10844	0.0479143617641691	0.4041536817414878	0.0484580413533025	0.1599305373743533	0.33954337776668736
DLBCL10993	0.824140741227764	0.011375426842240865	0.0009231457616953071	0.1631104186993361	0.0004502674689637047
DLBCL11519	0.3852307559032124	0.2073112686881546	0.07107322771163495	0.3182541269354253	0.01813062076157263
DLBCL_RICOVER_945	0.20663748359795928	0.33216044623243046	0.10189251657754124	0.28060392337394796	0.07870563021812108
DLBCL_RICOVER_533	0.020141408690305833	0.5394199158590691	0.297258735677809	0.10014211547276552	0.043037824300050494
DLBCL10903	0.0075869989251487234	0.6081569518176656	0.26749660667970543	0.06600642649242945	0.05075301608505083
DLBCL_DFCI_DLBCL_GOE05	0.003852529050405825	0.1740088116464638	0.0005283937111844681	0.03884085656122085	0.782769409030725
DLBCL11673	0.031066531560855315	0.5585653138412803	0.18622042533598873	0.12787095968248355	0.09627676957939214
DLBCL_LS146	0.008973574272212261	0.6297767334202824	0.21023573812228935	0.07543739919442558	0.0755765549907905
DLBCL10517	0.011598614743467107	0.6124184272115437	0.2257857034876331	0.0819300994187114	0.06826715513864468
DLBCL11204	0.0444012156095902	0.4677402090925699	0.06967481043479062	0.15428926859645187	0.2638944962665973
DLBCL11436	0.0482513225174899	0.4857942782896142	0.09162534454239583	0.16207251222071734	0.21225654242978276
DLBCL_RICOVER_467	0.0012753032978155762	0.3772090319678802	0.0004218108217904549	0.03368106277105927	0.5874127911414546
DLBCL10922	0.022188553288734446	0.5007357491156748	0.048123612867764974	0.11496955535245387	0.3139825293753719
DLBCL_C_D_1117_NULLPAIR	0.09500307893980948	0.44873283994045016	0.18745616173378038	0.20782431950087762	0.06098359988508244
DLBCL11188	0.010941606061129767	0.6425813962538256	0.15454572057387103	0.08384816807577705	0.1080831090353966
DLBCL10871	0.027231537901331836	0.5355460086587237	0.07583237670038508	0.12388558527295675	0.23750449146660257
DLBCL10549	0.01644964737216333	0.5182888228786566	0.3444153714383908	0.09008475068283196	0.030761407627957232
DLBCL10885	0.04361976809017651	0.2076876437914439	0.009686050621192826	0.1229363129750973	0.6160702245220894
DLBCL_C_D_1118_NULLPAIR	0.831931305696636	0.009804618099106004	0.000810581168740355	0.15727114564334033	0.00018234939217728175
DLBCL11456	0.05764231298660423	0.4978596550131892	0.16309684192311008	0.17697283956886986	0.10442835050822656
DLBCL_LS2089	0.001973390530775369	0.12541491350471112	7.198514201395173e-05	0.02827901746884286	0.8442606933536567
DLBCL_LS2245	0.17495513343913702	0.2884860083924564	0.25340962522492133	0.2830979136579442	5.131928554100955e-05
DLBCL_LS3245	3.172457050401203e-05	0.040744483381875175	0.9576262297408573	0.001555119829131038	4.24424776324534e-05
DLBCL10962	0.030668534040719814	0.5508979840611715	0.11278129113860222	0.1337428344876094	0.17190935627189707
DLBC_FF_8043_TP_NB	0.0250591730044957	0.5750950554106081	0.1713102119869061	0.11983734651963403	0.10869821307835606
DLBCL_LS4054	0.03494259242422996	0.5504370461149158	0.14754509023927298	0.1405687877342109	0.12650648348737023
DLBCL10452	0.010380960004560394	0.4033465673546695	0.011739448818914658	0.07421744535299185	0.5003155784688635
DLBCL_DFCI_DLBCL_GOE07	0.014558108497638115	0.6080599843715395	0.09159678099051721	0.09780023229759152	0.18798489384271364
DLBCL10503	0.015035708383736347	0.5852552862767154	0.06804485024534193	0.09848886419478084	0.23317529089942549
DLBCL10512	0.011651546756288786	0.5467407278820139	0.33082503633140997	0.07681766407643956	0.03396502495384781
DLBCL11670	0.0003305124913873036	0.11514677115809613	0.877593149368266	0.00672450243831825	0.00020506454393223126
DLBCL11590	0.08350394119629709	0.46067152648544246	0.11842881874293901	0.20352628510940046	0.13386942846592093
DLBCL_RICOVER_978	0.33870220857447764	0.23870304415338991	0.08218021004848507	0.3188422653832601	0.02157227184038733
DLBCL10910	0.01110458746047041	0.5865371051099211	0.27335102127721034	0.07953038450026147	0.049476901652136654
DLBCL11656	0.0009087591373756208	0.12065337306855588	0.8680705957342535	0.010222110647920276	0.0001451614118947595
DLBCL10472	0.04309563009819415	0.3651920258177921	0.468324613490281	0.11995581638138256	0.003431914212350346
DLBCL10465	6.791369739110043e-05	0.04050415058809212	0.9572116970204619	0.0022004741641490195	1.576452990578967e-05
DLBCL10856	0.08900968704752628	0.35426230955615223	0.04411489547101788	0.20003802197844217	0.3125750859468614
DLBCL11566	4.7180648739974025e-05	0.03747860786301472	0.9608240279374398	0.0016372295325901114	1.295401821532034e-05
DLBCL_RICOVER_577	0.014531816996020411	0.5822618604158363	0.2562633574987331	0.09064333863254104	0.056299626456869215
DLBCL_LS2599	0.001274415428180687	0.10715626171570797	0.8792186044596374	0.012311266941040455	3.945145543351659e-05
DLBCL11515	0.023136787513159025	0.537391384839312	0.06510561617764705	0.11860519092332765	0.2557610205465542
DLBCL11528	0.03755906499920655	0.4670262298043635	0.3479070728038546	0.12660275507005522	0.0209048773225202
DLBCL10936	0.04068570354703837	0.5338782360763797	0.12240093122798038	0.15068100424625253	0.15235412490234912
DLBCL_RICOVER_408	0.017868868410346447	0.48059032447077465	0.39440729450261414	0.08674397594830772	0.020389536667956922
DLBCL_LS4616	3.5259303290347266e-05	0.03605943837216418	0.9625930051606523	0.001294373697135239	1.7923466757979805e-05
DLBCL_LS762	0.02320654531338807	0.572588588479279	0.09485809867448897	0.1185007289747425	0.19084603855810148
DLBCL11667	0.005482331036244412	0.23957162807639443	0.7187325951904495	0.0353034401462346	0.0009100055506770564
DLBCL_LS2357	0.23338414990291265	0.31936269587160526	0.1197636709184294	0.28802148768694924	0.039467995620103516
DLBCL_LS3499	0.10178432152332323	0.44675589369513785	0.19143639952277322	0.2058256338039044	0.05419775145486131
DLBCL11576	0.04372463447623858	0.3599936807784394	0.4773034266326152	0.11598708512210866	0.0029911729905981563
DLBCL10782	0.9669859047329109	0.00032652669236631434	3.7426359540066774e-07	0.032687130829956806	6.348117062763233e-08
DLBCL10565	0.0015503400260894222	0.14718365826070953	0.8397446674544305	0.011299864678696302	0.00022146958007421296
DLBCL_RICOVER_1018	0.1479371325146538	0.3074965565810484	0.05170844368822779	0.24036755894725395	0.252490308268816
DLBCL10564	0.02734843529095663	0.35100076939576463	0.5300915743091522	0.08845139354084947	0.0031078274632771407
DLBCL11437	0.8570205448680072	0.007273951972921053	0.0005555494198855307	0.1347739882280337	0.00037596551115260686
DLBCL10974	0.07161441059374532	0.2804433674689559	0.02425285588423877	0.16345951709767378	0.4602298489553862
DLBCL10927	0.9302757236214847	0.0013447311912650165	1.819594990298879e-05	0.06835633481945468	5.014417892643861e-06
DLBCL_RICOVER_274	0.018021701550480503	0.07985148728173946	0.0008865978635984293	0.053592571066231755	0.8476476422379499
DLBCL11658	0.07446845537736684	0.17801245538510893	0.010390455487397782	0.145719752867365	0.5914088808827614
DLBCL10552	0.9093762439981254	0.003806714130762807	1.8717946450926167e-05	0.08679803440285563	2.8952180524788996e-07
DLBCL10553	0.20890659774882522	0.3310610538949586	0.18305994120211605	0.26738817698334316	0.009584230170757057
DLBCL11536	0.0397871769535714	0.521380534972088	0.09605883387535988	0.1453929490452133	0.19738050515376737
DLBCL11500	0.005971928630301889	0.021335816378290514	3.911436837690908e-05	0.022328724459017908	0.9503244161640128
DLBCL10530	0.0005264207661096539	0.0022186218882637	2.2103580631026353e-08	0.005670270593518407	0.9915846646485276
DLBCL10951	0.0024721476908216564	0.030153681667287546	1.2537441974670975e-05	0.017915135541892557	0.9494464976580236
DLBCL11353	0.0020948994060250433	0.07342452063377072	2.5307782563395643e-05	0.023084886357153157	0.9013703858204877
DLBCL10534	0.003690217698503012	0.0099692056807371	7.4373659832935106e-06	0.015218498947660631	0.9711146403071159
DLBCL_RICOVER_850	0.008860236373650287	0.03881173054971349	0.00013577715907758586	0.032747744603683855	0.9194445113138747
DLBCL10890	0.008472966037739024	0.06003966193992755	0.00024801446443209474	0.03655380357549584	0.8946855539824055
DLBCL_RICOVER_1289	0.00849189817203475	0.012942464928661851	2.9384860395612953e-05	0.022634305735120448	0.9559019463037873
DLBCL_RICOVER_1106	0.0009483595432918891	0.009196115847382608	2.7868900920653863e-07	0.009727586544821736	0.9801276593754945
DLBCL_RICOVER_221	0.010663563480584537	0.17968324507011932	0.0020798515240989593	0.06026437789849672	0.7473089620267005
DLBCL_RICOVER_1248	0.03472977630462319	0.006057987544568014	4.7514617616575246e-05	0.042987536639684513	0.9161771848935077
DLBCL_RICOVER_1278	0.016927634247541304	0.029499312666034096	0.00020055116029002665	0.041993809983423905	0.9113786919427107
DLBCL10852	0.008815131909049775	0.024807424787599352	7.072145481616984e-05	0.02884714012649806	0.9374595817220367
DLBCL10781	0.019507072772947935	0.165705845079832	0.0030818295329893565	0.07699053578366967	0.7347147168305611
DLBCL10880	0.02721577679240302	0.08797167853417331	0.0015355564847930696	0.07323251157121063	0.81004447661742
DLBCL10535	0.039386698327998994	0.41107155590781363	0.03859494715042138	0.14062782286760134	0.37031897574616457
DLBCL10909	0.08559207049704567	0.22891321106168147	0.019501989513370604	0.177960837336343	0.48803189159155935
DLBCL10921	0.008539038254452347	0.13529354771669225	0.000868073040334497	0.04846561562212998	0.8068337253663909
DLBCL11195	0.005747160712421013	0.14303598738058187	0.0005665581444629599	0.042266289806554065	0.8083840039559801
DLBCL11450	0.028597352450794613	0.07775499278493407	0.0012350388763464409	0.07215712880199618	0.8202554870859287
DLBCL10895	0.014487958708692378	0.44820978890915114	0.022517418526633654	0.09339565498395672	0.42138917887156613
DLBCL_LS2208	0.015562259357645231	0.3357248935420164	0.010773532599145198	0.08614033217474926	0.551798982326444
DLBCL10862	0.013486716493734537	0.19584741272998346	0.0031741153398139295	0.06776478140654724	0.7197269740299208
DLBCL_RICOVER_314	0.012571615184408412	0.5616594890704064	0.041885555163112334	0.09058259319240317	0.29330074738966966
DLBC_FF_8042_TP_NB	0.0019239599987099624	0.5753850533624809	0.3739968553457823	0.03184894810560396	0.016845183187422855
DLBCL10883	0.02278593043121041	0.03333055026859411	0.00032449520506149746	0.049686018825390255	0.8938730052697437
DLBCL_C_D_1125_NULLPAIR	0.0015614768576753032	0.010970548296859494	1.2115163409876268e-06	0.01015632094227245	0.9773104423868517
DLBCL_C_D_1144_NULLPAIR	0.027970274308767903	0.33308343601597645	0.01836677116052386	0.1161980736370464	0.5043814448776853
DLBCL11472	0.22016795877184622	0.30196856725404037	0.08138129245786149	0.2913337334860438	0.10514844803020806
DLBCL11512	0.9005657097841717	0.0023835018563890748	7.1117301951912935e-06	0.09704351449893764	1.6213030633036575e-07
DLBCL11681	0.25682811495169866	0.29555475254680835	0.11457927740855664	0.3021269359584183	0.03091091913451807
DLBCL10482	0.21770935859335025	0.12490186401604823	0.012472076134271898	0.2389352985772472	0.4059814026790825
DLBCL_LS2154	0.05412874503180492	0.5074000357730867	0.12844374751023518	0.16970785178982647	0.14031961989504674
DLBCL11474	0.8518978830847779	0.0062856189189872515	0.00044088418354808396	0.14086932550245262	0.000506288310234189
DLBCL10968	0.888081273149319	0.0033964496589500718	0.00015151295520793193	0.10827972390172778	9.104033479529188e-05
DLBCL11480	0.05817004297622826	0.4937233750919666	0.20955546513220083	0.1719177154900236	0.06663340130958063
DLBCL11486	0.794058759124142	0.01802825705693072	0.0019227182751697912	0.18560477760229496	0.00038548794146253733
DLBCL11435	0.5958259426173393	0.07570111373635685	0.014925479263042496	0.28654835651158533	0.026999107871675965
DLBCL10451	0.5131523204790169	0.09933871162145913	0.006948444632395264	0.38055937282944374	1.150437684927213e-06
DLBCL_RICOVER_473	0.15240681538123949	0.3873787037527798	0.16715086302465765	0.2490074592472148	0.04405615859410826
DLBCL11205	0.7040341029277776	0.04868335933932519	0.0059319987266463845	0.24117027634466465	0.00018026266158626542
DLBCL11457	0.7815952074438356	0.02197519839739017	0.002200089374212304	0.19393820861908237	0.0002912961654795274
DLBCL10969	0.06956721408541722	0.4415897571283441	0.29508809565464156	0.1725430787817061	0.021211854349890886
DLBCL10490	0.16926001779338132	0.31148778313945785	0.061187191762151545	0.2644284403485777	0.19363656695643136
DLBCL10486	0.03907967792114737	0.4128249171427274	0.0436701608498039	0.14699727706617155	0.35742796702014973
DLBCL10458	0.9227763138968427	0.0009192971366245148	2.439929475779611e-06	0.0763017791072611	1.699297959296881e-07
DLBCL10972	0.7630174648917063	0.02363571547585726	0.003079611999930286	0.20683470782756141	0.003432499804944788
DLBCL_MC_F262_WLC	0.8375137028316753	0.00944055730917994	0.0007615793244801302	0.15194303607319565	0.0003411244614690339
DLBCL_MC_F307_JPS	0.6365084527889556	0.07296190255154862	0.014639379697020918	0.2734327240422144	0.0024575409202603547
DLBCL_LS378	0.7931619940847621	0.018897518950808597	0.0017066140945262735	0.1859673243568258	0.00026654851307723084
DLBCL10957	0.29551968793167155	0.263442326151765	0.10536785267063961	0.3131648238550119	0.022505309390912054
DLBCL_C_D_1105_NULLPAIR	0.07720251053746104	0.4681459672550062	0.192020623620831	0.19330842292468	0.0693224756620217
DLBCL_RICOVER_174	0.009342011915957781	0.5692258821516106	0.3093648973948447	0.07041936916740181	0.041647839370185145
DLBCL10985	0.0401384325537605	0.5364861917112344	0.15637488596908272	0.1486030767019976	0.11839741306392479
DLBCL_C_D_1126_NULLPAIR	0.02229668794334349	0.4308005318724863	0.028849208712910725	0.11141491937725327	0.40663865209400624
DLBCL10834	0.34848404365544244	0.22321418771093987	0.11279739495336491	0.31415134119178334	0.0013530324884693749
DLBCL_RICOVER_1210	0.011167221950793381	0.5698602417332579	0.2980242799637001	0.07723502639079809	0.043713229961450585
DLBCL10906	0.0183008472038249	0.30967887928586607	0.011112538201371954	0.09147299790202719	0.5694347374069099
DLBCL_RICOVER_299	5.1551605016942695e-05	0.09963269394975707	0.8967621384477663	0.003220088673455281	0.0003335273240043842
DLBCL10502	0.025917121245017584	0.5015344068045275	0.331169330577668	0.11008986528743991	0.031289276085346956
DLBCL10954	0.013179878387545783	0.347051517969858	0.01024008756842806	0.08263281457312156	0.5468957015010466
DLBCL_RICOVER_253	0.12007353495368776	0.3593679242429455	0.3104888157881516	0.20649238803768058	0.003577336977534495
DLBCL_RICOVER_1060	0.02410422587675914	0.49927686522215986	0.05274327186280608	0.12101279507091585	0.3028628419673591
DLBCL_RICOVER_1165	0.012096958840916362	0.4710809285000917	0.023287735740263243	0.08634271464442632	0.4071916622743024
DLBCL11003	0.013922651810509142	0.266322879618502	0.006318576218553524	0.07908387147731467	0.6343520208751207
DLBCL10780	0.00020569509867668728	0.07980021033354583	0.9150231004365187	0.0048586230946053455	0.00011237103665345672
DLBCL10934	0.01842295572689908	0.21588285102928187	0.004999279097869132	0.08166633493158997	0.67902857921436
DLBCL_RICOVER_496	0.023011510176634033	0.5771326583609903	0.19939228860062416	0.11406886433517832	0.08639467852657329
DLBCL_C_D_1119_NULLPAIR	0.6442982509633798	0.06849465397585473	0.014730284935161687	0.27164912680951503	0.0008276833160887228
DLBCL10460	0.010612320987255655	0.6029152518424677	0.24903704652152087	0.07853766648269339	0.058897714166062425
DLBCL10850	0.2830485830431885	0.27582990876236196	0.12620453733606005	0.3008821710038457	0.014034799854543787
DLBCL_LS1668	0.0012523604080087077	0.26964189892071055	0.7080737934477928	0.018454045789414248	0.0025779014340737367
DLBCL_C_D_1131_NULLPAIR	0.009990094288674367	0.4666867351652239	0.017441834527620558	0.07982758988050237	0.42605374613797875
DLBCL11484	0.027431384548292553	0.5465100030552414	0.09168332744554575	0.12748298263462587	0.2068923023162944
DLBCL10483	0.00016057080359569662	0.29504099277037943	0.6926846639983583	0.00912163621330794	0.0029921362143586496
DLBCL11449	0.04132921957743121	0.30913300004723304	0.02115894236621521	0.13224128328674312	0.4961375547223774
DLBCL_MC_F064AB	0.001494082269835534	0.14710222156349115	0.8349116642808287	0.01624372427885051	0.00024830760699403584
DLBCL_RICOVER_522	0.0012934840474252188	0.10618501659330615	0.8792666601772567	0.013212950475397434	4.188870661447019e-05
DLBCL11441	0.08493911358791123	0.38249750381170494	0.05335074505345257	0.20082188143945692	0.2783907561074744
DLBCL10459	0.00018027865493903418	0.08086736399960107	0.9145779955582407	0.004281774508915067	9.258727830406763e-05
DLBCL10498	0.0001595698993017331	0.05012033958972251	0.9462962627584837	0.0034119612192030735	1.1866533289051661e-05
DLBCL_MC_F349_BJJ	0.00030810856415509517	0.1312445181443746	0.8611706108898779	0.00695484135118122	0.0003219210504111171
DLBCL_LS155	0.0019420649492795602	0.14109050714716537	0.8387467430581488	0.01809679969919755	0.00012388514620875304
DLBCL_C_D_1112_NULLPAIR	0.024203044850539545	0.5768331351285045	0.2027696307835214	0.11569230604648302	0.0805018831909515
DLBCL_C_D_1113_NULLPAIR	0.024515769327218214	0.48092143341319576	0.3684357210509338	0.10464659105544995	0.021480485153202403
DLBCL_LS1098	0.0014418876412401543	0.10332885499256593	0.8789683254381148	0.016250495367928375	1.0436560150845365e-05
DLBCL_C_D_1133_NULLPAIR	0.0011421988766239946	0.23141238252332355	0.7496819702443225	0.01634132254501151	0.001422125810718481
DLBCL10523	0.03090800558704109	0.29605037660682504	0.5778834858213547	0.09473643399972799	0.00042169798505115486
DLBCL_RICOVER_744	0.00038445432466906605	0.06695057076872028	0.9269699956236122	0.0056802400977549825	1.4739185243556552e-05
DLBCL11675	0.01286221092828737	0.33841590544374167	0.5811975468006421	0.0639351767526656	0.0035891600746632223
DLBCL_C_D_1141_NULLPAIR	6.753894949337252e-05	0.061797978701318625	0.9355080852965111	0.002569734703993657	5.666234868325295e-05
DLBCL_RICOVER_216	0.028058416976120572	0.5389242513949172	0.0811339100217247	0.12895749898159733	0.22292592262564015
DLBCL11526	0.6560679065083662	0.06441340705764188	0.004632633129920808	0.2748508036946739	3.5249609397269064e-05
DLBCL11666	9.633220159006202e-05	0.053925524210719646	0.943180419928131	0.0027613199244218723	3.6403735137504036e-05
DLBCL11458	0.3573031892082967	0.2281400646988993	0.09968970664888564	0.3126613897925314	0.002205649651387025
DLBCL_RICOVER_1061	0.6138303534724411	0.09106078692948562	0.017744909520206634	0.27689036940006984	0.00047358067779686126
DLBC_FF_8062_TP_NB	0.1480239100219884	0.37310287528998987	0.23311175337967854	0.2324763522194465	0.013285109088896754
DLBCL11002	0.15005091887558628	0.35590548876520006	0.2622631192350682	0.22676839462245918	0.005012078501686214
DLBCL11433	0.2003583377950582	0.1971317850121459	0.024969834994976403	0.24669756188061007	0.3308424803172095
DLBCL11447	0.15878355880619255	0.07903852331235668	0.005073105920596126	0.16953385700745166	0.587570954953403
DLBCL_MC_F139_LJF	0.3491941585252223	0.23439886637889162	0.0954034933252355	0.3094694043562651	0.011534077414385382
DLBCL11527	0.01692482808945041	0.3271822480065459	0.5869403279950411	0.06633678621919765	0.002615809689764927
DLBCL_LS2590	0.1196124102320863	0.15905810334991288	0.011494958394223083	0.17852928681018793	0.5313052412135898
DLBCL10539	0.01803529192900037	0.5350499285953606	0.0511441581569558	0.10239959218570954	0.29337102913297364
DLBCL10965	0.4183959454345279	0.13304158807493763	0.024005206531435043	0.3041098722631793	0.12044738769592
DLBCL_MC_F218_RAP	0.7723553940593209	0.027687563009259963	0.0024179848951426525	0.19741694746901783	0.0001221105672586277
DLBCL11460	0.43633160290265416	0.16112061536009667	0.04084878879476894	0.3163520727006425	0.045346920241837715
DLBCL_C_D_1109_NULLPAIR	0.35898243467295343	0.149203654380119	0.02660673489930638	0.29844069443120996	0.16676648161641108
DLBCL_RICOVER_701	0.18964006429450483	0.3567646498295356	0.161443169353482	0.2625227257380434	0.02962939078443404
DLBCL10863	0.14422389520703977	0.0207778887658772	0.0008277217900799144	0.10444107226030525	0.7297294219766979
DLBCL11206	0.013318941834631113	0.5500643583864249	0.04388503901329844	0.09239639897748825	0.3003352617881572
DLBCL10901	0.014712464923470678	0.05775217940456798	0.0004796987349828179	0.04868545102175763	0.8783702059152209
DLBCL10860	0.0018108476710221603	0.035378578107791776	6.5690757878731324e-06	0.01768655143505418	0.9451174537103441
DLBCL_RICOVER_1032	0.0012615978754047746	0.022439407226930178	1.155832548112089e-06	0.013365092563296863	0.96293274650182
DLBCL10908	0.032954188419773406	0.553076833937618	0.20255072505142438	0.13229448566739074	0.07912376692379353
DLBCL10999	0.0043531711926898505	0.013441826892763294	1.22405418013939e-05	0.017470806787820186	0.9647219545849253
DLBCL10930	0.631566573017852	0.04443809007254872	0.006831776930104786	0.26888758925936734	0.04827597072012713
DLBCL_RICOVER_506	0.006426215053973355	0.0769370373620432	0.0002339411833469444	0.03600941825025425	0.8803933881503823
DLBCL_RICOVER_712	0.013213484513512072	0.2691662420950079	0.005681465392836374	0.07556196866747066	0.6363768393311731
DLBCL_RICOVER_956	0.012159850686403448	0.2543498275258686	0.004939595686538791	0.07114382302153116	0.657406903079658
DLBCL10990	0.005274839867240193	0.17870881086659401	0.0006798524757029231	0.042921561850497024	0.7724149349399658
DLBCL10925	0.04187851790180393	0.07331068262448509	0.0015694082464329773	0.08697802742778521	0.7962633637994928
DLBCL10857	0.00953267832013018	0.02207286264706955	7.604924766769223e-05	0.029711296006487455	0.9386071137786451
DLBCL11538	0.09166475088844449	0.37010517787794794	0.05784464039600245	0.20548285153984272	0.2749025792977623
DLBCL10902	0.0114635150135365	0.13498317747630892	0.0012883135742517158	0.056773391854538814	0.795491602081364
DLBCL10889	0.004090930823781542	0.013366114260853918	1.1138960334445467e-05	0.016164997631298108	0.966366818323732
DLBCL10842	0.01666459327837307	0.12364663385360844	0.001614131401262806	0.06485315905502158	0.7932214824117341
DLBCL11504	0.0765985617110603	0.4300620265092365	0.07988911963318328	0.1957129978916949	0.21773729425482505
DLBCL10963	0.00946771019095541	0.14085720862481427	0.0011295962771628314	0.05156233467094027	0.7969831502361272
DLBCL_RICOVER_720	0.04601019075377498	0.0263586760837462	0.0004292292520159101	0.06803791118244124	0.8591639927280217
DLBCL_RICOVER_773	0.004969057663828631	0.36557476070143047	0.003950913762115006	0.055108002886441874	0.570397264986184
DLBCL10532	0.015883209948958574	0.09405604020600487	0.00100041262705857	0.057370664306502554	0.8316896729114754
DLBCL_RICOVER_1192	0.003874218617004865	0.027285657273677284	2.5124797222038952e-05	0.022190509454275083	0.9466244898578208
DLBCL10980	0.010672062377951666	0.48681707024681986	0.01989861125296822	0.08025245758785028	0.40235979853441
DLBCL10977	0.006989630156210542	0.07034624370280129	0.00024732278567362036	0.035997709484606594	0.8864190938707079
DLBCL11000	0.0012384935672432892	0.01488198848600795	9.42906875217133e-07	0.011705015671095945	0.9721735593687776
DLBCL10898	0.007469225386118645	0.15986773306372384	0.0010331286372196086	0.050574026002685	0.781055886910253
DLBC_FF_A7CX_TP_NB	0.09877501446263541	0.24012386276307987	0.022977722924656805	0.18833311786696347	0.4497902819826645
DLBCL10877	0.06952576459202577	0.48364752855930654	0.17452786892933794	0.18721309269519448	0.08508574522413537
DLBCL10492	0.7376791620991056	0.014533994604613193	0.0017727384123854297	0.21504664770382803	0.030967457180067767
DLBCL11501	0.5169869172202708	0.13121986205649275	0.03846135772661125	0.3094083500465603	0.0039235129500649
DLBCL11477	0.822014351889819	0.009662399726543681	0.0009604838831840847	0.16619717708724063	0.0011655874132126174
DLBCL_LS3809	0.7182910025941275	0.025995600061867543	0.0038375292143661087	0.23165897549384107	0.020216892635797762
DLBCL10971	0.026244247747354	0.5003750014113926	0.061997025434637615	0.13040555517169186	0.280978170234924
DLBCL10462	0.8406652740621395	0.007548356756105606	0.0006674971617081657	0.14960732178607397	0.0015115502339727654
DLBCL_LS2367	0.842443787806281	0.010028734993110596	0.0005700359533855019	0.1468612329103856	9.62083368372106e-05
DLBCL10542	0.8824423716956659	0.0021173089807771353	0.000142948728136511	0.11471686647636453	0.0005805041190559712
DLBCL10928	0.7545342112742837	0.029376796756248793	0.0036675421337369818	0.21208876502635085	0.0003326848093797735
DLBCL10896	0.7900830543598598	0.018862878648455338	0.0021556307272981075	0.1881958774051969	0.0007025588591898778
DLBCL10918	0.8172610949248345	0.011449599256780083	0.0011969328715373607	0.1687381624384507	0.0013542105083974038
DLBCL11473	0.8145309412795412	0.014781229885639152	0.0009725366400764032	0.16959271854515726	0.00012257364958598118
DLBCL10548	0.8160019295110126	0.01122820386706051	0.0012512229064986571	0.16984241858333451	0.001676225132093725
DLBCL11676	0.8096435231901606	0.016206877249542864	0.0009545278596273642	0.17315876575883668	3.630594183249118e-05
DLBCL11509	0.12223571203076751	0.4052334050077739	0.11488121000662734	0.24157870549583874	0.1160709674589926
