	0	1	2	3	4
DLBCL11539	0.9999477856110897	7.00280840746408e-18	4.4270154740420716e-10	5.221394620871218e-05	7.977273917036099e-17
DLBCL_C_D_1148_NULLPAIR	0.11955042141215763	1.0258409440241642e-13	7.383766019918807e-05	0.8803757409194009	8.139763433622416e-12
DLBCL10912	0.9999967793699528	1.810251956357736e-08	3.0302978036588507e-07	2.842897844492196e-06	5.659990278560694e-08
DLBCL_RICOVER_829	0.9999972946039752	3.440836401215452e-11	8.498387530069588e-12	1.9826350488249076e-06	7.227180691839874e-07
DLBCL11652	0.3511698415886331	0.6004778900485066	0.034314937472822056	0.0005423945358007518	0.0134949363542374
DLBCL10986	0.8923258502324793	0.001657328986308877	0.06145474157185899	0.009536787293964163	0.03502529191538861
DLBCL_C_D_1129_NULLPAIR	0.9961500994057666	1.0532316649249558e-06	0.00034036733506502797	0.001782010254769498	0.0017264697727339582
DLBCL10950	0.9995306213559773	3.4741720263461384e-08	3.692485541404667e-07	0.0003419133119208433	0.00012706134182752503
DLBCL11662	0.999678044843268	1.800400881920509e-06	4.7494173288952406e-07	0.00028605691838619037	3.362289573096445e-05
DLBCL11481	0.9991886265013412	1.0073971616281222e-06	0.0001522763024646396	0.0006103391006760677	4.775069835649796e-05
DLBCL11429	0.9995842148123314	1.5520016864915576e-12	1.6976746426256842e-09	0.0004147611479090289	1.0223405329562894e-06
DLBCL10945	0.9999939119221068	2.6302183101392955e-11	1.3478093416373012e-10	3.1987112700204003e-06	2.8892055400142755e-06
DLBCL_LS951	0.986313154700857	0.0031912141278911325	0.0021349317013856237	0.008331478752443779	2.9220717422493908e-05
DLBCL_MAYO_DLBCL_3653	0.8466724119684312	0.002375944124852422	0.006375118775829312	0.0989602686104345	0.045616256520452564
DLBCL11537	0.9999996160908158	6.745776708754639e-15	1.0158565852840402e-12	9.004363062705112e-08	2.938645309912086e-07
DLBCL_C_D_1114_NULLPAIR	0.9999999273953902	1.610352180720333e-14	1.6093548574728333e-13	7.25584229913954e-08	4.6009738368528055e-11
DLBCL11461	0.9999839422689772	1.806718649526777e-11	2.954221211097856e-08	1.6028168667208482e-05	2.0762510977672255e-12
DLBCL10997	0.999996367680623	1.0777644156164054e-10	3.284194885880597e-10	2.2985018142903567e-06	1.3333813667246803e-06
DLBCL_C_D_1130_NULLPAIR	0.9999999606718231	1.6594282242901832e-10	4.966505534602403e-10	2.1019270081297466e-08	1.7646313480118903e-08
DLBCL10515	0.9999791357155672	3.0941105101615955e-07	1.2620434247245714e-07	1.949095507782198e-05	9.37713961510606e-07
DLBCL10914	0.7604555648362658	0.19312296527443756	0.04157330928361448	0.00281659962939947	0.0020315609762827174
DLBCL11462	0.9997965043025444	8.713885565177205e-08	6.278740561268536e-06	0.00010787748155353763	8.925233648514546e-05
DLBCL11520	0.9999930429217012	1.274315111322378e-14	2.88090380720411e-14	1.918202595724267e-07	6.765257997661801e-06
DLBCL11203	2.9826697336178507e-15	0.9999999821487416	1.7348174608834782e-08	3.561090967811083e-11	4.674698592202377e-10
DLBCL_LS3749	4.113610465482617e-15	0.9999999041377284	9.582711219903477e-08	4.728381677232561e-12	3.042687090013413e-11
DLBCL10874	3.387651607678758e-05	0.2128476566447962	0.00022954148328424952	0.0002929591699242356	0.7865959661859184
DLBCL_BWH_DLBCL64	0.011318908415150977	0.7206241981359846	0.05404366432352197	0.21401179171106713	1.4374142754012067e-06
DLBCL_LS1921	1.3950640795122871e-11	0.9945661876288436	0.005426206105242164	7.6051130014393444e-06	1.1389621120868773e-09
DLBCL_C_D_1108_NULLPAIR	1.6583528606160368e-18	0.9999995738531532	1.3216922462496898e-13	2.998758146786603e-19	4.261467146391472e-07
DLBCL11661	7.85218992293496e-10	0.9978810935138195	0.002118400361739213	4.943898975106156e-07	1.0949324815228963e-08
DLBCL_C_D_1136_NULLPAIR	5.971292082058178e-13	0.9999993181460498	9.654127163455874e-10	1.5576765297675306e-11	6.808723635799031e-07
DLBCL11507	1.3628221458592847e-10	0.9997186058606444	0.00028139397243320965	4.068639098896546e-12	2.657152643291797e-11
DLBCL10494	6.18037396036447e-11	0.999338110958051	0.0006617770252772646	2.048063045998235e-09	1.0990680496012321e-07
DLBCL_RICOVER_1046	1.8427730838173565e-13	0.1981597537840398	0.8018402362233393	1.3521119364343922e-10	9.857225440719325e-09
DLBCL10510	9.917105975753132e-07	0.9955402702345972	2.8409118511803393e-06	6.265650116165422e-08	0.0044558344864528915
DLBCL_LS1065	3.304657746711418e-08	0.9999898994326613	9.005562837218016e-06	2.9331469475778192e-08	1.0326264545841191e-06
DLBCL_RICOVER_787	0.36354740147856857	0.031896396597988125	0.03720106206137531	0.5650692170668171	0.0022859227952508224
DLBCL_RICOVER_478	0.00035070753595179435	0.9368974885094242	0.0029012305022904717	1.032550718757105e-06	0.05984954090161474
DLBCL10983	2.897008893018787e-09	0.9869168790687864	1.9068452008715305e-08	1.8823556933136525e-10	0.013083098777517087
DLBCL11479	0.001260687502761152	0.9335602840312054	0.04289307282182374	0.0004154062132458547	0.021870549430963816
DLBCL_MC_F500_ECU	3.259354082867791e-07	0.9982150044941961	4.0644466287924924e-05	4.565691018240086e-07	0.0017435685350058697
DLBCL10846	0.022739435300928163	0.7767705816241244	0.00010773211660357756	0.0002911758039626393	0.20009107515438124
DLBCL10911	1.016178680252132e-08	0.999994451454641	1.7322468511279578e-06	1.5845726980205943e-09	3.8045521483183866e-06
DLBCL10981	2.952980494755836e-06	0.9970250635237704	0.0001305887343495409	3.385758333237181e-05	0.0028075371780528816
DLBCL_MC_F729_MAN	8.860039146661364e-10	0.9999651241153148	6.71187074433287e-07	5.916407193301365e-11	3.420375244278594e-05
DLBCL10894	0.002624494615564068	0.9972908034345747	3.957747603735637e-05	1.2747734020121715e-05	3.2376739803846706e-05
DLBCL11565	1.1977422236014372e-13	0.9999997221849778	8.545511985198989e-08	1.6360961918913926e-11	1.9234342162124547e-07
DLBCL10461	3.7753623834240233e-16	0.9999946855423116	4.308177184398515e-10	1.769876539741229e-16	5.3140268700930454e-06
DLBCL_MC_F089_HCZ	7.953317546589487e-15	0.9999804010858753	1.9587271968076454e-05	3.422704404022874e-11	1.1607921657272381e-08
DLBCL_RICOVER_440	1.0049494561799294e-19	0.9976499239684299	0.0023500760314190817	1.888086462016471e-16	1.508728490857288e-13
DLBCL_DFCI_DLBCL_GOE16	6.884300957390099e-11	5.189235200266937e-07	0.9999994575409549	2.176495003439864e-08	1.7017320568740575e-09
DLBCL11558	3.680003378867707e-11	5.19246451438517e-06	0.9999947400493037	6.738699045766455e-08	6.239145836038218e-11
DLBCL10555	1.772652997556762e-08	1.1863600720134187e-05	0.999988110344166	8.051546698934538e-09	2.7703717739761106e-10
DLBCL_LS1395	3.492688069928206e-08	0.034817826307271274	0.9651728700721401	1.6270378427269393e-07	9.105989923576132e-06
DLBC_FF_8046_TP_NB	4.011540451860344e-06	0.0013431665086826759	0.9985600675335169	5.923186529108807e-05	3.352255205745767e-05
DLBCL11680	3.47020108462304e-08	2.1426776898461262e-07	0.9999997502641392	7.620309379469172e-10	4.0500001542352326e-12
DLBCL11685	3.008826642024701e-11	7.835141825535445e-08	0.9999999041330472	1.4839559534913272e-09	1.6001490345339895e-08
DLBCL_LS1304	6.624108406735022e-06	0.025880793379421684	0.6220245610401508	9.47803563351275e-05	0.35199324111568564
DLBCL_LS297	1.1462468135674616e-11	8.105140646390072e-08	0.9999998505715356	6.836498975787568e-08	6.056900272465283e-13
DLBCL_MC_F815_BAT	1.958770129294098e-10	0.00012112114946949675	0.9998747778318668	4.094544056594186e-06	6.278730058053364e-09
DLBCL_LS2325	2.4901201957342007e-11	0.07375150233520845	0.9262484943108231	1.6651337028845911e-09	1.6639334720696419e-09
DLBCL10466	3.0808413103437813e-13	0.0002621732388223437	0.9997377746653634	5.1444073500693617e-08	6.514326881538559e-10
DLBCL11672	4.966272666701419e-08	3.973988001358715e-06	0.9999885194716064	6.753169598315872e-06	7.037080672738809e-07
DLBCL_MC_F606_DMJ	1.6590033017245262e-11	0.06158097148942097	0.9384188610903376	2.691245697365484e-09	1.6471240574519178e-07
DLBCL11428	6.335261667331909e-13	4.879835182669987e-06	0.99999512015359	1.0001471286759928e-11	5.922881633603084e-13
DLBCL10879	8.813994880801609e-08	1.1941772917566565e-07	0.999973018485474	9.382834135955787e-06	1.739112271202101e-05
DLBCL10536	0.001148329180242465	0.16354450601990558	0.831587896911433	0.003321329050189531	0.00039793883822948395
DLBCL11534	0.13555689422190692	0.005090512969850104	0.23049955062585545	0.5691863662296958	0.05966667595269185
DLBCL10491	9.260376573454952e-08	0.07415078349221535	0.32459717157048457	0.6012519506279539	1.70558043611747e-09
DLBCL10513	0.059379342744720384	4.898463096772248e-06	0.007365259486404795	0.9332504168702415	8.243553658300634e-08
DLBCL10868	4.89750451087623e-05	1.5650928971802035e-19	2.556165700874206e-16	0.9998100858813664	0.00014093907352455396
DLBCL10858	0.002855067374898158	2.3039854864080375e-18	1.8431416343337902e-13	0.8866561074891683	0.11048882513574917
DLBCL10547	8.663758091328183e-07	2.729515215789868e-12	1.5976642556551602e-07	0.9999989734517564	4.032794187526256e-10
DLBCL10544	2.5419890411369354e-09	7.505308240577732e-21	3.754942976650026e-14	0.9999999964711648	9.868086334574712e-10
DLBCL11491	0.2323878600662702	0.0001804492814007872	0.02015058960817657	0.5459420473530205	0.20133905369113192
DLBCL11564	1.0775161121012714e-08	3.765162951933155e-16	3.5250671389570525e-10	0.9999999888683184	4.013365090955338e-12
DLBCL11459	3.036699844491752e-07	1.3515430340927411e-14	1.3338343408169124e-09	0.9999996947339436	2.622241274804135e-10
DLBCL_RICOVER_1045	0.9155412127647327	2.1320958598502345e-06	1.9858743357594838e-05	0.08441949048110099	1.7305914948953736e-05
DLBCL10456	3.6670010877552417e-06	8.501051230004678e-13	7.509609938880283e-07	0.9999955752906736	6.746394630155754e-09
DLBCL_RICOVER_985	3.660524515530224e-07	4.1337755787423714e-10	0.0004283963626184886	0.9995712368597562	3.117961858034628e-10
DLBCL_RICOVER_950	6.297512211754038e-08	6.023963963369216e-13	1.496376169699483e-06	0.9999984406358224	1.2283347979880197e-11
DLBCL_C_D_1159_NULLPAIR	0.592140970335923	9.282113660953853e-10	4.452156527528593e-08	0.40785852017809354	4.6403620686379495e-07
DLBCL_RICOVER_711	0.022812322277073544	0.6267642517558516	0.001022552848330099	0.34939448537824896	6.387740495817912e-06
DLBC_FF_A7CQ_TP_NB	5.193989450084346e-05	8.386076687559713e-09	1.5126854683337854e-09	1.814425976538484e-05	0.9999299059469716
DLBCL10915	0.06981023018384996	0.1168516226704818	0.022800404067289	0.7456253439474906	0.044912399130888625
DLBCL10867	6.7237730724083e-06	0.031207277988861377	4.7496263640325184e-07	4.938157071818401e-06	0.968780585118358
DLBCL10992	5.111741525229347e-10	3.7781052041818614e-16	4.9119796227049967e-14	6.590087053333732e-10	0.9999999988297676
DLBCL10887	5.927703130492742e-08	6.830112260120607e-08	1.5493649838544704e-07	5.227371729100093e-08	0.9999996652116304
DLBCL10878	0.868227139888873	3.3960214898515964e-06	1.0430372467259228e-05	0.007496899596477585	0.12426213412069229
DLBCL11431	0.09497788723411886	0.31003535527455456	0.09964187269624943	0.047148561549914245	0.4481963232451628
DLBCL10891	0.015696753005404546	7.149855645597601e-08	0.0008018154548024674	0.1520119513927554	0.8314894086484812
DLBCL10521	5.021832235375276e-09	0.04302752996509502	1.666760407971796e-09	7.76938379785273e-11	0.9569724632686185
DLBCL11476	0.00010726666082738805	0.0021925845992134666	3.4664924317242546e-06	6.01135265715713e-06	0.9976906708948703
DLBCL_MC_F519_ALT	6.342057812187561e-07	3.4506756666779016e-05	1.0985206535764939e-08	1.66650802502167e-08	0.9999648313872652
DLBCL10866	3.5681009841453545e-05	3.1800286676320286e-12	1.7469690812225606e-09	0.006905596405932204	0.9930587208340772
DLBCL_RICOVER_449	1.1935362295119574e-05	6.304713913623252e-09	5.449078769088944e-11	1.2163316614969302e-07	0.999987936645334
DFCIDL004_DT	0.9308333412593083	5.844714926347798e-08	8.381871909943466e-07	0.018787746871849684	0.050378015234501805
DLBCL_RICOVER_1287	0.00021436796346615568	0.035140687801177656	0.0002672657320610707	0.00012316627690900218	0.9642545122263861
DLBCL10836	2.4434600115924148e-05	1.4549005302269377e-14	2.0816943484222924e-11	8.717397195386676e-06	0.9999668479818572
DLBCL10550	4.232786340484531e-06	5.712284415173976e-07	8.439632979033637e-08	1.5181145962548815e-07	0.9999949597774286
DLBCL_LS3200	2.7335979034823577e-10	0.23890531604461343	9.078929006289679e-08	1.0092784294144835e-10	0.7610945927918089
DLBCL10900	2.220541408856667e-05	1.2763923927629937e-21	5.338521213033176e-19	4.660677489416094e-06	0.999973133908422
DLBCL10853	7.134960294012094e-05	7.86892557485977e-10	5.345459221660752e-11	1.692381275669599e-07	0.9999284803185852
DLBCL_RICOVER_111	0.6107207227561845	0.0013311756063786753	0.0426872212771597	0.03660500321358477	0.30865587714669235
DLBCL_RICOVER_417	2.670318910075872e-08	7.282894353219627e-09	5.497505885229599e-11	1.2183914711946475e-07	0.9999998441197944
DLBCL10529	8.552378792518479e-08	0.03214896230877381	4.068422629847412e-06	2.1799882633589057e-07	0.9678466657459821
DLBCL10847	5.00329652781939e-07	0.003321151667966514	1.4062107766056314e-08	5.59651296703347e-10	0.9966783333806216
DLBCL_C_D_PAIR13	0.0941994369627103	0.3103190791703911	0.09954093632091215	0.04694595605568226	0.44899459149030424
DLBCL_C_D_1163_NULLPAIR	4.712532738285078e-11	5.570335845086868e-17	3.716216850142736e-18	1.962711354676615e-09	0.9999999979901633
DLBCL10833	0.5900991080894221	1.3333757897258296e-09	6.7640874281067816e-09	0.0010635000611932083	0.40883738375192147
DLBCL10835	3.5659873451073195e-11	1.8367390612232923e-05	5.4130181163300934e-12	1.6590063381400471e-07	0.9999814666676811
DLBCL_C_D_1156_NULLPAIR	0.9294200399179626	0.0021914132136951884	0.000816760286223362	0.06697629331147258	0.0005954932706462349
DLBCL_RICOVER_977	0.9999999792094368	9.770302998760797e-22	1.5684076177257514e-18	2.0766635844496523e-08	2.392731389119685e-11
DLBCL_C_D_1128_NULLPAIR	0.9998616580274816	5.750307872368771e-06	2.849431633580519e-06	8.9411087431579e-05	4.0331145580865394e-05
DLBCL_RICOVER_451	0.9999975568009832	2.07561730329273e-09	1.628056402953204e-07	2.0864369455407235e-06	1.9188081362696008e-07
DLBCL10994	0.9034947820762083	0.0029757746630000607	0.0018205869763460972	0.07531127869280001	0.016397577591645566
DLBCL10884	0.9999708221651304	1.3057887153534388e-10	8.038318770424231e-09	2.912172882792603e-05	4.793714398747056e-08
DLBCL10931	0.9998692996814612	4.54722407544351e-14	7.076305380218564e-11	0.0001304808877564534	2.19359973818412e-07
DLBCL11671	0.9914837448649063	8.089793739341236e-08	1.4896621351028386e-05	0.008501186396876775	9.121892844337962e-08
DLBCL_LS1757	0.9999987886135978	1.0558226834898967e-10	1.8496689699592372e-09	1.2066095384518543e-06	2.821612498895047e-09
DLBCL11488	0.9996827760222414	1.4477023271092402e-14	8.696718042820169e-14	2.7847605505205996e-05	0.0002893763721519426
DLBCL11496	0.9936883852755983	1.617789918461835e-05	3.9815169489085904e-05	0.0003452814381687772	0.005910340217559234
DLBCL10525	0.9999999797707676	3.978556031984449e-15	8.421411142467188e-13	1.7118967646252375e-08	3.109418634382495e-09
DLBCL11430	0.47517028403442757	8.906647147581571e-11	0.0003091503046194797	0.5245205654028664	1.6902012561535738e-10
DLBCL11478	0.9851645272014727	6.567814636768021e-05	0.012963968676327238	0.0018056613565850881	1.6461924725019137e-07
DLBCL11202	0.0019462161902370559	9.022265058214449e-05	0.9201679518563101	0.07779560779905287	1.5038178537860187e-09
DLBCL10935	0.9927436692339068	0.006432948031316973	4.7271617075720805e-06	0.00030499910307549066	0.0005136564699931739
DLBCL11470	0.9988534040130531	2.5274291205843187e-19	2.7064520674530255e-12	0.0011465959830827526	1.157638055486052e-12
DLBCL_RICOVER_910	0.14568668675932597	0.010456244349035677	0.01947775895496294	0.818461208776091	0.0059181011605845026
DLBCL10495	0.9998716921072608	0.00011672703856113697	1.0829666901231468e-07	4.904238825752417e-06	6.568318683316011e-06
DLBCL10844	0.9038395502883024	0.0005832888736087761	4.5023499621109505e-05	0.00029627065043523546	0.09523586668803241
DLBCL10993	0.9930474435594876	4.510974571144997e-08	6.89000422918478e-07	0.006467971465554581	0.00048385086478916175
DLBCL11519	0.25711738906595655	3.1845697962227672e-09	7.862120417827597e-07	0.7428817712967172	5.024071468922231e-08
DLBCL_RICOVER_945	0.9957633099403164	2.8872006284950584e-06	1.7888927811164299e-06	0.0040582646685685024	0.0001737492977055512
DLBCL_RICOVER_533	8.207729029999028e-10	0.9999159625767374	8.403179533182935e-05	1.9567563716687988e-09	2.8504014738916546e-09
DLBCL10903	1.2148269067501438e-09	0.9998796330720396	0.00011918102708834613	1.1817533857775802e-09	1.1835042917266257e-06
DLBCL_DFCI_DLBCL_GOE05	2.9246549245248608e-08	0.843953735957165	9.672489686289234e-06	7.030354470729961e-09	0.1560365552762449
DLBCL11673	9.254893606261114e-06	0.9838560380048552	0.01591292100640525	0.0001740708459795716	4.7715249153659814e-05
DLBCL_LS146	2.9268606005532154e-15	0.9999999959697268	3.998538662700423e-09	5.82409306296263e-15	3.172581260930196e-11
DLBCL10517	1.2726638105501311e-08	0.4918556189586421	0.5081381221583714	3.965473069279161e-06	2.280683279074478e-06
DLBCL11204	0.6427928773438621	0.2276121410997219	0.01026914810978419	0.009193391186074306	0.11013244226055749
DLBCL11436	0.011108377578929135	0.816947410060094	0.03555179336783042	0.13287237727045104	0.0035200417226954606
DLBCL_RICOVER_467	3.927312052934389e-20	0.9998602069538473	4.1592585050557846e-13	2.1285220480014994e-21	0.00013979304573682989
DLBCL10922	3.776419250631539e-05	0.9991357860743524	0.0005190869556806299	4.720129312961258e-06	0.00030264264814776164
DLBCL_C_D_1117_NULLPAIR	0.00037310124900574195	0.7248005462725788	0.0005920629610380079	0.27422987438111895	4.415136258477889e-06
DLBCL11188	4.577421105973434e-10	0.9999977599283124	8.111953785190694e-07	3.3190399622092714e-10	1.428086662961243e-06
DLBCL10871	0.012494768491128063	0.9230418962035173	0.008894611548812837	0.0007260674251054807	0.05484265633143637
DLBCL10549	5.330230016403734e-08	0.7966305571885626	0.2033672774595886	1.2935613990595143e-07	1.9826934087926093e-06
DLBCL10885	2.427872067096477e-06	0.6735671362532154	1.7729911101620943e-06	3.0989816163053994e-07	0.32642835298544576
DLBCL_C_D_1118_NULLPAIR	0.009533842911766439	0.9899599354559366	2.1297939325349077e-05	0.00013472497268560073	0.0003501987202860224
DLBCL11456	0.0001846561327443233	0.874240601063518	0.09372869268620387	0.03163275644154216	0.0002132936759916114
DLBCL_LS2089	7.81888467976264e-16	0.9998074940555348	5.560678339497915e-12	2.3902368320539934e-16	0.00019250593890349444
DLBCL_LS2245	9.269445487883444e-11	0.8045212217924402	0.19547876026921293	8.361997324734763e-11	1.776203239001224e-08
DLBCL_LS3245	1.3122714568822278e-18	0.9994817928911847	0.0005182071075716379	3.488707093450092e-15	1.2402412557474214e-12
DLBCL10962	1.2339057158789795e-06	0.9986591237457063	0.0004244137333588331	1.267060728250076e-07	0.00091510190914612
DLBC_FF_8043_TP_NB	5.544226348022727e-06	0.9995061338671613	9.73400887778491e-05	1.291171990497661e-07	0.0003908527005138573
DLBCL_LS4054	0.00014939730885456975	0.9859778141350759	0.00770139367049731	0.0011135167549834026	0.005057878130588763
DLBCL10452	7.223928231062894e-10	0.99989069324749	3.701651287337386e-05	1.4280351862853351e-10	7.228937444026537e-05
DLBCL_DFCI_DLBCL_GOE07	3.0709106390926713e-07	0.9997557444004266	1.6664977884589545e-05	1.9803876230484018e-08	0.00022726372674870273
DLBCL10503	0.0030048117330457465	0.4648282084172996	0.3939454756518189	0.0020267446994045963	0.13619475949843105
DLBCL10512	1.405587989391764e-05	0.86160799985316	0.12903194961364484	1.2995960667487617e-05	0.00933299869263384
DLBCL11670	1.5164081728478345e-14	1.0912496226806368e-07	0.9999998795341564	1.1340701927683574e-08	1.6427396616906074e-13
DLBCL11590	0.7059928610487729	8.048972064462654e-07	0.10408178259257563	0.18989215775384835	3.2393707596662124e-05
DLBCL_RICOVER_978	0.9857769057734588	1.84062979930592e-09	6.873879410788044e-06	0.014213703024217608	2.515482282985232e-06
DLBCL10910	0.00028338216364944143	0.05234603354715183	0.940129807859241	0.006660861424524122	0.0005799150054335708
DLBCL11656	2.771544555039496e-10	3.65353098278177e-09	0.9999999828975352	1.11490090999619e-08	2.022770239460782e-09
DLBCL10472	0.00014045223403380338	3.6029561324258845e-08	0.9594093607174016	0.04045015094981087	6.919239984749449e-11
DLBCL10465	9.585715532791908e-15	2.2403583400724503e-07	0.9999997759415822	1.5069317346373118e-11	7.504908957028672e-12
DLBCL10856	0.2928168419311786	0.00039781944109184577	0.004569768845444577	0.005176006465194994	0.6970395633170899
DLBCL11566	1.4424809295498086e-13	0.0011974383091303365	0.9988025611798191	5.079600390702249e-10	2.9461995323340012e-12
DLBCL_RICOVER_577	2.8565432735797645e-07	0.00016543158151431238	0.9998339261144387	1.456909754478439e-07	2.1095874422700578e-07
DLBCL_LS2599	1.6490610759979735e-08	5.5281089813340985e-06	0.9999883643337785	6.087795344740903e-06	3.2712846979362834e-09
DLBCL11515	1.4125746480337763e-05	0.0843116959690315	0.8830788867508585	1.3015428100829088e-05	0.03258227610552875
DLBCL11528	0.01157496568181887	0.12116495741394973	0.8665741136948895	0.0006758161330043414	1.0147076337571616e-05
DLBCL10936	0.11649134788366984	0.446434470466487	0.16644465919316426	0.08297974422984145	0.18764977822683743
DLBCL_RICOVER_408	4.966031194231564e-07	0.9993741688010572	0.0006229055584407098	2.0350397367058394e-07	2.2255334090061614e-06
DLBCL_LS4616	1.8656049358902904e-15	0.0006511184679257778	0.9993488814243282	9.49671516335492e-11	1.2777037876826737e-11
DLBCL_LS762	0.009028750368974318	0.048434634921997975	0.061582071295964325	0.002630892211421969	0.8783236512016415
DLBCL11667	1.895711163466464e-11	6.160238373246097e-07	0.9999993834822832	4.746434987889341e-10	2.7883218773862155e-13
DLBCL_LS2357	6.360919448684788e-10	7.739043083411467e-17	3.559970746361464e-11	0.9999999993270536	1.2546355763146772e-12
DLBCL_LS3499	0.04561594681993544	0.224304283784244	0.028606295473683516	0.6723130892032121	0.02916038471892495
DLBCL11576	0.0004118761264527379	3.137513527578185e-05	0.009610924002748749	0.9899454862659727	3.3846955010319476e-07
DLBCL10782	1.4770685596684714e-06	8.194053797852756e-11	7.80868775325458e-08	0.9999984447626188	3.4733127289122684e-15
DLBCL10565	2.710544395822928e-07	4.613097287705741e-05	0.9998475222588729	0.00010589118119147521	1.8453261903797937e-07
DLBCL_RICOVER_1018	7.272157909272157e-07	0.030886390053381344	4.01726671660078e-06	0.9688771410867095	0.0002317243774015667
DLBCL10564	2.0120788345290007e-06	7.783285871802237e-05	0.11066756454766973	0.8891792914463441	7.329906843356351e-05
DLBCL11437	0.0022865739724181873	2.401882728725169e-11	4.096031956464903e-07	0.9977123751181836	6.412821838053939e-07
DLBCL10974	0.023191483977610904	1.4340318736822055e-06	3.369940550153169e-05	0.9107966942000261	0.0659766883849878
DLBCL10927	6.490171207865533e-05	3.8247425078488704e-15	1.470116411999279e-10	0.99993509814085	5.586209558777645e-14
DLBCL_RICOVER_274	4.985213849229077e-05	9.256765421554824e-05	7.584441300162498e-07	0.9464590823064896	0.053397739456672554
DLBCL11658	1.8265080007853053e-05	3.689109369114278e-13	2.5436034414582352e-08	0.9999802340112156	1.4754723732152223e-06
DLBCL10552	0.10534934690491754	1.3895925283208316e-14	5.246895884886781e-07	0.8946501284054791	9.593967936981777e-16
DLBCL10553	4.2813475239310736e-06	2.781821576736217e-09	0.003313366109983193	0.9966820363301718	3.134304994471434e-07
DLBCL11536	0.00012089850636079243	0.5119388839905421	0.003544586104989578	0.32576450723481953	0.15863112416328806
DLBCL11500	2.6415138033889713e-06	5.298325447948142e-09	2.1631858521793804e-09	3.4434499604015443e-07	0.9999970066796893
DLBCL10530	1.913275836097647e-13	4.674315760478447e-11	5.624763345721577e-16	2.894058915259493e-14	0.999999999953036
DLBCL10951	8.172745958804975e-08	3.799637647703847e-05	4.895628145204676e-09	1.5812023809196165e-09	0.9999619154192328
DLBCL11353	3.277007506604982e-10	2.153966415518506e-05	1.2257612664661802e-07	4.5562581706451907e-10	0.9999783369763916
DLBCL10534	2.3085912521513543e-10	1.2593959038106684e-11	4.7641268717239965e-15	1.7037110556776013e-11	0.999999999739505
DLBCL_RICOVER_850	6.211664104722499e-07	2.869013921828001e-07	2.6111363627320457e-10	8.918342621202579e-07	0.9999981998368216
DLBCL10890	3.908926650118198e-06	3.5142550327460902e-06	9.93874030277442e-08	4.152590973105411e-07	0.9999920621718168
DLBCL_RICOVER_1289	5.1377745228054986e-05	7.424412932475581e-12	9.138309074902683e-12	6.871464745305175e-05	0.9998799075907562
DLBCL_RICOVER_1106	7.159060749725352e-11	1.5354181292347083e-06	6.117324053456417e-12	6.338015980823032e-09	0.9999984581661469
DLBCL_RICOVER_221	1.381482060885617e-08	0.0008103539049023131	5.510280956342883e-07	1.8939440642196194e-08	0.9991890623127408
DLBCL_RICOVER_1248	1.813053538541211e-08	1.7400301891568575e-09	3.971235197693941e-15	1.793563028810552e-11	0.9999999801114948
DLBCL_RICOVER_1278	0.028847203683770445	2.184971909866945e-09	4.168774286996596e-08	0.2826613754022395	0.6884913770412753
DLBCL10852	3.532318296309264e-06	5.628155765347024e-10	6.766498975815731e-11	1.9043699943534282e-06	0.9999945626812288
DLBCL10781	7.5107901233669025e-06	3.615600208732743e-07	2.5574130139885896e-08	6.990293834195302e-05	0.9999221991373837
DLBCL10880	2.435998481507132e-05	1.4872255341749985e-06	2.671292569382855e-08	4.0929167804673186e-08	0.9999740851475573
DLBCL10535	0.0008136873652391377	0.0003243634145061473	6.86540199171684e-05	6.197775574397534e-05	0.9987313174445935
DLBCL10909	0.00600189834316612	7.002357934084719e-06	0.0006692443134650424	0.990939877637745	0.0023819773476896904
DLBCL10921	2.852821474064702e-08	0.04565065960305764	2.824818772202749e-08	3.143354361509566e-09	0.9543492804771855
DLBCL11195	1.0933529315807229e-08	4.792799805780363e-05	2.772141105386419e-08	1.1519767578288705e-07	0.999951918149326
DLBCL11450	2.908668949687345e-09	2.3912358601806944e-08	1.9003982238764824e-12	3.6425304285429605e-09	0.9999999695345416
DLBCL10895	4.871302739076388e-07	0.30059560939974106	7.880271898807445e-05	7.507729266485195e-08	0.6993250256737044
DLBCL_LS2208	0.00076648990479145	0.32155264638534403	0.15393020242774125	0.0009171065829319401	0.5228335546991913
DLBCL10862	1.4939989658311326e-08	3.372477445985966e-06	7.541426773844304e-09	1.2335151292610377e-09	0.9999966038076225
DLBCL_RICOVER_314	8.489592565821591e-05	0.26425138001346626	0.0005395028490409112	9.29020767545375e-05	0.7350313191350801
DLBC_FF_8042_TP_NB	2.2973031062303872e-10	0.9405397175430082	0.0011356017692429352	3.098492887506767e-09	0.05832467735952561
DLBCL10883	1.4523695742763389e-05	1.6967159267109482e-11	3.4941100990540293e-12	4.125708119299206e-08	0.9999854350267148
DLBCL_C_D_1125_NULLPAIR	3.7217623110081414e-13	4.8951993963410663e-08	1.3638739418949039e-13	5.936052540024659e-13	0.9999999510469039
DLBCL_C_D_1144_NULLPAIR	0.0010710455161992989	0.002659973924042313	7.247480981548947e-06	0.00019957319155349982	0.9960621598872234
DLBCL11472	0.9188132028134653	6.14183604436526e-11	4.4224733901006155e-07	0.08118139955041968	4.9553273575665175e-06
DLBCL11512	0.9946573254974886	8.770040549050887e-10	9.116299514385389e-06	0.005333557325904491	8.841211271548235e-14
DLBCL11681	0.9970915439501838	3.085083761737215e-12	6.453751061591451e-05	0.002843510915256967	4.076208581414594e-07
DLBCL10482	0.7643707505272104	5.514394333564941e-06	2.9425568813831674e-07	0.0001517180253827706	0.2354717227973851
DLBCL_LS2154	0.3302799316776796	0.4167266015985206	0.12077293257432448	0.07583884946027009	0.056381684689205305
DLBCL11474	0.5886267032829386	1.9748142159891297e-08	1.3504055674693764e-07	0.41137095773246946	2.184195892999143e-06
DLBCL10968	0.9820850492652601	6.353986621527009e-14	1.2451032709412745e-10	0.017914875711992097	7.489817391345159e-08
DLBCL11480	0.6309277990196512	0.034821408727595045	0.13856396606865068	0.015287393437648641	0.1803994327464544
DLBCL11486	0.9988034550480689	1.0433146387431558e-07	1.7752895352403336e-07	5.866279933780524e-06	0.0011903968115798925
DLBCL11435	0.9940176490626057	7.761615927439929e-14	3.58058469524821e-10	0.005982097662057647	2.529172005891063e-07
DLBCL10451	0.22350397977163364	8.633194946482722e-05	0.7764083728603448	1.30512325999525e-06	1.0295296732906146e-08
DLBCL_RICOVER_473	0.9960275554459181	0.0015045812662184384	8.555561043473876e-05	0.00021769138615686457	0.0021646162912718286
DLBCL11205	0.9975758591212559	0.0003653889444431925	0.0018042753103053152	0.000253424011656822	1.0526123388004482e-06
DLBCL11457	0.9995232353774144	1.3581209679995877e-15	1.4342379370353745e-09	0.00047676115198701263	2.036359333235635e-09
DLBCL10969	0.5737006536759585	0.2481122348408844	0.1761554227440537	0.0005054479244872593	0.001526240814616077
DLBCL10490	0.9918243207559926	4.28393099584132e-07	1.0700123579543456e-06	0.0076583044672463435	0.0005158763713035778
DLBCL10486	0.10284702460193831	0.11000167836166816	0.0006558264060731573	0.0015597429380956606	0.7849357276922247
DLBCL10458	0.99999999946358	8.823975282208907e-16	9.663414941937775e-13	5.35451873411999e-10	9.222109050733594e-16
DLBCL10972	0.9706231127247102	1.5278838860554653e-05	1.2892024851599273e-05	0.0008929106698207407	0.028455805741756834
DLBCL_MC_F262_WLC	0.9999893453769166	4.207759592039851e-11	1.4014793153268317e-10	1.0381474040333104e-05	2.729668175015917e-07
DLBCL_MC_F307_JPS	0.8973556504378883	0.005478632925448643	0.0044723639046028675	0.09171782099323898	0.0009755317388211913
DLBCL_LS378	0.9999967336427716	6.499925775345889e-08	1.1776118567866092e-06	2.0181105301370144e-06	5.635583682885441e-09
DLBCL10957	0.945292347030126	3.2158523845081883e-07	0.0005544542019579347	0.054149943618305794	2.933564371872437e-06
DLBCL_C_D_1105_NULLPAIR	0.010338177971071618	0.9849060653524607	0.0021662148491560593	0.00013409188370607753	0.0024554499436055324
DLBCL_RICOVER_174	1.4739535425887485e-16	0.9999999999658464	3.3541387045340336e-11	3.342441850519723e-17	6.120009968277114e-13
DLBCL10985	0.005151527396492949	0.39865749523877964	0.0025276798128284787	0.5932396289499569	0.0004236686019421629
DLBCL_C_D_1126_NULLPAIR	4.813664620867434e-05	0.9999208421417556	1.0893966057134068e-05	1.143138148289513e-06	1.8984107830323148e-05
DLBCL10834	4.624108679790629e-17	0.9999999999985408	1.3611458605007894e-12	5.3672255828688274e-20	9.797396600508712e-14
DLBCL_RICOVER_1210	3.0982661720943274e-09	0.9969541037076582	0.0030456463732714345	7.194145376009512e-08	1.7487935034674126e-07
DLBCL10906	2.1404158153647864e-08	0.8654500692633081	1.4311655303758853e-07	3.7652791778865757e-10	0.13454976583945277
DLBCL_RICOVER_299	2.117803808189828e-20	0.9993755648248348	0.0006244351729211673	3.441117457379787e-19	2.2440639867244357e-12
DLBCL10502	3.1254162239008613e-10	0.9986583465531279	0.001341637587424839	1.0268177143583091e-08	5.278728457159051e-09
DLBCL10954	1.2123752329350824e-06	0.9972478447647103	0.00012429808195750226	9.8422503901297e-07	0.0026256605530603134
DLBCL_RICOVER_253	0.0	1.0	0.0	0.0	0.0
DLBCL_RICOVER_1060	0.0003639336614693971	0.8249138600614285	0.000940994732405834	1.5256240871271014e-05	0.17376595530382496
DLBCL_RICOVER_1165	7.960869198774608e-05	0.9569509801127056	0.028432948255735415	4.819635462386067e-06	0.014531643304108834
DLBCL11003	2.5996072674954172e-05	0.9245063638308348	0.00014658450151999267	1.4371983383139878e-06	0.07531961839663184
DLBCL10780	7.052085566952327e-13	0.700353001340545	0.2996469938138665	2.0287994905256558e-09	2.8160837325008353e-09
DLBCL10934	8.491016869218116e-07	0.12341216508342473	5.372120031299079e-08	1.887603391117558e-07	0.876586743333349
DLBCL_RICOVER_496	1.303581518687713e-05	0.8952627932543811	0.104385696884056	5.628026216681761e-05	0.0002821937842092567
DLBCL_C_D_1119_NULLPAIR	9.95017913790162e-07	0.9999977321507361	8.826788979125893e-07	3.538138501467187e-10	3.8979863838443066e-07
DLBCL10460	1.2426182651054058e-09	0.9999749754854008	2.489047009964068e-05	2.894213272497794e-10	1.3251245994965735e-07
DLBCL10850	5.552383239130196e-12	0.9999999918519572	4.082344398531592e-09	2.0165343825808947e-14	4.060125848916037e-09
DLBCL_LS1668	4.434391744897519e-09	0.3268353321775435	0.6731036427085425	5.5352716761362354e-05	5.6679627608270415e-06
DLBCL_C_D_1131_NULLPAIR	2.531280016241651e-08	0.9995787565576828	6.023924261092777e-05	4.249899571182294e-09	0.0003609746370065622
DLBCL11484	7.605130680352216e-06	0.9951720269112949	0.003948697391004306	4.152916056439655e-05	0.0008301414064559841
DLBCL10483	1.700194107778563e-18	0.999992244587262	7.755322721602845e-06	4.387317138857669e-18	9.001640014549245e-11
DLBCL11449	6.533893477970834e-06	0.06554298146329315	1.0871832755391894e-06	3.6518745839052337e-07	0.934449032272495
DLBCL_MC_F064AB	3.1917391441654105e-09	5.398162322797496e-07	0.9999651508057759	3.4273153049701536e-05	3.303320301686449e-08
DLBCL_RICOVER_522	4.815411721584472e-08	8.678796797505009e-07	0.9999026161757604	9.646778457479792e-05	5.867868971292308e-12
DLBCL11441	0.18024981011728702	1.953977241477135e-07	6.881817083980226e-05	0.8106437843552342	0.0090373919589148
DLBCL10459	8.767610215809904e-14	1.4674466464204135e-06	0.9999985314270988	9.928593334009042e-10	1.3330774558440707e-10
DLBCL10498	2.340232073506926e-13	5.468816984498504e-11	0.9999999968459792	3.099098624695479e-09	4.5459198579252875e-18
DLBCL_MC_F349_BJJ	9.242061054419692e-12	1.2023885598351961e-06	0.9999987945765209	2.0939712442838936e-09	9.317060042998437e-10
DLBCL_LS155	1.652457467760488e-08	2.5869452660328704e-08	0.9988150840385616	0.0011848175147303524	5.605268070682989e-08
DLBCL_C_D_1112_NULLPAIR	0.002112682093588698	0.8261800285899593	0.07062759515013024	0.00017749576054004938	0.10090219840578171
DLBCL_C_D_1113_NULLPAIR	0.0003132943442871251	0.0018515919314905968	0.9969389613998938	0.0008828975016676803	1.3254822660761309e-05
DLBCL_LS1098	6.779603250245474e-11	3.498013547887412e-11	0.9999999880288096	1.1868340458679108e-08	7.374566879882861e-14
DLBCL_C_D_1133_NULLPAIR	1.2198847588906994e-10	0.0026287732600439716	0.9973711592806167	1.370934994867724e-08	5.36280009453407e-08
DLBCL10523	4.0838900164193145e-06	5.15426377104055e-10	0.9929833577097382	0.007012557884106562	7.123918303942769e-13
DLBCL_RICOVER_744	3.90898398812026e-09	2.436050076375681e-07	0.999999751970456	4.962554662488928e-10	1.929692244961911e-11
DLBCL11675	2.208884817543183e-07	2.8619365637900377e-14	0.999703404219706	0.00029635915081601614	1.574096757902283e-08
DLBCL_C_D_1141_NULLPAIR	1.7516826415770118e-13	0.0012692914232605903	0.998730706133856	7.465444059670809e-12	2.43524281220143e-09
DLBCL_RICOVER_216	0.04720744876833542	0.2861709026332175	0.42401587623142634	0.023098334956950982	0.21950743741006964
DLBCL11526	0.0017473113587154227	7.836488340042345e-06	0.9981242025105831	0.00012064467256626953	4.969795174579668e-09
DLBCL11666	2.458182202827371e-14	3.496864102502742e-08	0.9999999649960296	3.5303831602866225e-11	9.504635488861957e-16
DLBCL11458	0.00012288598075632892	0.000643401265083588	0.9992332958954172	1.7180154143232146e-07	2.450572014903419e-07
DLBCL_RICOVER_1061	1.3806598287420505e-07	7.198364702758447e-22	7.689145997933826e-11	0.9999998618571256	2.7691595975677622e-17
DLBC_FF_8062_TP_NB	0.007004173488816491	3.1558604770995744e-07	0.007171945372955693	0.985823080397554	4.851546261091001e-07
DLBCL11002	0.023509016549698343	1.998822674494406e-06	0.0017196938368968019	0.9747683049556849	9.858350454169629e-07
DLBCL11433	0.009838386578429302	1.035430134748294e-09	6.346593527147001e-06	0.9845162737458827	0.005638992046730766
DLBCL11447	0.0005248927563237016	3.69376137176697e-11	9.459260132619362e-10	0.9505079445558074	0.048967161705005174
DLBCL_MC_F139_LJF	1.4967612745916587e-05	1.729940475358358e-14	3.252294096089385e-09	0.9999850291226672	1.2275509354200599e-11
DLBCL11527	3.0880957357676897e-06	1.4793752556318765e-06	0.1873195942470554	0.8126725946744671	3.2436074860623425e-06
DLBCL_LS2590	0.00020757794926406955	7.195673935379444e-10	3.239866920424393e-06	0.9807538325005191	0.01903534896372909
DLBCL10539	9.106842522332364e-05	0.9583671453958655	0.012132321407078758	0.006071876464879421	0.023337588306952997
DLBCL10965	0.02913753081977284	1.3989568442006927e-13	3.921108415350589e-08	0.9708624198241427	1.0144860397688973e-08
DLBCL_MC_F218_RAP	0.10846245630773875	7.571528956604004e-09	2.2665970720878185e-05	0.8915146913047807	1.788452307836682e-07
DLBCL11460	1.7920037662752597e-06	2.79178130309667e-12	2.8158268700528493e-08	0.9999981796999761	1.3519717886729936e-10
DLBCL_C_D_1109_NULLPAIR	0.0027939275430525633	1.338350924272168e-10	3.45728549564642e-08	0.997187178494387	1.885925587035025e-05
DLBCL_RICOVER_701	0.00015609363207652193	5.491278787429434e-10	1.6250839151056293e-07	0.9998437256832432	1.7627160897349273e-08
DLBCL10863	0.30220286693503623	7.317952726875025e-11	3.533128207555497e-10	0.20324024651574382	0.4945568861227276
DLBCL11206	6.232638507269402e-09	0.9980990971009095	1.3754633778490342e-05	1.6700258367664562e-10	0.0018871418656709275
DLBCL10901	1.5653132364739035e-06	2.295153846724667e-08	3.4063883203772926e-09	3.1996963855674536e-06	0.9999952086324512
DLBCL10860	2.2527113640852977e-11	6.993030096225293e-09	2.8837671088575205e-11	1.1753451341875739e-11	0.9999999929438517
DLBCL_RICOVER_1032	4.77187656296356e-13	0.0003655976908816942	3.2175603212952924e-13	4.895337276287194e-13	0.9996344023078299
DLBCL10908	0.0213490357286163	0.3429078863085347	0.5076541424632088	0.007125174992075967	0.12096376050756436
DLBCL10999	7.72390125655653e-07	1.242705728378298e-10	1.8275779790556044e-07	0.03391239185090024	0.9660866528769056
DLBCL10930	0.009936838463490394	2.044830496852092e-05	3.4787999011339477e-07	4.459339600013222e-07	0.990041919417591
DLBCL_RICOVER_506	8.182784195534427e-12	0.6135176552582695	1.1680351027691625e-08	3.583292445212482e-12	0.3864823330496133
DLBCL_RICOVER_712	5.129264624295421e-07	0.00029636287825122694	8.469223965890367e-08	1.0560120408591354e-07	0.9997029339018426
DLBCL_RICOVER_956	7.763326698329537e-06	0.23118447131303244	3.9715184492263645e-05	2.507685984092579e-06	0.7687655424897929
DLBCL10990	1.7978888542449186e-08	0.0005778327065007591	6.343633066909031e-09	3.3839522180400585e-10	0.9994221426325824
DLBCL10925	7.855483339079617e-05	2.1242123593371043e-06	3.3764156845601818e-09	3.086259579259203e-05	0.9998884549820416
DLBCL10857	0.013343721013007187	2.8874563732479813e-08	4.953969338541202e-09	0.0014747523699801858	0.9851814927884796
DLBCL11538	0.017805879559355326	6.541993473370875e-08	0.09169984441535915	0.8904906304308267	3.5801745241051777e-06
DLBCL10902	1.9980488061011245e-05	2.667065016744327e-05	5.969485200050503e-07	6.625793308164398e-06	0.9999461261199434
DLBCL10889	3.362200815433377e-07	7.187164853673693e-12	7.366736420349197e-12	5.179484483331736e-06	0.9999944842808812
DLBCL10842	3.076373619366533e-08	1.2659959368043501e-09	1.1288597825853088e-10	3.201592770070965e-08	0.9999999358414542
DLBCL11504	0.09846635954201417	0.00034988983091593646	0.00012156867842934317	0.014234916604241145	0.8868272653443994
DLBCL10963	5.334711991921391e-07	0.000504215393078839	1.0871480781526244e-07	3.497314547843626e-07	0.9994947926894594
DLBCL_RICOVER_720	1.4313707222610218e-09	0.1212095691119609	6.209134301172096e-10	9.148080101069585e-13	0.8787904288348402
DLBCL_RICOVER_773	1.5125612818533593e-05	0.05639641406478407	0.0014912589362918527	6.999515941481322e-07	0.9420965014345114
DLBCL10532	0.0025296375365932594	4.909748446517167e-07	0.0022910173233572236	0.07554836363997361	0.9196304905252313
DLBCL_RICOVER_1192	3.4491958598354678e-09	1.7727250812815601e-06	3.259320790140206e-10	6.486660804749309e-11	0.9999982234349242
DLBCL10980	5.129499516184262e-07	0.3071011741762258	0.00018146192237937574	5.833129780994066e-07	0.6927162676384652
DLBCL10977	2.3849877060645472e-05	2.5605690585009467e-08	5.79730158236498e-09	8.908340021830165e-08	0.999976029636547
DLBCL11000	1.0400063761525022e-10	3.3821338226883244e-09	1.4417455679546349e-11	1.2930316141332182e-09	0.9999999952064165
DLBCL10898	6.559968847243407e-05	0.006187214749407843	2.8192915403321213e-06	2.3547577384147163e-05	0.9937208186931953
DLBC_FF_A7CX_TP_NB	0.9839451375932152	1.8583690449978317e-05	0.0001430464302422742	0.0023842118499285366	0.013509020436163945
DLBCL10877	0.7987908997042789	0.07554549611810808	0.0139901439282147	0.009330194696454498	0.10234326555294385
