	0	1	2	3	4
DLBCL11539	0.9215063423000884	0.0005859007098639225	3.500031314896415e-07	0.07790739466801433	1.2318901803577418e-08
DLBCL_C_D_1148_NULLPAIR	0.8268141848741312	0.006988007154530251	2.1744270419329796e-05	0.1661760121366719	5.156424730444619e-08
DLBCL10912	0.8689579639094377	0.005937111977989014	0.0002686250900668524	0.12473888638899079	9.741263351568473e-05
DLBCL_RICOVER_829	0.7926766778774905	0.01420154351078892	0.0016781260685417908	0.18757822706316868	0.0038654254800100578
DLBCL11652	0.06681521040101421	0.4870574715383059	0.1886702588345643	0.18251939113695761	0.074937668089158
DLBCL10986	0.0918197683304244	0.40379289229386944	0.07947817048346048	0.21345419333982704	0.21145497555241863
DLBCL_C_D_1129_NULLPAIR	0.6590340222279106	0.06217626227487164	0.011951286706768524	0.2645598557990093	0.002278572991439954
DLBCL10950	0.8327629117669842	0.009121180604748633	0.000874477363344926	0.15604614798502103	0.0011952822799012205
DLBCL11662	0.8436065084103406	0.009035569996253231	0.0006015452468147028	0.14659598531123513	0.00016039103535635222
DLBCL11481	0.10972392471169956	0.42035301005996284	0.22716137859453073	0.21437244946103218	0.028389237172774695
DLBCL11429	0.8874112865453944	0.0031447201325816307	0.00015672816382367573	0.10915904144388786	0.00012822371431252572
DLBCL10945	0.8955333235676983	0.0015288304447423063	5.462011248673067e-05	0.10269503185887352	0.00018819401619906318
DLBCL_LS951	0.19761379081002473	0.32699042965231573	0.0904082953883679	0.28296531163895805	0.10202217251033359
DLBCL_MAYO_DLBCL_3653	0.061640296269257544	0.49189281629010995	0.1341077058181118	0.18090864838368062	0.13145053323884026
DLBCL11537	0.912634643771992	0.000629257363772026	1.9256201094469134e-05	0.08663722980263458	7.961286050695116e-05
DLBCL_C_D_1114_NULLPAIR	0.8893504319032	0.002562035616999491	0.00012519327868897812	0.10774071091416011	0.00022162828695144302
DLBCL11461	0.9046021598319458	0.002052801880221964	1.0929093204179919e-05	0.09333363758092253	4.716137055255721e-07
DLBCL10997	0.2622609525954328	0.228948040241933	0.04409875101231569	0.301628205165484	0.1630640509848344
DLBCL_C_D_1130_NULLPAIR	0.9178491261315411	0.0013987507631640038	2.3905590101501503e-05	0.08071668692466516	1.1530590528180984e-05
DLBCL10515	0.8240768797464618	0.009944865274605646	0.0009632624372513522	0.1637236225463288	0.0012913699953523271
DLBCL10914	0.07159136644886063	0.4837074703893421	0.16178905733384477	0.1885063290530698	0.09440577677488268
DLBCL11462	0.07137520796858139	0.2769176929620433	0.024955397915379214	0.1738856176563062	0.45286608349769
DLBCL11520	0.8478563414988319	0.0024499240640829803	0.00023924863337049197	0.14539829360032208	0.004056192203392469
DLBCL11203	0.011706732987899727	0.5805198794706571	0.05011191889926128	0.08626199603108664	0.27139947261109526
DLBCL_LS3749	0.016274750360939474	0.5586749554330506	0.28281636404976507	0.094032332432388	0.0482015977238569
DLBCL10874	0.026605091844780358	0.5595417530039959	0.1111984904957394	0.1277786854116156	0.17487597924386866
DLBCL_BWH_DLBCL64	0.6995856518275149	0.04049175643974752	0.005676591814525179	0.25418515532332453	6.0844594888009806e-05
DLBCL_LS1921	0.0024388314794644627	0.1951224824822524	0.7793821231462807	0.022398259031747338	0.0006583038602550547
DLBCL_C_D_1108_NULLPAIR	0.004809171900340784	0.552488809948629	0.013443733544916505	0.06006496903095414	0.3691933155751595
DLBCL11661	0.01608507130801227	0.42238621961959044	0.47194968815894367	0.07828619980382145	0.011292821109632166
DLBCL_C_D_1136_NULLPAIR	0.007929376038613772	0.39195353721025905	0.00885961719299993	0.06983815877075475	0.5214193107873726
DLBCL11507	0.5575446408653842	0.10327873301407782	0.02754558795439649	0.31140939851788213	0.00022163964825932118
DLBCL10494	0.012400324192761155	0.5686632268058781	0.28883813753211834	0.08407228246980863	0.046026028999433685
DLBCL_RICOVER_1046	0.00033592127718713364	0.2215072919606208	0.7667188811544156	0.009788767675339377	0.00164913793243717
DLBCL10510	0.023983419687866606	0.4854606871362222	0.04781296372941408	0.11670897687417368	0.3260339525723233
DLBCL_LS1065	0.03187186536105953	0.5469916477194606	0.12469074196380683	0.13789286492134642	0.1585528800343266
DLBCL_RICOVER_787	0.04486821037975797	0.46917706137503695	0.3209607117086838	0.1388694920670362	0.02612452446948513
DLBCL_RICOVER_478	0.016198809689468085	0.32316426692189837	0.010268589426682349	0.08686363464988672	0.5635046993120644
DLBCL10983	0.009588836178423321	0.2552270861513994	0.003698933064131374	0.06417755670305308	0.6673075879029928
DLBCL11479	0.027246302007429075	0.5405250987521691	0.0856870058276122	0.12868616874198932	0.21785542467080024
DLBCL_MC_F500_ECU	0.018073734277716122	0.5624500080028695	0.07178448153844942	0.10791409823247226	0.23977767794849272
DLBCL10846	0.5732139226692556	0.0963180136588963	0.026409612358472806	0.29731211702880955	0.006746334284565737
DLBCL10911	0.014900929888471174	0.6171634238520838	0.13853939229405857	0.097588955925046	0.13180729804034053
DLBCL10981	0.06790881347834947	0.33213878011815473	0.03455993476732547	0.17420228870777618	0.39119018292839425
DLBCL_MC_F729_MAN	0.015205425792960239	0.6102424044680912	0.1917676483064443	0.09531103987137945	0.08747348156112485
DLBCL10894	0.6624164930498257	0.0585062014390985	0.011210832349499088	0.2675657604161222	0.00030071274545445377
DLBCL11565	0.01579009878997941	0.6053348497417806	0.10232343666236164	0.10218427889660289	0.1743673359092755
DLBCL10461	0.005156565717082219	0.5458623173479964	0.016109164728706545	0.06291314988378492	0.3699588023224299
DLBCL_MC_F089_HCZ	0.004021317548306884	0.46425781220920087	0.47474891798547725	0.04231717911375588	0.014654773143258984
DLBCL_RICOVER_440	2.6673105475414722e-05	0.04910776860250878	0.9493229701051649	0.0015051635207018453	3.742466614911475e-05
DLBCL_DFCI_DLBCL_GOE16	0.00019559818350435907	0.09273256154580901	0.9022320330312191	0.0047174023881201965	0.00012240485134725222
DLBCL11558	0.0004219470926154656	0.10402935250391138	0.8879845498815554	0.007431050019708119	0.00013310050220965365
DLBCL10555	0.0005934982590681371	0.07515725657780578	0.9153922219410237	0.008842987260786158	1.403596131627145e-05
DLBCL_LS1395	0.00018839689154246216	0.10118191111265103	0.892878840819356	0.005548987951638302	0.0002018632248121701
DLBC_FF_8046_TP_NB	0.00348254717320034	0.3289087618610022	0.6284102830059553	0.035040188609552006	0.004158219350290115
DLBCL11680	0.0007746705744573	0.08543569090113041	0.9042930475451337	0.00947025623908492	2.6334740193583136e-05
DLBCL11685	0.00019386579498101154	0.07410564141076065	0.9210802863939865	0.004566270890056946	5.393551021489459e-05
DLBCL_LS1304	0.004760996137482892	0.6131254746158925	0.29053342049717495	0.05229389315103796	0.03928621559841179
DLBCL_LS297	0.0002600576783723352	0.08082713821464876	0.9142497944999775	0.004603564847067209	5.944475993424496e-05
DLBCL_MC_F815_BAT	0.0007271400717600163	0.19911496551106078	0.7858545728719663	0.013190959220220998	0.0011123623249918722
DLBCL_LS2325	0.0002575757290156945	0.1532253140282374	0.8387412613404787	0.007248673327180996	0.0005271755750872368
DLBCL10466	0.00024372151156446572	0.11627216443013619	0.8774511378185693	0.0057805405593738	0.0002524356803562258
DLBCL11672	0.0009832387022457624	0.22895861367258113	0.7519343146654635	0.01663637025524646	0.0014874627044632407
DLBCL_MC_F606_DMJ	0.00027102553948860585	0.13801729660833942	0.8544849244339624	0.006797883994123708	0.0004288694240859035
DLBCL11428	0.00022153583209718065	0.0606914548726866	0.9343065078103834	0.0047592428919664065	2.1258592866422532e-05
DLBCL10879	0.007434902945826018	0.4417178532586051	0.4827145642314023	0.05526032334231716	0.012872356221849464
DLBCL10536	0.032748884089695215	0.5012930876505218	0.31043095767935563	0.12336213172144636	0.03216493885898097
DLBCL11534	0.055594762634825025	0.5087118384902868	0.1584117539882334	0.17061786073141014	0.10666378415524469
DLBCL10491	0.013797932156618878	0.30831821873737325	0.6177138894294628	0.05817173301375899	0.001998226662786089
DLBCL10513	0.15644603032548973	0.37810409041872134	0.20317753069742264	0.24116263534934987	0.02110971320901647
DLBCL10868	0.12416153600325107	0.014365300230213096	0.00048516655225058764	0.08668340444842959	0.7743045927658557
DLBCL10858	0.14857094886540964	0.014460909055839516	0.0005102111630286473	0.0957350665660065	0.7407228643497157
DLBCL10547	0.46027793673577166	0.1540321301914589	0.04124084944805481	0.3164022540524187	0.028046829572295904
DLBCL10544	0.36526444399703933	0.09404446855542213	0.011793488926196328	0.26717284695782273	0.26172475156351954
DLBCL11491	0.06089499538541243	0.3852274630915187	0.04542262779974188	0.16539840511133536	0.3430565086119917
DLBCL11564	0.4225111270879891	0.15593687245820115	0.03551271249557764	0.3140770045912354	0.07196228336699657
DLBCL11459	0.22441205458775407	0.3233061305265399	0.11517319132931811	0.2856432375071186	0.051465386049269306
DLBCL_RICOVER_1045	0.06349945148157156	0.3485700235950509	0.038289798132911106	0.16941903447110562	0.3802216923193607
DLBCL10456	0.14412656605212476	0.3990342674848652	0.15015060309069203	0.24267207526569134	0.06401648810662663
DLBCL_RICOVER_985	0.19446145963648073	0.35115879988241316	0.16241659480122528	0.2646717524002142	0.0272913932796666
DLBCL_RICOVER_950	0.11766722291668348	0.41422167305916047	0.2236388697699567	0.2168713153484295	0.027600918905769937
DLBCL_C_D_1159_NULLPAIR	0.9202044887922339	0.001576597988341832	3.91464167899392e-05	0.07815572371768605	2.4043084948215525e-05
DLBCL_RICOVER_711	0.7943983700871925	0.021804107583188796	0.0015320628726399653	0.18219359209947353	7.186735750515278e-05
DLBC_FF_A7CQ_TP_NB	0.026056292225627976	0.03699548459729441	0.00043337188439736366	0.055876095677238606	0.8806387556154416
DLBCL10915	0.04574489628840814	0.22658629036459238	0.011643633188576	0.12696162855700513	0.5890635516014184
DLBCL10867	0.005248607281935551	0.15508738879221	0.0005721628875206993	0.0425087512202739	0.7965830898180598
DLBCL10992	0.001279828321212768	0.004970820541993793	4.3959846212641477e-07	0.007910187536679852	0.9858387240016515
DLBCL10887	0.00400465644843701	0.07418526233125741	0.00010181142193429164	0.028046292720695316	0.893661977077676
DLBCL10878	0.024709961344281668	0.18259516532449843	0.004665768325497596	0.08994894134029689	0.6980801636654255
DLBCL11431	0.043681777473254975	0.5195971392177522	0.1109972133642658	0.1521325193806889	0.17359135056403815
DLBCL10891	0.13501476792854303	0.21965084991203915	0.023170485518483785	0.2125271824617928	0.40963671417914127
DLBCL10521	0.0015970282979005956	0.0924690838336026	2.275780995174541e-05	0.022119789198407666	0.8837913408601374
DLBCL11476	0.017782532551439686	0.28685093871205847	0.008326363156430788	0.08904857871925947	0.5979915868608117
DLBCL_MC_F519_ALT	0.011188320449269876	0.10615830874223785	0.0008441335408792393	0.05088693212123187	0.8309223051463812
DLBCL10866	0.24749897791222678	0.043187216246480406	0.0029801712241820087	0.19156256279266284	0.514771071824448
DLBCL_RICOVER_449	0.2812696151731978	0.029673883063002428	0.0016637275112318848	0.18515305857200262	0.5022397156805652
DFCIDL004_DT	0.10069652676826542	0.2673700448813579	0.028430339889893297	0.2014376045550159	0.40206548390546754
DLBCL_RICOVER_1287	0.02287689761255082	0.4288638718700173	0.029280220188168563	0.11381530876948291	0.40516370155978043
DLBCL10836	0.012052929060366245	0.012273163245505299	4.139635152344719e-05	0.027281551443875552	0.9483509598987294
DLBCL10550	0.007063624422118761	0.03846589668737676	9.644948243813462e-05	0.029912635467564862	0.9244613939405014
DLBCL_LS3200	0.0061832518260692615	0.14297629952978347	0.0007075556887821517	0.0443971418799881	0.805735751075377
DLBCL10900	0.014339894200754572	0.0017451310714122145	4.117803336615215e-06	0.025664239651561446	0.9582466172729351
DLBCL10853	0.01860356915738978	0.0882500815899465	0.0009833914531006795	0.06055581522645707	0.831607142573106
DLBCL_RICOVER_111	0.055173558498133976	0.5121702101653258	0.17581931046832064	0.16832273384802907	0.08851418702019045
DLBCL_RICOVER_417	0.004079304515924991	0.011247711496032967	9.994517010633506e-06	0.015887023603580127	0.9687759658674513
DLBCL10529	0.011572299716180698	0.22109054008043852	0.0030588376736326375	0.0647793419168208	0.6994989806129274
DLBCL10847	0.004457276665060477	0.08714553465112451	0.00017771441322756923	0.03174602901053615	0.8764734452600513
DLBCL_C_D_PAIR13	0.043965752754914544	0.5236582057325961	0.1166908569020592	0.15429780769289347	0.16138737691753663
DLBCL_C_D_1163_NULLPAIR	0.0018270633501896703	0.002512876813679763	6.728270521720412e-07	0.0073619203900177985	0.9882974666190606
DLBCL10833	0.6499660086693694	0.009318179600877146	0.0007982537330564113	0.20326305950936213	0.13665449848733502
DLBCL10835	0.002138649728138681	0.014396993077061574	3.207157908448951e-06	0.01313122703495442	0.9703299230019369
DLBCL_C_D_1156_NULLPAIR	0.6752706745375929	0.056240647590657555	0.010002098406990588	0.25688925237569143	0.001597327089067436
DLBCL_RICOVER_977	0.9186656311651834	0.0006635816187805142	1.2867428542178261e-05	0.08061751150787971	4.040827961418752e-05
DLBCL_C_D_1128_NULLPAIR	0.8075982546971282	0.016243011164350264	0.001291995282064518	0.174600340059446	0.0002663987970109999
DLBCL_RICOVER_451	0.5006084205097161	0.13877222172166362	0.041926258800917784	0.3117772593402953	0.0069158396274071575
DLBCL10994	0.06655568703576623	0.4601159425115946	0.0997572643535117	0.19173230856693757	0.18183879753218984
DLBCL10884	0.8725913619936639	0.005258915090263947	0.00015825345598055823	0.12197225476144585	1.9214698645700214e-05
DLBCL10931	0.904556965019547	0.0017602378836378647	3.1370419317361804e-05	0.09363300973028041	1.8416947217426766e-05
DLBCL11671	0.28984883713561466	0.2707828559071977	0.10992189833179866	0.30945482732278223	0.019991581302606795
DLBCL_LS1757	0.85817235270149	0.006898535617688079	0.0004006882542830943	0.13440007138043575	0.00012835204610309598
DLBCL11488	0.8115625142327025	0.002036176650258733	0.00015969929390962232	0.17757720185753187	0.00866440796559725
DLBCL11496	0.7231587280299488	0.03984825255390435	0.005552753086282292	0.23055521523058692	0.000885051099277673
DLBCL10525	0.8764023658909306	0.0042451769035633455	0.00017129407197692694	0.11911927442703144	6.188870649774358e-05
DLBCL11430	0.6079132519796983	0.08798488143178904	0.018288995473702115	0.2854961061198472	0.00031676499496335935
DLBCL11478	0.667336036688913	0.0609125397894798	0.008700587942729661	0.2629061248244672	0.00014471075441043157
DLBCL11202	0.10685289475200381	0.3579931967162114	0.3289819283030971	0.20408829633520315	0.0020836838934844976
DLBCL10935	0.6553698348182284	0.0636012610241219	0.013298601880229336	0.2650428793890663	0.002687422888354064
DLBCL11470	0.9523048218160033	0.00011471888280232855	1.441102176642647e-07	0.04758020250033351	1.1269064322865923e-07
DLBCL_RICOVER_910	0.05310740849158726	0.5051522447713697	0.14016680255283132	0.1743078803113123	0.12726566387289942
DLBCL10495	0.7335793111075564	0.030284835768496048	0.004670578959669586	0.22580493046332875	0.005660343700949241
DLBCL10844	0.047914361764169064	0.40415368174148786	0.048458041353302464	0.15993053737435325	0.33954337776668736
DLBCL10993	0.8241407412277642	0.011375426842240816	0.0009231457616952125	0.16311041869933615	0.0004502674689636992
DLBCL11519	0.38523075590321243	0.2073112686881547	0.07107322771163493	0.3182541269354254	0.0181306207615726
DLBCL_RICOVER_945	0.20663748359795922	0.33216044623243046	0.10189251657754123	0.28060392337394796	0.07870563021812108
DLBCL_RICOVER_533	0.020141408690305826	0.5394199158590691	0.297258735677809	0.1001421154727655	0.043037824300050466
DLBCL10903	0.00758699892514872	0.6081569518176656	0.26749660667970543	0.06600642649242944	0.05075301608505078
DLBCL_DFCI_DLBCL_GOE05	0.0038525290504057876	0.17400881164646365	0.0005283937111844594	0.03884085656122081	0.7827694090307252
DLBCL11673	0.03106653156085526	0.5585653138412804	0.18622042533598876	0.12787095968248352	0.0962767695793921
DLBCL_LS146	0.008973574272212221	0.6297767334202824	0.21023573812228932	0.07543739919442556	0.07557655499079041
DLBCL10517	0.011598614743467095	0.6124184272115437	0.22578570348763308	0.08193009941871143	0.06826715513864465
DLBCL11204	0.04440121560959021	0.46774020909256997	0.06967481043479058	0.15428926859645187	0.2638944962665974
DLBCL11436	0.04825132251748992	0.48579427828961413	0.09162534454239588	0.16207251222071742	0.21225654242978287
DLBCL_RICOVER_467	0.0012753032978155279	0.37720903196788025	0.00042181082179036574	0.033681062771059214	0.5874127911414546
DLBCL10922	0.022188553288734383	0.5007357491156748	0.048123612867764926	0.11496955535245384	0.313982529375372
DLBCL_C_D_1117_NULLPAIR	0.09500307893980944	0.44873283994045016	0.18745616173378032	0.20782431950087757	0.06098359988508242
DLBCL11188	0.01094160606112972	0.6425813962538256	0.154545720573871	0.08384816807577704	0.10808310903539659
DLBCL10871	0.0272315379013318	0.5355460086587238	0.07583237670038508	0.12388558527295675	0.23750449146660257
DLBCL10549	0.016449647372163288	0.5182888228786567	0.3444153714383909	0.09008475068283192	0.030761407627957163
DLBCL10885	0.04361976809017652	0.20768764379144392	0.009686050621192804	0.1229363129750973	0.6160702245220895
DLBCL_C_D_1118_NULLPAIR	0.8319313056966361	0.009804618099105964	0.0008105811687403299	0.15727114564334035	0.0001823493921772683
DLBCL11456	0.05764231298660424	0.49785965501318924	0.16309684192311008	0.17697283956886992	0.10442835050822653
DLBCL_LS2089	0.0019733905307753033	0.12541491350471115	7.198514201395176e-05	0.028279017468842815	0.8442606933536568
DLBCL_LS2245	0.17495513343913707	0.28848600839245636	0.2534096252249214	0.28309791365794423	5.131928554100957e-05
DLBCL_LS3245	3.172457050401197e-05	0.040744483381875085	0.9576262297408574	0.001555119829131025	4.244247763245333e-05
DLBCL10962	0.030668534040719758	0.5508979840611715	0.11278129113860223	0.13374283448760937	0.17190935627189707
DLBC_FF_8043_TP_NB	0.025059173004495672	0.5750950554106081	0.1713102119869061	0.11983734651963403	0.10869821307835602
DLBCL_LS4054	0.0349425924242299	0.550437046114916	0.14754509023927298	0.140568787734211	0.12650648348737023
DLBCL10452	0.010380960004560305	0.40334656735466956	0.011739448818914653	0.0742174453529918	0.5003155784688637
DLBCL_DFCI_DLBCL_GOE07	0.014558108497638035	0.6080599843715396	0.09159678099051725	0.0978002322975915	0.18798489384271364
DLBCL10503	0.015035708383736301	0.5852552862767154	0.06804485024534193	0.09848886419478087	0.23317529089942543
DLBCL10512	0.011651546756288739	0.5467407278820139	0.33082503633141	0.07681766407643956	0.0339650249538478
DLBCL11670	0.0003305124913872818	0.11514677115809616	0.8775931493682662	0.006724502438318185	0.0002050645439321977
DLBCL11590	0.08350394119629705	0.4606715264854425	0.11842881874293901	0.20352628510940052	0.13386942846592095
DLBCL_RICOVER_978	0.3387022085744777	0.23870304415338983	0.08218021004848501	0.3188422653832601	0.021572271840387326
DLBCL10910	0.011104587460470335	0.5865371051099212	0.27335102127721045	0.07953038450026143	0.04947690165213662
DLBCL11656	0.0009087591373755573	0.12065337306855597	0.8680705957342536	0.010222110647920274	0.00014516141189467927
DLBCL10472	0.043095630098194095	0.36519202581779214	0.4683246134902809	0.11995581638138254	0.003431914212350291
DLBCL10465	6.791369739110034e-05	0.04050415058809202	0.957211697020462	0.0022004741641489995	1.5764529905789645e-05
DLBCL10856	0.0890096870475263	0.3542623095561522	0.044114895471017906	0.20003802197844223	0.31257508594686145
DLBCL11566	4.7180648739974025e-05	0.037478607863014664	0.9608240279374399	0.0016372295325900647	1.295401821532034e-05
DLBCL_RICOVER_577	0.014531816996020372	0.5822618604158363	0.25626335749873314	0.09064333863254104	0.05629962645686914
DLBCL_LS2599	0.0012744154281806518	0.10715626171570793	0.8792186044596375	0.012311266941040415	3.945145543351657e-05
DLBCL11515	0.023136787513158952	0.5373913848393121	0.06510561617764699	0.11860519092332764	0.2557610205465542
DLBCL11528	0.03755906499920652	0.4670262298043634	0.34790707280385474	0.12660275507005528	0.020904877322520124
DLBCL10936	0.04068570354703835	0.5338782360763797	0.12240093122798033	0.1506810042462525	0.15235412490234918
DLBCL_RICOVER_408	0.017868868410346437	0.4805903244707747	0.39440729450261436	0.08674397594830777	0.020389536667956835
DLBCL_LS4616	3.5259303290347185e-05	0.0360594383721641	0.9625930051606524	0.0012943736971352143	1.7923466757979765e-05
DLBCL_LS762	0.02320654531338807	0.5725885884792791	0.09485809867448897	0.11850072897474247	0.1908460385581015
DLBCL11667	0.005482331036244408	0.23957162807639448	0.7187325951904496	0.03530344014623457	0.0009100055506769684
DLBCL_LS2357	0.2333841499029127	0.3193626958716053	0.11976367091842938	0.2880214876869493	0.03946799562010344
DLBCL_LS3499	0.10178432152332326	0.44675589369513785	0.19143639952277322	0.20582563380390437	0.054197751454861255
DLBCL11576	0.04372463447623857	0.3599936807784396	0.47730342663261516	0.11598708512210865	0.0029911729905980904
DLBCL10782	0.966985904732911	0.000326526692366237	3.742635954006681e-07	0.03268713082995677	6.348117062763239e-08
DLBCL10565	0.001550340026089347	0.14718365826070962	0.8397446674544307	0.011299864678696253	0.00022146958007415054
DLBCL_RICOVER_1018	0.14793713251465382	0.30749655658104846	0.05170844368822779	0.24036755894725392	0.2524903082688161
DLBCL10564	0.027348435290956593	0.35100076939576463	0.5300915743091522	0.08845139354084945	0.0031078274632771186
DLBCL11437	0.8570205448680072	0.007273951972921035	0.0005555494198855183	0.13477398822803363	0.0003759655111525994
DLBCL10974	0.07161441059374528	0.28044336746895593	0.024252855884238752	0.16345951709767373	0.46022984895538616
DLBCL10927	0.9302757236214848	0.001344731191264935	1.8195949902988788e-05	0.06835633481945466	5.014417892643859e-06
DLBCL_RICOVER_274	0.0180217015504805	0.0798514872817395	0.0008865978635983726	0.053592571066231685	0.84764764223795
DLBCL11658	0.07446845537736678	0.17801245538510888	0.010390455487397775	0.145719752867365	0.5914088808827616
DLBCL10552	0.9093762439981254	0.003806714130762755	1.8717946450926167e-05	0.08679803440285558	2.8952180524788996e-07
DLBCL10553	0.20890659774882517	0.33106105389495866	0.18305994120211602	0.26738817698334316	0.00958423017075703
DLBCL11536	0.03978717695357136	0.5213805349720881	0.09605883387535982	0.14539294904521327	0.1973805051537674
DLBCL11500	0.005971928630301867	0.021335816378290507	3.911436837690908e-05	0.022328724459017835	0.9503244161640129
DLBCL10530	0.0005264207661096292	0.0022186218882636745	2.2103580631026148e-08	0.00567027059351835	0.9915846646485277
DLBCL10951	0.0024721476908216213	0.03015368166728748	1.2537441974670972e-05	0.01791513554189255	0.9494464976580237
DLBCL11353	0.0020948994060249835	0.0734245206337707	2.5307782563395653e-05	0.023084886357153153	0.9013703858204878
DLBCL10534	0.0036902176985029525	0.009969205680737092	7.437365983293514e-06	0.015218498947660584	0.971114640307116
DLBCL_RICOVER_850	0.008860236373650233	0.0388117305497135	0.0001357771590775386	0.032747744603683855	0.9194445113138748
DLBCL10890	0.008472966037738956	0.06003966193992755	0.0002480144644320756	0.03655380357549583	0.8946855539824056
DLBCL_RICOVER_1289	0.0084918981720347	0.012942464928661836	2.938486039561295e-05	0.022634305735120406	0.9559019463037874
DLBCL_RICOVER_1106	0.0009483595432918279	0.0091961158473826	2.786890092065388e-07	0.009727586544821696	0.9801276593754946
DLBCL_RICOVER_221	0.010663563480584452	0.17968324507011937	0.0020798515240989172	0.06026437789849673	0.7473089620267005
DLBCL_RICOVER_1248	0.03472977630462313	0.006057987544568017	4.7514617616575266e-05	0.04298753663968447	0.9161771848935079
DLBCL_RICOVER_1278	0.016927634247541283	0.02949931266603398	0.00020055116029002053	0.04199380998342382	0.9113786919427109
DLBCL10852	0.008815131909049699	0.024807424787599276	7.072145481616973e-05	0.028847140126498	0.9374595817220369
DLBCL10781	0.01950707277294789	0.16570584507983188	0.0030818295329893422	0.07699053578366963	0.7347147168305612
DLBCL10880	0.02721577679240294	0.08797167853417336	0.0015355564847930644	0.07323251157121063	0.81004447661742
DLBCL10535	0.039386698327998966	0.4110715559078137	0.03859494715042131	0.14062782286760137	0.37031897574616474
DLBCL10909	0.08559207049704569	0.2289132110616815	0.019501989513370524	0.17796083733634302	0.4880318915915593
DLBCL10921	0.008539038254452265	0.13529354771669228	0.00086807304033449	0.04846561562212998	0.806833725366391
DLBCL11195	0.00574716071242094	0.14303598738058196	0.0005665581444628694	0.04226628980655407	0.8083840039559802
DLBCL11450	0.028597352450794547	0.07775499278493411	0.0012350388763464194	0.07215712880199616	0.8202554870859288
DLBCL10895	0.014487958708692319	0.4482097889091512	0.02251741852663363	0.09339565498395669	0.4213891788715661
DLBCL_LS2208	0.0155622593576452	0.33572489354201634	0.0107735325991452	0.08614033217474924	0.551798982326444
DLBCL10862	0.013486716493734507	0.1958474127299834	0.003174115339813849	0.06776478140654724	0.7197269740299209
DLBCL_RICOVER_314	0.012571615184408351	0.5616594890704064	0.04188555516311231	0.09058259319240312	0.2933007473896697
DLBC_FF_8042_TP_NB	0.0019239599987099384	0.5753850533624809	0.37399685534578236	0.03184894810560396	0.01684518318742279
DLBCL10883	0.022785930431210365	0.03333055026859408	0.0003244952050614813	0.04968601882539027	0.8938730052697438
DLBCL_C_D_1125_NULLPAIR	0.0015614768576752449	0.01097054829685949	1.2115163409876283e-06	0.010156320942272402	0.9773104423868518
DLBCL_C_D_1144_NULLPAIR	0.0279702743087679	0.33308343601597645	0.018366771160523862	0.11619807363704637	0.5043814448776854
DLBCL11472	0.22016795877184628	0.3019685672540403	0.08138129245786145	0.29133373348604386	0.10514844803020809
DLBCL11512	0.9005657097841718	0.0023835018563890327	7.111730195191297e-06	0.09704351449893758	1.621303063303658e-07
DLBCL11681	0.25682811495169866	0.2955547525468083	0.11457927740855661	0.30212693595841833	0.03091091913451805
DLBCL10482	0.21770935859335017	0.12490186401604819	0.012472076134271834	0.23893529857724713	0.4059814026790826
DLBCL_LS2154	0.05412874503180489	0.5074000357730867	0.12844374751023516	0.16970785178982647	0.14031961989504677
DLBCL11474	0.851897883084778	0.0062856189189872316	0.0004408841835480459	0.14086932550245262	0.0005062883102341363
DLBCL10968	0.8880812731493191	0.003396449658950012	0.0001515129552078771	0.1082797239017278	9.104033479529195e-05
DLBCL11480	0.05817004297622826	0.4937233750919667	0.20955546513220086	0.1719177154900236	0.06663340130958062
DLBCL11486	0.7940587591241421	0.018028257056930664	0.001922718275169758	0.18560477760229502	0.00038548794146249656
DLBCL11435	0.5958259426173393	0.07570111373635685	0.014925479263042456	0.2865483565115854	0.026999107871675924
DLBCL10451	0.513152320479017	0.09933871162145909	0.006948444632395253	0.38055937282944363	1.150437684927213e-06
DLBCL_RICOVER_473	0.15240681538123949	0.3873787037527798	0.16715086302465765	0.24900745924721485	0.04405615859410823
DLBCL11205	0.7040341029277776	0.04868335933932514	0.00593199872664634	0.2411702763446647	0.00018026266158621383
DLBCL11457	0.7815952074438357	0.021975198397390164	0.002200089374212284	0.19393820861908234	0.0002912961654794859
DLBCL10969	0.06956721408541724	0.44158975712834403	0.2950880956546417	0.17254307878170616	0.021211854349890837
DLBCL10490	0.1692600177933814	0.3114877831394579	0.06118719176215149	0.26442844034857776	0.19363656695643144
DLBCL10486	0.039079677921147304	0.41282491714272745	0.04367016084980386	0.14699727706617155	0.35742796702014995
DLBCL10458	0.9227763138968428	0.0009192971366244618	2.4399294757796096e-06	0.07630177910726105	1.69929795929688e-07
DLBCL10972	0.7630174648917064	0.02363571547585721	0.00307961199993024	0.20683470782756147	0.0034324998049447466
DLBCL_MC_F262_WLC	0.8375137028316754	0.009440557309179917	0.0007615793244800395	0.15194303607319576	0.0003411244614689515
DLBCL_MC_F307_JPS	0.6365084527889557	0.07296190255154862	0.014639379697020841	0.2734327240422145	0.002457540920260265
DLBCL_LS378	0.7931619940847622	0.018897518950808555	0.0017066140945261898	0.1859673243568259	0.0002665485130771629
DLBCL10957	0.2955196879316716	0.263442326151765	0.10536785267063956	0.3131648238550119	0.022505309390912016
DLBCL_C_D_1105_NULLPAIR	0.07720251053746104	0.46814596725500623	0.19202062362083097	0.19330842292468006	0.06932247566202171
DLBCL_RICOVER_174	0.009342011915957698	0.5692258821516107	0.3093648973948447	0.07041936916740173	0.04164783937018511
DLBCL10985	0.04013843255376044	0.5364861917112345	0.15637488596908272	0.1486030767019976	0.11839741306392482
DLBCL_C_D_1126_NULLPAIR	0.022296687943343458	0.43080053187248635	0.028849208712910662	0.11141491937725327	0.40663865209400624
DLBCL10834	0.34848404365544233	0.22321418771093993	0.11279739495336497	0.3141513411917835	0.001353032488469298
DLBCL_RICOVER_1210	0.011167221950793303	0.5698602417332579	0.2980242799637001	0.07723502639079807	0.043713229961450564
DLBCL10906	0.018300847203824886	0.309678879285866	0.01111253820137189	0.09147299790202719	0.56943473740691
DLBCL_RICOVER_299	5.15516050169427e-05	0.09963269394975706	0.8967621384477664	0.0032200886734552493	0.00033352732400434237
DLBCL10502	0.02591712124501753	0.5015344068045275	0.33116933057766806	0.11008986528743993	0.03128927608534695
DLBCL10954	0.013179878387545764	0.347051517969858	0.010240087568428041	0.08263281457312154	0.5468957015010467
DLBCL_RICOVER_253	0.12007353495368778	0.35936792424294556	0.3104888157881517	0.2064923880376806	0.003577336977534449
DLBCL_RICOVER_1060	0.024104225876759127	0.4992768652221599	0.05274327186280608	0.12101279507091582	0.30286284196735913
DLBCL_RICOVER_1165	0.012096958840916341	0.47108092850009176	0.023287735740263174	0.08634271464442632	0.40719166227430237
DLBCL11003	0.013922651810509093	0.2663228796185021	0.00631857621855343	0.07908387147731469	0.6343520208751207
DLBCL10780	0.00020569509867664933	0.07980021033354591	0.9150231004365188	0.004858623094605268	0.00011237103665339244
DLBCL10934	0.018422955726899063	0.2158828510292818	0.004999279097869101	0.08166633493158991	0.6790285792143601
DLBCL_RICOVER_496	0.02301151017663402	0.5771326583609903	0.19939228860062413	0.11406886433517824	0.08639467852657327
DLBCL_C_D_1119_NULLPAIR	0.6442982509633799	0.06849465397585473	0.014730284935161602	0.27164912680951514	0.0008276833160886594
DLBCL10460	0.010612320987255624	0.6029152518424677	0.2490370465215209	0.07853766648269336	0.05889771416606242
DLBCL10850	0.2830485830431885	0.2758299087623619	0.12620453733606005	0.30088217100384573	0.014034799854543737
DLBCL_LS1668	0.0012523604080086313	0.2696418989207107	0.7080737934477928	0.01845404578941421	0.002577901434073654
DLBCL_C_D_1131_NULLPAIR	0.009990094288674289	0.46668673516522396	0.017441834527620548	0.07982758988050236	0.42605374613797886
DLBCL11484	0.027431384548292477	0.5465100030552414	0.0916833274455457	0.1274829826346259	0.20689230231629444
DLBCL10483	0.0001605708035956068	0.29504099277037954	0.6926846639983584	0.009121636213307865	0.0029921362143586288
DLBCL11449	0.041329219577431166	0.30913300004723315	0.021158942366215187	0.13224128328674317	0.49613755472237736
DLBCL_MC_F064AB	0.0014940822698355132	0.14710222156349106	0.834911664280829	0.016243724278850447	0.0002483076069939898
DLBCL_RICOVER_522	0.0012934840474252004	0.10618501659330609	0.8792666601772569	0.013212950475397396	4.1888706614470166e-05
DLBCL11441	0.08493911358791117	0.382497503811705	0.05335074505345251	0.2008218814394569	0.2783907561074744
DLBCL10459	0.00018027865493894826	0.08086736399960107	0.9145779955582408	0.004281774508915043	9.25872783040586e-05
DLBCL10498	0.00015956989930165444	0.0501203395897225	0.9462962627584838	0.003411961219203045	1.1866533289051676e-05
DLBCL_MC_F349_BJJ	0.0003081085641550392	0.1312445181443746	0.861170610889878	0.006954841351181219	0.00032192105041109595
DLBCL_LS155	0.0019420649492795114	0.14109050714716534	0.8387467430581489	0.018096799699197537	0.0001238851462087277
DLBCL_C_D_1112_NULLPAIR	0.0242030448505395	0.5768331351285046	0.20276963078352142	0.115692306046483	0.08050188319095147
DLBCL_C_D_1113_NULLPAIR	0.02451576932721814	0.4809214334131958	0.36843572105093364	0.10464659105544986	0.02148048515320236
DLBCL_LS1098	0.0014418876412401304	0.10332885499256589	0.8789683254381149	0.016250495367928306	1.0436560150845368e-05
DLBCL_C_D_1133_NULLPAIR	0.0011421988766239636	0.2314123825233236	0.7496819702443226	0.016341322545011503	0.0014221258107183987
DLBCL10523	0.030908005587041012	0.2960503766068251	0.5778834858213548	0.09473643399972798	0.0004216979850510708
DLBCL_RICOVER_744	0.00038445432466897866	0.06695057076872028	0.9269699956236123	0.0056802400977549634	1.473918524355656e-05
DLBCL11675	0.012862210928287297	0.3384159054437418	0.5811975468006422	0.06393517675266559	0.003589160074663179
DLBCL_C_D_1141_NULLPAIR	6.753894949337259e-05	0.061797978701318625	0.9355080852965112	0.002569734703993572	5.6662348683253e-05
DLBCL_RICOVER_216	0.028058416976120566	0.5389242513949173	0.08113391002172464	0.1289574989815973	0.22292592262564015
DLBCL11526	0.6560679065083662	0.06441340705764186	0.004632633129920755	0.2748508036946739	3.524960939726908e-05
DLBCL11666	9.633220159003012e-05	0.05392552421071964	0.9431804199281311	0.0027613199244218047	3.640373513750407e-05
DLBCL11458	0.3573031892082967	0.2281400646988993	0.09968970664888564	0.3126613897925313	0.002205649651386968
DLBCL_RICOVER_1061	0.6138303534724411	0.0910607869294856	0.01774490952020661	0.2768903694000699	0.0004735806777968567
DLBC_FF_8062_TP_NB	0.14802391002198836	0.37310287528998975	0.23311175337967863	0.2324763522194466	0.013285109088896704
DLBCL11002	0.1500509188755863	0.35590548876520006	0.26226311923506823	0.2267683946224592	0.0050120785016861975
DLBCL11433	0.20035833779505813	0.1971317850121459	0.02496983499497636	0.24669756188061007	0.33084248031720953
DLBCL11447	0.15878355880619255	0.07903852331235665	0.005073105920596089	0.1695338570074517	0.5875709549534031
DLBCL_MC_F139_LJF	0.34919415852522234	0.23439886637889165	0.09540349332523544	0.3094694043562652	0.011534077414385365
DLBCL11527	0.01692482808945039	0.32718224800654594	0.5869403279950413	0.06633678621919764	0.002615809689764839
DLBCL_LS2590	0.11961241023208621	0.15905810334991285	0.01149495839422307	0.17852928681018795	0.5313052412135899
DLBCL10539	0.018035291929000337	0.5350499285953607	0.051144158156955714	0.10239959218570951	0.29337102913297375
DLBCL10965	0.41839594543452796	0.13304158807493768	0.024005206531434967	0.3041098722631794	0.12044738769592
DLBCL_MC_F218_RAP	0.772355394059321	0.027687563009259945	0.0024179848951425614	0.1974169474690179	0.00012211056725859796
DLBCL11460	0.4363316029026541	0.1611206153600967	0.04084878879476888	0.3163520727006426	0.045346920241837715
DLBCL_C_D_1109_NULLPAIR	0.3589824346729535	0.14920365438011898	0.026606734899306365	0.2984406944312101	0.16676648161641106
DLBCL_RICOVER_701	0.18964006429450486	0.35676464982953565	0.161443169353482	0.26252272573804347	0.02962939078443404
DLBCL10863	0.1442238952070398	0.020777888765877113	0.0008277217900798982	0.10444107226030519	0.729729421976698
DLBCL11206	0.01331894183463109	0.5500643583864249	0.04388503901329845	0.09239639897748829	0.30033526178815734
DLBCL10901	0.01471246492347065	0.05775217940456794	0.00047969873498278446	0.0486854510217576	0.878370205915221
DLBCL10860	0.0018108476710221308	0.03537857810779171	6.5690757878731324e-06	0.01768655143505418	0.9451174537103441
DLBCL_RICOVER_1032	0.001261597875404769	0.02243940722693009	1.1558325481120882e-06	0.013365092563296842	0.9629327465018201
DLBCL10908	0.03295418841977339	0.553076833937618	0.20255072505142435	0.13229448566739072	0.07912376692379347
DLBCL10999	0.004353171192689848	0.013441826892763263	1.2240541801393893e-05	0.01747080678782011	0.9647219545849254
DLBCL10930	0.6315665730178521	0.04443809007254873	0.006831776930104772	0.26888758925936734	0.04827597072012706
DLBCL_RICOVER_506	0.006426215053973349	0.07693703736204315	0.0002339411833468704	0.03600941825025416	0.8803933881503825
DLBCL_RICOVER_712	0.01321348451351201	0.269166242095008	0.005681465392836298	0.0755619686674706	0.6363768393311731
DLBCL_RICOVER_956	0.012159850686403446	0.2543498275258686	0.0049395956865387345	0.0711438230215311	0.6574069030796581
DLBCL10990	0.00527483986724014	0.17870881086659407	0.0006798524757028658	0.04292156185049701	0.7724149349399659
DLBCL10925	0.04187851790180393	0.07331068262448506	0.0015694082464329012	0.08697802742778522	0.7962633637994929
DLBCL10857	0.00953267832013009	0.022072862647069494	7.604924766769213e-05	0.02971129600648738	0.9386071137786454
DLBCL11538	0.09166475088844454	0.37010517787794783	0.0578446403960024	0.20548285153984283	0.27490257929776235
DLBCL10902	0.01146351501353644	0.13498317747630892	0.0012883135742516995	0.056773391854538814	0.7954916020813642
DLBCL10889	0.004090930823781484	0.013366114260853879	1.1138960334445496e-05	0.016164997631298098	0.9663668183237321
DLBCL10842	0.01666459327837304	0.1236466338536085	0.0016141314012627157	0.06485315905502156	0.7932214824117342
DLBCL11504	0.07659856171106026	0.43006202650923653	0.07988911963318325	0.19571299789169494	0.2177372942548251
DLBCL10963	0.00946771019095538	0.14085720862481424	0.0011295962771627889	0.05156233467094023	0.7969831502361273
DLBCL_RICOVER_720	0.04601019075377498	0.026358676083746167	0.00042922925201588087	0.06803791118244121	0.8591639927280218
DLBCL_RICOVER_773	0.004969057663828588	0.36557476070143047	0.003950913762114982	0.05510800288644188	0.570397264986184
DLBCL10532	0.015883209948958577	0.09405604020600486	0.0010004126270585238	0.05737066430650257	0.8316896729114754
DLBCL_RICOVER_1192	0.0038742186170048335	0.02728565727367725	2.5124797222038952e-05	0.02219050945427504	0.9466244898578209
DLBCL10980	0.010672062377951663	0.4868170702468199	0.019898611252968174	0.08025245758785024	0.4023597985344099
DLBCL10977	0.006989630156210477	0.07034624370280136	0.00024732278567353357	0.03599770948460661	0.886419093870708
DLBCL11000	0.0012384935672432188	0.014881988486007936	9.429068752171331e-07	0.011705015671095926	0.9721735593687777
DLBCL10898	0.007469225386118571	0.15986773306372395	0.001033128637219609	0.050574026002684985	0.7810558869102529
DLBC_FF_A7CX_TP_NB	0.09877501446263542	0.24012386276307993	0.022977722924656732	0.1883331178669635	0.44979028198266446
DLBCL10877	0.06952576459202574	0.4836475285593066	0.1745278689293379	0.18721309269519437	0.08508574522413531
DLBCL10492	0.7376791620991056	0.014533994604613128	0.001772738412385341	0.2150466477038282	0.030967457180067756
DLBCL11501	0.5169869172202709	0.13121986205649275	0.03846135772661119	0.30940835004656037	0.003923512950064879
DLBCL11477	0.8220143518898191	0.009662399726543647	0.0009604838831840528	0.16619717708724058	0.0011655874132126156
DLBCL_LS3809	0.7182910025941276	0.025995600061867546	0.0038375292143660263	0.23165897549384118	0.020216892635797727
DLBCL10971	0.026244247747353934	0.5003750014113926	0.061997025434637594	0.1304055551716919	0.28097817023492405
DLBCL10462	0.8406652740621395	0.007548356756105545	0.0006674971617080971	0.1496073217860741	0.0015115502339726758
DLBCL_LS2367	0.8424437878062812	0.010028734993110583	0.000570035953385418	0.1468612329103857	9.620833683714952e-05
DLBCL10542	0.882442371695666	0.002117308980777091	0.00014294872813647443	0.11471686647636453	0.0005805041190559677
DLBCL10928	0.7545342112742837	0.029376796756248786	0.003667542133736962	0.21208876502635085	0.0003326848093796959
DLBCL10896	0.7900830543598598	0.018862878648455293	0.0021556307272980802	0.18819587740519694	0.0007025588591898415
DLBCL10918	0.8172610949248346	0.011449599256780043	0.00119693287153736	0.16873816243845075	0.0013542105083973214
DLBCL11473	0.8145309412795413	0.014781229885639074	0.0009725366400763702	0.1695927185451573	0.0001225736495859399
DLBCL10548	0.8160019295110127	0.01122820386706046	0.0012512229064985693	0.1698424185833346	0.001676225132093717
DLBCL11676	0.8096435231901606	0.016206877249542832	0.0009545278596273075	0.17315876575883665	3.6305941832491194e-05
DLBCL11509	0.12223571203076747	0.40523340500777394	0.1148812100066273	0.24157870549583874	0.1160709674589926
