	0	1	2	3	4
DLBCL11472	0.9454545051095596	1.8250572017466864e-09	2.7710424071107885e-06	0.05454083745094531	1.8845720307086484e-06
DLBCL_MAYO_DLBCL_3653	0.832577227280531	0.01711343591342394	0.04827951613630707	0.10025914870108549	0.0017706719686525593
DLBCL_C_D_1130_NULLPAIR	0.9999999806536978	1.491322914132025e-11	4.417810088682378e-15	1.929796336623786e-08	3.342121369666062e-11
DLBCL10993	0.9998660029123307	1.7346445799893257e-09	8.686416882871791e-08	0.00012938284640340157	4.525642452447998e-06
DLBCL10935	0.9999889405393395	8.960787010439793e-06	2.1170747175106085e-07	2.853866332793888e-07	1.6015795450195034e-06
DLBCL10869	0.7685578047315341	0.07590754224660341	0.12938581934681817	0.0065426061273442734	0.01960622754769994
DLBCL11486	0.9940701035594396	8.560096511383922e-05	2.3521927644063344e-10	0.00025810262210927606	0.005586192618118053
DLBCL11512	0.9999999988744364	6.240171278102362e-11	4.045007438769478e-13	1.0627573749241233e-09	5.384119947608533e-17
DLBCL10896	0.9999494181302432	2.0024058731308323e-05	1.7958915649881706e-08	2.4302452342835334e-05	6.237399767022852e-06
DLBCL10997	0.9999999595341248	1.513149887858816e-08	2.3251502839471344e-08	4.2698180662563907e-10	1.655891681545436e-09
DLBCL11652	0.9519583009125074	0.04785928203009503	3.4394550940456596e-05	0.0001274065678875721	2.0615938569538144e-05
DLBCL10969	0.9823958529188817	0.011884478676470054	0.005699055524979403	1.8763567429281306e-05	1.849312239597187e-06
DLBCL10971	0.030296385808170127	0.9591024605031457	0.004480465256812449	0.0038435216809353944	0.0022771667509363025
DLBCL_RICOVER_338	0.32524674524740627	5.1378100365075704e-08	0.0001492892129766707	0.6746027593844709	1.154777045833036e-06
DLBCL_LS378	0.9999999690631195	2.232310691559619e-08	8.468632095222848e-09	9.252148536041378e-13	1.4421627614705967e-10
DLBCL10509	0.09251028102797572	0.8922664900666673	7.372256415242617e-05	0.0006725664403041385	0.01447693990090051
DLBCL11477	0.9999994659541207	1.240882234740006e-07	8.043667733946633e-11	4.0309385452040126e-07	6.783364625102188e-09
DLBCL11473	0.9994573593755973	1.1555938138295928e-05	8.011846958957519e-07	0.0005296317708854805	6.517306830101853e-07
DLBCL11474	0.697922823001152	4.2063445891621864e-08	3.8056843206612356e-06	0.3018675950947566	0.00020573415632479358
DLBCL11480	0.6063394291064379	0.03643092749558466	0.007799002386184381	0.011802954639797235	0.33762768637199575
DLBCL10957	0.9956489373344287	6.663397767129831e-05	0.00012645877687571247	0.0038096922294431085	0.0003482776815811861
DLBCL10918	0.9992040095606102	1.2203264129162512e-08	8.438756035919872e-09	4.4351795996763e-05	0.0007516180013729028
DLBCL_LS1757	0.9999999987893717	3.8428812976113926e-10	2.740723368640783e-15	7.761198324735867e-10	5.021756134509382e-11
DLBCL10495	0.9999890691324431	1.0784630481361948e-05	6.341778967030808e-10	3.07299371320832e-08	1.1487296048910368e-07
DLBCL11484	0.00021301001937831847	0.9625321487502577	0.0016467128861310156	0.00013024376005982199	0.03547788458417311
DLBCL_C_D_1136_NULLPAIR	6.824739800134796e-14	0.9999999786425939	5.111929717691205e-13	3.5678402625112805e-12	2.135325878527059e-08
DLBCL_LS1668	9.943875989047698e-10	0.009697754065530492	0.9900360995006819	0.00024990845587852755	1.6236983521494158e-05
DLBCL10873	0.0004599030937557987	0.6276607709059068	8.170510382813717e-05	0.371790099886385	7.521010124231405e-06
DLBCL10885	0.0032098239029416616	0.27226003146460626	3.255783056720621e-08	3.592534674601115e-07	0.7245297528211541
DLBCL11673	7.008210682367939e-05	0.9964453794034676	0.003174373761395586	2.2491941803557175e-05	0.0002876727865096401
DLBCL10903	1.4911393572636429e-07	0.9999103408845683	7.141238626074527e-05	5.2372894082349954e-08	1.8045242341130444e-05
DLBCL11436	0.059418392284606374	0.5152048602328225	0.0023753051951319343	0.04536462262944584	0.3776368196579934
DLBCL_RICOVER_467	7.15262905790284e-18	0.05935083666494057	6.6367645833029e-14	2.7285417753736295e-20	0.940649163334993
DLBCL11188	1.868321162719024e-09	0.9999997787168076	5.780230480919904e-08	6.833288893184222e-09	1.5477927757131563e-07
DLBCL10849	7.24929774546579e-08	0.974705232716649	2.335601111771361e-09	2.420987990552757e-12	0.02529469245235148
DLBCL10834	5.705622782305408e-16	0.9999999999999963	3.6805856132446953e-16	9.426976100849439e-19	2.7241724440979417e-15
DLBCL_RICOVER_401	3.255835121942417e-11	0.8017805644401436	0.1982194355154946	1.1777313083051475e-11	2.6206604099912385e-14
DLBCL_RICOVER_1060	0.0024371177386155645	0.936986531564529	0.002529256318752888	1.940108379092647e-05	0.05802769329431159
DLBCL_LS2089	2.782188372687777e-13	0.997091056522622	1.0501692233530046e-14	3.6560184159000776e-17	0.002908943477089282
DLBCL_C_D_1118_NULLPAIR	0.1156535078750859	0.8368461938511309	7.901862713464812e-10	0.047496609150491545	3.6883331054154295e-06
DLBCL11203	7.605485253495189e-14	0.9999999980108789	2.189436377220538e-12	2.6449599987332706e-11	1.960405998845363e-09
DLBCL10907	0.1808978542078506	0.48261922728786577	5.811411302627634e-10	0.07867089872028322	0.25781201920285923
DLBCL10954	5.01641303774874e-07	0.993276754004956	4.021586072625219e-05	1.0347842243363968e-08	0.006682518145171803
DLBCL_RICOVER_533	9.68416621886655e-09	0.9999997310936559	4.2017613063637326e-08	2.1710967001833536e-07	9.489477999480629e-11
DLBCL10934	2.198630055164007e-07	0.9998539272130523	1.2282104960239782e-07	2.007175486570585e-09	0.00014572809571706624
DLBCL_MC_F500_ECU	5.068292105420994e-06	0.991115253021054	0.00035223447240135793	2.6431820269462855e-07	0.008527179896236609
DLBCL10480	2.4455643923612523e-05	0.9999696044823512	6.277536153403983e-09	2.0499140667694098e-07	5.7286047823863845e-06
DLBCL11003	7.362238889646144e-06	0.9994273263993063	8.972331955459341e-06	2.1726735669559108e-08	0.0005563173031129131
DLBCL_LS3204	0.001454000794422362	0.9484650031807268	0.037060224779824784	0.01302026478794737	5.064570786355306e-07
DLBCL_LS1395	9.002849756245217e-07	0.02043568429520521	0.9795618131883496	1.3960981477611902e-09	1.6008353714595527e-06
DLBCL11669	3.1261895148918785e-07	4.247415990664992e-05	0.9999568760919217	3.3705221810903624e-07	7.700200959812898e-11
DLBCL11541	0.0024054675056336284	0.28857199297970515	0.6770545432058048	0.0008221498180991889	0.031145846490757256
DLBCL_C_D_1141_NULLPAIR	3.690005220016003e-12	9.072493064009186e-06	0.9999909274737111	2.853345735411021e-11	1.001428498595231e-12
DLBCL11469	4.774570672055447e-06	0.3309486124115374	0.663385837191243	1.2342192858410343e-05	0.0056484336336892265
DLBCL11458	0.00345053014783924	0.029676136560052517	0.9668701301714301	1.6964782541015521e-06	1.5066424240193795e-06
DLBCL10554	6.141630848515443e-07	9.778300765437211e-11	0.9999990205634365	3.6517568278841567e-07	1.2872011213080125e-14
DLBCL11670	1.9568590400784668e-16	2.537581078402218e-08	0.9999999746119039	1.1633318164185133e-11	6.517720172144769e-13
DLBCL_LS2325	6.017480492692853e-12	0.432549614239298	0.5674503856135874	1.7037298295767402e-11	1.2405978994553127e-10
DLBCL10459	7.148919829400335e-16	5.252758719718695e-08	0.9999999474595315	1.0668349292044578e-11	2.2122700550008616e-12
DLBCL_LS4593	5.366617191370332e-08	0.020497864731679097	0.9794366287972226	6.44833319752342e-05	9.69472951160473e-07
DLBCL_LS4616	1.170494304475191e-12	0.02807678759974235	0.9719232089312329	3.424928607112989e-09	4.29257414838817e-11
DLBCL11515	0.0002589403505927288	0.3630845063291748	0.5849423185376867	3.64023844466743e-07	0.05171387075870127
DLBCL11525	2.495195757152185e-06	8.598404756089252e-05	0.9995956574129191	0.0003158630910120567	2.527507867308648e-10
DLBCL_RICOVER_320	0.02714554731260231	0.23660669669808854	0.6471995433271638	0.08889983803022729	0.00014837463191808757
DLBCL11656	3.209562845892161e-11	1.1061747017981087e-10	0.9999999986162311	1.1618047450869522e-09	7.925103353542746e-11
DLBCL11566	2.650061691586536e-12	0.00011350639104955437	0.9998864926852008	9.210971053558328e-10	2.478620765795258e-15
DLBCL11439	0.9612420237736183	7.513703517662816e-10	0.03875753655116039	4.0070789819782644e-07	3.821595271358732e-08
DLBCL11468	4.5932568735607065e-05	4.6470073075252273e-07	0.006649453068547107	0.9933041496486803	1.3306268885136022e-11
DLBCL10564	1.7431279484971569e-09	7.4865565716163034e-06	0.0006679312473459587	0.9993245804368591	1.609535804692507e-11
DLBCL_MC_F218_RAP	0.2859048048810441	1.0657120275457284e-05	0.0006876960140889287	0.7133968346431314	7.3414601777218925e-09
DLBCL10965	0.0035725356063586776	1.7693445879698327e-13	7.330829854851776e-09	0.996427439059141	1.800349355711889e-08
DLBCL10973	0.11391073537184902	0.01720878325337775	0.011071039386371143	0.8549215095560337	0.002887932432368384
DLBCL_LS2590	0.0002687861515107582	2.781658243173078e-10	2.537171266382922e-06	0.9910704827985843	0.008658193600472744
DLBCL10527	2.6346356160194008e-09	3.434078524456383e-11	1.6492172534972592e-06	0.9999983367281028	1.1385667313534862e-08
DLBCL10927	0.043001892658337114	5.53017560046047e-14	7.924484812317322e-14	0.9569981073414153	1.1302499690888376e-13
DLBCL_C_D_1115_NULLPAIR	0.013989304157023071	0.01914902272787128	0.0008713964409097441	0.9658634933803477	0.00012678329384815948
DLBCL11471	0.05121106261392973	0.7303915067912047	0.14490877225180307	0.03883569996219966	0.03465295838086294
DLBCL_C_D_1109_NULLPAIR	0.005754202730710106	2.3530638083989137e-10	8.567362743643475e-11	0.9942457733116113	2.3636698570543888e-08
DLBCL11467	0.09189639771554013	0.09793741033260135	0.07260406610761468	0.7353964382181827	0.0021656876260611625
DLBCL_RICOVER_151	2.26533847520615e-05	0.002273578609831601	0.0013202454226942893	0.9963827454818736	7.771008485128684e-07
DLBCL10544	1.9247574595274943e-10	5.026214136876168e-18	5.439499913569363e-13	0.9999999253521742	7.445480610860073e-08
DLBCL11564	3.177808167498402e-10	1.5208801854652745e-11	1.031470322704818e-15	0.9999999996656935	1.31582131972718e-12
DLBCL10970	0.0006051848699218822	0.017699227857260965	0.0062869132235654004	0.9754059851120053	2.6889372465045098e-06
DLBCL_RICOVER_701	0.0052442741617302075	5.750006738762918e-08	0.0001377478028799601	0.9946179203039628	2.3135968609718395e-10
DLBCL10550	3.6204846143555225e-07	1.688934915599446e-07	8.409048686605422e-12	4.995660770624644e-13	0.9999994690491384
DLBCL10837	9.449124017398239e-05	0.0006472181402558466	0.004150782454234688	0.0005318578210755264	0.99457565034426
DLBCL10915	0.022667774907127354	0.16785341439223034	0.03252637301831086	0.05159667640115406	0.7253557612811773
DLBCL10902	5.794489376043095e-06	6.144403571993443e-05	1.7758827653208438e-07	1.0521501958657187e-08	0.9999325733651255
DLBCL10880	8.933232420239163e-06	1.5971334710782288e-07	7.974948328590379e-11	8.458626237950636e-08	0.9999908223882208
DLBCL_RICOVER_773	2.7745877800093855e-08	0.006911244513333803	2.3106642462249975e-07	1.5148247602370853e-10	0.9930884965228813
DLBCL_RICOVER_1289	1.146262512775013e-07	2.01987828967232e-11	1.7716476497886172e-15	4.1926474320105614e-07	0.999999466088805
DLBCL10899	2.5116148850401768e-08	4.417786446083596e-10	1.3947621643681007e-16	2.182697606870822e-09	0.9999999722593748
DLBCL10901	8.70756372232678e-06	1.7129252538057574e-06	1.6097810015485569e-09	1.4865229568454546e-07	0.9999894292489472
DLBCL11195	3.310973909745093e-11	5.629566720106082e-07	2.991508440739393e-12	6.919385534372878e-08	0.9999993678133714
DLBCL10864	1.73754032771653e-13	3.4313887077606985e-13	3.255918956437245e-15	6.567983475036766e-16	0.9999999999994792
DLBCL10980	7.237935901975057e-08	0.02707956920171259	3.921991346049795e-08	8.592850716463771e-08	0.9729202332705078
DLBCL10889	6.432502061614946e-11	1.0032734241998534e-12	1.2895439677076604e-12	6.161934139760525e-10	0.9999999993171887
DFCIDL004_DT	0.33532772512894693	3.653054070983787e-06	2.1354579945332174e-06	0.15229905477010355	0.5123674315888841
DLBCL10999	6.08944110006935e-11	1.167850821779785e-10	2.4762232674081434e-14	8.433443369607759e-07	0.9999991564779588
DLBCL_RICOVER_1190	0.3363641473585029	0.11216333924294021	0.0001629993564013852	7.584663368354603e-05	0.551233667408472
DLBCL10781	1.5936882275777465e-07	2.1044759675949898e-08	1.1468673125946013e-09	1.0008273471587238e-08	0.9999998084312768
DLBCL11495	0.004954075557100662	1.6649779942932313e-08	3.968434610576651e-08	0.038937787433115975	0.9561080806756573
DLBCL_RICOVER_417	1.0511512244233838e-09	5.717539497268002e-10	2.7118902291435325e-15	2.5198543068105043e-11	0.9999999983518936
DLBCL_RICOVER_1032	1.3759905214252309e-15	9.503265770545054e-07	1.4722148899009468e-16	8.520155709153992e-16	0.9999990496734206
DLBCL_LS3200	3.794411364072124e-09	0.011452932967673298	9.467755731251194e-09	5.814040974137664e-10	0.9885470531887555
DLBCL10530	3.4759595172717535e-12	1.3115772299665822e-10	1.8749532135304155e-19	3.437178416261089e-14	0.999999999865332
DLBCL10862	1.4034399459986247e-07	8.984412487750001e-08	6.020335837542912e-10	2.2554996355166654e-11	0.9999997691872919
DLBCL_RICOVER_1287	0.00373075894984935	0.19184652452666	0.00041345727810211924	0.00022535614445252849	0.803783903100936
DLBCL10848	1.8868975862349942e-05	1.1659755156879698e-11	3.4718993474017875e-12	6.63838587221476e-07	0.9999804671704188
DLBCL_RICOVER_850	0.00010977651745902409	0.001915622001547389	1.4340794414411494e-06	3.8352534850004905e-06	0.9979693321480672
DLBCL10457	5.442973514292777e-05	0.030351033401530655	0.0011918389437561127	0.00015860262880975875	0.9682440952907605
DLBCL10961	1.8117771174315588e-14	8.552959585349869e-06	1.2790425333102459e-15	1.2904980376721788e-10	0.9999914469113454
DLBCL10975	0.9999999700645857	1.9371275901861808e-22	3.9995839005792545e-22	2.9485074378919196e-08	4.503398796332185e-10
DLBCL11537	0.9999999782907132	3.769425864695976e-18	7.247060128687575e-19	2.1523586649452608e-08	1.8570015871897517e-10
DLBCL_LS3809	0.9889179579101223	0.001994890490511233	2.252906323382324e-08	0.0006850673322757072	0.008402061738027508
DLBCL10462	0.9999711169359075	2.7632065812312092e-09	2.1451113820511274e-12	6.747642775198808e-07	2.8205534463331816e-05
DLBCL11662	0.9947281939224923	6.443413513903932e-07	1.8797649165706121e-07	2.6186336449225972e-05	0.005244787423215413
DLBCL10913	0.9999991174995851	1.1051042066078401e-08	2.7614674473118222e-12	8.489798203032907e-07	2.2466791019235177e-08
DLBCL11454	0.9991488954468247	5.017143344051389e-09	4.2916794142111015e-13	0.0008510992322610916	3.033416759709621e-10
DLBCL10450	0.3450036564252434	3.5790542193996434e-05	1.658697201485474e-13	0.017873566974673776	0.637086986057723
DLBCL10914	0.8741983355276478	0.0002340083284584056	0.12513897886435468	0.00024995419946256695	0.00017872308007655543
DLBCL10490	0.9690419172537067	9.296240433519788e-08	1.8635475485984387e-09	0.03071799754341944	0.0002399903769219318
DLBCL11429	0.9508003260393073	1.537539072877072e-10	1.6934515985893212e-06	0.04908681355985898	0.00011116679548126609
DLBCL11539	0.9996216314004777	2.6130429537345444e-18	3.6378524489767806e-09	0.00037836496166988897	6.948069982129106e-20
DLBCL10492	0.9884322099937825	9.480447563928768e-05	2.8096684052056344e-11	4.818582487280565e-07	0.011472503644232803
DLBCL10894	0.06114601651879319	0.9385752458542581	1.446820165530413e-07	0.00019472263438832273	8.38703105438241e-05
DLBCL10986	0.9573479081508681	0.004499215426729317	0.00016751122821111945	0.00010287347630443189	0.037882491717887025
DLBCL10950	0.9991639764804243	2.2733839037789574e-05	9.414458119037506e-10	0.0006253836736207107	0.00018790506547137182
DLBCL11191	0.9999999996832789	6.508505378536372e-14	1.365230061855351e-15	3.1096829623321774e-10	5.68634727892756e-12
DLBCL10959	0.9920408035913235	0.004104884714149529	4.090742181333854e-05	0.0037106902397581894	0.00010271403295547001
DLBCL11434	0.9999996030783838	2.0724203912029505e-13	4.594109761410748e-13	3.9692094948953394e-07	9.883877692611073e-17
DLBCL10515	0.9999995462417868	9.075949639829368e-08	1.1958389300355142e-09	6.926259969344699e-08	2.92540278204023e-07
DLBCL_RICOVER_945	0.9981712201688063	6.30618802190388e-05	8.57571235532675e-06	0.00016273960311383208	0.0015944026355054844
DLBCL11482	0.999994317874502	1.8307447756821686e-13	2.4492714651540946e-11	5.3197031586109935e-06	3.6239766360763635e-07
DLBCL11496	0.9973729199795563	1.915631300840809e-05	3.679507296944131e-05	0.00042046265340662414	0.0021506659810591917
DLBCL11565	1.128393292229885e-13	0.9999999785534329	1.8851472233870078e-08	6.033103033087359e-10	1.9916717013017558e-09
DLBCL11679	0.005496912754832127	0.9945024374754293	6.421116351375058e-07	7.657962119930671e-09	1.4132205099286518e-13
DLBCL10780	2.539321608791682e-11	0.11971341398426805	0.880286576234339	7.302559567589884e-09	2.453440127225161e-09
DLBCL10983	1.080937815465941e-08	0.9993150266142707	5.926215347000315e-11	3.4805459295339112e-09	0.0006849590365430256
DLBCL10988	7.881314015636642e-10	0.9999936150223114	2.2229599738772916e-07	3.3259857347360025e-08	6.128633702430545e-06
DLBCL10981	1.7762717310119818e-05	0.9995524615220015	6.173705126864888e-06	0.0004057956507420912	1.780640481942584e-05
DLBCL_MC_F729_MAN	6.131131311798737e-09	0.9999851895953827	1.1243277199284377e-05	7.717079801302422e-10	3.5602245786841293e-06
DLBCL_RICOVER_299	7.814589392293096e-18	0.9999852458396967	1.475416028644764e-05	4.912078396977791e-18	1.6816078696802226e-14
DLBCL_C_D_1126_NULLPAIR	0.017649470807229353	0.8938665312743485	0.08431392923524485	2.4941868865890057e-05	0.0041451268143114775
DLBCL11516	0.05789924550861617	0.93332899125871	0.0009763599877160205	0.00033942745075066645	0.007455975794207137
DLBCL_LS3749	2.4296236907115877e-12	0.9999999680257952	3.16098877944099e-08	2.38145421034701e-10	1.237420002227295e-10
DLBCL10503	0.02428615069334898	0.6958650156005255	0.27291377286517765	0.0004092468527695893	0.0065258139881782746
DLBCL10487	0.004984413017799228	0.9914897628265094	0.00010605986341946942	0.003399100392950893	2.0663899321098275e-05
DLBCL_LS2245	9.727190293158842e-08	0.9999150897188401	8.47890727479113e-05	1.5735322818392415e-09	2.2362976742519543e-08
DLBCL10906	1.061512521896439e-06	0.45434795858582877	2.234298876349986e-06	9.170271738322269e-11	0.5456487455110702
DLBCL10989	2.2117208847095556e-06	0.9999615599855244	4.502657940599277e-06	1.0386102483722961e-05	2.133953316658426e-05
DLBCL11498	1.537724289850265e-08	0.9999999845576395	8.924715595030309e-13	2.8228035230874732e-11	3.599709614571318e-11
DLBCL10850	6.767305393919837e-09	0.9999999828711652	7.542583954113644e-11	6.156153786748e-14	1.0286041999989533e-08
DLBCL_MC_F739_AMA3	6.82415628025271e-16	0.9997548849205181	0.0002451150792258961	2.55273285139222e-13	3.306630404236323e-17
DLBCL10917	1.3058196182011914e-11	0.9999999864271968	6.230581594859922e-10	2.4073880565863474e-14	1.2936662785130191e-08
DLBCL10871	0.4292133712646707	0.19992899219949703	0.026092293131896687	0.0006994629500985992	0.344065880453837
DLBCL_LS3245	1.7362235502377506e-15	0.5905209453428136	0.40947905465534645	1.8006125670118567e-12	3.765693770209947e-14
DLBCL10502	5.0528329979576514e-08	0.9466280197922589	0.05336868822146684	3.218449118126975e-06	2.3008826165246293e-08
DLBCL10453	8.921858643466779e-08	0.0008448699496560387	7.887929058872626e-09	8.268648311901204e-08	0.9991549502573454
DLBCL_RICOVER_948	2.7352562417231436e-13	0.9999992733088712	7.266039948772562e-07	5.1699342578532705e-15	8.685525447299191e-11
DLBCL11518	0.9308068090952765	0.06588195816443876	0.0030350921924114974	5.839927412041707e-05	0.00021774127375291563
DLBCL11428	2.4478277800276885e-13	6.0061901734905525e-09	0.9999999939898594	3.682156849358232e-12	2.3494297456457663e-14
DLBCL11590	0.42343248908943215	8.751752896005408e-05	0.5559318011608254	0.02054816886380406	2.3356978318086086e-08
DLBCL_RICOVER_408	3.2745857344289676e-06	0.3322143318121368	0.664988120479911	0.002794260898273525	1.2223944332576533e-08
DLBCL11573	4.3024702355188165e-12	0.0012481126637857711	0.9987518362096728	5.104463468139813e-08	7.760430094243325e-11
DLBCL_DFCI_DLBCL_GOE16	8.61015083667335e-12	6.831556516507628e-09	0.9999999919062451	1.2307003981163216e-09	2.2887823066793185e-11
DLBCL_LS2328	1.6815275691579497e-10	0.49053341957145874	0.5094665802438505	1.6535195057159066e-11	2.6991293415497735e-15
DLBC_FF_8046_TP_NB	2.942444619564869e-06	0.00012984958806830293	0.9998566138620534	3.161241463407786e-06	7.432863795346908e-06
DLBCL_LS1098	1.8216947016718737e-11	3.8968109669267955e-10	0.9999999693473918	3.024471018272961e-08	2.9923306170416193e-18
DLBCL_MC_F815_BAT	1.0419284849081714e-10	0.00010422681022945955	0.9998954758324495	2.959890508614418e-07	1.264077299338426e-09
DLBCL11542	3.6336427620671485e-12	0.007585883507643937	0.9924108454288175	3.27105990461963e-06	3.203638021199149e-16
DLBCL_LS762	0.00038233676614870095	0.0157931415897895	0.9552550940221567	0.0004809319130703266	0.028088495708834805
DLBCL11666	4.472155906895529e-17	9.343179114310989e-11	0.999999999906551	1.6795373262541866e-14	3.9505700291964546e-16
DLBCL10498	7.144017102256594e-17	7.73015221976777e-12	0.9999999995233559	4.689138323004076e-10	1.5961974430955955e-18
DLBCL_MAYO_DLBCL_234	0.9261426926269367	2.7003758369332604e-09	0.0684587550912731	0.005376757987649582	2.1791593764734363e-05
DLBCL_RICOVER_978	0.99968338062555	1.4945007300044497e-09	2.842338881900851e-05	0.00028800506133314476	1.894297971629753e-07
DLBCL_C_D_1112_NULLPAIR	4.818972122152173e-05	0.03688652397557518	0.9627273786740261	0.0002961070451273296	4.18005840498196e-05
DLBCL11441	0.4701309769445351	0.00020338852290811865	0.08075976108522095	0.41100423417446114	0.03790163927287458
DLBCL10879	1.7355152880768483e-07	0.0005688426482599068	0.9994299653601477	1.0150890505474932e-06	3.3510130206480065e-09
DLBCL10456	7.46537417552885e-09	1.9051937520756208e-13	3.106414237926973e-08	0.9999999614699208	3.721640901038719e-13
DLBCL10547	3.88179975387831e-08	1.046319047706223e-13	1.6320892295803282e-09	0.9999999595494947	3.1387840947515213e-13
DLBCL10782	0.0038879550390892447	3.5959470439589175e-13	7.312578709728761e-14	0.996112044960478	5.153467094193147e-17
DLBCL11536	7.173390524809762e-07	0.9916629349318073	0.00012212891282463158	0.00820164982761001	1.2568988705573998e-05
DLBCL_C_D_1103_NULLPAIR	1.043809740026723e-07	2.3740390584111242e-08	9.645244099093118e-05	0.9999034193938799	4.376453838551076e-11
DLBCL11433	0.34574730293707356	3.0158906755438152e-05	0.0008064613912427434	0.5769542650180749	0.07646181174685332
DLBCL11455	0.12730580216013926	2.684165719947957e-08	0.0005399134293741414	0.8697044805156035	0.002449777053225882
DLBCL_RICOVER_950	8.939925330845084e-07	8.47839448717208e-13	2.7387756620463814e-06	0.9999963672309563	7.229332269005453e-16
DLBCL10539	2.407611345230258e-05	0.8373446152357299	0.00033346127858604406	0.16035365504018825	0.0019441923320435237
DLBCL11504	0.6838369420861817	0.00040985165455948916	0.0005368670666186897	0.161479245736823	0.1537370934558171
DLBCL_MC_F139_LJF	4.6497726386914176e-09	5.2595329854283626e-17	5.0642572738052293e-11	0.9999999952995847	1.5199272141842192e-17
DLBCL_RICOVER_361	2.293186603724023e-08	2.8235051269655507e-11	9.195654428822191e-08	0.9999998850832792	7.542914873913432e-14
DLBCL_BWH_DLBCL64	0.006461180814483487	0.4605355505345567	0.00030908704694342554	0.5326941803116099	1.2924065722033628e-09
DLBCL10978	8.209947885953547e-05	1.7246652578859285e-06	5.150505544078424e-07	0.9998588164198932	5.684438543501218e-05
DLBCL10974	0.006680736461264775	1.036091459255791e-05	0.0010453586097458065	0.9883051811354666	0.003958362878930199
DLBCL10932	1.0494441240323492e-05	2.419387821197773e-15	3.295042573684664e-13	0.9999895031479727	2.4104550059530766e-09
DLBCL_C_D_1125_NULLPAIR	4.265141575456789e-14	1.6472034094197443e-09	9.126391570628366e-21	8.654281572901587e-14	0.9999999983526674
DLBCL_RICOVER_1106	8.553061408694435e-11	4.95072323015332e-07	2.938267255617085e-13	5.019013439272775e-12	0.9999995048368335
DLBCL10471	1.0314931025793487e-07	2.9359512817100435e-07	5.840220302487483e-13	1.884681807783193e-10	0.9999996030665094
DLBCL10876	2.6337555611044866e-09	5.628644615193937e-06	6.31289410599943e-11	8.74621125028022e-10	0.9999943677838792
DLBCL11450	4.67207266647312e-10	1.937462021443803e-09	1.2776862925055149e-14	1.327666032297739e-09	0.9999999962676519
DLBCL10857	4.781359466691591e-06	3.5725022902167568e-09	4.923512915593379e-13	2.65053181102679e-07	0.9999949500143576
DLBCL10890	7.951363869336544e-07	6.0021636173215697e-05	6.387899954470349e-09	6.51777866762968e-07	0.9999385250616731
DLBCL10532	2.7855515285049262e-05	5.7427451434431906e-06	7.966452994772168e-07	0.0002754035589982618	0.9996902015352738
DLBCL_RICOVER_134	9.53249258449215e-14	5.383794129129447e-06	1.8414570066176464e-15	2.2173629161287293e-12	0.9999946162035563
DLBCL10904	6.498888857623414e-05	3.356494886923705e-05	1.782060565826836e-09	4.58932182538445e-05	0.9998555511622401
DLBCL10847	2.2082780618228145e-07	0.00017263748188629403	1.1137950642750489e-10	3.504686763154787e-13	0.9998271415785775
DLBCL_RICOVER_314	0.0001124393763144541	0.347205208068949	0.019347231075869817	0.0011009532911328487	0.6322341681877339
DLBCL10924	3.0383228018535405e-08	1.2205946186593383e-11	1.2698254772610665e-18	1.5075684960387263e-09	0.9999999680969975
DLBCL_RICOVER_712	3.971425947213455e-07	2.1789997610013892e-05	3.762300267840951e-07	8.545012166196371e-09	0.9999774280847563
DLBCL10853	2.528513125427471e-06	1.84564456212891e-07	9.784167297698824e-13	2.5976944795240337e-08	0.9999972609444951
DLBCL10887	1.491598363897806e-08	3.8476077478204325e-07	1.703835951697083e-07	1.8372817709469244e-08	0.9999994115668287
DLBCL10854	1.5162925491918802e-08	1.185022820480167e-09	2.5974118510475146e-13	3.110253046845597e-06	0.9999968733987451
DLBCL_RICOVER_1329	6.7669149707287425e-06	0.09454173153771477	1.717956125515946e-06	3.0718023450398474e-09	0.9054497805193866
DLBCL_RICOVER_449	1.7872523813460049e-06	1.4598880477089124e-08	1.3803517956649598e-14	1.0427771981676281e-08	0.9999981877209524
DLBCL10838	9.094344876770488e-05	0.8442959915015524	1.0988111605797513e-06	1.6807165317275824e-09	0.1556119645578027
DLBCL11206	7.213337011870042e-07	0.7638316801930387	1.6158076741814465e-05	5.1406457876887484e-08	0.23615138899006038
DLBCL10984	5.1959686096561266e-09	0.0012343814451529049	5.889488551680461e-15	3.4190474978598787e-09	0.9987656099398251
DLBCL10836	2.7800228314702976e-08	1.1339292846434714e-15	8.11694933037633e-20	4.158344449658614e-09	0.9999999680414261
DLBCL10566	0.0007117693442153106	0.18806201490335625	0.007004921097742552	5.052861747628245e-05	0.8041707660372096
DLBCL10842	1.9312824544841373e-09	2.0857999926844226e-10	5.5263634684924105e-12	7.116567828809702e-10	0.9999999971429544
DLBCL_RICOVER_1293	1.7797209908328108e-12	6.7157151217830444e-15	3.20588495256019e-22	1.744391998177801e-13	0.9999999999980391
DLBCL10916	1.079851269464579e-08	0.00014710564128062438	1.254408048016411e-09	2.0313721065357403e-08	0.9998528619920776
DLBCL10883	6.990056348580626e-07	2.023631828485234e-13	3.707053008119966e-13	1.5910949277228733e-10	0.9999993008346826
DLBCL10451	0.4016869886930334	0.0014096044884629726	0.5969034016634032	4.8732931060934905e-09	2.8180736294187463e-10
DLBCL_RICOVER_829	0.9999724704852652	1.1626248549951188e-07	3.055122306956977e-09	5.382010269251099e-07	2.687199610010502e-05
DLBCL11677	0.9999998447832743	6.811523474816143e-08	3.3851233521403532e-09	6.503144843130659e-08	1.8684919163021608e-08
DLBCL11478	0.8795428110675	5.024213780211941e-05	0.0008769046185761468	0.11953004208606456	9.00571782212444e-11
DLBCL10843	0.9999682331964092	2.436038245169083e-09	9.126198980025948e-09	3.170460888358505e-05	5.063247003908378e-08
DLBCL10968	0.9139688412752152	1.4562174701497962e-12	2.3271673342995548e-09	0.08602691919627786	4.237199883447777e-06
DLBCL10486	0.3023284886471251	0.18595999287001108	0.0031496758773418717	0.0005979620386145717	0.5079638805669073
DLBCL_RICOVER_826	0.9988337205066355	3.255787894705913e-11	5.591001538820929e-09	0.0011660480520018174	2.2581780322405034e-07
DLBCL10897	0.9999832032410342	3.084279395492764e-08	2.2043042846653904e-09	4.1789415743378694e-08	1.6721922451837346e-05
DLBCL10994	0.8054577744484914	0.028003331220665402	1.0643161622360934e-05	0.015150222993318105	0.15137802817590268
DLBCL11481	0.9878884087219041	1.891378863846794e-05	0.008146934817290327	0.003944755398093878	9.87274073195398e-07
DLBCL_C_D_1129_NULLPAIR	0.998469676678636	2.0044123799042622e-06	0.0004416497475231047	3.538974799767275e-05	0.0010512794134633734
DLBCL11202	0.0019046899737357372	0.0022011890691396954	0.7885132130267566	0.207380907915383	1.498492023046699e-11
DLBCL11663	0.5843232656843124	0.04667832972934772	0.21783188135425344	0.13704405956596308	0.014122463666123424
DLBCL_LS951	0.4740527466299024	0.02729299432090404	2.4021065995094225e-05	0.4983690775224516	0.0002611604607470302
DLBCL11501	0.8727219454838323	0.09416322531045715	0.0010270888424669011	0.002589994349546766	0.0294977460136969
DLBCL11470	0.8788953911814523	1.0574533762633729e-16	1.4378382136247433e-15	0.12110460881852539	2.074080336824371e-14
DLBCL10542	0.9998662968591512	3.146360567145337e-10	7.0134730722722596e-15	1.8667414262909413e-05	0.00011503541194283874
DLBCL_MC_F132_MLM	0.9999999999777162	3.798351833941103e-14	2.654394982153079e-14	2.143992885700332e-11	7.793851135996911e-13
DLBCL10548	0.9970439845862041	0.0029490274875642033	1.2559228482060707e-09	6.0632987625672025e-06	9.233715462625777e-07
DLBCL10884	0.8471817223923431	3.793576446475212e-08	5.122111096575114e-11	0.1528181712649173	6.835575393558716e-08
DLBCL10996	1.0	0.0	0.0	0.0	0.0
DLBCL10458	0.9999999999997298	5.703265255129547e-17	2.670179653076963e-13	1.1941534699048688e-15	1.959132763612095e-15
DLBCL10947	0.00017238258751346242	0.9941615913447528	1.0979711427699567e-07	4.2806705521806773e-10	0.005665915842552445
DLBCL10519	5.862778525496168e-12	0.9999997913133851	1.973336491275052e-07	1.1282131411476848e-08	6.49715601003854e-11
DLBCL10985	0.010652365727091112	0.8543288736177862	0.0004974713289702213	0.13451755994168352	3.7293844689656123e-06
DLBCL_RICOVER_335	1.5624717565830475e-12	0.9999999099798299	3.131341913446649e-09	8.688682656072295e-08	4.391500356290745e-13
DLBCL_C_D_1135_NULLPAIR	5.197621928986403e-12	0.9999999998270224	1.0677167474369178e-10	2.196219951415081e-14	6.098637334571637e-11
DLBCL11479	0.002160740492461029	0.9418944616744565	0.0028121287849040724	3.3672693312721774e-05	0.05309899635486571
DLBCL11449	0.00032537026794040544	0.7397112947098589	6.685760236878402e-05	9.408514114478392e-05	0.2598023922786872
DLBCL11446	0.04301795012359496	0.2988752725864654	0.29057002087799283	0.36687015361849235	0.0006666027934545101
DLBCL_RICOVER_288	2.00952980264678e-06	0.9999977405022128	2.3706864211429168e-07	9.978435737985055e-09	2.92090670575633e-09
DLBCL_RICOVER_174	6.266016896483866e-16	0.9999999996921576	3.078380765762937e-10	1.3281064410499652e-16	3.582234832780175e-15
DLBCL10846	0.008241349177428112	0.9915100214671502	6.369236395361774e-06	5.989860428815301e-05	0.00018236151473824804
DLBCL11208	0.0018320234478589284	0.985192896813293	0.0018461455847369394	0.010566940231149848	0.0005619939229612261
DLBCL10517	7.747751924740138e-07	0.9355145954541476	0.06418567686497238	0.00025776861804234263	4.118428764521079e-05
DLBCL_MC_F089_HCZ	1.6876028733067714e-12	0.9999996568661155	3.3703117619972743e-07	2.499804070800088e-09	3.6012166549360484e-09
DLBCL_RICOVER_678	8.915102942848951e-08	0.99936449142174	4.5184294643649167e-05	2.1155818927699504e-08	0.0005902139767680005
DLBCL_LS4054	0.005017186546973792	0.9907939142552304	0.0037782563638480487	0.0003626820610557009	4.796077289206228e-05
DLBCL10962	2.4070818278581346e-05	0.9941502643769485	8.03969225928944e-07	2.552992705258448e-07	0.0058246055362764625
DLBCL11466	0.03823850140945677	0.09374799994314056	0.001058628032665863	0.8243784874556219	0.04257638315911484
DLBCL_RICOVER_583	2.0288051173501533e-07	0.8689691138996305	0.004270479827213409	3.600833188753727e-08	0.12676016738431242
DLBCL_LS1065	7.428821606114673e-06	0.9999295298619327	1.1165060994539237e-06	1.1953837214118153e-08	6.191285652448667e-05
DLBCL11507	2.2892386551194293e-09	0.9999993746756319	6.229069045244813e-07	1.2569359212097448e-10	2.531292565663852e-12
DLBCL_RICOVER_1046	8.395505758457998e-12	0.5120832827419021	0.487916353956273	1.5478825994653042e-10	3.6313864128237125e-07
DLBCL_LS146	1.6774016034354312e-11	0.9999999916616558	6.263265895374605e-09	1.06303211426e-12	2.05724129377878e-09
DLBCL_C_D_1117_NULLPAIR	0.01645850071659789	0.42163792704167874	7.80514047958251e-06	0.5618955463380852	2.2076315854227194e-07
DLBCL11591	2.864796723222819e-13	0.9986451422190086	0.0013548227492723565	1.6133039565734762e-12	3.5029819293011456e-08
DLBCL_RICOVER_440	1.579905936577732e-16	0.9996837458645358	0.0003162541330138105	2.241303533583016e-15	2.4480031815154782e-12
DLBCL_RICOVER_522	1.007858750708493e-11	5.485951370956822e-09	0.9991073704743667	0.000892624029603301	3.8358679627974534e-17
DLBCL_RICOVER_216	0.06455590371938251	0.29479013070581217	0.26948477213344885	0.0034044101347774362	0.36776478330657913
DFCIDL009_DT	4.041169679110162e-08	0.01681373437699203	0.9831862157422451	8.737729693515716e-09	7.313363933725392e-10
DLBCL10472	0.005802048299730561	2.326525957594492e-05	0.935619606188964	0.05855507980699242	4.4473709034012723e-10
DLBCL_MC_F362_MJB1	7.434667894598254e-09	0.01152232973342555	0.9869557408203409	1.3115464931104942e-09	0.0015219207000191461
DLBCL_MC_F064AB	5.115481459652956e-09	7.565153616610353e-07	0.9998199780771736	0.00017917987093789365	8.042104538774936e-08
DLBCL11651	4.5740866025474164e-07	0.0017543190081269336	0.9982311190217071	3.580724348868954e-06	1.0523837156816428e-05
DLBCL_LS1304	6.638560012475922e-05	0.29415227294506124	0.426857775089176	0.00046064608933316765	0.27846292027630487
DLBCL11672	8.7833735413402e-07	0.00010977924006703333	0.9998677117380952	6.730079816487634e-06	1.4900604667157343e-05
DLBCL_C_D_1133_NULLPAIR	1.5641860209139457e-07	0.04013265559808345	0.9598609177006301	2.6893977419298963e-08	6.243388706948468e-06
DLBCL10549	5.103626117756221e-08	0.2365694340303613	0.7634282506077079	2.1726305651433772e-06	9.169510441548108e-08
DLBCL10856	0.11287065610745392	0.00015038795163123078	0.03220542290195084	0.007241716304080863	0.8475318167348831
DLBCL_RICOVER_866	1.3099120839746288e-15	1.732475834033328e-13	0.9516045954552526	0.04839540454457294	4.723818350176439e-23
DLBCL11569	3.137718965064624e-15	1.2549859289182594e-06	0.9999987449434363	7.060897038445968e-11	2.2649615648681654e-14
DLBCL_RICOVER_258	0.898284448089578	0.00023763096985537376	0.027873253533907853	0.00023148071677786796	0.07337318668988094
DLBCL10522	2.5663799387825547e-06	3.002096036846342e-07	0.9999967448486515	3.878757391557646e-07	6.860668461634701e-10
DLBCL11685	3.2830852182397513e-12	1.15206889585337e-08	0.999999988467991	5.588315809222201e-12	2.4486548200196247e-12
DLBCL_C_D_1157_NULLPAIR	1.2130404256143122e-05	0.00018541550873331424	0.9998004950226651	1.9586576851482e-06	4.0666029226938177e-10
DLBCL10939	0.047026746864095234	8.71354793404558e-09	1.6000005238120945e-12	0.9529731286222294	1.157985274969246e-07
DLBCL_C_D_1151_NULLPAIR	6.6766428987309896e-06	1.752319536787467e-11	1.9341977647738146e-10	0.9999933231461583	4.4857571034575434e-21
DLBCL11460	3.6241712697319733e-07	3.0429256349129894e-11	1.8650679613689474e-11	0.9999996312395152	6.294277905442833e-09
DLBCL_C_D_1153_NULLPAIR	0.0001743626473385943	0.0006033058221303321	1.7712084301496504e-06	0.14597815453364096	0.85324240578846
DLBCL10565	1.69491318612795e-05	0.19228537782004107	0.8033760179748524	0.004321230161779971	4.249114652997456e-07
DLBCL11437	0.0008322127449103187	2.21320679192018e-12	1.6887822635750626e-14	0.9991656450594065	2.1421934530648656e-06
DLBCL11459	2.680326674282303e-06	1.1297943188070846e-10	7.772895891492123e-07	0.9999965419912595	2.794976011592404e-10
DLBCL11657	0.08165329119901092	0.0034711582523634568	0.0671800320212274	0.8461062683402838	0.0015892501871144042
DLBCL_RICOVER_274	1.740931677828989e-06	0.008982362544440228	6.063765180725213e-07	0.03084726434907135	0.9601680257982925
DLBCL10553	3.0518854055461926e-05	6.18733221963836e-08	0.1600236760928549	0.8399412057418626	4.537437904856575e-06
DLBCL11196	1.177385953956503e-09	7.157724750980387e-21	1.3890564491999733e-12	0.9999999988211071	1.178617983249367e-13
DLBCL_LS3499	0.03335802890182464	0.01110042753932139	0.018193656922757075	0.9367021469749398	0.0006457396611571094
DLBCL10868	2.74651049161314e-05	1.3767322883656642e-13	8.855745432980226e-20	0.8185754831269182	0.181397051768028
DLBCL10552	0.0008759464801758101	2.90266184602606e-16	1.1569602373706997e-08	0.9991240419502215	8.993973506111292e-22
DLBCL10513	0.0017906813562714844	3.1558097089117814e-06	0.0008331763985199383	0.9973729532293768	3.320612287811491e-08
DLBCL_MC_F927_JHS	0.07962764088317283	0.34184223406306874	0.06160779688065342	0.030179043500222394	0.4867432846728825
DLBCL_RICOVER_1219	1.1984160063619142e-09	5.935990103609038e-08	1.547742403803349e-13	4.817888940960443e-08	0.9999998912626388
DLBCL10860	1.262147135660756e-11	1.3565895999987601e-08	1.680488748545826e-11	2.729549454890208e-10	0.9999999861317227
DLBCL11500	4.528193659940884e-07	2.019127243052017e-09	4.675548700333376e-12	2.4039397237459687e-09	0.9999995427528915
DLBCL10908	0.06042233759527911	0.4100799417780781	0.23119481854373727	0.021332333379639228	0.27697056870326625
DLBCL10454	0.003171083702504953	0.9831971439792045	0.006665097202987841	3.817034041947537e-05	0.006928504774883167
DLBCL11476	0.00035760601216501645	0.00779316822418689	9.438456691292094e-07	1.729726988156259e-07	0.9918481089452802
DLBCL_RICOVER_111	0.8926386936372326	0.016800868686617534	0.011895724140604667	0.013177004792847277	0.06548770874269798
DLBCL10881	0.8162088820874207	3.094534787810962e-05	4.011507332491868e-06	0.09425647852427994	0.08949968253308879
DLBCL10485	8.661057808569154e-07	0.05177597881046813	4.614194037435953e-09	2.1881262646834083e-08	0.9482231285882943
DLBCL10964	8.630275226498552e-08	5.76969819141858e-07	2.594937801894216e-13	1.0675697153608444e-05	0.9999886610300155
DLBC_FF_A7CR_TP_NB	0.007998857690618111	5.4977327969823995e-09	4.204883897550201e-10	0.000740152605424624	0.9912609837857361
DLBCL10900	6.558941788401436e-08	5.310931755466649e-21	3.114425087178889e-27	1.5390534581948086e-10	0.9999999342566768
DLBCL_RICOVER_1204	1.1861583055759652e-05	5.757514015638295e-06	1.2246481992804811e-06	0.2973561010684848	0.7026250551862445
DLBC_FF_8042_TP_NB	4.256355670663524e-09	0.8151771243141777	0.04989143377783136	6.4314006354888004e-09	0.1349314312202347
DLBC_FF_A7CX_TP_NB	0.9631650633564626	0.0009694143889403258	0.020333018536869595	7.262513027706487e-06	0.01552524120469978
DLBCL10909	0.02097614896010805	0.000517012704674495	8.735058310737366e-07	0.05074279611263799	0.9277631687167484
DLBCL10878	0.3218463659407836	0.00011020179964124566	1.106219327385767e-07	1.128489316950565e-06	0.6780421931483255
DLBCL_C_D_1140_NULLPAIR	0.012754856464817693	0.016913069604963207	0.0014426034090837306	0.030270891747652726	0.9386185787734826
DLBCL11004	4.1454937050991965e-09	2.0751180179683357e-09	6.471487358243218e-14	4.615332902793085e-08	0.9999999476259945
DLBCL_RICOVER_173	2.201781113057459e-06	4.340001074281124e-07	6.952182070455021e-11	6.56773496176053e-07	0.9999967073757615
DLBCL10977	3.1528867594953286e-06	2.320484869315048e-08	1.2787285944398955e-08	1.6736693222666998e-10	0.9999968109537389
DLBCL10521	2.7809207584742633e-10	0.0018957673838850934	1.0524817641003814e-13	1.468499102511674e-14	0.9981042323379029
DLBCL_MC_F519_ALT	1.1304067238685126e-06	1.2579399870608757e-05	3.1154553383615023e-09	7.111334388043334e-10	0.9999862863668167
DLBCL10895	0.00044293947269207347	0.6297459615379452	0.000844336916679462	1.7723308542175375e-07	0.3689665848395978
DLBCL_RICOVER_1192	1.89680948845881e-10	6.070851009335059e-06	5.009829632207864e-14	1.62516364298541e-11	0.999993928943008
DLBCL11510	0.36605180535978693	0.14313347604438456	0.00021094442981025866	0.15042449612705697	0.34017927803896136
DLBCL10925	0.01758011170741402	0.0004651174108152284	6.151038597244489e-09	0.0004369095757279227	0.9815178551550042
DLBCL10877	0.7894639079809803	0.033433504737664294	0.14095770497302276	0.023394895029154972	0.012749987279177599
