	0	1	2	3	4
DLBCL11472	0.9454545051095596	1.825057201746687e-09	2.771042407110789e-06	0.05454083745094531	1.8845720307086488e-06
DLBCL_MAYO_DLBCL_3653	0.832577227280531	0.017113435913423927	0.048279516136307064	0.10025914870108553	0.001770671968652551
DLBCL_C_D_1130_NULLPAIR	0.9999999806536978	1.491322914132025e-11	4.417810088682378e-15	1.929796336623786e-08	3.342121369666062e-11
DLBCL10993	0.9998660029123307	1.7346445799896022e-09	8.686416882873177e-08	0.00012938284640340083	4.52564245244872e-06
DLBCL10935	0.9999889405393395	8.960787010439793e-06	2.117074717510609e-07	2.8538663327938885e-07	1.6015795450195036e-06
DLBCL10869	0.7685578047315341	0.07590754224660341	0.12938581934681825	0.0065426061273441815	0.01960622754769994
DLBCL11486	0.9940701035594396	8.560096511384092e-05	2.3521927644063804e-10	0.0002581026221092495	0.005586192618118077
DLBCL11512	0.9999999988744364	6.240171278102362e-11	4.0450074387694786e-13	1.0627573749241233e-09	5.384119947608533e-17
DLBCL10896	0.9999494181302432	2.0024058731308323e-05	1.7958915649881706e-08	2.4302452342835334e-05	6.237399767022852e-06
DLBCL10997	0.9999999595341248	1.5131498878588155e-08	2.3251502839471344e-08	4.2698180662563896e-10	1.6558916815454356e-09
DLBCL11652	0.9519583009125073	0.047859282030095235	3.4394550940456786e-05	0.00012740656788748814	2.061593856953826e-05
DLBCL10969	0.9823958529188817	0.011884478676470064	0.005699055524979393	1.8763567429281425e-05	1.8493122395971992e-06
DLBCL10971	0.030296385808170227	0.9591024605031457	0.0044804652568123824	0.0038435216809353705	0.0022771667509362864
DLBCL_RICOVER_338	0.3252467452474064	5.137810036507573e-08	0.0001492892129765986	0.6746027593844709	1.1547770458330366e-06
DLBCL_LS378	0.9999999690631195	2.232310691559619e-08	8.468632095222848e-09	9.252148536041378e-13	1.4421627614705967e-10
DLBCL10509	0.09251028102797583	0.8922664900666673	7.372256415242625e-05	0.0006725664403040661	0.014476939900900468
DLBCL11477	0.9999994659541207	1.2408822347400057e-07	8.043667733946631e-11	4.030938545204012e-07	6.783364625102186e-09
DLBCL11473	0.9994573593755973	1.1555938138296776e-05	8.011846958958106e-07	0.0005296317708854795	6.517306830102331e-07
DLBCL11474	0.697922823001152	4.2063445891621884e-08	3.8056843206612372e-06	0.3018675950947567	0.00020573415632469804
DLBCL11480	0.6063394291064379	0.03643092749558467	0.0077990023861843295	0.011802954639797194	0.33762768637199586
DLBCL10957	0.9956489373344287	6.663397767130243e-05	0.00012645877687562592	0.003809692229443256	0.0003482776815811206
DLBCL10918	0.9992040095606102	1.2203264129163766e-08	8.438756035920737e-09	4.435179599676755e-05	0.0007516180013728982
DLBCL_LS1757	0.9999999987893717	3.842881297611392e-10	2.7407233686407827e-15	7.761198324735867e-10	5.0217561345093816e-11
DLBCL10495	0.9999890691324431	1.0784630481361948e-05	6.341778967030808e-10	3.07299371320832e-08	1.1487296048910368e-07
DLBCL11484	0.00021301001937827025	0.9625321487502577	0.0016467128861309699	0.00013024376005978182	0.035477884584173246
DLBCL_C_D_1136_NULLPAIR	6.824739800134794e-14	0.9999999786425939	5.111929717691204e-13	3.5678402625112796e-12	2.1353258785270586e-08
DLBCL_LS1668	9.943875989047812e-10	0.009697754065530561	0.9900360995006819	0.0002499084558784573	1.623698352149434e-05
DLBCL10873	0.0004599030937557954	0.6276607709059068	8.170510382813717e-05	0.371790099886385	7.521010124231405e-06
DLBCL10885	0.0032098239029416603	0.27226003146460626	3.255783056720621e-08	3.5925346746011144e-07	0.7245297528211541
DLBCL11673	7.008210682368167e-05	0.9964453794034676	0.0031743737613956447	2.2491941803557903e-05	0.00028767278650957816
DLBCL10903	1.491139357263643e-07	0.9999103408845683	7.141238626074527e-05	5.237289408234996e-08	1.8045242341130444e-05
DLBCL11436	0.05941839228460632	0.5152048602328225	0.002375305195131889	0.04536462262944579	0.3776368196579935
DLBCL_RICOVER_467	7.152629057902846e-18	0.05935083666494057	6.636764583302906e-14	2.7285417753736325e-20	0.940649163334993
DLBCL11188	1.868321162719024e-09	0.9999997787168076	5.780230480919905e-08	6.833288893184221e-09	1.5477927757131563e-07
DLBCL10849	7.249297745465805e-08	0.974705232716649	2.335601111771364e-09	2.420987990552761e-12	0.02529469245235148
DLBCL10834	5.705622782305408e-16	0.9999999999999963	3.6805856132446953e-16	9.42697610084944e-19	2.724172444097942e-15
DLBCL_RICOVER_401	3.2558351219424185e-11	0.8017805644401435	0.1982194355154947	1.1777313083051483e-11	2.62066040999124e-14
DLBCL_RICOVER_1060	0.0024371177386155124	0.936986531564529	0.002529256318752805	1.9401083790926535e-05	0.05802769329431173
DLBCL_LS2089	2.782188372687818e-13	0.997091056522622	1.0501692233530202e-14	3.656018415900131e-17	0.002908943477089282
DLBCL_C_D_1118_NULLPAIR	0.11565350787508592	0.8368461938511309	7.901862713464817e-10	0.047496609150491496	3.6883331054154324e-06
DLBCL11203	7.605485253495191e-14	0.9999999980108789	2.189436377220539e-12	2.644959998733271e-11	1.960405998845363e-09
DLBCL10907	0.1808978542078507	0.48261922728786566	5.811411302627637e-10	0.07867089872028328	0.2578120192028593
DLBCL10954	5.016413037748791e-07	0.993276754004956	4.02158607262526e-05	1.0347842243364075e-08	0.006682518145171803
DLBCL_RICOVER_533	9.68416621886655e-09	0.9999997310936559	4.201761306363733e-08	2.1710967001833536e-07	9.489477999480628e-11
DLBCL10934	2.1986300551643726e-07	0.9998539272130523	1.2282104960241828e-07	2.0071754865709187e-09	0.00014572809571706616
DLBCL_MC_F500_ECU	5.068292105421073e-06	0.991115253021054	0.00035223447240128843	2.643182026946326e-07	0.00852717989623668
DLBCL10480	2.4455643923612523e-05	0.9999696044823512	6.277536153403983e-09	2.04991406676941e-07	5.7286047823863845e-06
DLBCL11003	7.362238889646324e-06	0.9994273263993063	8.972331955459562e-06	2.1726735669559644e-08	0.0005563173031129127
DLBCL_LS3204	0.001454000794422351	0.9484650031807268	0.037060224779824805	0.013020264787947365	5.064570786355322e-07
DLBCL_LS1395	9.002849756245268e-07	0.02043568429520532	0.9795618131883495	1.3960981477611982e-09	1.6008353714595625e-06
DLBCL11669	3.1261895148918795e-07	4.247415990664992e-05	0.9999568760919217	3.3705221810903634e-07	7.7002009598129e-11
DLBCL11541	0.0024054675056335763	0.2885719929797053	0.6770545432058048	0.0008221498180990917	0.031145846490757186
DLBCL_C_D_1141_NULLPAIR	3.690005220016003e-12	9.072493064009186e-06	0.9999909274737111	2.8533457354110207e-11	1.0014284985952313e-12
DLBCL11469	4.774570672055448e-06	0.3309486124115374	0.663385837191243	1.2342192858410346e-05	0.005648433633689135
DLBCL11458	0.0034505301478392337	0.029676136560052524	0.9668701301714301	1.6964782541015542e-06	1.5066424240193812e-06
DLBCL10554	6.141630847819269e-07	9.778300764328808e-11	0.9999990205634366	3.6517568274702186e-07	1.287201121162104e-14
DLBCL11670	1.9568590400784668e-16	2.537581078402218e-08	0.9999999746119039	1.1633318164185133e-11	6.51772017214477e-13
DLBCL_LS2325	6.017480492692853e-12	0.432549614239298	0.5674503856135874	1.70372982957674e-11	1.2405978994553127e-10
DLBCL10459	7.148919814294084e-16	5.2527587086191865e-08	0.9999999474595316	1.0668349269501482e-11	2.2122700503261538e-12
DLBCL_LS4593	5.3666171913703536e-08	0.020497864731679097	0.9794366287972226	6.448333197523446e-05	9.69472951160477e-07
DLBCL_LS4616	1.1704943044751924e-12	0.02807678759974235	0.9719232089312329	3.4249286071129923e-09	4.2925741483881734e-11
DLBCL11515	0.00025894035059269803	0.3630845063291749	0.5849423185376867	3.640238444667432e-07	0.051713870758701215
DLBCL11525	2.495195757152198e-06	8.598404756089296e-05	0.9995956574129191	0.0003158630910120562	2.527507867308661e-10
DLBCL_RICOVER_320	0.027145547312602315	0.23660669669808854	0.6471995433271638	0.08889983803022727	0.00014837463191799845
DLBCL11656	3.209562845892161e-11	1.1061747017981087e-10	0.9999999986162311	1.1618047450869522e-09	7.925103353542748e-11
DLBCL11566	2.6500616915875218e-12	0.00011350639104955437	0.9998864926852008	9.210971053561755e-10	2.4786207657961795e-15
DLBCL11439	0.9612420237736183	7.513703517662831e-10	0.03875753655116039	4.0070789819782724e-07	3.8215952713587394e-08
DLBCL11468	4.5932568735607525e-05	4.6470073075252755e-07	0.006649453068547107	0.9933041496486803	1.3306268885136156e-11
DLBCL10564	1.7431279484973858e-09	7.486556571617286e-06	0.0006679312473459577	0.9993245804368591	1.6095358046927184e-11
DLBCL_MC_F218_RAP	0.2859048048810441	1.0657120275457283e-05	0.0006876960140888903	0.7133968346431314	7.3414601777218925e-09
DLBCL10965	0.0035725356063586776	1.7693445879698648e-13	7.330829854851909e-09	0.996427439059141	1.8003493557119216e-08
DLBCL10973	0.11391073537184915	0.017208783253377758	0.011071039386371087	0.8549215095560337	0.0028879324323682924
DLBCL_LS2590	0.00026878615151074354	2.781658243173114e-10	2.537171266382956e-06	0.9910704827985843	0.00865819360047276
DLBCL10527	2.6346356160194008e-09	3.434078524456383e-11	1.6492172534972592e-06	0.9999983367281028	1.1385667313534862e-08
DLBCL10927	0.043001892658337114	5.530175600460473e-14	7.924484812317326e-14	0.9569981073414153	1.1302499690888379e-13
DLBCL_C_D_1115_NULLPAIR	0.013989304157023092	0.019149022727871414	0.0008713964409096687	0.9658634933803477	0.0001267832938480809
DLBCL11471	0.05121106261392975	0.7303915067912047	0.14490877225180307	0.038835699962199634	0.034652958380862894
DLBCL_C_D_1109_NULLPAIR	0.005754202730710106	2.3530638083989256e-10	8.567362743643519e-11	0.9942457733116113	2.3636698570544007e-08
DLBCL11467	0.09189639771554017	0.09793741033260138	0.07260406610761465	0.7353964382181827	0.0021656876260610688
DLBCL_RICOVER_151	2.265338475206181e-05	0.002273578609831604	0.0013202454226942859	0.9963827454818736	7.771008485128791e-07
DLBCL10544	1.9247574595274938e-10	5.0262141368761666e-18	5.439499913569362e-13	0.9999999253521742	7.445480610860071e-08
DLBCL11564	3.1778081674984023e-10	1.520880185465275e-11	1.0314703227048184e-15	0.9999999996656935	1.3158213197271803e-12
DLBCL10970	0.0006051848699218782	0.017699227857261038	0.006286913223565334	0.9754059851120053	2.6889372465045233e-06
DLBCL_RICOVER_701	0.005244274161730294	5.7500067387630775e-08	0.00013774780287987374	0.9946179203039628	2.3135968609719034e-10
DLBCL10550	3.6204846143555225e-07	1.688934915599446e-07	8.409048686605422e-12	4.995660770624644e-13	0.9999994690491384
DLBCL10837	9.44912401739849e-05	0.0006472181402557664	0.004150782454234795	0.0005318578210754971	0.99457565034426
DLBCL10915	0.022667774907127368	0.16785341439223042	0.03252637301831082	0.051596676401154035	0.7253557612811773
DLBCL10902	5.794489376043098e-06	6.144403571993443e-05	1.775882765320844e-07	1.0521501958657189e-08	0.9999325733651255
DLBCL10880	8.933232420239163e-06	1.5971334710782288e-07	7.974948328590379e-11	8.458626237950637e-08	0.9999908223882208
DLBCL_RICOVER_773	2.7745877800093918e-08	0.006911244513333804	2.310664246225003e-07	1.5148247602370887e-10	0.9930884965228813
DLBCL_RICOVER_1289	1.146262512775013e-07	2.0198782896723196e-11	1.7716476497886172e-15	4.1926474320105614e-07	0.999999466088805
DLBCL10899	2.5116148850401768e-08	4.417786446083596e-10	1.394762164368101e-16	2.182697606870822e-09	0.9999999722593748
DLBCL10901	8.70756372232678e-06	1.7129252538057574e-06	1.6097810015485569e-09	1.4865229568454546e-07	0.9999894292489472
DLBCL11195	3.3109739097450924e-11	5.629566720106082e-07	2.991508440739393e-12	6.919385534372878e-08	0.9999993678133714
DLBCL10864	1.7375403277165303e-13	3.4313887077606985e-13	3.255918956437246e-15	6.567983475036767e-16	0.9999999999994792
DLBCL10980	7.237935901975072e-08	0.02707956920171259	3.921991346049803e-08	8.592850716463789e-08	0.9729202332705078
DLBCL10889	6.432502061614947e-11	1.0032734241998538e-12	1.2895439677076608e-12	6.161934139760525e-10	0.9999999993171887
DFCIDL004_DT	0.33532772512894693	3.6530540709837875e-06	2.135457994533218e-06	0.15229905477010355	0.5123674315888841
DLBCL10999	6.089441100069352e-11	1.167850821779785e-10	2.476223267408144e-14	8.43344336960776e-07	0.9999991564779588
DLBCL_RICOVER_1190	0.336364147358503	0.1121633392429402	0.00016299935640129914	7.584663368354604e-05	0.551233667408472
DLBCL10781	1.5936882275777465e-07	2.1044759675949894e-08	1.1468673125946015e-09	1.0008273471587238e-08	0.9999998084312768
DLBCL11495	0.004954075557100583	1.6649779942932362e-08	3.9684346105766626e-08	0.03893778743311606	0.9561080806756573
DLBCL_RICOVER_417	1.0511512244233836e-09	5.717539497268002e-10	2.711890229143533e-15	2.5198543068105046e-11	0.9999999983518936
DLBCL_RICOVER_1032	1.375990521425231e-15	9.503265770545054e-07	1.4722148899009468e-16	8.520155709153991e-16	0.9999990496734206
DLBCL_LS3200	3.7944113640721376e-09	0.011452932967673298	9.467755731251225e-09	5.814040974137682e-10	0.9885470531887555
DLBCL10530	3.475959517271754e-12	1.3115772299665822e-10	1.8749532135304157e-19	3.4371784162610887e-14	0.999999999865332
DLBCL10862	1.4034399459986244e-07	8.984412487750001e-08	6.020335837542909e-10	2.255499635516665e-11	0.9999997691872919
DLBCL_RICOVER_1287	0.0037307589498493227	0.19184652452666012	0.0004134572781020915	0.00022535614445249534	0.803783903100936
DLBCL10848	1.8868975862349942e-05	1.1659755156879698e-11	3.471899347401788e-12	6.638385872214761e-07	0.9999804671704188
DLBCL_RICOVER_850	0.00010977651745898092	0.001915622001547432	1.4340794414411905e-06	3.835253485000601e-06	0.9979693321480672
DLBCL10457	5.442973514292802e-05	0.030351033401530746	0.0011918389437561056	0.00015860262880967413	0.9682440952907605
DLBCL10961	1.8117771174080416e-14	8.552959585238847e-06	1.2790425332936435e-15	1.2904980376554276e-10	0.9999914469113456
DLBCL10975	0.9999999700645857	1.937127590186181e-22	3.9995839005792545e-22	2.9485074378919196e-08	4.5033987963321845e-10
DLBCL11537	0.9999999782907132	3.769425864695976e-18	7.247060128687576e-19	2.1523586649452608e-08	1.8570015871897517e-10
DLBCL_LS3809	0.9889179579101223	0.0019948904905111985	2.2529063233823584e-08	0.0006850673322756247	0.008402061738027624
DLBCL10462	0.9999711169359076	2.763206581220588e-09	2.145111382042882e-12	6.74764277517287e-07	2.82055344632234e-05
DLBCL11662	0.9947281939224923	6.443413513903985e-07	1.8797649165706278e-07	2.618633644922619e-05	0.005244787423215413
DLBCL10913	0.9999991174995851	1.1051042066078404e-08	2.761467447311823e-12	8.489798203032907e-07	2.246679101923518e-08
DLBCL11454	0.9991488954468247	5.017143344051415e-09	4.2916794142111227e-13	0.0008510992322610917	3.0334167597096355e-10
DLBCL10450	0.3450036564252434	3.5790542193996434e-05	1.658697201485474e-13	0.017873566974673776	0.637086986057723
DLBCL10914	0.8741983355276478	0.00023400832845839111	0.12513897886435485	0.0002499541994624905	0.00017872308007649322
DLBCL10490	0.9690419172537067	9.296240433519827e-08	1.863547548598446e-09	0.030717997543419518	0.0002399903769218564
DLBCL11429	0.9508003260393073	1.5375390728770768e-10	1.6934515985893267e-06	0.04908681355985906	0.00011116679548118678
DLBCL11539	0.9996216314004776	2.6130429537358132e-18	3.6378524489785463e-09	0.00037836496167	6.948069982132481e-20
DLBCL10492	0.9884322099937825	9.480447563928772e-05	2.8096684052056354e-11	4.818582487280567e-07	0.011472503644232803
DLBCL10894	0.061146016518793124	0.9385752458542582	1.4468201655304116e-07	0.00019472263438828004	8.387031054382402e-05
DLBCL10986	0.9573479081508681	0.004499215426729314	0.00016751122821107443	0.00010287347630438431	0.03788249171788712
DLBCL10950	0.9991639764804243	2.2733839037791397e-05	9.41445811903826e-10	0.000625383673620748	0.00018790506547133277
DLBCL11191	0.9999999996832789	6.50850537853637e-14	1.3652300618553512e-15	3.1096829623321774e-10	5.686347278927561e-12
DLBCL10959	0.9920408035913235	0.004104884714149553	4.0907421813339045e-05	0.0037106902397581985	0.00010271403295543629
DLBCL11434	0.9999996030783838	2.0724203912029508e-13	4.594109761410748e-13	3.9692094948953394e-07	9.883877692611073e-17
DLBCL10515	0.9999995462417868	9.07594963982937e-08	1.1958389300355142e-09	6.926259969344699e-08	2.92540278204023e-07
DLBCL_RICOVER_945	0.9981712201688063	6.306188021904241e-05	8.575712355327241e-06	0.00016273960311379175	0.0015944026355055208
DLBCL11482	0.999994317874502	1.8307447756821688e-13	2.4492714651540943e-11	5.3197031586109935e-06	3.623976636076364e-07
DLBCL11496	0.9973729199795563	1.9156313008408622e-05	3.679507296944234e-05	0.00042046265340660294	0.0021506659810592117
DLBCL11565	1.1283932922298849e-13	0.9999999785534329	1.885147223387008e-08	6.033103033087356e-10	1.9916717013017558e-09
DLBCL11679	0.005496912754832127	0.9945024374754293	6.421116351375171e-07	7.657962119930807e-09	1.4132205099286768e-13
DLBCL10780	2.5393216087916863e-11	0.11971341398426816	0.8802865762343389	7.302559567589898e-09	2.453440127225165e-09
DLBCL10983	1.080937815466092e-08	0.9993150266142707	5.926215347001142e-11	3.480545929534397e-09	0.0006849590365430256
DLBCL10988	7.881314015499598e-10	0.9999936150223115	2.2229599738386385e-07	3.325985734678169e-08	6.12863370232398e-06
DLBCL10981	1.77627173101211e-05	0.9995524615220015	6.173705126865335e-06	0.00040579565074208817	1.780640481942713e-05
DLBCL_MC_F729_MAN	6.131131311798738e-09	0.9999851895953827	1.1243277199284379e-05	7.717079801302423e-10	3.5602245786841293e-06
DLBCL_RICOVER_299	7.8145893922931e-18	0.9999852458396967	1.475416028644764e-05	4.912078396977792e-18	1.681607869680223e-14
DLBCL_C_D_1126_NULLPAIR	0.01764947080722935	0.8938665312743485	0.08431392923524486	2.4941868865890067e-05	0.0041451268143114775
DLBCL11516	0.05789924550861635	0.93332899125871	0.0009763599877159266	0.00033942745075057445	0.007455975794207139
DLBCL_LS3749	2.4296236907115873e-12	0.9999999680257952	3.16098877944099e-08	2.381454210347009e-10	1.2374200022272946e-10
DLBCL10503	0.024286150693348944	0.6958650156005255	0.2729137728651778	0.0004092468527694957	0.006525813988178231
DLBCL10487	0.004984413017799289	0.9914897628265094	0.00010605986341942741	0.003399100392950873	2.0663899321098767e-05
DLBCL_LS2245	9.727190293158842e-08	0.9999150897188401	8.47890727479113e-05	1.5735322818392415e-09	2.2362976742519546e-08
DLBCL10906	1.061512521896439e-06	0.45434795858582877	2.234298876349986e-06	9.170271738322269e-11	0.5456487455110702
DLBCL10989	2.2117208847095556e-06	0.9999615599855244	4.502657940599277e-06	1.038610248372296e-05	2.133953316658426e-05
DLBCL11498	1.537724289850265e-08	0.9999999845576395	8.924715595030307e-13	2.8228035230874725e-11	3.599709614571317e-11
DLBCL10850	6.767305393919837e-09	0.9999999828711652	7.542583954113644e-11	6.156153786748e-14	1.0286041999989533e-08
DLBCL_MC_F739_AMA3	6.824156280254545e-16	0.9997548849205181	0.0002451150792258961	2.5527328513929066e-13	3.3066304042372116e-17
DLBCL10917	1.3058196182011914e-11	0.9999999864271968	6.230581594859922e-10	2.4073880565863474e-14	1.2936662785130191e-08
DLBCL10871	0.4292133712646707	0.19992899219949709	0.026092293131896607	0.0006994629500985975	0.34406588045383707
DLBCL_LS3245	1.7362235502377506e-15	0.5905209453428136	0.40947905465534645	1.8006125670118567e-12	3.765693770209947e-14
DLBCL10502	5.052832997957656e-08	0.9466280197922589	0.05336868822146684	3.2184491181269783e-06	2.3008826165246316e-08
DLBCL10453	8.92185864346699e-08	0.0008448699496560387	7.887929058872813e-09	8.2686483119014e-08	0.9991549502573454
DLBCL_RICOVER_948	2.735256241723143e-13	0.9999992733088712	7.266039948772563e-07	5.1699342578532705e-15	8.685525447299189e-11
DLBCL11518	0.9308068090952765	0.06588195816443879	0.0030350921924114965	5.839927412041715e-05	0.0002177412737528854
DLBCL11428	2.447827780027689e-13	6.0061901734905525e-09	0.9999999939898594	3.682156849358234e-12	2.3494297456457666e-14
DLBCL11590	0.42343248908943215	8.751752896005411e-05	0.5559318011608254	0.02054816886380402	2.3356978318086096e-08
DLBCL_RICOVER_408	3.274585734428968e-06	0.3322143318121368	0.664988120479911	0.0027942608982734723	1.2223944332576534e-08
DLBCL11573	4.302470235519006e-12	0.0012481126637857711	0.9987518362096728	5.104463468140039e-08	7.760430094243669e-11
DLBCL_DFCI_DLBCL_GOE16	8.610150836673346e-12	6.831556516507627e-09	0.9999999919062451	1.2307003981163212e-09	2.2887823066793175e-11
DLBCL_LS2328	1.68152756915795e-10	0.49053341957145874	0.5094665802438505	1.6535195057159073e-11	2.6991293415497747e-15
DLBC_FF_8046_TP_NB	2.9424446195664983e-06	0.00012984958806829542	0.9998566138620534	3.161241463409536e-06	7.432863795351022e-06
DLBCL_LS1098	1.821694701671874e-11	3.8968109669267955e-10	0.9999999693473918	3.024471018272961e-08	2.9923306170416196e-18
DLBCL_MC_F815_BAT	1.0419284849086155e-10	0.00010422681022945941	0.9998954758324495	2.9598905086156807e-07	1.2640772993389646e-09
DLBCL11542	3.633642762067167e-12	0.007585883507643937	0.9924108454288175	3.2710599046196463e-06	3.203638021199165e-16
DLBCL_LS762	0.00038233676614865666	0.015793141589789512	0.9552550940221567	0.00048093191307024553	0.02808849570883492
DLBCL11666	4.4721559068955303e-17	9.343179114310989e-11	0.999999999906551	1.6795373262541863e-14	3.9505700291964555e-16
DLBCL10498	7.144017102256594e-17	7.73015221976777e-12	0.9999999995233559	4.689138323004076e-10	1.5961974430955957e-18
DLBCL_MAYO_DLBCL_234	0.9261426926269367	2.700375836933265e-09	0.06845875509127312	0.005376757987649556	2.1791593764734404e-05
DLBCL_RICOVER_978	0.99968338062555	1.4945007300047008e-09	2.8423388819013287e-05	0.00028800506133313993	1.8942979716300715e-07
DLBCL_C_D_1112_NULLPAIR	4.8189721221521865e-05	0.03688652397557525	0.9627273786740261	0.0002961070451272578	4.180058404981971e-05
DLBCL11441	0.4701309769445351	0.000203388522908099	0.080759761085221	0.41100423417446125	0.037901639272874516
DLBCL10879	1.7355152880769102e-07	0.0005688426482599067	0.9994299653601477	1.0150890505475292e-06	3.351013020648126e-09
DLBCL10456	7.46537417552885e-09	1.905193752075621e-13	3.106414237926973e-08	0.9999999614699208	3.721640901038719e-13
DLBCL10547	3.88179975387831e-08	1.046319047706223e-13	1.6320892295803278e-09	0.9999999595494947	3.1387840947515213e-13
DLBCL10782	0.0038879550390892447	3.595947043958964e-13	7.312578709728858e-14	0.996112044960478	5.153467094193214e-17
DLBCL11536	7.173390524809805e-07	0.9916629349318073	0.00012212891282460819	0.008201649827610034	1.2568988705574073e-05
DLBCL_C_D_1103_NULLPAIR	1.0438097400267231e-07	2.374039058411124e-08	9.645244099093118e-05	0.9999034193938799	4.376453838551076e-11
DLBCL11433	0.3457473029370736	3.0158906755438165e-05	0.000806461391242695	0.5769542650180749	0.07646181174685333
DLBCL11455	0.12730580216013943	2.684165719947961e-08	0.0005399134293740751	0.8697044805156035	0.002449777053225787
DLBCL_RICOVER_950	8.939925330845084e-07	8.478394487172081e-13	2.7387756620463814e-06	0.9999963672309563	7.229332269005453e-16
DLBCL10539	2.4076113452302607e-05	0.8373446152357299	0.0003334612785859894	0.16035365504018842	0.0019441923320434383
DLBCL11504	0.6838369420861817	0.0004098516545593959	0.0005368670666185947	0.16147924573682312	0.15373709345581718
DLBCL_MC_F139_LJF	4.6497726386914176e-09	5.2595329854283626e-17	5.0642572738052293e-11	0.9999999952995847	1.5199272141842192e-17
DLBCL_RICOVER_361	2.293186603724023e-08	2.82350512696555e-11	9.195654428822191e-08	0.9999998850832792	7.542914873913433e-14
DLBCL_BWH_DLBCL64	0.006461180814483394	0.46053555053455686	0.0003090870469433997	0.5326941803116099	1.292406572203363e-09
DLBCL10978	8.209947885953544e-05	1.7246652578859281e-06	5.150505544078423e-07	0.9998588164198932	5.6844385435012174e-05
DLBCL10974	0.006680736461264786	1.0360914592557949e-05	0.0010453586097457972	0.9883051811354666	0.003958362878930196
DLBCL10932	1.0494441240323492e-05	2.419387821197773e-15	3.295042573684664e-13	0.9999895031479727	2.4104550059530766e-09
DLBCL_C_D_1125_NULLPAIR	4.2651415754567895e-14	1.6472034094197443e-09	9.126391570628366e-21	8.654281572901588e-14	0.9999999983526674
DLBCL_RICOVER_1106	8.553061408694435e-11	4.95072323015332e-07	2.9382672556170855e-13	5.019013439272775e-12	0.9999995048368335
DLBCL10471	1.0314931025793487e-07	2.935951281710044e-07	5.840220302487483e-13	1.8846818077831927e-10	0.9999996030665094
DLBCL10876	2.633755561104486e-09	5.628644615193938e-06	6.312894105999428e-11	8.746211250280217e-10	0.9999943677838792
DLBCL11450	4.67207266647312e-10	1.9374620214438036e-09	1.277686292505515e-14	1.3276660322977391e-09	0.9999999962676519
DLBCL10857	4.781359466691591e-06	3.5725022902167568e-09	4.923512915593378e-13	2.65053181102679e-07	0.9999949500143576
DLBCL10890	7.951363869336543e-07	6.0021636173215697e-05	6.387899954470349e-09	6.517778667629679e-07	0.9999385250616731
DLBCL10532	2.7855515285055635e-05	5.742745143444506e-06	7.966452994773991e-07	0.00027540355899825395	0.9996902015352738
DLBCL_RICOVER_134	9.532492584492152e-14	5.383794129129447e-06	1.841457006617646e-15	2.2173629161287293e-12	0.9999946162035563
DLBCL10904	6.498888857623414e-05	3.356494886923705e-05	1.782060565826836e-09	4.58932182538445e-05	0.9998555511622401
DLBCL10847	2.2082780618229696e-07	0.00017263748188629403	1.1137950642751269e-10	3.504686763155033e-13	0.9998271415785775
DLBCL_RICOVER_314	0.00011243937631439913	0.3472052080689492	0.01934723107586975	0.0011009532911327915	0.6322341681877339
DLBCL10924	3.0383228018535405e-08	1.2205946186593383e-11	1.2698254772610667e-18	1.507568496038726e-09	0.9999999680969975
DLBCL_RICOVER_712	3.971425947213455e-07	2.1789997610013892e-05	3.7623002678409503e-07	8.54501216619637e-09	0.9999774280847563
DLBCL10853	2.528513125427471e-06	1.84564456212891e-07	9.784167297698824e-13	2.597694479524034e-08	0.9999972609444951
DLBCL10887	1.491598363897806e-08	3.8476077478204325e-07	1.703835951697083e-07	1.8372817709469244e-08	0.9999994115668287
DLBCL10854	1.51629254919188e-08	1.185022820480167e-09	2.5974118510475146e-13	3.110253046845597e-06	0.9999968733987451
DLBCL_RICOVER_1329	6.766914970728747e-06	0.09454173153771477	1.7179561255159471e-06	3.07180234503985e-09	0.9054497805193866
DLBCL_RICOVER_449	1.787252381346005e-06	1.4598880477089124e-08	1.3803517956649595e-14	1.042777198167628e-08	0.9999981877209524
DLBCL10838	9.09434487677049e-05	0.8442959915015524	1.0988111605797517e-06	1.6807165317275826e-09	0.1556119645578027
DLBCL11206	7.213337011870042e-07	0.7638316801930387	1.6158076741814465e-05	5.1406457876887484e-08	0.23615138899006038
DLBCL10984	5.195968609656268e-09	0.0012343814451529049	5.889488551680621e-15	3.4190474978599714e-09	0.9987656099398251
DLBCL10836	2.780022831470298e-08	1.1339292846434716e-15	8.116949330376332e-20	4.158344449658615e-09	0.9999999680414261
DLBCL10566	0.0007117693442152848	0.18806201490335625	0.007004921097742549	5.0528617476282475e-05	0.8041707660372096
DLBCL10842	1.9312824544841373e-09	2.0857999926844223e-10	5.5263634684924105e-12	7.116567828809702e-10	0.9999999971429544
DLBCL_RICOVER_1293	1.7797209908328106e-12	6.7157151217830444e-15	3.2058849525601903e-22	1.744391998177801e-13	0.9999999999980391
DLBCL10916	1.079851269465038e-08	0.00014710564128062438	1.2544080480169439e-09	2.0313721065366032e-08	0.9998528619920776
DLBCL10883	6.990056348580626e-07	2.0236318284852343e-13	3.7070530081199657e-13	1.5910949277228733e-10	0.9999993008346826
DLBCL10451	0.4016869886930335	0.0014096044884628909	0.5969034016634032	4.873293106093493e-09	2.818073629418747e-10
DLBCL_RICOVER_829	0.9999724704852652	1.1626248549951188e-07	3.055122306956977e-09	5.382010269251099e-07	2.687199610010502e-05
DLBCL11677	0.9999998447832743	6.811523474816143e-08	3.385123352140353e-09	6.503144843130659e-08	1.8684919163021608e-08
DLBCL11478	0.8795428110675	5.024213780211944e-05	0.0008769046185760607	0.11953004208606464	9.005717822124447e-11
DLBCL10843	0.9999682331964092	2.4360382451690825e-09	9.12619898002595e-09	3.170460888358505e-05	5.0632470039083785e-08
DLBCL10968	0.9139688412752152	1.4562174701497966e-12	2.3271673342995556e-09	0.08602691919627786	4.237199883447778e-06
DLBCL10486	0.3023284886471252	0.1859599928700111	0.003149675877341787	0.0005979620386144975	0.5079638805669073
DLBCL_RICOVER_826	0.9988337205066355	3.255787894706047e-11	5.591001538821159e-09	0.0011660480520018174	2.2581780322405963e-07
DLBCL10897	0.9999832032410342	3.0842793954927644e-08	2.2043042846653904e-09	4.1789415743378694e-08	1.6721922451837346e-05
DLBCL10994	0.8054577744484914	0.02800333122066539	1.0643161622360938e-05	0.015150222993318072	0.15137802817590273
DLBCL11481	0.9878884087219041	1.8913788638468088e-05	0.008146934817290364	0.00394475539809384	9.872740731954058e-07
DLBCL_C_D_1129_NULLPAIR	0.998469676678636	2.00441237990447e-06	0.0004416497475230653	3.538974799767643e-05	0.001051279413463409
DLBCL11202	0.0019046899737356605	0.0022011890691396546	0.7885132130267566	0.2073809079153831	1.4984920230467007e-11
DLBCL11663	0.5843232656843124	0.04667832972934773	0.21783188135425338	0.1370440595659631	0.014122463666123389
DLBCL_LS951	0.4740527466299024	0.02729299432090397	2.4021065995094225e-05	0.49836907752245146	0.0002611604607469988
DLBCL11501	0.8727219454838323	0.09416322531045723	0.0010270888424668621	0.0025899943495467045	0.029497746013696913
DLBCL11470	0.8788953911814523	1.0574533762633736e-16	1.4378382136247445e-15	0.12110460881852539	2.0740803368243728e-14
DLBCL10542	0.9998662968591512	3.1463605671461866e-10	7.013473072274152e-15	1.866741426291445e-05	0.00011503541194283371
DLBCL_MC_F132_MLM	0.9999999999777162	3.7983518339411037e-14	2.654394982153079e-14	2.143992885700332e-11	7.793851135996911e-13
DLBCL10548	0.9970439845862041	0.0029490274875642033	1.2559228482060845e-09	6.0632987625672685e-06	9.233715462625877e-07
DLBCL10884	0.8471817223923431	3.793576446475213e-08	5.122111096575114e-11	0.1528181712649173	6.835575393558716e-08
DLBCL10996	1.0	0.0	0.0	0.0	0.0
DLBCL10458	0.9999999999997295	5.707951586481338e-17	2.6723737201706996e-13	1.1951346970781676e-15	1.9607425686766897e-15
DLBCL10947	0.00017238258751344076	0.9941615913447528	1.097971142769967e-07	4.2806705521807176e-10	0.005665915842552467
DLBCL10519	5.862778525496169e-12	0.9999997913133851	1.973336491275052e-07	1.1282131411476848e-08	6.49715601003854e-11
DLBCL10985	0.010652365727091096	0.8543288736177862	0.0004974713289701859	0.13451755994168357	3.7293844689656152e-06
DLBCL_RICOVER_335	1.5624717565830473e-12	0.9999999099798299	3.1313419134466487e-09	8.688682656072295e-08	4.3915003562907444e-13
DLBCL_C_D_1135_NULLPAIR	5.197621928986403e-12	0.9999999998270224	1.0677167474369177e-10	2.196219951415081e-14	6.098637334571637e-11
DLBCL11479	0.0021607404924609917	0.9418944616744565	0.0028121287849040295	3.367269331272187e-05	0.053098996354865785
DLBCL11449	0.0003253702679403951	0.7397112947098589	6.685760236878402e-05	9.408514114478392e-05	0.2598023922786872
DLBCL11446	0.04301795012359494	0.2988752725864654	0.29057002087799283	0.36687015361849235	0.0006666027934544975
DLBCL_RICOVER_288	2.00952980264678e-06	0.9999977405022128	2.370686421142917e-07	9.978435737985057e-09	2.9209067057563294e-09
DLBCL_RICOVER_174	6.266016896483866e-16	0.9999999996921576	3.078380765762937e-10	1.3281064410499654e-16	3.582234832780176e-15
DLBCL10846	0.008241349177428163	0.9915100214671502	6.369236395361833e-06	5.9898604288153575e-05	0.00018236151473819738
DLBCL11208	0.0018320234478589124	0.985192896813293	0.0018461455847369069	0.010566940231149933	0.000561993922961189
DLBCL10517	7.747751924740155e-07	0.9355145954541476	0.06418567686497245	0.0002577686180422773	4.118428764521088e-05
DLBCL_MC_F089_HCZ	1.6876028727607411e-12	0.9999996568661156	3.370311760906797e-07	2.4998040699912668e-09	3.6012166537708603e-09
DLBCL_RICOVER_678	8.915102942850198e-08	0.99936449142174	4.5184294643655475e-05	2.1155818927702455e-08	0.0005902139767679941
DLBCL_LS4054	0.005017186546973749	0.9907939142552306	0.0037782563638480023	0.00036268206105567947	4.79607728920622e-05
DLBCL10962	2.4070818278581533e-05	0.9941502643769485	8.039692259289503e-07	2.5529927052584675e-07	0.005824605536276462
DLBCL11466	0.038238501409456754	0.09374799994314069	0.0010586280326657738	0.8243784874556219	0.04257638315911485
DLBCL_RICOVER_583	2.0288051173501544e-07	0.8689691138996305	0.004270479827213367	3.600833188753728e-08	0.12676016738431248
DLBCL_LS1065	7.428821606114673e-06	0.9999295298619327	1.1165060994539237e-06	1.1953837214118153e-08	6.191285652448667e-05
DLBCL11507	2.2892386551194293e-09	0.9999993746756319	6.229069045244813e-07	1.2569359212097448e-10	2.5312925656638524e-12
DLBCL_RICOVER_1046	8.395505758457998e-12	0.5120832827419021	0.487916353956273	1.547882599465304e-10	3.6313864128237125e-07
DLBCL_LS146	1.6774016034354312e-11	0.9999999916616558	6.263265895374605e-09	1.06303211426e-12	2.05724129377878e-09
DLBCL_C_D_1117_NULLPAIR	0.016458500716597838	0.4216379270416788	7.80514047958251e-06	0.5618955463380852	2.2076315854227194e-07
DLBCL11591	2.86479672322294e-13	0.9986451422190086	0.0013548227492723563	1.6133039565735442e-12	3.502981929301293e-08
DLBCL_RICOVER_440	1.5799059365777718e-16	0.9996837458645358	0.0003162541330138105	2.2413035335830722e-15	2.44800318151554e-12
DLBCL_RICOVER_522	1.0078587507085486e-11	5.485951370957124e-09	0.9991073704743667	0.0008926240296033009	3.835867962797665e-17
DLBCL_RICOVER_216	0.06455590371938251	0.2947901307058122	0.26948477213344885	0.0034044101347773894	0.3677647833065791
DFCIDL009_DT	4.0411696791101853e-08	0.01681373437699203	0.9831862157422451	8.737729693515766e-09	7.313363933725432e-10
DLBCL10472	0.005802048299730493	2.3265259575944962e-05	0.935619606188964	0.0585550798069925	4.44737090340128e-10
DLBCL_MC_F362_MJB1	7.434667894598285e-09	0.01152232973342558	0.9869557408203409	1.3115464931104991e-09	0.0015219207000191162
DLBCL_MC_F064AB	5.115481459654388e-09	7.565153616612472e-07	0.9998199780771736	0.0001791798709378934	8.042104538777188e-08
DLBCL11651	4.574086602547635e-07	0.0017543190081269328	0.9982311190217071	3.5807243488691245e-06	1.052383715681693e-05
DLBCL_LS1304	6.638560012475924e-05	0.29415227294506135	0.426857775089176	0.00046064608933309804	0.2784629202763049
DLBCL11672	8.783373541345433e-07	0.0001097792400670199	0.9998677117380952	6.730079816491645e-06	1.4900604667166221e-05
DLBCL_C_D_1133_NULLPAIR	1.564186020913949e-07	0.04013265559808345	0.9598609177006301	2.6893977419299016e-08	6.243388706948481e-06
DLBCL10549	5.103626117756222e-08	0.2365694340303613	0.7634282506077079	2.1726305651433777e-06	9.169510441548109e-08
DLBCL10856	0.112870656107454	0.00015038795163119603	0.032205422901950845	0.007241716304080807	0.8475318167348831
DLBCL_RICOVER_866	1.3099120839746296e-15	1.732475834033329e-13	0.9516045954552526	0.04839540454457294	4.723818350176441e-23
DLBCL11569	3.137718965064625e-15	1.2549859289182594e-06	0.9999987449434363	7.060897038445971e-11	2.264961564868166e-14
DLBCL_RICOVER_258	0.898284448089578	0.00023763096985529033	0.027873253533907866	0.00023148071677779058	0.07337318668988112
DLBCL10522	2.5663799387825547e-06	3.002096036846342e-07	0.9999967448486515	3.878757391557646e-07	6.8606684616347e-10
DLBCL11685	3.2830852182397513e-12	1.15206889585337e-08	0.999999988467991	5.588315809222201e-12	2.4486548200196243e-12
DLBCL_C_D_1157_NULLPAIR	1.2130404256146816e-05	0.00018541550873330993	0.9998004950226651	1.9586576851487967e-06	4.066602922695056e-10
DLBCL10939	0.047026746864095234	8.713547934045592e-09	1.6000005238120969e-12	0.9529731286222294	1.1579852749692476e-07
DLBCL_C_D_1151_NULLPAIR	6.6766428987309896e-06	1.752319536787467e-11	1.9341977647738146e-10	0.9999933231461583	4.485757103457544e-21
DLBCL11460	3.6241712697319733e-07	3.0429256349129894e-11	1.865067961368947e-11	0.9999996312395152	6.294277905442832e-09
DLBCL_C_D_1153_NULLPAIR	0.00017436264733849524	0.0006033058221302834	1.7712084301496527e-06	0.1459781545336411	0.85324240578846
DLBCL10565	1.69491318612795e-05	0.1922853778200411	0.8033760179748524	0.004321230161779945	4.2491146529974567e-07
DLBCL11437	0.0008322127449103186	2.213206791920275e-12	1.6887822635751352e-14	0.9991656450594065	2.1421934530649576e-06
DLBCL11459	2.680326674282303e-06	1.1297943188070846e-10	7.772895891492123e-07	0.9999965419912595	2.794976011592404e-10
DLBCL11657	0.08165329119901103	0.003471158252363378	0.06718003202122744	0.8461062683402838	0.0015892501871143442
DLBCL_RICOVER_274	1.7409316778289943e-06	0.00898236254444018	6.063765180725233e-07	0.030847264349071396	0.9601680257982925
DLBCL10553	3.0518854055461906e-05	6.187332219638357e-08	0.16002367609285478	0.8399412057418627	4.537437904856573e-06
DLBCL11196	1.177385953956503e-09	7.157724750980387e-21	1.389056449199973e-12	0.9999999988211071	1.178617983249367e-13
DLBCL_LS3499	0.03335802890182467	0.01110042753932139	0.01819365692275711	0.9367021469749398	0.000645739661157047
DLBCL10868	2.7465104916131405e-05	1.3767322883656645e-13	8.85574543298023e-20	0.8185754831269182	0.181397051768028
DLBCL10552	0.0008759464801758101	2.902661846026285e-16	1.1569602373707892e-08	0.9991240419502215	8.99397350611199e-22
DLBCL10513	0.0017906813562714621	3.1558097089118792e-06	0.0008331763985199609	0.9973729532293768	3.320612287811593e-08
DLBCL_MC_F927_JHS	0.07962764088317284	0.34184223406306885	0.061607796880653425	0.030179043500222363	0.4867432846728825
DLBCL_RICOVER_1219	1.1984160063619138e-09	5.935990103609039e-08	1.5477424038033488e-13	4.817888940960443e-08	0.9999998912626388
DLBCL10860	1.2621471356607561e-11	1.3565895999987601e-08	1.6804887485458255e-11	2.7295494548902073e-10	0.9999999861317227
DLBCL11500	4.5281936588414117e-07	2.019127242561761e-09	4.675548699198125e-12	2.4039397231622783e-09	0.9999995427528916
DLBCL10908	0.06042233759527908	0.41007994177807805	0.23119481854373727	0.021332333379639225	0.2769705687032662
DLBCL10454	0.003171083702504997	0.9831971439792044	0.006665097202987883	3.8170340419476024e-05	0.006928504774883191
DLBCL11476	0.00035760601216497655	0.007793168224186931	9.438456691292145e-07	1.729726988156269e-07	0.9918481089452802
DLBCL_RICOVER_111	0.8926386936372326	0.016800868686617496	0.01189572414060463	0.01317700479284727	0.06548770874269806
DLBCL10881	0.8162088820874207	3.0945347878109636e-05	4.01150733249187e-06	0.09425647852427992	0.08949968253308883
DLBCL10485	8.661057808569156e-07	0.05177597881046813	4.614194037435953e-09	2.1881262646834083e-08	0.9482231285882943
DLBCL10964	8.630275226414053e-08	5.769698191362089e-07	2.594937801868809e-13	1.0675697153503917e-05	0.9999886610300156
DLBC_FF_A7CR_TP_NB	0.007998857690618174	5.497732796982482e-09	4.2048838975502635e-10	0.0007401526054245626	0.9912609837857361
DLBCL10900	6.558941788401436e-08	5.31093175546665e-21	3.114425087178889e-27	1.539053458194809e-10	0.9999999342566768
DLBCL_RICOVER_1204	1.1861583055759654e-05	5.7575140156382944e-06	1.2246481992804811e-06	0.2973561010684848	0.7026250551862445
DLBC_FF_8042_TP_NB	4.256355670663526e-09	0.8151771243141777	0.049891433777831305	6.431400635488804e-09	0.13493143122023477
DLBC_FF_A7CX_TP_NB	0.9631650633564626	0.0009694143889402632	0.02033301853686963	7.262513027706524e-06	0.01552524120469981
DLBCL10909	0.020976148960108028	0.0005170127046744637	8.735058310737392e-07	0.05074279611263804	0.9277631687167484
DLBCL10878	0.32184636594078364	0.00011020179964119841	1.1062193273857673e-07	1.1284893169505652e-06	0.6780421931483255
DLBCL_C_D_1140_NULLPAIR	0.012754856464817731	0.01691306960496318	0.001442603409083679	0.030270891747652764	0.9386185787734826
DLBCL11004	4.1454937050991965e-09	2.0751180179683353e-09	6.471487358243218e-14	4.615332902793085e-08	0.9999999476259945
DLBCL_RICOVER_173	2.201781113057459e-06	4.3400010742811243e-07	6.952182070455021e-11	6.567734961760532e-07	0.9999967073757615
DLBCL10977	3.1528867594953286e-06	2.320484869315048e-08	1.2787285944398953e-08	1.6736693222666998e-10	0.9999968109537389
DLBCL10521	2.7809207584743466e-10	0.0018957673838850934	1.0524817641004126e-13	1.4684991025117178e-14	0.9981042323379029
DLBCL_MC_F519_ALT	1.1304067238685126e-06	1.2579399870608758e-05	3.1154553383615027e-09	7.111334388043335e-10	0.9999862863668167
DLBCL10895	0.00044293947269199703	0.6297459615379452	0.0008443369166793943	1.772330854217538e-07	0.368966584839598
DLBCL_RICOVER_1192	1.8968094884588098e-10	6.070851009335059e-06	5.009829632207865e-14	1.62516364298541e-11	0.999993928943008
DLBCL11510	0.36605180535978693	0.1431334760443846	0.00021094442981019939	0.15042449612705697	0.3401792780389614
DLBCL10925	0.017580111707414164	0.0004651174108151482	6.15103859724454e-09	0.00043690957572785745	0.9815178551550042
DLBCL10877	0.7894639079809803	0.03343350473766428	0.1409577049730228	0.02339489502915497	0.012749987279177566
