	0	1	2	3	4
DLBCL11472	0.7143570948573764	0.004368066191379459	0.007192073554414741	0.1794956052648925	0.09458716013193688
DLBCL_MAYO_DLBCL_3653	0.037396083531711144	0.59102816705867	0.17762559529974525	0.006033951936856214	0.1879162021730174
DLBCL_C_D_1130_NULLPAIR	0.9894126098604715	9.124203034272886e-05	5.456590552715108e-05	0.010437599462999374	3.982740659229204e-06
DLBCL10993	0.9702971259107623	0.010531457220246775	0.0086223969666811	0.0036728767961154494	0.006876143106194324
DLBCL10935	0.7163894722149454	0.26640801569726513	0.010279982936952373	0.003341786153808004	0.0035807429970290687
DLBCL10869	0.005692882482078932	0.9099230128425055	0.05233005173513737	0.00015335811179652083	0.031900694828481624
DLBCL11486	0.9585976112501075	0.033357332109826075	0.0032883702094756236	0.000843574261508799	0.0039131121690821075
DLBCL11512	0.8533647750381033	6.286413411339136e-10	4.537510545994412e-10	0.14663522052119615	3.358308133078237e-09
DLBCL10896	0.8849641436636966	0.033815528324675596	0.012916649542523724	0.06615108591845849	0.002152592550645652
DLBCL10997	0.34856608379431175	0.0032938116564224683	0.015985942352710326	0.07077784129650422	0.5613763209000513
DLBCL11652	0.10063237598833677	0.6994342500443872	0.09045643014131668	0.0005351634360872331	0.10894178038987211
DLBCL10969	0.1995346854273613	0.5622771709291886	0.21236047963042887	0.001750036991051333	0.02407762702196982
DLBCL10971	0.0009348281693021542	0.9220838869027908	0.010044041370492768	0.00017308892823445467	0.06676415462917984
DLBCL_RICOVER_338	0.42164073424243	0.08266834755668918	0.054546478945907695	0.40625792385977916	0.034886515395193954
DLBCL_LS378	0.9780038472977748	0.02037799161729479	0.0014981199761898802	4.245018506979881e-05	7.759092367077956e-05
DLBCL10509	0.6092701034525753	0.38369483053428377	0.004488017600036016	0.0014453929915495141	0.0011016554215554305
DLBCL11477	0.9972080361264991	0.0016566740918297844	0.0006142056827234271	0.00024892310293033387	0.0002721609960173972
DLBCL11473	0.9089309438743927	0.05238585449100405	0.0004057026820884615	0.03823601111042824	4.148784208658397e-05
DLBCL11474	0.9726511842747961	3.0994533135240327e-06	2.7103425792631003e-05	0.027245799071591727	7.281377450595939e-05
DLBCL11480	0.14033048951653687	0.30122456955392407	0.08497537070644934	0.001903618043772523	0.4715659521793172
DLBCL10957	0.756890678412833	0.10441372108210843	0.06972822352148146	0.0591130169905805	0.009854359992996624
DLBCL10918	0.9890118041400575	0.00011510249270275319	0.00020851787569927137	0.0042964444869865335	0.006368131004553967
DLBCL_LS1757	0.9986436733821522	0.0005093215922377866	1.4093037335924038e-05	0.0008243067910423976	8.605197231669842e-06
DLBCL10495	0.9503050256227191	0.04807701501761298	0.0001594878536363131	5.7593879154134694e-05	0.001400877626877419
DLBCL11484	0.0005321595074342966	0.9690061192362129	0.008448010671245797	2.597341948463631e-05	0.02198773716562234
DLBCL_C_D_1136_NULLPAIR	0.0006666738995758235	0.9403609108517975	2.078071563175714e-06	2.4824243978134806e-05	0.0589455129330853
DLBCL_LS1668	0.00021844938058633356	0.004049173844827681	0.03840454317050866	0.955694072791576	0.001633760812501295
DLBCL10873	0.00884875187441369	1.6041822572101936e-05	2.1772006881785988e-05	0.9910444228941142	6.901140201825761e-05
DLBCL10885	0.16419274624805005	0.09309245668187358	0.0009218127084234619	0.001229615292273263	0.7405633690693796
DLBCL11673	0.0024537272960988925	0.9807235786195995	0.009378917811548107	0.0027483143504477086	0.0046954619223057836
DLBCL10903	2.792896442680421e-05	0.997621057364274	0.0016563820698658341	2.9595153756573515e-06	0.0006916720860576757
DLBCL11436	0.003972882565145227	0.9517215912483354	0.007178613923125208	0.0005510771050505777	0.03657583515834356
DLBCL_RICOVER_467	0.006571594227717106	0.2512592672863483	2.363511763582577e-06	0.0010180971080782954	0.7411486778660927
DLBCL11188	6.832287682206698e-06	0.9998600299535653	3.779260457631812e-05	4.706704056601823e-06	9.063845011957243e-05
DLBCL10849	0.002591294649633455	0.10018824814375792	2.5503665443564394e-05	5.168348213982921e-05	0.8971432700590253
DLBCL10834	0.00038388373416448253	0.9996145660904212	3.4325758589530625e-07	1.1631298335543604e-06	4.3787994862628464e-08
DLBCL_RICOVER_401	0.0007415025668139292	0.2568996929406335	0.7423028584730667	3.727292688284411e-05	1.8673092603073344e-05
DLBCL_RICOVER_1060	0.0026691996695566507	0.8187842686843538	0.017703921966539048	0.00011788134762770956	0.16072472833192278
DLBCL_LS2089	0.00011367327648705446	0.979348694291777	1.4172789586074638e-07	3.039520207805531e-06	0.020534451183632306
DLBCL_C_D_1118_NULLPAIR	0.6394002680385582	0.3312139800941296	0.00018080348869924315	0.02902361035028374	0.00018133802832918897
DLBCL11203	9.04818742166802e-05	0.9694449607565074	5.878107051573617e-06	0.030441174080132173	1.7505182092155677e-05
DLBCL10907	0.36127507640818296	0.0010608402280658114	1.0939331123109153e-05	0.6375363187663751	0.00011682526625307301
DLBCL10954	0.006129060918293066	0.8297334411320504	0.002710253081363042	0.001446046796109812	0.15998119807218364
DLBCL_RICOVER_533	0.0012015408582973044	0.9826019184500688	0.004144726271695269	0.01094492473390713	0.0011068896860315148
DLBCL10934	0.04509099099735232	0.6730673667122115	0.0005957452003035884	0.15982331795998764	0.12142257913014494
DLBCL_MC_F500_ECU	0.0008313294013275379	0.8772475738304413	0.008439167360457014	9.971500824298978e-05	0.11338221439953117
DLBCL10480	0.15407589484221626	0.8363022331691855	0.0061890292724654785	0.002107853354723526	0.001324989361409219
DLBCL11003	0.007576542472397615	0.2495726276389262	0.007208639104025413	0.0017110960765174329	0.7339310947081334
DLBCL_LS3204	0.02732989400781659	0.835505046204623	0.03251845050078099	0.09002935474017552	0.01461725454660397
DLBCL_LS1395	0.00014652957761625645	0.11602947015764092	0.8830312375864997	3.528252988813941e-05	0.0007574801483549418
DLBCL11669	0.01241560155804409	0.0013294615572159946	0.9567606617208309	0.02661408521029107	0.0028801899536179823
DLBCL11541	0.003056394117739292	0.5540823878602972	0.21110203090157773	0.000490316282905596	0.23126887083748018
DLBCL_C_D_1141_NULLPAIR	1.8216630180585852e-05	0.0015891351389649491	0.9983061043056021	1.5754709170871036e-05	7.07892160814888e-05
DLBCL11469	0.0010684662276748522	0.5533241441651414	0.40074658643144867	3.691711710734401e-05	0.04482388605862764
DLBCL11458	0.608121413215098	0.19572602362177816	0.18212000900797282	0.008814994250291149	0.005217559904859874
DLBCL10554	0.008205823259922073	0.0006199479856205094	0.9845603312851924	0.005933305247162383	0.0006805922221026799
DLBCL11670	8.768981768073534e-05	0.00031470334731252526	0.9985888673610629	0.00015725969450619174	0.0008514797794376832
DLBCL_LS2325	0.0011229063149241366	0.2359344392038751	0.762017400289746	0.00011253074448202556	0.000812723446972708
DLBCL10459	2.520882983004805e-06	0.00044257902450760197	0.9994937396461734	1.991902383735941e-05	4.1241422498694606e-05
DLBCL_LS4593	0.004216745966678849	0.1506387571922531	0.831983409272201	0.005793534876585379	0.007367552692281665
DLBCL_LS4616	3.553785724842142e-05	0.03483366878722929	0.9640687863357917	0.0008402539009068447	0.00022175311882374359
DLBCL11515	0.01891840326520483	0.33300333765664014	0.3870228593690613	0.002895766516245189	0.2581596331928485
DLBCL11525	0.0060975828532829615	0.038826485365913974	0.9519849561358561	0.0026751372464602487	0.0004158383984867636
DLBCL_RICOVER_320	0.0013172771799453893	0.9216745371772495	0.06473253223027223	0.00014935530165738456	0.012126298110875537
DLBCL11656	2.815408086283076e-05	0.00038698553725335954	0.9995206806378106	2.29100899083383e-05	4.126965416483792e-05
DLBCL11566	5.141919602540618e-05	0.06702017070323801	0.9327835375609732	0.00012242253040110575	2.2450009362310427e-05
DLBCL11439	0.5687267721942696	0.00035365629786886715	0.14513919144799847	0.2826614908791641	0.0031188891806989915
DLBCL11468	0.05631548051603101	0.07531535490458527	0.0558534944488402	0.7751081116000337	0.037407558530509845
DLBCL10564	0.002481918726027008	3.691865961119046e-06	0.0009715092559607413	0.9965020110571126	4.0869094938572145e-05
DLBCL_MC_F218_RAP	0.8920226139098503	0.0017643716726021927	0.007051715885495306	0.09907564667455701	8.565185749516842e-05
DLBCL10965	0.030120837739279514	4.2154272554466386e-05	0.0001006360884482575	0.9696158239834177	0.00012054791630003737
DLBCL10973	0.07384593830386377	0.157121640353837	0.7117635961711989	0.016858873973783297	0.040409951197317134
DLBCL_LS2590	0.006140789500216799	0.0035511719764181964	0.004853036304186507	0.8464030128961677	0.13905198932301086
DLBCL10527	0.003252968651580391	0.0023722095984676636	0.00048385550487194633	0.9779006312373879	0.01599033500769206
DLBCL10927	0.013778494387292308	9.48172297794718e-12	5.97310089802674e-08	0.9862214458099452	6.227179080853594e-11
DLBCL_C_D_1115_NULLPAIR	0.017608057423509876	0.9454538234897162	0.011968129788377245	0.015055309866690379	0.009914679431706333
DLBCL11471	0.04852132895136838	0.7205389362374638	0.10268201924755846	0.027297491506435855	0.10096022405717352
DLBCL_C_D_1109_NULLPAIR	0.029430117207199714	2.0767135637767314e-05	0.00017926822132462148	0.9688210447670427	0.0015488026687952572
DLBCL11467	0.0021982323855586298	0.9185871405052727	0.04027454701336468	0.0001317312560939375	0.038808348839710065
DLBCL_RICOVER_151	0.000148098931217476	0.0004391857833528157	1.551979658575381e-06	0.9993702832575287	4.088004824244065e-05
DLBCL10544	1.9662155097938665e-06	5.1807472835158134e-08	1.5352585891507077e-07	0.999996787727163	1.0407239954265397e-06
DLBCL11564	1.0052815067254715e-05	8.629500065851774e-05	5.9509106256514886e-06	0.999897168026477	5.332471715321805e-07
DLBCL10970	0.0018588537151659804	0.9802625541947899	0.011146353642004544	0.0017557875016796405	0.00497645094635993
DLBCL_RICOVER_701	0.17785703499454059	0.039823023804196535	0.004879870473455309	0.7726423311883264	0.004797739539481146
DLBCL10550	0.0031067683957829223	0.019475740202431847	0.0005044397088713311	0.0006535606774764303	0.9762594910154375
DLBCL10837	0.1627440424377874	0.0026759818371941244	0.042678643375967225	0.0892293971924596	0.7026719351565917
DLBCL10915	0.03657815816018627	0.1355744259010712	0.0028025719431733222	0.0006147687436022464	0.824430075251967
DLBCL10902	0.02693350496772826	0.012571809487551293	0.0006292134874905819	0.00028092980794566016	0.9595845422492842
DLBCL10880	0.0017440147067265082	0.0032170966858383293	3.182568925407875e-05	7.669199832254486e-07	0.9950062959981979
DLBCL_RICOVER_773	0.004630539547978938	0.044524009568135306	0.001590639192980698	0.00026871286700079613	0.9489860988239043
DLBCL_RICOVER_1289	0.0007564375875933095	2.817417134905028e-05	4.434422685331997e-05	0.0055906816628131005	0.9935803623513912
DLBCL10899	0.024106903015820778	0.00021667331624787963	8.818722072661975e-05	0.37203976993113613	0.6035484665160685
DLBCL10901	0.014625224016332773	0.013766726887742413	0.0005500359163206276	0.007451785827913159	0.963606227351691
DLBCL11195	0.0019081938881694586	0.2551772596290049	9.649632339088465e-05	0.005456926866022863	0.7373611232934119
DLBCL10864	7.218628311133967e-05	8.55154656046513e-07	5.294604946516654e-08	8.929426020469127e-07	0.999926012673581
DLBCL10980	0.0013354243969047005	0.35012465736216025	0.0018987734598541052	0.00012021915500533387	0.6465209256260757
DLBCL10889	0.000328920593841381	0.0008744287477159756	9.14891249349757e-05	0.00020055646027713627	0.9985046050732306
DFCIDL004_DT	0.5538835928813978	0.01832374838619186	0.05379047702017383	0.1540888602784605	0.21991332143377607
DLBCL10999	0.00028307706216300024	1.97467032841674e-05	0.00019430737284336543	0.6093067500734948	0.3901961187882147
DLBCL_RICOVER_1190	0.2094798195361966	0.5340674174788821	0.22647792226613053	0.0001892979561634108	0.029785542762627393
DLBCL10781	0.033689001201842254	0.00032855053585089647	0.0016231517172818138	0.1029900776167747	0.8613692189282504
DLBCL11495	0.08353358764309525	0.012406295001080595	0.0022928305095785877	0.06689959229808372	0.8348676945481619
DLBCL_RICOVER_417	0.0003372356898234961	7.913973818721835e-05	7.770004495291094e-06	0.00024905598183525343	0.9993267985856588
DLBCL_RICOVER_1032	0.00023417841951586877	0.0018065965547435967	3.058729432669892e-08	0.00013141167131274726	0.9978277827671335
DLBCL_LS3200	0.0006327101909798372	0.3118497956543769	6.115790214131374e-05	0.0001370169068097389	0.6873193193456921
DLBCL10530	0.0022987153138932094	2.815209678729506e-05	1.7693595523774226e-07	0.0019043389188510861	0.9957686167345132
DLBCL10862	0.0007304906456352702	0.0030858020739219245	4.216152636241963e-05	2.0519548645513127e-06	0.9961394937992158
DLBCL_RICOVER_1287	0.0011980152764438218	0.8557536160814337	0.0030833247706631	7.247113329879644e-05	0.13989257273816058
DLBCL10848	0.01789106904728818	6.430059127422231e-05	0.0032336443674308045	0.0023788460884393054	0.9764321399055675
DLBCL_RICOVER_850	0.0003940098652857887	0.0007580362337420931	4.898750537830736e-06	0.0003022902066137545	0.9985407649438205
DLBCL10457	0.0006818725843363491	0.6810324075637056	0.014793489151762507	0.00025415077348853356	0.303238079926707
DLBCL10961	0.008308454908310833	0.08116492403339888	4.068451013552091e-06	0.13677442211170812	0.7737481304955686
DLBCL10975	0.8715157002226884	1.039419659164873e-08	1.2912292554452047e-06	0.12845430070922081	2.8697444638662118e-05
DLBCL11537	0.9916930867709995	6.389835634387257e-06	9.802697424136695e-06	0.008266643157995832	2.407753794614486e-05
DLBCL_LS3809	0.9583151142513487	0.0007721153277308793	0.0003530043170027144	0.0018866642275669452	0.03867310187635068
DLBCL10462	0.9693467649818451	5.017097233663742e-06	0.0008465826551519585	0.029757478914114944	4.415635165433079e-05
DLBCL11662	0.9923538027909876	8.999210982249763e-05	0.0003328195851374711	0.007195608496669185	2.7777017383192225e-05
DLBCL10913	0.893102699287407	0.02904596498254632	0.0011179595588250322	0.07651469449536098	0.00021868167586059934
DLBCL11454	0.9872720952565166	0.0004600270267489122	1.7798262889584124e-06	0.012265777225834752	3.206646108149742e-07
DLBCL10450	0.5173180997256822	0.009227786662534597	0.009221650409856038	0.4426514091563977	0.021581054045529454
DLBCL10914	0.024723360872007865	0.8290816715381668	0.08647126601077545	0.0007530187940581507	0.058970682784991714
DLBCL10490	0.29348548290059484	0.0006962636157770173	0.00023945461569313808	0.6868411362732195	0.018737662594715467
DLBCL11429	0.7210266216815818	5.396642844307588e-06	3.5017832333594185e-05	0.27737250441841754	0.0015604594248227331
DLBCL11539	0.991457330677705	1.9895136654263085e-07	2.3815197905440268e-08	0.008542446391206784	1.64523768462117e-10
DLBCL10492	0.8406835848786072	0.031348190926689765	0.0002452283686273718	0.010066922664817722	0.11765607316125797
DLBCL10894	0.049643784652778945	0.9475745718037405	8.040317518458162e-06	0.0027728999477398663	7.032782222081272e-07
DLBCL10986	0.3550471646242859	0.1170845988223898	0.016556568900891206	0.000568159203661706	0.5107435084487713
DLBCL10950	0.9622913941302002	0.0051559942528692495	0.00042302917778253897	0.0318396728753856	0.00028990956376250996
DLBCL11191	0.9972064843702116	1.6500251819628288e-07	9.432898386034143e-06	0.0027828159512911714	1.1017775929140036e-06
DLBCL10959	0.7868864852169842	0.05278336442190576	0.018950790331749668	0.1400348748262793	0.0013444852030810531
DLBCL11434	0.8613085812907585	0.0002723305188786384	0.0003370780739425092	0.13807594807152254	6.062044897809525e-06
DLBCL10515	0.9964236015931811	0.00024715232188433694	0.00019114418113190234	0.0029631193406620456	0.00017498256314058444
DLBCL_RICOVER_945	0.8145142809730042	0.0008526130396691974	0.004027189379316651	0.14992456642818702	0.03068135017982296
DLBCL11482	0.7582711976998816	5.873379721887786e-07	0.0006893679596370221	0.24101696857739804	2.187842511113105e-05
DLBCL11496	0.8989234691735059	0.008347953891613129	0.07709452163322249	0.013842226762916427	0.0017918285387421252
DLBCL11565	0.0003694383018648171	0.8767239968945413	0.00044897725150449603	0.12021254450959248	0.0022450430424969447
DLBCL11679	0.9689870318038883	0.025386154577187653	2.186015844815036e-05	0.005601971729216524	2.981731259294788e-06
DLBCL10780	0.001916252821870624	0.09962843344296979	0.8804737416986199	0.017125864580413173	0.0008557074561265325
DLBCL10983	0.0015647701909661962	0.9942757879470424	7.519385304689897e-06	0.0010490707045580562	0.0031028517721286564
DLBCL10988	2.717864329831431e-05	0.9978614824309026	0.00020089421106824073	1.7333868099635285e-05	0.001893110846631295
DLBCL10981	0.031785616211213015	0.010742606940203209	0.00043774378301473615	0.9564153986321718	0.0006186344333972048
DLBCL_MC_F729_MAN	0.00011347596455051443	0.9980892785021503	0.0010209396971969191	1.1634681187935496e-05	0.0007646711549143065
DLBCL_RICOVER_299	4.4403260528353504e-05	0.13474934258292157	0.8647886515134099	0.0001067261416475578	0.0003108765014926332
DLBCL_C_D_1126_NULLPAIR	0.16469277165673443	0.7230901091621605	0.006484061619336553	0.0015429816750061269	0.10419007588676234
DLBCL11516	0.0889221536194248	0.20713776260858952	0.0024531023088758086	0.6289544323485579	0.072532549114552
DLBCL_LS3749	0.00011689326884600521	0.9990727370648034	0.00013290991564247486	0.0006608532717102408	1.6606478997905572e-05
DLBCL10503	0.002188892530959713	0.801582005623263	0.10575617131686181	6.316708115535345e-05	0.09040976344776012
DLBCL10487	0.7324331615671552	0.15256181197196916	0.0027039119268958338	0.11163251208897088	0.000668602445008867
DLBCL_LS2245	0.7453420762029731	0.13455960492933433	0.11345356310521272	0.006565506744998023	7.924901748182949e-05
DLBCL10906	0.004965059724943868	0.6357501341583143	0.0011143790208443922	9.06885805484974e-05	0.35807973851534897
DLBCL10989	0.00028290624971362795	0.9971386169889395	0.00042839338755277953	0.0002540394594379151	0.0018960439143562411
DLBCL11498	0.763267498948868	0.23140821323800218	6.757769174415539e-05	0.005208566853980627	4.8143267405012836e-05
DLBCL10850	0.009344582249813148	0.990586822947906	3.998762588604054e-06	5.200739408456531e-06	5.9395300283799436e-05
DLBCL_MC_F739_AMA3	0.00015562658753529138	0.7713701433421352	0.21887732061351414	0.009568199967607926	2.8709489207513535e-05
DLBCL10917	0.030767973748681426	0.9462741013770843	0.00023689773784138493	0.018242984360693406	0.004478042775699487
DLBCL10871	0.006542304442978831	0.9543746551924576	0.0018383903062836528	0.0008841067770738994	0.03636054328120608
DLBCL_LS3245	1.796370998263654e-05	0.892872474141744	0.10698850506928116	6.882895766577932e-05	5.222812132645228e-05
DLBCL10502	0.0038290408833805295	0.6948034372014316	0.285046071601616	0.014990587046725238	0.0013308632668466874
DLBCL10453	0.0014803737787271393	0.03307451396675597	0.00011351918162352841	1.9128166427539075e-05	0.9653124649064658
DLBCL_RICOVER_948	9.251734302622636e-05	0.9926129988791492	0.006905548207142731	3.7415422136213916e-06	0.00038519402846822875
DLBCL11518	0.5278245760104183	0.426788697733535	0.043079141513664806	0.00039387188223249676	0.0019137128601492777
DLBCL11428	4.298615359584405e-05	0.00026462661259871536	0.9996420975864861	4.552375912679528e-05	4.765888192464075e-06
DLBCL11590	0.052758454086868176	0.043879961826296165	0.817856029138225	0.03410044299252804	0.051405111956082626
DLBCL_RICOVER_408	0.005705601922301491	0.9158768950985847	0.0620830510717506	0.011204928612693656	0.005129523294669489
DLBCL11573	0.0009072263290455454	0.0022556586985065267	0.9672917435981486	0.029021781493993065	0.0005235898803062888
DLBCL_DFCI_DLBCL_GOE16	4.8912019507292195e-06	0.0006332810577544999	0.999352300014083	3.9417948368764816e-07	9.133546728001844e-06
DLBCL_LS2328	0.0008778622118062174	0.5813478226524246	0.4176035234040382	0.00013262555075754454	3.816618097349753e-05
DLBC_FF_8046_TP_NB	0.0012335158673616657	0.01908981692900932	0.9792735111844133	4.8844514088356075e-05	0.00035431150512730435
DLBCL_LS1098	3.689640523922576e-05	3.350894413665405e-05	0.9876502207051474	0.012275534190029537	3.8397554472113685e-06
DLBCL_MC_F815_BAT	0.05047739699341445	0.038431500173690444	0.16294022592491625	0.03176099791919139	0.7163898789887875
DLBCL11542	1.903837807686747e-05	0.01349313009454521	0.9814522603888238	0.005025609682595337	9.96145595873848e-06
DLBCL_LS762	0.002142623292381404	0.7360878868788536	0.146825789746396	0.00046328362871694915	0.11448041645365202
DLBCL11666	1.1446918629135627e-06	6.841646155458252e-05	0.9999294815026721	2.2469383377755736e-07	7.326500766175991e-07
DLBCL10498	0.0006169480075406366	1.6422627612026365e-05	0.9645502465332726	0.034815839372815106	5.434587596087145e-07
DLBCL_MAYO_DLBCL_234	0.3921329167079877	0.003520745294752231	0.5200909017875258	0.0785682331450242	0.005687203064709994
DLBCL_RICOVER_978	0.5412458350261141	6.892383752780361e-06	0.00532212529295764	0.45213563568526144	0.0012895116119141289
DLBCL_C_D_1112_NULLPAIR	0.004715099011739742	0.5952703885822918	0.35174405837556194	0.008032426923808069	0.04023802710659851
DLBCL11441	0.14143710474363386	0.4151106554563259	0.01795579288443689	0.010092333860563331	0.41540411305504005
DLBCL10879	0.002002538678987362	0.00031837135838446297	0.955739408343453	0.03405339798938358	0.007886283629791659
DLBCL10456	0.0017727950813124537	3.433162431386726e-06	0.00027005510565728967	0.9979438531973595	9.863453239374753e-06
DLBCL10547	0.00031313456486890584	1.490823680287079e-06	1.668911286220152e-06	0.9996835403730626	1.6532710194455278e-07
DLBCL10782	0.0013561928142863152	4.1722999499335086e-08	5.216469420696797e-13	0.9986437654621108	8.178972213709246e-14
DLBCL11536	0.00520481519061688	0.15330094923910312	0.002358872272546918	0.8374123064682302	0.001723056829502961
DLBCL_C_D_1103_NULLPAIR	0.01722154308704828	0.4422442743163729	0.005449898541824744	0.5321435229534581	0.0029407611012959405
DLBCL11433	0.09128441961966029	0.01072346429708982	0.09007916385553791	0.5315816662962013	0.2763312859315107
DLBCL11455	0.34274829249748007	0.0032617855367594773	0.017141152064069395	0.6315220043932604	0.005326765508430643
DLBCL_RICOVER_950	0.19625139268421335	0.36522421446444703	0.074207617341079	0.36167906060199556	0.0026377149082650996
DLBCL10539	0.03233006938316748	0.5614632057288559	0.00361244051877644	0.1664744264716877	0.23611985789751247
DLBCL11504	0.03272777595812474	0.8175871456396883	0.06388099450268711	0.007466093213016906	0.078337990686483
DLBCL_MC_F139_LJF	0.0017086152352202156	1.4705132604033288e-07	2.5227901308398644e-05	0.9982657661531765	2.436589688092272e-07
DLBCL_RICOVER_361	0.011342185068063117	0.0010610817772177782	0.0033359737401980633	0.9793567622465836	0.004903997167937369
DLBCL_BWH_DLBCL64	0.635066815438443	0.01741796294882158	0.00032835032189555105	0.3470768762343223	0.00010999505651754864
DLBCL10978	0.0016332711498266471	0.0009913669877827927	0.002691406231097245	0.9931102156205147	0.00157374001077864
DLBCL10974	0.07161197795054608	0.013007804114494934	0.038990341429525996	0.20776542200959128	0.6686244544958416
DLBCL10932	0.44667835815336626	0.0010004856889557021	0.00013656454467894755	0.547786898668563	0.0043976929444360805
DLBCL_C_D_1125_NULLPAIR	0.00025176095106853725	0.009002017695251729	1.69904992647563e-06	0.00037940541030306835	0.9903651168934502
DLBCL_RICOVER_1106	0.01754534635963571	0.000197836724279529	5.340437956388885e-07	0.07563642888980267	0.9066198539824865
DLBCL10471	0.003957236220862182	0.004408166894274861	2.7331549002742396e-05	3.4538186613499156e-05	0.9915727271492467
DLBCL10876	0.0002988234384260455	0.004556870548711754	9.452803390945768e-06	1.8404810513932817e-05	0.9951164483989573
DLBCL11450	0.00926782383969141	0.009309018221118699	0.0018569108028798004	0.3239890155486034	0.6555772315877066
DLBCL10857	0.013638680649014303	0.000960787903436417	1.631855469419054e-05	0.001854249299404153	0.9835299635934509
DLBCL10890	0.0043017286411986206	0.0007203602983435076	2.7225090947746487e-05	0.0006910378738558793	0.9942596480956543
DLBCL10532	0.021812358599017728	0.00023431059277759033	0.0017012820206089838	0.0711226352167294	0.9051294135708663
DLBCL_RICOVER_134	0.04435798758775537	0.013645664423366777	0.00013275962195871498	0.04506091159255729	0.8968026767743619
DLBCL10904	0.011649652750011194	0.034093675250693976	0.0016157813951804406	0.0273007002228395	0.9253401903812749
DLBCL10847	0.0007977222337458632	0.04395390095366602	4.20315625076549e-05	3.9461342752959916e-06	0.9552023991158052
DLBCL_RICOVER_314	0.0063780589124172804	0.8217131125466743	0.014532751450434898	0.023866401030007933	0.13350967606046552
DLBCL10924	0.0005291405860135377	7.78677026551853e-06	6.850149164586267e-08	0.0019529134292176728	0.9975100907130117
DLBCL_RICOVER_712	0.015199540763170065	0.1165620699670836	0.007183306834756115	0.004132300127918817	0.8569227823070714
DLBCL10853	0.05594677382224561	0.005890915615622858	0.00014594922420354858	0.005167585400957859	0.9328487759369701
DLBCL10887	0.0003018480320644822	0.00023825088996811794	0.0001000748911529583	9.040238076904943e-05	0.9992694238060454
DLBCL10854	0.0031997070738211146	0.00020517348952304678	1.994031282689312e-06	0.007524626991608161	0.989068498413765
DLBCL_RICOVER_1329	0.0011194454593481322	0.44271671438042054	0.000667068093249055	3.287367346651174e-05	0.5554638983935157
DLBCL_RICOVER_449	0.028574236468691835	0.0010291381811651235	0.0004960655286635898	0.0003518513531567717	0.9695487084683226
DLBCL10838	0.0012258870643047026	0.5756331912743701	2.2807782844456215e-05	0.00011806223690165604	0.42300005164157906
DLBCL11206	0.0027024172723892404	0.687579335807903	0.00628779542513129	9.53176397413215e-05	0.30333513385483524
DLBCL10984	0.0011975428712885725	0.020916985804387674	1.6323847678336777e-06	0.00018278581036474027	0.9777010531291912
DLBCL10836	0.0026644619615712856	2.185588983237688e-06	9.880374394324602e-05	0.011943795219752735	0.9852907534857495
DLBCL10566	0.0009561037152828308	0.8572745460993756	0.005257716916567991	2.9751492690485737e-05	0.13648188177608309
DLBCL10842	0.0016061299742279821	0.0005018150025979549	1.2039072882815024e-05	1.5296031591128792e-05	0.9978647199187001
DLBCL_RICOVER_1293	0.01249824274016867	1.3253108714728817e-06	8.162393425879763e-05	0.0010343199876909751	0.9863844880270101
DLBCL10916	0.0007446508123414257	0.032904955347433505	5.858914937277438e-05	2.027721473944296e-05	0.9662715274761129
DLBCL10883	0.03194071832475986	1.972613976586626e-05	0.0007351435158297668	0.0044542361862831715	0.9628501758333613
DLBCL10451	0.9825220089309266	0.005222583737483766	0.012067880563532349	0.00018696181841747035	5.649496398216784e-07
DLBCL_RICOVER_829	0.9655240000438338	2.606471796184136e-06	1.587258325663047e-05	0.03440297703608485	5.454386502856178e-05
DLBCL11677	0.996805617118568	0.00018802125426538283	0.0008897035967580255	0.0020736469145751454	4.3011115833462e-05
DLBCL11478	0.45052820987551967	0.4609724951673322	0.05628492764806138	0.03116644311612518	0.0010479241929614346
DLBCL10843	0.5811134467454215	3.106760374459656e-07	1.980578869796803e-05	0.4188189597535623	4.7477036280702915e-05
DLBCL10968	0.8785809887210966	2.026095846708902e-05	0.00015976014874088056	0.12111293501791975	0.00012605515377565643
DLBCL10486	0.03337897089984961	0.4190274103529002	0.02267570047998647	0.0014714046875797	0.523446513579684
DLBCL_RICOVER_826	0.6221865290563763	2.5013355988728927e-07	1.50168777343424e-05	0.3777812830259658	1.6920906363654964e-05
DLBCL10897	0.9933621793839553	0.0001523057329356342	0.0002928581390272518	0.005132441899324993	0.0010602148447567815
DLBCL10994	0.005919951542952974	0.9600035932829347	0.005681622340273161	0.0008623756122060832	0.027532457221633007
DLBCL11481	0.2868363738481085	0.3376953891838319	0.35804722182901083	0.005068724534584096	0.012352290604464515
DLBCL_C_D_1129_NULLPAIR	0.8913386045613039	0.0020884764674799455	0.09923963169423654	0.004274467781158035	0.0030588194958216185
DLBCL11202	0.15428621095175915	0.20634686599020138	0.5773623510408656	0.061734308156445775	0.0002702638607279646
DLBCL11663	0.003936871056873496	0.8949404892777345	0.06921432919392818	0.0002210942551934419	0.03168721621627039
DLBCL_LS951	0.7173673831897832	0.049301706967202326	0.005650725943739293	0.21510407506299567	0.012576108836279541
DLBCL11501	0.42950766142370367	0.4443022726234439	0.04816638570954168	0.002152735270294374	0.07587094497301623
DLBCL11470	0.6620950520628188	8.587661431284775e-09	1.5795932562723085e-08	0.33790453981083257	3.837427545476431e-07
DLBCL10542	0.9959882343619946	0.0001152878411891151	0.0001579861557617927	0.0004826739405445206	0.003255817700510001
DLBCL_MC_F132_MLM	0.999569377225095	8.057054152841812e-06	1.019422190864065e-05	0.00021678959833530857	0.0001955819005082451
DLBCL10548	0.9122300180862903	0.06059137901092947	1.4908897696548227e-05	0.0269829752036791	0.00018071880140449844
DLBCL10884	0.9963996233425053	0.001587329905547745	1.136850131581724e-05	0.0019009631277817232	0.00010071512284942445
DLBCL10996	0.9997756972966894	1.513733297667211e-07	1.588061072388761e-06	0.00022255426709058218	9.00181784915488e-09
DLBCL10458	0.9999815731864635	6.8134651762363035e-09	5.859723248219114e-10	1.8419201644182344e-05	2.1245480698254813e-10
DLBCL10947	0.08057548957239727	0.9083797973108607	0.0005906025108746133	6.135973082265723e-05	0.010392750875044734
DLBCL10519	0.00022314923987958298	0.9944392203727213	0.0011140543373295336	0.004101053460532026	0.00012252258953765184
DLBCL10985	0.07510237037215013	0.21298810513756392	0.0002967673989028928	0.7074567183140766	0.004156038777306353
DLBCL_RICOVER_335	0.000250687447172019	0.869435887822805	2.942702206873901e-05	0.13026787306830404	1.6124639650199114e-05
DLBCL_C_D_1135_NULLPAIR	0.005691273002364637	0.9936636754782896	4.9691025395448943e-05	0.0005940074697930166	1.3530241573206452e-06
DLBCL11479	0.00040313976159917365	0.9699494800355437	0.011469534220727782	4.3872509257575565e-05	0.018133973472871733
DLBCL11449	0.03833184271658867	0.4667217248672705	0.00412970100089866	0.005548786909797264	0.485267944505445
DLBCL11446	0.009416294266823486	0.8765368641708018	0.09176627228213496	0.008654527301735215	0.01362604197850456
DLBCL_RICOVER_288	0.0017272646096542154	0.99494972179678	0.000135728629605665	0.002969964727348514	0.00021732023661163733
DLBCL_RICOVER_174	1.8205587014762942e-05	0.9999710642941465	3.316838937072914e-06	4.647078630023335e-06	2.7662012716713087e-06
DLBCL10846	0.06892512186040296	0.9008513310321784	0.011876248426935878	0.006469574481459701	0.011877724199023058
DLBCL11208	0.0008308370947420808	0.9638682605968414	0.01882517891482119	0.00010249382854567084	0.016373229565049698
DLBCL10517	0.0005115704846932384	0.8310157213589066	0.1586920669553283	0.002886535412271258	0.006894105788800663
DLBCL_MC_F089_HCZ	1.731882693901235e-05	0.9982736208586693	0.0008020966415510413	0.0008807990857290429	2.6164587111531465e-05
DLBCL_RICOVER_678	0.002399991224597356	0.9431735036590021	0.0006284883290719667	0.0005773404139254808	0.05322067637340306
DLBCL_LS4054	0.0008036597347075396	0.9742548890883643	0.011118858015236516	6.53681376482052e-05	0.013757225024043354
DLBCL10962	0.009554779463405008	0.7129073123129951	0.004614915618179651	0.00014295226439001017	0.27278004034103026
DLBCL11466	0.0005925592407125069	0.9810857914504685	0.009549767794019394	0.00018971263188917835	0.008582168882910425
DLBCL_RICOVER_583	0.002993652191216394	0.49485649081755606	0.06541314951270345	0.0008646568418749206	0.43587205063664936
DLBCL_LS1065	0.023337303917621476	0.9393321130603898	0.003388017599937438	0.010637267215418291	0.023305298206633053
DLBCL11507	0.49870892912898757	0.03299034682742153	0.0035429065304495183	0.46475603089033085	1.786622810514788e-06
DLBCL_RICOVER_1046	9.54092714856328e-05	0.1703614915589009	0.8270985495599923	7.373780799910954e-05	0.002370811801622035
DLBCL_LS146	0.00021389355614300407	0.9991870773250665	3.843000619116851e-06	0.0005323813857485306	6.280473242283734e-05
DLBCL_C_D_1117_NULLPAIR	0.004485483187214164	0.6879246135365067	0.0006715379147707674	0.3065383107203922	0.0003800546411161359
DLBCL11591	8.239406213783506e-05	0.7347199193241474	0.2642636410111402	9.623896321155353e-06	0.0009244217062534489
DLBCL_RICOVER_440	3.210170256778048e-05	0.10323310695900131	0.8962213042693497	0.0002797860722978262	0.0002337009967834572
DLBCL_RICOVER_522	0.018762969892051184	0.0008032379851971235	0.4132316201478978	0.5671090526094611	9.311936539269754e-05
DLBCL_RICOVER_216	0.002253507909174218	0.8822220945676941	0.02488640381421858	6.69346072966488e-05	0.09057105910161652
DFCIDL009_DT	0.0006123801170475928	0.06455240578927667	0.9318690861143415	0.000371963139209676	0.0025941648401246234
DLBCL10472	0.06183361295339403	0.0011865493296891302	0.8862267026859061	0.05028059365363414	0.00047254137737656586
DLBCL_MC_F362_MJB1	0.0011464544886305274	0.06600285743127693	0.8446139022356227	0.00013837192494859732	0.08809841391952117
DLBCL_MC_F064AB	0.00042891239885017255	2.0733771542158812e-05	0.9944614973307451	0.005072314145799477	1.654235306314726e-05
DLBCL11651	0.0008182764576330589	0.043243573558769316	0.9511706105263562	5.825930809490383e-05	0.004709280149146538
DLBCL_LS1304	0.0010603039971236114	0.06306953835203803	0.9326588167031467	4.809112002960992e-05	0.0031632498276621544
DLBCL11672	0.0464798912745288	0.057981603625811215	0.7785768327400124	0.05980332219429648	0.0571583501653511
DLBCL_C_D_1133_NULLPAIR	0.001229580621423915	0.10467450827026697	0.8846812947954047	0.0001275198644252869	0.00928709644847911
DLBCL10549	0.014557362120279962	0.1499783595194815	0.8227595469482186	0.011992903654648172	0.0007118277573717173
DLBCL10856	0.25119488581851823	0.023642500868725998	0.18622597206884098	0.2304426143600403	0.30849402688387445
DLBCL_RICOVER_866	0.0	0.0	0.0	1.0	0.0
DLBCL11569	8.615111722686055e-05	0.001683167861639503	0.9981925131782127	2.632388200950511e-05	1.1843960911450707e-05
DLBCL_RICOVER_258	0.2035162180875251	0.040865350385972436	0.06522984959485467	0.0015503556892975919	0.6888382262423502
DLBCL10522	0.0011790073428229867	0.06131437921646247	0.935745915169545	0.00014206630555599762	0.0016186319656135931
DLBCL11685	6.4172189107178845e-06	0.00027757313282024	0.9996984021416253	2.7247518310727847e-06	1.4882754812611476e-05
DLBCL_C_D_1157_NULLPAIR	0.2077586749705977	0.0016721505531672631	0.7876341104304604	0.0029327144668248348	2.349578949877522e-06
DLBCL10939	0.12180121610387724	0.0005677742668910904	0.0008524722396455858	0.8741770006921241	0.0026015366974620315
DLBCL_C_D_1151_NULLPAIR	0.010145168204489012	2.2102402890365197e-05	3.773958971697221e-06	0.9898288591797372	9.625391178377264e-08
DLBCL11460	0.5059052525557887	0.029549579758953705	0.0009993700820469602	0.4632532985354282	0.00029249906778259783
DLBCL_C_D_1153_NULLPAIR	0.01536557927991135	0.0038299303615341386	7.910850642148679e-05	0.4834940849224587	0.49723129692967427
DLBCL10565	0.15973405752026779	0.0037139308124818065	0.06926646945744099	0.6886477418916588	0.07863780031815067
DLBCL11437	0.3497802758815188	0.01772616964844589	0.0006125244464099104	0.6308088144496595	0.001072215573965879
DLBCL11459	0.042766600433570695	0.014140075244117515	0.0004305253287555934	0.9392391547872124	0.0034236442063438075
DLBCL11657	0.0704178721121774	0.004968622335751001	0.04143842793003123	0.8625501869732547	0.02062489064878563
DLBCL_RICOVER_274	0.012031346065325315	0.009900241293175125	8.350179237322278e-05	0.8372770151016535	0.14070789574747272
DLBCL10553	0.00011170545123205471	3.951091753391521e-05	0.00020881805745522666	0.9996303475763962	9.617997382573674e-06
DLBCL11196	0.009655438100805932	1.3350452894817932e-05	0.00012214290404253023	0.9900709209915403	0.0001381475507164777
DLBCL_LS3499	0.031399319344928844	0.8105631937214399	0.0522133338320138	0.09679026973766353	0.009033883363953903
DLBCL10868	3.592271556375315e-05	4.1687254546691445e-08	3.7171708998459403e-09	0.9999273869723805	3.6644907630341724e-05
DLBCL10552	0.0018599373223543792	1.1023199077306756e-07	1.6162085798844647e-07	0.9981397893058307	1.5189661131536892e-09
DLBCL10513	0.2075789953670791	0.02310781782419328	0.005261472039630606	0.7526567121382228	0.011395002630874179
DLBCL_MC_F927_JHS	0.001112364876659017	0.9307341515489855	0.02767109354187271	5.411054472570774e-05	0.04042827948775703
DLBCL_RICOVER_1219	0.0010286483831966624	0.0011263822338358216	4.241042673173082e-06	0.0007421482768688408	0.9970985800634256
DLBCL10860	0.0008885201496004232	0.0021187355637015378	6.575790856174351e-05	0.0017527373096273603	0.9951742490685089
DLBCL11500	0.0036991784548554697	0.0012603248045831347	0.0010936383510233238	0.002774173990340328	0.9911726843991977
DLBCL10908	0.0024856291758430715	0.838238370511279	0.1226445601532508	5.4799722092882086e-05	0.03657664043753421
DLBCL10454	0.029269300050539227	0.6664238063852588	0.010519648913154234	0.0007776158870599399	0.2930096287639878
DLBCL11476	0.003554473276766615	0.33926544983752704	0.0012940486257577947	3.32405176464188e-05	0.6558527877423022
DLBCL_RICOVER_111	0.04830432837948692	0.40377367030431294	0.0650269531601594	0.00024725991640113905	0.48264778823963955
DLBCL10881	0.22573140155537333	0.021416309255440705	0.012546439497368533	0.040814997149728346	0.6994908525420891
DLBCL10485	0.0033872153943376327	0.5465092279115846	0.00032292740990130797	0.00020420385199426414	0.44957642543218224
DLBCL10964	0.027373952276061313	0.00023869675206289971	2.8035943641842627e-06	0.3193718550228737	0.6530126923546379
DLBC_FF_A7CR_TP_NB	0.03295743910803935	0.00015968691727063082	0.13034109953535444	0.21843764032052598	0.6181041341188096
DLBCL10900	0.46561886014148	8.538149436475284e-11	3.337239104088226e-08	0.39800028879497806	0.13638081760576937
DLBCL_RICOVER_1204	0.02056433771032271	0.00023580617120642458	0.0005116324038933907	0.5642252373843519	0.41446298633022555
DLBC_FF_8042_TP_NB	0.002957374116346845	0.06521314634474647	0.5242886485229409	0.003152984941722102	0.4043878460742437
DLBC_FF_A7CX_TP_NB	0.2152796525822131	0.07840448549431514	0.009117200549018486	0.0003310941187283074	0.696867567255725
DLBCL10909	0.037238466228025485	0.47743589466438774	0.03877033350397108	0.08344586711995451	0.36310943848366134
DLBCL10878	0.016214304881305378	0.016537288585593335	0.0007699041971377595	0.0006438319524900151	0.9658346703834735
DLBCL_C_D_1140_NULLPAIR	0.00324048945654014	0.8325721992379392	0.03770521882346345	0.0002199704160148618	0.12626212206604234
DLBCL11004	0.0002715781534354112	2.7140784902773776e-05	8.821474161292113e-06	0.1209854138816453	0.8787070457058552
DLBCL_RICOVER_173	0.008612805257087644	0.009229111734762699	0.002050132504721622	0.0020401098294625573	0.9780678406739655
DLBCL10977	0.007584070039786227	0.04464693659083366	0.00478177372524822	0.00037191950415287083	0.942615300139979
DLBCL10521	0.002102751351718868	0.2766801123443017	3.173160878371688e-06	5.785132057671753e-05	0.7211561118225244
DLBCL_MC_F519_ALT	0.0057970579151822195	0.016910971269640498	5.645180581275553e-05	2.539454608995686e-05	0.9772101244632746
DLBCL10895	0.011959740073456366	0.4751053875863763	0.007578660216266165	0.00014691926624478026	0.5052092928576563
DLBCL_RICOVER_1192	0.0004994948767029928	0.004861333056822765	1.798501021071739e-05	4.393421084471993e-05	0.9945772528454188
DLBCL11510	0.010280918751255483	0.9136729834206341	0.022920062505485065	0.0004633060995133367	0.052662729223112034
DLBCL10925	0.1052136954033897	0.08548928906431402	8.552725990405673e-05	0.040691023876427285	0.768520464395965
DLBCL10877	0.03536387437255987	0.7586515388740321	0.14619348082877293	0.0014134506725897663	0.058377655252045316
DLBCL11488	0.9170794683616229	0.000307651395141227	0.003290223533705669	0.016869990235932015	0.06245266647359817
DLBCL10928	0.9960479908656273	0.001152091935479136	2.467563983348323e-05	0.0027706997870142083	4.54177204579586e-06
DLBCL10931	0.9730552312842935	4.24056404280632e-05	1.9486445016527266e-05	0.026873986976605382	8.889653656536647e-06
DLBCL10912	0.9985398063736862	2.177999659558166e-05	4.740228184544912e-05	0.001351206707014535	3.980464085818123e-05
DLBCL11519	0.07354229109513512	7.568730436350683e-05	2.7302122762357684e-06	0.92637744538385	1.8460043751449151e-06
DLBCL11457	0.761679200317977	1.502129267143815e-05	0.0006656787001558016	0.23747474195052998	0.00016535773866584126
DLBCL11659	0.28305227297676155	0.022272384030393534	0.4219916991266736	0.27100244493265424	0.0016811989335170172
