	0	1	2	3	4
DLBCL11539	0.9998207137903712	9.189448222385963e-19	3.3353815968871736e-09	0.0001792828742472177	1.1330296442248274e-20
DLBCL_C_D_1148_NULLPAIR	0.04107182190242053	8.824197828005673e-11	3.585106648271286e-06	0.9589245929022903	3.9895810737221663e-13
DLBCL10912	0.9999933049707755	1.2754170089595576e-09	2.1640056880331944e-12	6.693411745219226e-06	3.3989822333844053e-10
DLBCL_RICOVER_829	0.9999942500707808	2.2151876007919109e-07	2.456660212346247e-10	2.956647382532256e-07	5.232500054847287e-06
DLBCL11652	0.9632239334514459	0.03660775073848764	3.139246730496382e-05	0.00012169412096889646	1.5229221792638364e-05
DLBCL10986	0.6530368243786209	0.08274881534564375	0.01380640281305329	0.0005315496433454958	0.24987640781933654
DLBCL_C_D_1129_NULLPAIR	0.9993183436414019	1.2363050682491409e-06	0.00016540888503187336	1.4449731560848876e-05	0.000500561436937101
DLBCL10950	0.995514608542625	9.893287309072132e-05	5.106017056342893e-09	0.0031457316300737112	0.001240721848193555
DLBCL11662	0.9968162429896947	8.038119014338609e-07	1.3189528073895455e-07	0.00019297468913000312	0.002989846613993099
DLBCL11481	0.9868098451546096	1.2069103601800249e-05	0.007120666444191892	0.006054398795980548	3.020501616229565e-06
DLBCL11429	0.9687152218833607	6.200329304765402e-11	1.7358832375202047e-06	0.031240351998070372	4.269017332812041e-05
DLBCL10945	0.9999969466296131	7.364175188730667e-12	4.76006898282905e-16	1.2108568963045065e-06	1.842506125907237e-06
DLBCL_LS951	0.3646620994543786	0.023201681912417737	0.0001553533169695996	0.6118522942530394	0.00012857106319459966
DLBCL_MAYO_DLBCL_3653	0.8447821119246456	0.015414123271778641	0.04515624646770244	0.09277218371595766	0.0018753346199156808
DLBCL11537	0.9999999837759715	1.6588881562761443e-18	1.0253084610822064e-18	1.6124520786246888e-08	9.950766509500082e-11
DLBCL_C_D_1114_NULLPAIR	0.9999999999928582	2.1878803360606738e-12	2.0913228529475883e-15	4.4837489340538686e-12	4.681220798412372e-13
DLBCL11461	0.9999996924056298	2.875109729321282e-12	5.846371122195549e-10	3.0700681411194285e-07	4.3863004428554004e-14
DLBCL10997	0.9999999455863974	1.836754018133865e-08	3.21719677703223e-08	1.1238719746333625e-09	2.7502226974099334e-09
DLBCL_C_D_1130_NULLPAIR	0.9999999278134731	1.697760026582736e-11	7.73063402026776e-15	7.209295042152097e-08	7.659111471449394e-11
DLBCL10515	0.9999983478324231	1.1818970372879419e-06	3.3383728743561425e-09	1.0974995533173227e-07	3.571822113659054e-07
DLBCL10914	0.9003993756743801	0.0001416833738944965	0.09908988933214766	0.00022886981354169436	0.00014018180603609656
DLBCL11462	0.9990363985574894	6.472076913164961e-09	8.798571565412602e-06	2.8754855360096803e-09	0.0009547935233827609
DLBCL11520	0.9999970155742246	1.0057702420961751e-15	2.4677316571671748e-18	3.548916583036815e-11	2.9843902852245315e-06
DLBCL11203	3.845759363534813e-14	0.9999999981093459	5.940572091682768e-12	6.243469079134387e-11	1.8222403572641486e-09
DLBCL_LS3749	5.643969898349901e-13	0.9999999877382756	1.1723287423891348e-08	4.838563378348029e-10	5.40162548821236e-11
DLBCL10874	0.001886244968569589	0.549826189326279	0.11615293399856041	0.06668513549741201	0.26544949620917907
DLBCL_BWH_DLBCL64	0.007143812014172935	0.34655860070967315	0.00040109555506489636	0.6458964910527631	6.683258456758622e-10
DLBCL_LS1921	2.381157727992733e-10	0.9970251606565436	0.0009255883666444818	0.0020492507362191814	2.4770090280016914e-12
DLBCL_C_D_1108_NULLPAIR	2.042977084610036e-13	0.9995792936214644	9.21927042181462e-09	1.2362027958194905e-16	0.00042069715906079827
DLBCL11661	9.93922565407117e-09	0.9964150352643736	0.0035824998020688122	2.4541912171975767e-06	8.031147632757141e-10
DLBCL_C_D_1136_NULLPAIR	5.175656272642824e-14	0.9999999899460056	3.6920430619166437e-13	3.5815745481747426e-12	1.0049991879365543e-08
DLBCL11507	5.971022862645556e-10	0.999999852705424	1.4667716253829443e-07	2.005068528163261e-11	2.6047077638175563e-13
DLBCL10494	1.4570721386426316e-08	0.8310248065433571	0.16896831187093284	6.626232558700447e-06	2.4078243001341154e-07
DLBCL_RICOVER_1046	6.727492573754032e-12	0.4969165621812426	0.5030830062162643	2.586905983273788e-10	4.3133707501687763e-07
DLBCL10510	1.1733725878109657e-06	0.9989585863099716	1.7386823337387653e-09	1.08333115408704e-06	0.0010391552476041854
DLBCL_LS1065	1.5419206401116346e-06	0.9999816336141656	9.619845931766837e-08	2.7267996564740432e-09	1.672553993532613e-05
DLBCL_RICOVER_787	0.12277449755236068	0.6842245956697831	0.0030939075570108943	0.18990312144533086	3.877775514456388e-06
DLBCL_RICOVER_478	0.0006600907034068579	0.9979038534234992	1.1947481996764081e-05	1.7572452970971617e-09	0.001424106633851899
DLBCL10983	2.883707443469829e-08	0.998924893413478	1.6674972210392493e-10	1.0770143660985409e-08	0.0010750668125541754
DLBCL11479	0.0012063911389924948	0.9750317039557223	0.002084361399198918	3.894575248958094e-05	0.021638597753596712
DLBCL_MC_F500_ECU	3.5856530635552656e-06	0.9942942483199524	0.00027730273011875625	4.357139158272763e-07	0.005424427582949487
DLBCL10846	0.007516105055643896	0.9920077629926032	2.55333260637036e-06	0.0001196816711486681	0.0003538969479979057
DLBCL10911	9.872457147019774e-07	0.999997114011182	1.3692520908445192e-06	7.371238252169355e-10	5.287538886637731e-07
DLBCL10981	1.3841109379842154e-05	0.9998384831423172	1.2053041860918585e-05	4.4519263164341656e-05	9.110344327773993e-05
DLBCL_MC_F729_MAN	3.6743990145961683e-09	0.999985570086439	1.1245189539939948e-05	1.5523854566738144e-09	3.17949723663144e-06
DLBCL10894	0.03802895847377321	0.9615495214189455	8.496187498011377e-07	0.00041195201252039253	8.718476011139295e-06
DLBCL11565	3.984144793255151e-14	0.9999999895194531	6.772673299899529e-09	2.2065034347903845e-09	1.501330298664784e-09
DLBCL10461	2.7992712803430926e-15	0.999990344029166	5.0727199048546275e-11	1.2732513622806332e-14	9.655920091290782e-06
DLBCL_MC_F089_HCZ	3.454156767573527e-13	0.9999997053341644	2.8066650887463195e-07	1.1085032882508115e-08	2.913948447839475e-09
DLBCL_RICOVER_440	1.5231732060151859e-16	0.9993696541281252	0.0006303458666546188	1.5715703488784274e-14	5.204341605420015e-12
DLBCL_DFCI_DLBCL_GOE16	7.248938990172904e-12	6.429983539003784e-09	0.9999999921896008	1.3506631830737044e-09	2.2503555200499795e-11
DLBCL11558	1.1363661692336086e-12	1.1924824124724911e-07	0.9999998718121251	8.937492495612994e-09	1.004761424701223e-12
DLBCL10555	1.1048046349979685e-09	1.2730140653853942e-07	0.9999998526387156	1.8955064378437364e-08	8.845210622574178e-15
DLBCL_LS1395	5.476553485860153e-07	0.019058086353992244	0.9809392587214963	3.250731940475774e-09	2.104018430938667e-06
DLBC_FF_8046_TP_NB	4.483342364992267e-06	0.00021050530467772843	0.999774213534416	3.6994122012081344e-06	7.098406340093177e-06
DLBCL11680	1.4604701917727987e-10	3.7880259836329715e-09	0.9999999960540804	1.1846541486181824e-11	4.6778729977447816e-17
DLBCL11685	7.647123963659167e-13	7.784517027260993e-09	0.9999999922044835	6.090432684169081e-12	4.144282236927399e-12
DLBCL_LS1304	6.774880494337072e-05	0.33258964469233804	0.3921746598226899	0.0008261695967773986	0.27434177708325125
DLBCL_LS297	1.7864945197650245e-13	7.837002960308486e-09	0.9999999920335296	1.292883468020149e-10	4.157045981773914e-16
DLBCL_MC_F815_BAT	3.7415805865482196e-11	0.00015986357480458308	0.9998401235786711	1.2328567599798463e-08	4.805408756436683e-10
DLBCL_LS2325	3.090314747197253e-12	0.38680114840642776	0.6131988513999391	1.2760552538312237e-11	1.777821637929445e-10
DLBCL10466	8.252403609709307e-14	1.58807816329712e-05	0.9999828435528868	1.2756645473223265e-06	8.503804535688655e-13
DLBCL11672	3.124495047051925e-07	2.6568676362466082e-05	0.999950771081829	1.954241320988682e-05	2.8053790939935054e-06
DLBCL_MC_F606_DMJ	2.912447148514515e-10	0.07797867859100194	0.9220212323488035	2.060140966250754e-09	8.67088088863059e-08
DLBCL11428	1.9174099411522386e-13	5.5672201909685635e-09	0.9999999944285246	4.046205674146425e-12	1.7254515271368852e-14
DLBCL10879	9.867924160648816e-06	0.020104459403593067	0.9798504886507075	4.826021937748376e-06	3.035799960102487e-05
DLBCL10536	4.230285171799026e-06	0.006564714326642779	0.9931386340419633	0.0002900464570858063	2.374889136293592e-06
DLBCL11534	0.14227248404816564	0.014893078095988253	0.29801359898447316	0.5348875083298387	0.009933330541534169
DLBCL10491	2.1356641304883915e-09	0.010778241046278515	1.9859330689661876e-05	0.9892018974873625	5.18694623063044e-15
DLBCL10513	0.0032121310192777227	4.387093325230179e-06	0.000988781244121353	0.9957946704890291	3.015424656131347e-08
DLBCL10868	0.00024608803062059676	9.53422446526155e-13	4.743121015876116e-19	0.7857328042992336	0.21402110766919236
DLBCL10858	5.825031657164271e-05	9.67285935016501e-19	3.914717452959265e-15	0.9578274803924435	0.04211426929098097
DLBCL10547	6.238108244820568e-08	2.364819017158337e-12	8.819868001871632e-08	0.9999998494168434	1.0293247120618415e-12
DLBCL10544	2.099215592538429e-10	1.6285909376025293e-17	1.1606005768997308e-12	0.9999999915244185	8.264499282772196e-09
DLBCL11491	0.00037809392721019813	7.721707935767189e-05	0.0002201339540232989	0.3423907531297996	0.6569338019096091
DLBCL11564	2.2035683484476334e-09	1.28113456824304e-10	1.05631126455255e-14	0.9999999976671909	1.1166886527895915e-12
DLBCL11459	6.382955181970491e-08	5.53651188668764e-12	1.630991160805768e-07	0.9999997730018539	6.394164569851152e-11
DLBCL_RICOVER_1045	0.9620475159588546	0.003144573157589373	0.030808859948086756	0.0005007890321428797	0.0034982619033263585
DLBCL10456	2.361685466791734e-09	2.3424115128699413e-14	1.1956348130944954e-08	0.9999999856786975	3.245455397498437e-12
DLBCL_RICOVER_985	2.680042756391384e-08	5.43046984699194e-09	3.6747528204936808e-06	0.999996293016184	9.811628295647973e-14
DLBCL_RICOVER_950	4.424385967898852e-06	1.3487408657513316e-11	1.128642754273614e-05	0.9999842891729905	1.14194172178865e-14
DLBCL_C_D_1159_NULLPAIR	0.7142064006508296	5.439774802304919e-10	2.3935438321222008e-08	0.2857935311386673	4.373108723493404e-08
DLBCL_RICOVER_711	0.007973425003734087	0.0926073248376131	1.1183538333324588e-06	0.8994181308975757	9.072437151493309e-10
DLBC_FF_A7CQ_TP_NB	0.0019202213025189007	1.1999009050842691e-06	2.878818357810821e-12	5.482553391267585e-06	0.9980730962403059
DLBCL10915	0.022264734884625822	0.17625709537046186	0.03939050083418986	0.0283737050749097	0.7337139638358127
DLBCL10867	1.5623556427167235e-09	0.010083995315182762	4.496077818488551e-11	8.240965184420845e-11	0.9899160029950912
DLBCL10992	1.5993126794096006e-12	1.5551644582946762e-15	1.774738144303066e-16	7.464096738549387e-11	0.999999999923758
DLBCL10887	4.251224526334706e-09	3.342005995667204e-07	9.326629307796208e-08	2.995051846426228e-09	0.999999565286831
DLBCL10878	0.2979497693585874	0.00034236064257479757	7.916192168022674e-07	7.50528286104476e-07	0.7017063278513349
DLBCL11431	0.1504061033198876	0.2682444424845979	0.13053165403761424	0.11256012002689006	0.33825768013101015
DLBCL10891	0.004032009248513929	1.9507373259050297e-08	5.746775193531053e-05	0.04516296853813768	0.9507475349540399
DLBCL10521	4.2665183796076797e-10	0.0014196602699817974	2.4174255276161194e-13	4.6302173183516343e-14	0.9985803393030783
DLBCL11476	9.480744173264805e-05	0.0018918268401351757	4.346953283093768e-07	1.0365161372644902e-06	0.9980118945066666
DLBCL_MC_F519_ALT	1.4490573412447919e-06	9.992451936128019e-06	3.271468560430837e-09	1.8202776570882642e-09	0.9999885533989764
DLBCL10866	2.094750428827648e-06	2.8782113068375537e-13	8.500171553296284e-15	0.16171097463791334	0.8382869306113615
DLBCL_RICOVER_449	1.9552137521766617e-06	1.80801768766521e-08	1.4838633263115057e-14	1.546570129646793e-08	0.9999980112403548
DFCIDL004_DT	0.32831002059203085	2.2960323740343913e-06	2.2097508721899777e-06	0.18382138778160592	0.487864085843117
DLBCL_RICOVER_1287	0.0011524812939111705	0.09030530399467208	0.00014649125359179622	1.6813730748176135e-05	0.9083789097270768
DLBCL10836	4.603338752872275e-09	6.599937582844547e-16	2.840278418928753e-19	2.410914433154168e-10	0.9999999951555691
DLBCL10550	3.300981753414027e-07	1.213243874535606e-07	1.2684617266045695e-11	8.823991275760972e-13	0.9999995485638702
DLBCL_LS3200	2.6623628415252707e-09	0.01024034842996541	1.0067391630963371e-08	7.477105285643922e-10	0.9897596380925696
DLBCL10900	1.1914631659060393e-07	5.993594523850031e-21	3.129638568562968e-26	7.914979781888281e-11	0.9999998807745336
DLBCL10853	3.61918005351397e-06	1.7601202999728034e-07	2.5495939859457007e-12	2.0072911534025937e-07	0.9999960040762516
DLBCL_RICOVER_111	0.6935964211050508	0.010528816322204334	0.010428521540378134	0.03035992285838621	0.2550863181739805
DLBCL_RICOVER_417	1.284162403673974e-09	3.077204286953883e-10	3.871533186333808e-15	2.248892927180327e-11	0.9999999983856244
DLBCL10529	2.230844878168249e-09	0.0017124937204591906	8.683954694582039e-09	1.0437699169589345e-07	0.9982873909877495
DLBCL10847	2.79340280149896e-07	0.0001052690620914834	6.264197612225066e-11	1.744564937590413e-13	0.9998944515348119
DLBCL_C_D_PAIR13	0.09937216344206402	0.23463889891560918	0.1777317244027478	0.0564670043491016	0.4317902088904774
DLBCL_C_D_1163_NULLPAIR	1.0429909646574034e-11	1.6812059718930748e-16	5.739247876874739e-22	3.033462849925164e-08	0.9999999696549414
DLBCL10833	0.0024823548300573054	4.492098981103736e-10	1.4910778245925757e-14	4.709349708360628e-08	0.9975175976272208
DLBCL10835	1.5372822402387797e-10	1.6352068104723835e-05	2.302547707058521e-13	2.9310616114756207e-09	0.9999836448468752
DLBCL_C_D_1156_NULLPAIR	0.9677284100960782	0.0035680733447624583	4.0485507739920654e-05	0.028536259797435168	0.0001267712539841914
DLBCL_RICOVER_977	0.9999999997907806	6.817718329222719e-22	2.392731663982327e-18	1.7750257634156164e-10	3.171684083188945e-11
DLBCL_C_D_1128_NULLPAIR	0.9999024310274087	7.1154917108454165e-06	1.3354129319866275e-09	8.95500682986476e-05	9.020771688528865e-07
DLBCL_RICOVER_451	0.9999994188472986	7.264207362356388e-09	1.2573861476228448e-10	5.734443917873547e-07	3.183636421013614e-10
DLBCL10994	0.7913077129211227	0.027808031378542576	1.4459654234852682e-05	0.016936769059130604	0.16393302698696932
DLBCL10884	0.906587561209662	2.6512872360823294e-07	5.678086044388209e-10	0.09341210255491592	7.053888992033967e-08
DLBCL10931	0.9999904058473972	9.627467804679895e-13	5.817253579516109e-13	9.591042220323832e-06	3.1088380249840147e-09
DLBCL11671	0.5116697546395653	1.4963651618615855e-06	2.1716386262635935e-06	0.4883257062717471	8.710848994097477e-07
DLBCL_LS1757	0.9999999993951	4.0609392672289795e-10	2.908747851073327e-14	1.6355070725621554e-10	3.5226297505783126e-11
DLBCL11488	0.9990663152189662	7.315197071759773e-12	4.6567289386601715e-14	3.9703651860669697e-07	0.0009332877371534704
DLBCL11496	0.997886253409886	1.4286948965184069e-05	2.8368001531201676e-05	0.00026411867649411814	0.0018069729631234874
DLBCL10525	0.9999999813492796	1.371113360623457e-15	1.8464525998979456e-13	3.190190869412366e-10	1.833151530920183e-08
DLBCL11430	0.9974670418872804	2.8574742333548006e-13	2.6712388855640146e-05	0.002506245698412954	2.5165251172908708e-11
DLBCL11478	0.8365417041331181	0.00014334645206269788	0.0008247917333086878	0.1624901576157724	6.573810972667037e-11
DLBCL11202	0.001906932108732973	0.0029198254235766586	0.7673378173135408	0.22783542512868485	2.54646939103582e-11
DLBCL10935	0.9999848993860032	1.1402332461463202e-05	1.3156085499472206e-07	1.1158044816110316e-07	3.455140232168983e-06
DLBCL11470	0.750098873496723	1.0369966466254193e-16	7.069172377879802e-15	0.2499011265032655	4.345600396922836e-15
DLBCL_RICOVER_910	0.07634590750409206	0.25744982316925175	0.06229680097133761	0.6035934938317826	0.000313974523535999
DLBCL10495	0.9996362236370862	0.000363337198185986	5.542345818834621e-09	4.893542867807039e-08	3.8468695336607133e-07
DLBCL10844	0.9545778389938421	4.770582167359456e-06	1.732680732008173e-05	1.209867763421486e-05	0.04538796493903628
DLBCL10993	0.999818860876781	1.239855359648115e-09	6.36348437451297e-08	0.00017929300299034036	1.7812455295982988e-06
DLBCL11519	0.5440549158439127	9.973328071026298e-07	2.4596436548782016e-09	0.45594406325964487	2.1103991659845997e-08
DLBCL_RICOVER_945	0.9968111060695576	0.0010209786899221661	9.273026832807055e-06	8.57152941105479e-05	0.0020729269195769034
DLBCL_RICOVER_533	6.594010527528932e-09	0.9999993414251271	1.8206818331057396e-07	4.6897999041130567e-07	9.326886088462659e-10
DLBCL10903	1.4086765949592534e-07	0.9998938188413056	8.59525557842842e-05	4.684836961512652e-08	2.00408868810345e-05
DLBCL_DFCI_DLBCL_GOE05	4.782502120854257e-08	0.34356350913773737	8.85106399462739e-08	2.722018621898337e-08	0.6564363273064152
DLBCL11673	0.000157646642062561	0.9894512949439171	0.009702471890597301	5.41222255681759e-05	0.0006344642978548431
DLBCL_LS146	4.111608962580384e-12	0.9999999972760496	2.4938213078227004e-09	3.5227353083532866e-13	2.2566520825931684e-10
DLBCL10517	1.238836925138531e-07	0.9834195388910422	0.016529092825508556	3.295595293557361e-05	1.8288446821234e-05
DLBCL11204	0.8636734685287525	0.1273269999323486	0.0008682451233021864	0.00015952501535489752	0.007971761400241875
DLBCL11436	0.06819595050541229	0.5026997420229762	0.0025202464205510925	0.04974134485106625	0.37684271619999427
DLBCL_RICOVER_467	7.578143956475015e-18	0.07147752554441189	7.889546220272336e-14	4.0699713829757987e-19	0.9285224744555092
DLBCL10922	5.978860630626557e-06	0.9999925971143662	5.93219399044359e-07	7.194722546446879e-09	8.236108816163906e-07
DLBCL_C_D_1117_NULLPAIR	0.014589821927463612	0.34969394672138	9.377713521825366e-06	0.6357067508716847	1.0276594984753539e-07
DLBCL11188	1.7149965261280695e-09	0.9999997098385007	5.5728722949084773e-08	6.542577312665731e-09	2.2617520248442337e-07
DLBCL10871	0.13512568969146285	0.8253392278955518	0.006180423464012519	0.0006981469577594909	0.032656511991213374
DLBCL10549	2.9305845365354263e-08	0.4141126237979833	0.5858862071724822	1.0840049646518953e-06	5.571872460559953e-08
DLBCL10885	0.002482021488171783	0.24863738188174217	1.4248511569799266e-08	1.13093619707636e-07	0.7488804692879548
DLBCL_C_D_1118_NULLPAIR	0.09479414004770984	0.8659845714987464	1.575269408412468e-09	0.039219560917330545	1.725960943813597e-06
DLBCL11456	0.00028894301407229444	0.9971825058898848	0.0001404480175116001	0.002368009586553215	2.0093491978123983e-05
DLBCL_LS2089	1.7187405602375954e-13	0.996551325296254	1.741015412064962e-14	3.620867361709262e-16	0.003448674703556354
DLBCL_LS2245	3.3133995011469097e-08	0.9995564846248688	0.0004434676768966505	2.8180644130005994e-09	1.1746175135630922e-08
DLBCL_LS3245	9.73170805492431e-16	0.5901651468953405	0.4098348530955239	9.106623675664938e-12	2.7955528556361646e-14
DLBCL10962	1.485841759257035e-05	0.996582483385127	5.650349364504749e-07	7.677639063392808e-07	0.003401325398437644
DLBC_FF_8043_TP_NB	9.15634750952727e-08	0.9999894026523232	5.49155165156195e-06	1.0450229166262165e-07	4.90973025851303e-06
DLBCL_LS4054	0.005280140332443613	0.9903303062425963	0.003582636782682494	0.0007536858961451305	5.323074613246284e-05
DLBCL10452	3.1984956484392516e-06	0.9947832877886522	8.518570030362551e-06	9.10066486042137e-10	0.0052049942356025124
DLBCL_DFCI_DLBCL_GOE07	2.039290984368228e-06	0.9998243930520048	5.453131147051451e-05	3.521035494201173e-08	0.00011900113518540842
DLBCL10503	0.013264179089233656	0.8690428978706999	0.10564353638872487	4.909579899114062e-05	0.012000290852350489
DLBCL10512	6.237684973527119e-05	0.1798293657604866	0.81817024128886	0.00032020125159649553	0.0016178148493215774
DLBCL11670	2.686850692352071e-16	1.6708284907401033e-08	0.9999999832687804	2.2500968185432907e-11	4.334876998391876e-13
DLBCL11590	0.4919004038454887	6.452618729759253e-05	0.5049429986997438	0.003091919332448895	1.5193502107758513e-07
DLBCL_RICOVER_978	0.9994017850795027	1.4708437165115588e-09	8.649626924309276e-06	0.0005887796564040622	7.841663251889277e-07
DLBCL10910	0.008807515989676686	0.027605755325615842	0.813703171498142	0.14378803120454203	0.006095525982023421
DLBCL11656	6.523015355486699e-12	6.957848047273293e-11	0.9999999997195602	1.749155539846939e-10	2.9422732694445144e-11
DLBCL10472	0.0015660201921325596	6.334785530769607e-06	0.9529830388960223	0.04544460194854723	4.177767143756217e-09
DLBCL10465	2.1364864664373097e-15	8.241148635530921e-08	0.99999991758776	7.505109110194438e-13	1.0295415320789207e-15
DLBCL10856	0.2143687554828643	0.0012780436011205964	0.10689926671239229	0.00678554516479138	0.6706683890388314
DLBCL11566	2.085996727913096e-12	0.0002384413111589618	0.999761538628334	2.0058163626704298e-08	2.5746976901212697e-13
DLBCL_RICOVER_577	2.290982540476811e-06	0.00046963157314473857	0.9995219939053868	6.026170745420469e-06	5.73681826023907e-08
DLBCL_LS2599	5.6576493532136324e-11	2.063365229625919e-06	0.9999968575356784	1.0790424155462735e-06	9.998250333867973e-14
DLBCL11515	0.00018293730192979935	0.36691492885441235	0.5933757963062228	7.718005688223899e-07	0.039525565736866164
DLBCL11528	0.022371155282158967	0.03751454803875014	0.9117591394858735	0.028351533488187298	3.6237050301200737e-06
DLBCL10936	0.1288679581406304	0.3692570683549337	0.24797024112542967	0.06309849053865264	0.19080624184035364
DLBCL_RICOVER_408	3.5325623084334356e-06	0.2751727591012707	0.7232688242781452	0.0015548495737731888	3.4484502411846035e-08
DLBCL_LS4616	1.882642715044881e-13	0.018787575214038593	0.9812124205290532	4.240117626135371e-09	1.6602351963436317e-11
DLBCL_LS762	0.0005159507647360791	0.018900191116656133	0.9452451090581883	0.0006326497704520744	0.03470609928996749
DLBCL11667	1.6553137818486487e-11	2.6436392749620018e-09	0.9999999972312492	1.0855036531412453e-10	8.00610430991732e-15
DLBCL_LS2357	1.043457422331975e-09	5.92702515327013e-14	8.564765306742227e-11	0.9999999988708356	8.297505671840401e-17
DLBCL_LS3499	0.030469096697958036	0.010737529160497883	0.018251499872304823	0.9401259238953272	0.00041595037391208
DLBCL11576	1.965839550743609e-05	0.0001590111992510974	0.19763779466467138	0.802183535739748	8.220974816153599e-13
DLBCL10782	0.018906637958891366	1.847282895580102e-11	2.177435081152968e-12	0.9810933620204584	4.1979961973999037e-17
DLBCL10565	1.0628875641827705e-05	0.19073270114499793	0.8016202646970143	0.007635797145857718	6.081364882293758e-07
DLBCL_RICOVER_1018	1.182404059865967e-08	0.004316406503582309	2.4287376253087964e-07	0.9956832577684114	8.103020319443165e-08
DLBCL10564	1.0186851887004424e-09	5.794176571648357e-06	0.0005417962499827042	0.9994524085418416	1.2918874238962836e-11
DLBCL11437	0.0072366852713310415	1.6235259948396825e-10	9.918472707564593e-14	0.9927615057301196	1.8088360976299328e-06
DLBCL10974	0.006441757913331897	7.093190558584437e-06	0.0006475027076443686	0.991285345923192	0.0016183002652732214
DLBCL10927	0.0894584551645692	6.615995043177258e-14	2.494458516899806e-12	0.9105415448305587	2.3114935076281997e-12
DLBCL_RICOVER_274	3.157264536472974e-06	0.03726646466016004	1.991971957260155e-06	0.09184876236666732	0.8708796237366789
DLBCL11658	6.761386342695631e-07	1.787468482571198e-10	1.1601896009237776e-06	0.9999872888768762	1.0874616141801475e-05
DLBCL10552	4.0723553779019226e-05	8.164762268423197e-15	2.8513772639989587e-08	0.9999592479324402	1.2547247307304938e-21
DLBCL10553	0.0001095189990166008	1.5253128577571528e-06	0.38419688844662253	0.6156897236408264	2.3436006766985953e-06
DLBCL11536	8.750369482699763e-07	0.997433559100418	5.106787607464946e-05	0.0024901081807226447	2.4389805836465973e-05
DLBCL11500	6.06967364065053e-07	2.8562457785658766e-09	7.829855061691518e-12	1.9276099414914475e-09	0.9999993882409504
DLBCL10530	1.5990297257772672e-12	4.464812835184371e-11	1.7879597243656226e-19	8.063618541079934e-15	0.9999999999537448
DLBCL10951	2.080443724568454e-08	3.55269333050474e-06	7.348711727315448e-11	2.840771166021325e-12	0.9999964264259044
DLBCL11353	1.385833226118944e-10	1.1566776790127233e-05	7.05485876628436e-08	5.184118793138147e-12	0.9999883625308548
DLBCL10534	1.4889510333730554e-12	4.701377839894661e-14	2.466629300442001e-20	6.678242255855874e-12	0.9999999999917858
DLBCL_RICOVER_850	7.717297462124117e-05	0.0004902840163614501	3.6871915122190826e-07	2.6322452053647887e-06	0.9994295420446607
DLBCL10890	2.1632050046184366e-07	5.772210867203557e-05	1.6927217682236672e-09	8.46509573959424e-08	0.9999419752271483
DLBCL_RICOVER_1289	3.537924377613936e-07	4.4217152598732935e-11	5.082228896543372e-15	2.597561191006966e-06	0.999997048602149
DLBCL_RICOVER_1106	2.2504994892996456e-10	1.9037765094849985e-06	5.777523029835437e-13	1.8648850349518783e-11	0.999998095979214
DLBCL_RICOVER_221	1.555686343805206e-08	3.636937008426201e-05	4.232576115072974e-08	2.391916196489814e-10	0.9999635725080995
DLBCL_RICOVER_1248	1.3087915001561189e-11	1.2882763253309517e-10	2.374419375480096e-23	3.2625024318893175e-15	0.9999999998580812
DLBCL_RICOVER_1278	0.0016945104494539612	7.489461860272256e-11	8.597137598646327e-12	0.10762563880625324	0.890679850660801
DLBCL10852	1.3287175888635245e-07	8.959202969096994e-08	8.477472642559728e-14	2.728145680101698e-09	0.999999774807981
DLBCL10781	1.3133932082959818e-07	5.0805727986283034e-08	2.0002405628394217e-09	1.7825860203927006e-08	0.9999997980288504
DLBCL10880	9.752377153880035e-06	1.3613103943081723e-07	9.3101956882386e-11	4.873447211155471e-07	0.9999896240539836
DLBCL10535	0.0014734996815013162	0.00018198538081323147	1.6948899463084852e-05	1.4855817875887511e-06	0.9983260804564348
DLBCL10909	0.038082411849681544	0.00042504766975439155	4.134149879095816e-06	0.07832284202194635	0.8831655643087386
DLBCL10921	3.46506864015605e-08	0.03613991108376299	4.122548173322071e-09	6.024131801724244e-11	0.9638600500827611
DLBCL11195	2.0639023239815225e-11	7.832055904623469e-07	1.871863194669675e-12	4.731777228251528e-08	0.9999991694541264
DLBCL11450	4.011474131120362e-10	6.72615838631717e-09	2.340966929927163e-14	2.3784406288379064e-09	0.9999999904942302
DLBCL10895	0.0002640474724466995	0.44684804308318293	0.0003927149510612993	5.0030757415201275e-08	0.5524951444625517
DLBCL_LS2208	0.0006484222108848939	0.18802454561211066	0.05771773146923686	0.0004006871895381963	0.7532086135182294
DLBCL10862	1.5220480190772778e-07	7.10609101832439e-08	9.705337423591167e-10	6.556617960906898e-11	0.999999775698188
DLBCL_RICOVER_314	0.00012275827411599918	0.23312496670132646	0.021905538639304355	0.0019912863046259864	0.7428554500806273
DLBC_FF_8042_TP_NB	3.3090296729359987e-09	0.8595388635526939	0.045468565865001864	1.701693001157961e-08	0.09499255025634447
DLBCL10883	4.7214974592805515e-06	6.149890259915128e-12	4.182650436099443e-12	3.140598063821612e-10	0.9999952781781484
DLBCL_C_D_1125_NULLPAIR	4.249798714092634e-14	7.556288474187161e-10	1.777719421819758e-20	2.2833076220181904e-13	0.9999999992441003
DLBCL_C_D_1144_NULLPAIR	0.07471781680902917	0.004027178838410074	6.617908580338968e-05	6.47398975974666e-05	0.9211240853691599
DLBCL11472	0.9434750065531099	1.6031495839555088e-09	3.394794650071089e-06	0.05652079957188158	7.974772089156063e-07
DLBCL11512	0.9999999830485936	4.022697509040184e-11	3.3383377273023893e-13	1.6910844569414552e-08	1.0114093120999905e-15
DLBCL11681	0.8744313974702818	1.3660171118001344e-08	3.429516617604765e-06	0.1255650734528173	8.590011225790961e-08
DLBCL10482	0.9991923240658078	9.501720436581747e-07	3.6568927062363754e-09	0.0006931070100353638	0.00011361509522044983
DLBCL_LS2154	0.38067493639413313	0.4719140820542985	0.004044373151760192	0.1010210841728029	0.04234552422700531
DLBCL11474	0.8762521157607062	1.6125231883066325e-07	3.0825941776875437e-06	0.12359921817027424	0.00014542222252309663
DLBCL10968	0.9854862195952355	1.2277148455162148e-12	1.4593825505675137e-09	0.014510875990017606	2.9029541366455455e-06
DLBCL11480	0.6117219202801639	0.04419714320152087	0.011939606850560364	0.027381117181728115	0.3047602124860267
DLBCL11486	0.9984236764208904	0.0003578199639362508	7.734511039140189e-10	0.00014563205535123578	0.0010728707863710534
DLBCL11435	0.9882988605690488	1.7032993105881796e-13	1.861081191130979e-10	0.011701139229816556	1.4856219315968485e-11
DLBCL10451	0.40837779345570224	0.0004726551587505989	0.5911495505150159	7.916385249722322e-10	7.889266864265034e-11
DLBCL_RICOVER_473	0.9998945374603235	8.797737060729542e-05	6.872800135734879e-07	3.5001962603493306e-09	1.6794388859341824e-05
DLBCL11205	0.9856112443228696	0.011554172092075144	0.00035016008458877107	0.0024843372908107944	8.620965571354435e-08
DLBCL11457	0.9999701058138988	5.846479167001499e-15	2.34624746946201e-11	2.9894162419938402e-05	2.1296080651623053e-13
DLBCL10969	0.9718952744067211	0.025208017934510992	0.0028882953433598357	7.565276182829067e-06	8.470392252291312e-07
DLBCL10490	0.9856536471536416	7.412482452700143e-08	9.938003770071882e-10	0.014166747933307215	0.00017952979442635583
DLBCL10486	0.3253421065812976	0.19139501995870872	0.003555479306161089	0.000703212398093198	0.47900418175573933
DLBCL10458	0.999999999998258	7.039811795315962e-16	1.6555509477910114e-12	8.338939508312275e-14	2.40662388567219e-15
DLBCL10972	0.9966317089096208	3.0190763998208614e-05	6.70929193104384e-07	0.002433471997010029	0.0009039574001778394
DLBCL_MC_F262_WLC	0.9999995670138344	2.7019784302000747e-08	5.6153955399953486e-12	1.1622656883432301e-07	2.8973419705642687e-07
DLBCL_MC_F307_JPS	0.7341653902946403	0.031439494077993055	3.4044568374187885e-05	0.2220841797189179	0.012276891340074505
DLBCL_LS378	0.9999999740794284	1.9141248515894792e-08	6.65532908412363e-09	7.959225624986193e-13	1.2319805543890148e-10
DLBCL10957	0.9916575865633471	7.290981655308958e-05	0.00020304924648322897	0.0075839579119579455	0.00048249646165863115
DLBCL_C_D_1105_NULLPAIR	0.3524925064660378	0.5144439822967437	0.00012027891268249946	0.00022589631287139896	0.13271733601166458
DLBCL_RICOVER_174	5.217515152717294e-16	0.9999999995312215	4.687759242041236e-10	2.162638488087346e-16	1.798274492942503e-15
DLBCL10985	0.004962003079061469	0.5029171721321032	0.0003681832852025977	0.49175070892142225	1.932582210619702e-06
DLBCL_C_D_1126_NULLPAIR	0.0125819108720876	0.9052964560447704	0.06951810552156043	4.626526799418614e-06	0.0125989010347822
DLBCL10834	0.0	1.0	0.0	0.0	0.0
DLBCL_RICOVER_1210	1.4405470834360507e-08	0.9682418672277239	0.031754136798334616	3.769994997144465e-06	2.1157347350471806e-07
DLBCL10906	8.841131750466803e-07	0.24305619287551725	1.2293414023146283e-06	5.624839419173872e-10	0.7569416931074214
DLBCL_RICOVER_299	1.0281288242690015e-17	0.9999787407743937	2.1259225559746158e-05	1.051653569070051e-16	4.6390050655101135e-14
DLBCL10502	5.975146159397878e-08	0.9043839566195322	0.09561421389829977	1.7519483924438447e-06	1.7782314039443837e-08
DLBCL10954	8.521379576724189e-07	0.9895166084789832	6.17019505436762e-05	1.1120567767173348e-08	0.010420826311947764
DLBCL_RICOVER_253	1.555315165197391e-19	0.9999999999999661	1.711759696408783e-14	5.30579931334811e-21	1.674404444966371e-14
DLBCL_RICOVER_1060	0.0045645163728592324	0.9244526954936317	0.0039910689308788536	2.7740486629815043e-05	0.06696397871600035
DLBCL_RICOVER_1165	7.694908095588366e-05	0.9984158572721624	0.0002547870131583029	3.3259341397642508e-09	0.0012524033077892566
DLBCL11003	2.0520554762738975e-05	0.9987577406131434	3.95122688220394e-05	5.23051928293147e-09	0.001182221332752568
DLBCL10780	4.986084638696203e-12	0.1216817873717455	0.8783181997088347	1.2061324988447022e-08	8.531086970876565e-10
DLBCL10934	8.546996083855398e-07	0.991791159821573	1.4337712008245631e-07	4.750547610725852e-09	0.00820783735115099
DLBCL_RICOVER_496	4.038746113688255e-06	0.9825304157886864	0.01732699255617237	0.00010444537736438717	3.4107531663217646e-05
DLBCL_C_D_1119_NULLPAIR	0.0022019616658997473	0.9977976142947884	3.982939057777326e-08	3.8336630814504416e-08	3.4587329045073104e-07
DLBCL10460	1.274496414510928e-07	0.99790737720999	0.0020861095577037417	2.923040751353163e-09	6.382859624051779e-06
DLBCL10850	4.737549852410871e-09	0.9999999878330148	2.4196624830986584e-11	3.934557935596364e-13	7.404845264090839e-09
DLBCL_LS1668	4.808542110581288e-10	0.014317630486163684	0.9849744822634886	0.000701738197509616	6.148571983928178e-06
DLBCL_C_D_1131_NULLPAIR	2.6972138609495846e-09	0.9988328493924046	4.642391129602091e-09	2.6524115152954344e-09	0.0011671406155789215
DLBCL11484	0.00025007526985198423	0.959590280518341	0.0021792369362959624	0.00017694418008798882	0.03780346309542301
DLBCL10483	7.183353167323819e-15	0.9999078971785236	9.210137155909266e-05	1.2988379321686883e-15	1.4499088506380696e-09
DLBCL11449	0.00019214695879809926	0.5260463914994349	8.80970545610319e-05	3.321009494056291e-05	0.4736401543922654
DLBCL_MC_F064AB	3.3245300582398727e-09	2.8123670777673406e-06	0.9999450220026331	5.214493848230233e-05	1.736727673962253e-08
DLBCL_RICOVER_522	1.528533523996765e-11	3.8119688925059154e-08	0.9997159884356955	0.00028397342933020233	3.1573634273016677e-18
DLBCL11441	0.5783632891759474	0.00040499595950329887	0.16318183550492635	0.0349072586240124	0.2231426207356105
DLBCL10459	5.882520195238178e-16	4.9985534770437934e-08	0.9999999500019684	1.1058760052890437e-11	1.437485027991999e-12
DLBCL10498	3.457434298017062e-17	1.9134576359170156e-11	0.9999999998728741	1.0799125242859798e-10	2.0279878686063677e-18
DLBCL_MC_F349_BJJ	1.0925184194013086e-12	5.126944788839805e-07	0.9999994872703624	5.406025851851585e-12	2.866020790527669e-11
DLBCL_LS155	2.171612916333263e-13	1.548093969102439e-10	0.9999934174540663	6.582390894000963e-06	1.3105217082314821e-14
DLBCL_C_D_1112_NULLPAIR	5.596743244480868e-05	0.15040724582559856	0.8493488762391075	0.00012146586196859779	6.644464088052019e-05
DLBCL_C_D_1113_NULLPAIR	2.482072630095996e-05	0.00024088545772815484	0.9996891489618802	4.5121135891578206e-05	2.3718199093854055e-08
DLBCL_LS1098	1.4098013205005196e-11	8.51561983918471e-10	0.9999998548953352	1.442390048365709e-07	5.607761381028386e-18
DLBCL_C_D_1133_NULLPAIR	5.237115933624547e-08	0.029625761535292984	0.9703705859126779	5.3367490534928155e-08	3.5468133792325e-06
DLBCL10523	7.118586639734268e-11	2.769268993218062e-14	0.9999880671865856	1.1932742200824586e-05	4.155443380097317e-20
DLBCL_RICOVER_744	1.4934557827607218e-10	7.038544852889297e-10	0.999999999144225	2.5719048536688808e-12	3.037995537199618e-15
DLBCL11675	1.1548639138933493e-10	1.3870253918630606e-13	0.9999999963737319	3.510125755668089e-09	5.172140090640996e-13
DLBCL_C_D_1141_NULLPAIR	1.3935539674852797e-12	1.0049698792143441e-05	0.9999899501842828	1.0993390542973872e-10	5.597569638435807e-12
DLBCL_RICOVER_216	0.0650343189164044	0.28244852957099453	0.2834471843751391	0.004583521922994193	0.3644864452144679
DLBCL11526	0.0046806451604915105	0.0002819368576928862	0.9949634706068684	7.39472070454498e-05	1.679017628164026e-10
DLBCL11666	6.918639264773191e-17	1.1340932279352505e-10	0.9999999998865495	4.0741716345407946e-14	3.3754341053301945e-16
DLBCL11458	0.0013418299063263554	0.06587498983858671	0.9327730018949077	3.9246481003712703e-07	9.785895369097397e-06
DLBCL_RICOVER_1061	8.536258420248251e-07	1.9847515610335277e-19	1.1253762865620234e-11	0.9999991463629042	8.924933485523218e-21
DLBC_FF_8062_TP_NB	0.002033310646753085	1.5673966894307976e-07	4.390886140212286e-06	0.9979621417131854	1.4252340476251268e-11
DLBCL11002	0.0003181800978771587	1.5711133859499614e-07	1.6468703601438626e-05	0.9996651940862844	8.984053755822195e-13
DLBCL11433	0.13735997104534986	3.0643012283134446e-07	5.674810060795583e-06	0.7093395440612598	0.15329450365320685
DLBCL11447	4.006641122016191e-06	1.7312255387024507e-12	3.934834305379126e-12	0.9998011457332999	0.0001948476199120015
DLBCL_MC_F139_LJF	7.13515685747901e-08	3.75998775127588e-14	3.3349504594565224e-09	0.9999999253134432	1.9383918250074262e-16
DLBCL11527	4.997451598035548e-07	3.7166540363844277e-07	0.019167080487001827	0.9808320467418912	1.3605436102042852e-09
DLBCL_LS2590	0.00022316627605442922	2.1954046005990181e-10	3.2751495891639856e-06	0.9942192509722084	0.005554307382607539
DLBCL10539	2.4509466669200294e-05	0.8505016153364909	0.0002488528093825969	0.14778350294566386	0.001441519441793382
DLBCL10965	0.0018314415345727238	8.365512046763633e-14	5.004855940256693e-08	0.9981685013926503	7.0241338811485996e-09
DLBCL_MC_F218_RAP	0.2240065810115125	1.4847715880597618e-05	0.0006666355305258962	0.7753119156786782	2.0063402758619044e-08
DLBCL11460	6.024676989144586e-07	1.3990102590272735e-11	4.920271527607233e-11	0.9999993912663839	6.2027243375110625e-09
DLBCL_C_D_1109_NULLPAIR	0.015186706346215927	2.6186691462555272e-09	2.1126244681806517e-10	0.9848132264510986	6.437275393226138e-08
DLBCL_RICOVER_701	0.0016922408401160562	1.4334119522771162e-08	1.4718808843779047e-05	0.9982930259899377	2.6982903373815112e-11
DLBCL10863	0.0037633287809720746	6.290847764724389e-10	1.8137417778751088e-11	0.21900392543110372	0.777232745140702
DLBCL11206	6.363212402303056e-07	0.7387989853690421	1.8011240589898346e-05	8.935796421804386e-08	0.2611822777111635
DLBCL10901	1.3585066256295977e-06	1.4520077157766251e-07	2.36040106421589e-11	2.200489140346236e-07	0.9999982762200847
DLBCL10860	1.4280286193847211e-11	4.3679801232159956e-08	6.451228453854194e-12	3.985153330855265e-10	0.9999999559009519
DLBCL_RICOVER_1032	1.8191047715787125e-15	5.364936364907935e-07	3.295753862617506e-16	1.762286084935073e-15	0.9999994635063596
DLBCL10908	0.054647784373876206	0.4366309137105218	0.2120948233855005	0.024157773629855158	0.27246870490024633
DLBCL10999	4.010387382333474e-11	4.0263004329339286e-11	2.7156176086787055e-14	2.0334555303940193e-06	0.9999979664640756
DLBCL10930	0.0013966441623299965	9.088406426686051e-06	6.239723497745279e-12	5.568452801226962e-06	0.9985886989722024
DLBCL_RICOVER_506	1.1901953140634008e-09	0.10740066980566372	1.3569624106372351e-11	5.197487312700049e-10	0.8925993284708226
DLBCL_RICOVER_712	4.1734100595440903e-07	2.7617345215020446e-05	6.424119883930861e-07	1.9588436256107935e-08	0.9999713033133544
DLBCL_RICOVER_956	9.583655038999375e-06	0.024588129861636634	2.6891358836389236e-05	1.71117146680458e-05	0.9753582834098199
DLBCL10990	1.1336953522302852e-09	1.3846230899350862e-05	8.623346118071916e-11	1.1634086468191241e-09	0.9999861513857632
DLBCL10925	0.015427868123103454	0.0008769437556687325	6.325376954370027e-09	0.0018233644610865518	0.9818718173347644
DLBCL10857	8.1903928368581e-06	3.97005515113125e-09	1.0448090819430075e-12	8.314194364327063e-07	0.9999909742166267
DLBCL11538	0.11266134504941268	6.3366696482893e-06	0.15300490273663028	0.7340980134007674	0.0002294021435412983
DLBCL10902	9.741805845609533e-06	0.00012244958804472818	6.911291763833612e-07	3.870895530007082e-08	0.999867078767978
DLBCL10889	3.1784158347580985e-10	1.1494092668403871e-11	9.095288759828533e-12	1.2975144142596348e-09	0.9999999983640546
DLBCL10842	2.078556577679616e-09	2.0500381502369896e-10	1.3578500186373406e-11	4.6567071616463036e-09	0.999999993046154
DLBCL11504	0.7243219810023505	0.0005478417579345959	0.000668318404936895	0.052040838240597714	0.22242102059418034
DLBCL10963	0.0007448435114550897	0.11731884330712529	2.161592367572983e-08	1.2863348989351342e-05	0.8819234282165066
DLBCL_RICOVER_720	8.38012895193394e-11	0.03754211824267833	1.4695792275355675e-12	7.742483544339912e-15	0.962457881672043
DLBCL_RICOVER_773	2.2503716850991995e-08	0.014328105456157453	2.996461252896734e-07	2.0657970513122986e-10	0.9856715721874207
DLBCL10532	1.5083125861042384e-05	4.68763042478566e-06	5.793285980312756e-07	0.00017272182884377942	0.9998069280862724
DLBCL_RICOVER_1192	2.1445380990178733e-10	8.474353392527283e-06	5.137120218455425e-14	2.512123297487258e-10	0.99999152518089
DLBCL10980	2.732443575551672e-08	0.01335810683646364	1.80109990898054e-08	4.0037948792997315e-08	0.9866418077901528
DLBCL10977	4.67594015006062e-06	1.7020109949968224e-08	1.4674326719504616e-08	1.40096136013824e-10	0.9999952922253171
DLBCL11000	5.0807678303090495e-12	5.4526336808181795e-09	5.0358809698606615e-14	5.990418573535257e-12	0.9999999945362448
DLBCL10898	0.0001792289920133422	0.009232581020902722	1.5057309636491798e-07	5.6900103571946983e-08	0.990587982513884
DLBC_FF_A7CX_TP_NB	0.9604041154189007	0.0010001206969995596	0.02173913358599392	7.174469532000417e-07	0.01685591285115262
DLBCL10877	0.7785562110990646	0.031416345097320414	0.15872939563761657	0.02099086401658641	0.010307184149412006
