	0	1	2	3	4
DLBCL11431	0.14168795331436537	0.21812407632024292	0.2068581608861867	0.12994714465485094	0.303382664824354
DLBCL_C_D_PAIR13	0.15288389530559465	0.22452795244733917	0.17304755927682025	0.11539192733849798	0.33414866563174817
DLBCL_RICOVER_1045	0.4981446030399802	0.05025107493376197	0.05139625626121555	0.30977460432180504	0.09043346144323723
DFCIDL004_DT	0.35940053604828076	0.009670531415236654	0.01978678984894386	0.1640085766070267	0.4471335660805121
DLBCL10914	0.5387215264643298	0.11800529525227293	0.2175039927326039	0.07270591158586952	0.05306327396492391
DLBCL_BWH_DLBCL64	0.23069153185300045	0.3237847749007565	0.05537523023650742	0.37303423508768013	0.017114227922055397
DLBCL10874	0.07244420199355985	0.32247092124721044	0.03880227330641083	0.25900516750400737	0.30727743594881163
DLBCL_C_D_1159_NULLPAIR	0.701643932291889	0.009479728984483949	0.01440980626175523	0.249614858824217	0.024851673637654774
DLBCL_RICOVER_787	0.3321115662652787	0.19111403104165717	0.05771001037219695	0.3982928524925748	0.02077153982829241
DLBCL11534	0.16277820438712357	0.06181129254621358	0.4751693150321808	0.20972183671473427	0.09051935131974793
DLBCL_MAYO_DLBCL_3653	0.2510761002777849	0.06349205302511153	0.0738602657977328	0.2135777853192131	0.3979937955801577
DLBCL_RICOVER_711	0.22927367938837934	0.26691542259192613	0.030086387576393495	0.4605740977091423	0.01315041273415885
DLBCL_RICOVER_1046	0.00817767517194392	0.39737063772675246	0.5027565915288654	0.018392137253897864	0.07330295831854035
DLBCL11462	0.6503849369753006	0.019955760649652134	0.08391345167271815	0.037318729719491676	0.20842712098283747
DLBCL11491	0.06075694226457573	0.010175224565231579	0.03871486651541548	0.2547522233791747	0.6356007432756026
DLBCL10513	0.26841695500819	0.057646483061728516	0.06917524406364264	0.5912204470099154	0.013540870856523472
DLBCL10945	0.7464218898738061	0.017909573090342752	0.005060123207226319	0.05314241335732228	0.1774660004713026
DLBCL_LS1304	0.01786067681513563	0.055373626763381256	0.670391940905845	0.03465427396591793	0.22171948154972024
DLBCL_RICOVER_111	0.049288913823907654	0.0634846177274885	0.17396375934444672	0.06339840666574803	0.6498643024384091
DLBCL11479	0.07230166493548545	0.6108010069104791	0.0768308397891976	0.0383603740514963	0.20170611431334154
DLBCL11652	0.5518474601574976	0.32722325806423724	0.06340203744646353	0.034311593020822234	0.02321565131097931
DLBCL_LS2325	0.022388228226466803	0.5236646257902312	0.4139803368409749	0.028474588320276818	0.011492220822050234
DLBCL10491	0.030718003449030192	0.26064740422539595	0.13908169003751178	0.5568732976728785	0.012679604615183448
DLBCL10846	0.28704650196903153	0.5655323882310973	0.015188087115831441	0.0757014526542978	0.05653157002974189
DLBCL10915	0.025495784870448658	0.52667261440985	0.05388490514250134	0.05622630785528805	0.3377203877219119
DLBCL11429	0.6189109163102154	0.0038713228177668815	0.03915864774327298	0.2656421243538846	0.07241698877486008
DLBCL11662	0.8180785292616318	0.012639249407157598	0.006334230854281356	0.07125817737090202	0.09168981310602724
DLBC_FF_A7CQ_TP_NB	0.07995121725880934	0.011636820897851417	0.010861214965912974	0.06596646296178162	0.8315842839156447
DLBCL10986	0.5088908714699499	0.14155994218068557	0.04567521761025757	0.13847232091923806	0.1654016478198689
DLBCL_LS1921	0.011979327336854478	0.7981920144516321	0.08163484797804219	0.09250523077905493	0.015688579454416235
DLBCL10521	0.024483479214463498	0.2393892249350614	0.011628633799823644	0.007297385559879409	0.7172012764907721
DLBCL10858	0.08636332149532963	0.004813842990658625	0.02791947725535755	0.3720638522307902	0.508839506027864
DLBCL_C_D_1148_NULLPAIR	0.3970507212350939	0.005845711184596154	0.15228330358608455	0.4313772269854899	0.013443037008735538
DLBCL_RICOVER_1287	0.07361553210820922	0.20527433783405685	0.03490232490010665	0.034234214303451624	0.6519735908541757
DLBCL10878	0.11451219645760796	0.029864959504832228	0.018202413143859918	0.027448957396132918	0.809971473497567
DLBCL11520	0.8948128951156268	0.00652341419673269	0.007281646281321348	0.028542745518148935	0.0628392988881703
DLBCL10891	0.025760020115796266	0.006730630446719984	0.09219280072946208	0.1349250684898347	0.7403914802181869
DLBCL10868	0.12593299661251686	0.0101724829288809	0.012646723167972536	0.7030941540460693	0.14815364324456032
DLBCL_MC_F606_DMJ	0.01204992399195438	0.1128515304447675	0.8323153586859906	0.018531784248084878	0.024251402629202577
DLBCL_LS951	0.7727661411487858	0.028828691137283487	0.023482469626744048	0.15791036858207141	0.0170123295051152
DLBCL10866	0.034391139721656	0.010562448218077024	0.013788310103007066	0.17708033663237407	0.7641777653248859
DLBCL10536	0.014193572542518157	0.13195421801225923	0.7790882170057306	0.05755948834996746	0.017204504089524536
DLBCL11481	0.7731803699757125	0.017334316481503173	0.10025188270892915	0.08761081625796699	0.02162261457588824
DLBCL_RICOVER_950	0.048554806489394586	0.01805306975922756	0.1609486308058614	0.7617268720835433	0.010716620861973216
DLBCL10867	0.020841118388899068	0.7660535688594193	0.012378295315161235	0.012477526779647924	0.18824949065687244
DLBCL10894	0.043264216096534996	0.9149294560732265	0.007817513673276124	0.024955330992617077	0.009033483164345301
DLBCL11672	0.020944810101209268	0.008673558086529169	0.885738333680423	0.06548652527334932	0.019156772858489334
DLBCL10833	0.13350707146993224	0.009032906549575769	0.01353061211517578	0.08418500364818435	0.7597444062171318
DLBC_FF_8046_TP_NB	0.03832874391315347	0.023405580211703737	0.8779033176737852	0.03392504703042213	0.026437311170935583
DLBCL10879	0.006487425073358442	0.012580207617795644	0.9286227294914335	0.02803035466750231	0.02427928314991005
DLBCL10997	0.9164253873225326	0.009626805597644299	0.012164258670464959	0.04503520984036756	0.016748338568990558
DLBCL_MC_F500_ECU	0.02332086882988165	0.8239194492967655	0.036172398726243005	0.01484791610726337	0.10173936703984643
DLBCL11459	0.03140303544501403	0.02380122862177891	0.08335097370630906	0.8469062647608925	0.014538497466005535
DLBCL10853	0.014710047178239127	0.00709519906640855	0.003339966282611108	0.012425888166416998	0.9624288993063242
DLBCL_LS1395	0.014754800977494181	0.03916164941330323	0.9161235999529621	0.016501520401314848	0.013458429254925604
DLBCL10456	0.028133496121042486	0.007523750595936702	0.03831249196539053	0.896672315907241	0.0293579454103893
DLBCL10835	0.015534260626967646	0.11731721804709298	0.011970842412951255	0.05987358482036711	0.795304094092621
DLBCL10466	0.004546696612343218	0.01383349676603412	0.9442264093429099	0.029352737893414953	0.00804065938529778
DLBCL10544	0.022861032452071346	0.007770775501312739	0.030770459710161593	0.8430234109806914	0.09557432135576285
DLBCL_MC_F815_BAT	0.008138965669090586	0.012585562576453855	0.9214609251462211	0.0454326819505252	0.012381864657709242
DLBCL_RICOVER_478	0.070601279521109	0.8220432351671713	0.03527141795727156	0.00829954967417679	0.06378451768027135
DLBCL10494	0.006573173924840218	0.8339451028655593	0.11529748604804838	0.02442813504406256	0.019756102117489516
DLBCL_RICOVER_440	0.007772925216722647	0.8574638955551278	0.11452974968177095	0.010239469459043268	0.009993960087335342
DLBCL10547	0.03166420324737972	0.010586492384615412	0.027647820774253654	0.9169997071636027	0.013101776430148492
DLBCL10981	0.009188036543283526	0.9008612990997785	0.02831491719873274	0.04222040548564936	0.019415341672555837
DLBCL10529	0.004270387111135166	0.03873596108650222	0.013341914183214709	0.014233685495254784	0.9294180521238932
DLBCL11661	0.0051149523627885	0.953859616152744	0.01796512089273791	0.01760151657239924	0.005458794019330355
DLBCL11539	0.9303884216955801	0.0033128411202218325	0.012205417606769997	0.049292518609675	0.004800800967753024
DLBCL_RICOVER_985	0.025568574379529176	0.011973034714716729	0.03364952177365081	0.9174646034210123	0.011344265711090986
DLBCL10847	0.016409080546570535	0.021039373357126658	0.005847642702894487	0.005831694782868601	0.9508722086105397
DLBCL10900	0.029559077721824124	0.003209933241875193	0.005606708355726183	0.025032465630327513	0.936591815050247
DLBCL_C_D_1129_NULLPAIR	0.9315165008300589	0.01222777536835701	0.027537166607266	0.01560205141899711	0.013116505775320949
DLBCL11565	0.004673164848432513	0.9447927841695566	0.011455016666044716	0.022339580733915072	0.016739453582051093
DLBCL11507	0.01433596702499183	0.9376861432707411	0.03464529386080859	0.008500475200351493	0.004832120643107049
DLBCL11564	0.0266122165693201	0.01138614375717325	0.013441605274889006	0.9319383872548666	0.016621647143751084
DLBCL10950	0.8559445295927355	0.05947505864366688	0.009962878753956093	0.05690636638682335	0.01771116662281817
DLBCL_LS297	0.005567108308447535	0.0054705876775672305	0.9635160729078868	0.0219433354608519	0.00350289564524654
DLBCL11558	0.004471344393634155	0.005870013488049308	0.9721622707812014	0.013332189010889912	0.004164182326225189
DLBCL11680	0.007774584580074893	0.007715476342400307	0.9691581622849056	0.012582313569951393	0.002769463222667807
DLBCL11537	0.9536687818334351	0.002907243688841493	0.006739609975105335	0.020023261133690375	0.01666110336892776
DLBCL11461	0.945677719174001	0.005893839323485775	0.01122774639140587	0.03376671197387524	0.0034339831372321443
DLBCL10515	0.935339859385973	0.014080132265660577	0.005962769348966694	0.029687396580145062	0.014929842419254644
DLBCL_RICOVER_829	0.9180041253306933	0.020021669891915537	0.004667542391118864	0.029848527087956715	0.02745813529831555
DLBCL10555	0.006681460109188729	0.010320231377284087	0.9679001092839813	0.01094724744034432	0.004150951789201601
DLBCL_DFCI_DLBCL_GOE16	0.004144280286201806	0.00470118511990933	0.9778514759414287	0.00948433213346801	0.0038187265189921432
DLBCL_LS3749	0.0035870622606552992	0.9745938249951878	0.010288092929816483	0.008596694739220952	0.0029343250751194573
DLBCL11428	0.004563216006093669	0.008273053438361027	0.9726845066388293	0.010528422488423176	0.003950801428292843
DLBCL_RICOVER_449	0.009619721917108743	0.0032584891727242948	0.0028989394330147713	0.008806140656059216	0.975416708821093
DLBCL11476	0.02118076865401662	0.026359631108749924	0.006819800488919197	0.009202347911114876	0.9364374518371994
DLBCL_C_D_1130_NULLPAIR	0.9557142021875191	0.010131379460333611	0.004027743953336788	0.021248663787279493	0.008878010611531035
DLBCL11685	0.002824965071448733	0.00442318621409644	0.98245148531942	0.00678865894371086	0.0035117044513240016
DLBCL10887	0.004014887855977775	0.014476288582637076	0.04643847712652694	0.014765626184769738	0.9203047202500885
DLBCL10912	0.9668705832289326	0.004317446973618988	0.005555219752205063	0.01948668792377939	0.0037700621214639433
DLBCL_LS3200	0.004282185151233123	0.018291410048595438	0.0037334465564461735	0.0056931359492675354	0.9679998222944577
DLBCL_MC_F089_HCZ	0.002877432821599038	0.9716703368390487	0.008614069237050482	0.007575782752956307	0.009262378349345471
DLBCL10510	0.00875989087197822	0.9642051027440232	0.004880275938370849	0.0057027615570034215	0.016451968888624376
DLBCL10836	0.015389384625921463	0.002590912920210241	0.005507610884982344	0.013711429229781745	0.9628006623391042
DLBCL10911	0.01278566282253447	0.969397385232111	0.009576833787919415	0.004004682440590931	0.004235435716844163
DLBCL_MC_F729_MAN	0.00726854719373349	0.9668184376562313	0.01183571914321085	0.006266583599692653	0.007810712407131675
DLBCL10461	0.002136565520407208	0.9751906762402106	0.007649357176756288	0.0026771811331212734	0.01234621992950467
DLBCL_C_D_1114_NULLPAIR	0.98038398521595	0.003880657103717765	0.0025227991593169885	0.009379299254059	0.003833259266956167
DLBCL10992	0.0033433670725342367	0.0015484292142487217	0.003136933928336321	0.005211872413608753	0.9867593973712719
DLBCL_MC_F519_ALT	0.0032102700166325615	0.0033925518808679755	0.0015836115593438557	0.0031037399850788105	0.9887098265580768
DLBCL11203	0.0029800199301629844	0.9873758032060576	0.002932562836809603	0.003952926457895234	0.0027586875690745758
DLBCL10983	0.004248438306899726	0.9775350303281936	0.004373588423010795	0.003746606465405877	0.010096336476490051
DLBCL_RICOVER_417	0.0016718030649774996	0.0016321594114365877	0.001279104819741876	0.0021156679396668286	0.9933012647641772
DLBCL_C_D_1163_NULLPAIR	0.0013261045633370346	0.0012463355685180455	0.0011816563673091181	0.0035135181931753258	0.9927323853076605
DLBCL_LS1065	0.005167389802311798	0.9776483956244362	0.003836348175553725	0.0037841745384543956	0.009563691859243901
DLBCL10550	0.0009669178805137345	0.001678506222082462	0.0010780695236133984	0.0015250814446920334	0.9947514249290984
DLBCL_C_D_1108_NULLPAIR	0.002651779961918311	0.9834025774530099	0.0038890966459796195	0.0019272505633279526	0.008129295375764286
DLBCL_C_D_1136_NULLPAIR	0.0004615291040696701	0.9976137857455847	0.0006770321162604039	0.0005698077155572429	0.0006778453185279965
DLBCL10936	0.18351592317067789	0.26341346314925757	0.1965076057896494	0.12358926201707703	0.23297374587333816
DLBCL_RICOVER_910	0.14767594111828353	0.2872170240431329	0.2340095195094437	0.26524017852123183	0.06585733680790815
DLBCL_C_D_1118_NULLPAIR	0.4675770633551463	0.3545625207212054	0.005671506112533447	0.08724202933940466	0.08494688047171017
DLBCL11478	0.5007290936491784	0.15562683987786163	0.23405503465143918	0.10380078080540486	0.005788251016115975
DLBCL10856	0.09888303844421942	0.24800234134924168	0.3222251698385409	0.16405158097342173	0.1668378693945763
DLBCL10994	0.27943885141145375	0.44287630092939007	0.03567771291542761	0.07500761577300055	0.16699951897072793
DLBCL11436	0.15193005411836064	0.39474225223544374	0.07031800669415	0.1558907489335626	0.22711893801848312
DLBCL11437	0.30836057155905494	0.014533673653073243	0.01871808513063266	0.35321421614775117	0.3051734535094881
DLBCL10565	0.0417260922721111	0.061627746022296225	0.6306996137450146	0.22112975961573525	0.0448167883448429
DLBCL_C_D_1117_NULLPAIR	0.3842245518108556	0.2674905733071138	0.02474429531106316	0.3118531053830608	0.011687474187906622
DLBCL11576	0.12350450668783582	0.12488352000306575	0.3117343346155859	0.42662417856352164	0.013253460129990645
DLBCL_LS2208	0.01912321411145925	0.1220209652332629	0.1986189582053626	0.050340221955125254	0.60989664049479
DLBCL_RICOVER_467	0.010006751599401164	0.186906412602656	0.014270833500692612	0.008273508911115448	0.7805424933861348
DLBCL11430	0.5038212131967222	0.00903966746382479	0.09352066092774607	0.378162796816974	0.01545566159473276
DLBCL_LS762	0.044041853180174693	0.054975480916877505	0.4785003290508816	0.08893089398257029	0.3335514428694959
DLBCL11528	0.2570594965418832	0.2061447994696437	0.3738968747803316	0.12205573127651642	0.0408430979316252
DLBCL_LS3499	0.10494489270868934	0.10399295141643464	0.0670702479687656	0.6916295187628804	0.03236238914323008
DLBCL11671	0.6944934193108441	0.0287691580196786	0.026824693189180755	0.23589904029056918	0.014013689189727407
DLBCL_RICOVER_314	0.021356522627931616	0.25400222095897135	0.06195386596994791	0.10436607796454117	0.558321312478608
DLBCL_RICOVER_945	0.713694938381178	0.12302073033897683	0.018186864343519783	0.09662707928719581	0.048470387649129545
DLBCL10909	0.06288791346951739	0.0411897155014148	0.04393100164301552	0.21227661757598504	0.6397147518100672
DLBCL11519	0.31399078564330574	0.030789810798571297	0.027663874957249646	0.6194955626170606	0.00805996598381267
DLBCL10503	0.08070948755138992	0.49438616982802963	0.2593788130456877	0.021477053423064132	0.1440484761518286
DLBCL11515	0.03180348036034324	0.30756705211741814	0.48802059142441007	0.027854544775221406	0.1447543313226072
DLBCL10885	0.0420314607591699	0.43762838711931956	0.015867898052779328	0.026383813452930595	0.47808844061580064
DLBCL10512	0.015924354906627698	0.12477610937184909	0.5429285553097825	0.12583539075989386	0.19053558965184683
DLBCL11202	0.09652971096017302	0.30893386575614956	0.41881743202680893	0.16838943268675444	0.007329558570114118
DLBCL10974	0.10728253394099614	0.006425902909504618	0.05927216388633962	0.6903254996449174	0.1366938996182422
DLBCL10921	0.01967000282364899	0.5055214052238203	0.02378127786513412	0.017724809276826833	0.43330250481056976
DLBCL10910	0.0328534474659494	0.27969327044827724	0.5741704871168408	0.07678749669916045	0.036495298269772054
DLBCL10871	0.06855739484612206	0.7642253635572905	0.0327439701739026	0.03577964870843725	0.09869362271424756
DLBCL_LS2245	0.16478027914814972	0.41821726522667146	0.3556617362285395	0.04283550072227702	0.018505218674362216
DLBCL10553	0.019822513981890007	0.021388044418354495	0.29267698138366427	0.6437221082775308	0.02239035193856043
DLBCL_LS4054	0.08825198661843665	0.7430706129888627	0.0437828047121923	0.07761105613606084	0.0472835395444475
DLBCL_RICOVER_408	0.014314134995512283	0.5196076386448129	0.38063791020706533	0.05690807297606629	0.028532243176543133
DLBCL_DFCI_DLBCL_GOE05	0.010089837190376386	0.16572661470150868	0.025121141091175157	0.013546632283186078	0.7855157747337537
DLBCL10962	0.028450544623905206	0.7174798652394163	0.0287825505936886	0.018446587400772863	0.20684045214221702
DLBCL10782	0.31113472198876085	0.06094267644035193	0.017966867248034115	0.5937199444415611	0.016235789881292005
DLBCL_C_D_1156_NULLPAIR	0.8068445765483868	0.036706027260524965	0.027944449573146422	0.11159071757097719	0.016914229046964616
DLBCL11496	0.5842419322997725	0.016335968074483318	0.1027335425569631	0.10440484374868333	0.19228371332009772
DLBCL10895	0.016211960977064864	0.09681603981411128	0.06199362877209797	0.0221774058996571	0.8028009645370687
DLBCL_RICOVER_1278	0.06293204339690377	0.01031702692728149	0.020770982759207465	0.29842479660925236	0.607555150307355
DLBC_FF_8042_TP_NB	0.00877755921478622	0.26241659733947414	0.1339428722315844	0.03265550992998466	0.5622074612841705
DLBCL_RICOVER_1018	0.035316348430428614	0.370009801640045	0.03451283777323121	0.508454337066354	0.05170667508994115
DLBCL_LS3245	0.011789683751372782	0.6308188505506244	0.31225546262204656	0.03360944929711797	0.011526553778838345
DLBCL11488	0.7537264786513561	0.008191736519101352	0.012043866345539143	0.08013652570450655	0.1459013927794968
DLBCL_RICOVER_978	0.8481442499282279	0.004457066690681286	0.03845401059216161	0.09319948262574554	0.015745190163183667
DLBCL10495	0.8328517395434577	0.11189698990809895	0.011802572773675222	0.024381436035233284	0.019067261739534803
DLBCL_C_D_1144_NULLPAIR	0.10004921867603998	0.1317824464178918	0.027016661361271604	0.03150729649633794	0.7096443770484587
DLBCL10927	0.2937844971404194	0.009857347374981479	0.03938535106111379	0.6392370757813952	0.017735728642090266
DLBCL10452	0.030987366475256847	0.7383093526656818	0.08961100139059237	0.018767957160519995	0.12232432230794898
DLBCL11590	0.08066167821399207	0.017500995936228156	0.7317032887350454	0.1560822150095226	0.014051822105211775
DLBCL11204	0.02819473873902092	0.8521326676985194	0.051217517006208337	0.015143172587813971	0.053311903968437435
DLBCL10549	0.017260039381963906	0.6362624172158238	0.2916771472817805	0.04431600753181552	0.010484388588616193
DLBCL11658	0.03641797012681503	0.0078959302156988	0.04502514677797146	0.762938281485579	0.1477226713939358
DLBCL10552	0.12828758981257493	0.007309900628851872	0.03118335347018255	0.8224255504930097	0.010793605595380987
DLBCL_RICOVER_274	0.020709392109562928	0.09233533435884383	0.04260270653431801	0.7483260244675239	0.0960265425297513
DLBCL11673	0.02744975935480005	0.8428244160845524	0.09239256525381535	0.024396398891424892	0.012936860415407385
DLBCL11536	0.018155650588534605	0.7860900945748239	0.05753397504541534	0.11272505102373226	0.025495228767493876
DLBCL11470	0.8607086948759707	0.005808649305805447	0.010208413434963058	0.10937628022978908	0.013897962153471695
DLBCL_LS4616	0.00808398592752623	0.1302922087789958	0.8151685804776173	0.0345317760791858	0.011923448736674891
DLBCL10517	0.012953844793574776	0.776690855095419	0.1442189817694212	0.03813325855355179	0.028003059788033233
DLBCL11566	0.010765869272749622	0.057705774449324	0.8933225890186515	0.03136406944579353	0.006841697813481352
DLBCL10935	0.8846521044475	0.06299827987317148	0.009267057774080784	0.02344614795385021	0.019636409951397513
DLBCL10862	0.004564609400081713	0.018092021904193532	0.007747978530630008	0.005217632198072443	0.9643777579670223
DLBCL10472	0.022908718947205347	0.018197437913308474	0.879003650847041	0.07086219501211491	0.009027997280330265
DLBCL10884	0.8381492370158345	0.008580427340171295	0.009598519138657802	0.12238017602828558	0.02129164047705082
DLBCL10993	0.8539688488097013	0.005553747063389973	0.02688337227219071	0.07231549017947879	0.04127854167523924
DLBCL11195	0.0047793701151738555	0.05407332958297776	0.013177686495603188	0.014454175267727196	0.913515438538518
DLBCL10564	0.02188809899725473	0.009816886245115187	0.029446343525588014	0.9199572644448984	0.018891406787143624
DLBCL_LS2357	0.022112695217212243	0.00911032662142302	0.04577065177877191	0.9103963121008605	0.012610014281732331
DLBCL10535	0.018696706200122416	0.016510691470009397	0.010095607256449124	0.010612692680996691	0.9440843023924224
DLBCL10781	0.005962205970360578	0.011759641137938287	0.0069363268567299505	0.01139697897013469	0.9639448470648365
DLBCL10844	0.9316623236658452	0.014306630590261327	0.013118659438929021	0.018858940865393664	0.022053445439570725
DLBCL11353	0.0026765622240389744	0.011205949301576265	0.009526132225892058	0.004822312356866141	0.9717690438916265
DLBCL_RICOVER_577	0.005641994989437004	0.011388585036080697	0.9580122514175383	0.0170041551033762	0.007953013453567777
DLBCL11456	0.014245674238610456	0.9488312534777401	0.014183159849840669	0.014130209262310829	0.008609703171497906
DLBCL11656	0.008317065829026382	0.005108721015748623	0.9568899103490321	0.017476811104461726	0.01220749170173117
DLBCL_LS2599	0.009627559473480929	0.01652292249261332	0.9342138537565506	0.03383276899116596	0.005802895286189144
DLBCL10525	0.920127004442967	0.003652224416101961	0.014558579990740702	0.026470690083035733	0.035191501067154594
DLBCL_RICOVER_977	0.9593530290583051	0.002418489614287739	0.005807873631158336	0.02136053899160513	0.011060068704643652
DLBCL11450	0.007866571581926248	0.013581542369447329	0.0038523742951517615	0.015650045888377106	0.9590494658650975
DLBCL_C_D_1128_NULLPAIR	0.9436014733957394	0.012741686682541198	0.0050990136681896185	0.02103949416880357	0.01751833208472623
DLBCL_RICOVER_850	0.00348010149759101	0.017762238895982704	0.013245294444805635	0.01893981564221396	0.9465725495194067
DLBCL_LS2089	0.007747220360832463	0.9214350576574009	0.007796899410667015	0.004953878869793021	0.05806694370130666
DLBCL10883	0.02479131395875634	0.00442771994673075	0.016755092517458898	0.014797268371759872	0.9392286052052942
DLBCL_RICOVER_1248	0.007606830853195712	0.01094533157074094	0.0021038848902789164	0.004169258858309249	0.9751746938274752
DLBCL_RICOVER_1289	0.00793896140041397	0.0034577060867111683	0.00906684795683634	0.02195469073519866	0.9575817938208399
DLBCL_RICOVER_1106	0.006937552799180125	0.02279525318316014	0.007092057346734488	0.02909518822852581	0.9340799484423994
DLBCL_RICOVER_221	0.002387418361835008	0.0067218039178678765	0.006480137517458508	0.005770821744981177	0.9786398184578574
DLBCL10931	0.9472632320006622	0.004526065006015557	0.005137486709008511	0.030744983814346986	0.012328232469966748
DLBCL10530	0.002710132147679115	0.00820189669850978	0.0017650671503721092	0.003483042810847566	0.9838398611925915
DLBCL11500	0.0062935930163319645	0.004454442412433881	0.010870767817865432	0.011333647053300205	0.9670475497000686
DLBCL10890	0.004413574735382757	0.01199515788287963	0.006719768984108428	0.010548341033294864	0.9663231573643343
DLBCL_DFCI_DLBCL_GOE07	0.013231857672852478	0.9481050545237393	0.014217154262862122	0.006635415254639336	0.017810518285906792
DLBCL11670	0.0033997710312709756	0.007961553916160932	0.974810721835971	0.009366137476063062	0.004461815740534135
DLBCL_C_D_1125_NULLPAIR	0.0017645291934940007	0.005325430264183679	0.0013308389645488737	0.0024278826807434257	0.98915131889703
DLBCL10852	0.007150826088051599	0.006142346956192446	0.004925759166793219	0.019206910215060546	0.9625741575739022
DLBCL_RICOVER_451	0.9738822124307162	0.005779919191654461	0.0035629731578601096	0.012700940730878987	0.004073954488890249
DLBCL11667	0.003418465957379482	0.0071482202546517	0.9784765248022409	0.007733248418716475	0.0032235405670114
DLBCL10880	0.00422067327750119	0.0018821989798359353	0.0019627844930501506	0.004700092690710773	0.9872342505589019
DLBCL10465	0.0028109292199615596	0.0059372790313781025	0.9787105537219293	0.009348437040127996	0.0031928009866030766
DLBCL_LS1757	0.9741230777581641	0.006943503275217502	0.0032324457692961524	0.01117170821207427	0.004529264985247953
DLBCL10922	0.0080160993315762	0.965957111867774	0.01402209717968393	0.005783447836368795	0.006221243784597094
DLBCL_RICOVER_533	0.006015282755825597	0.9749072014103448	0.00868025372722555	0.006541902562358436	0.0038553595442456577
DLBCL10951	0.001497392692207949	0.0025688455353884876	0.0014293831976450063	0.0022028717237337634	0.9923015068510248
DLBCL10903	0.003987825537841965	0.9646647639144097	0.016853543632561772	0.004902577160002839	0.00959128975518374
DLBCL10534	0.00029207510505587013	0.0003684348159359937	0.00023684588711675328	0.0004460496410463919	0.998656594550845
DLBC_FF_8043_TP_NB	0.016547502891359513	0.9557209359465135	0.010410621690641126	0.010336018629274761	0.006984920842211041
DLBCL_LS146	0.0008106458794940269	0.9961990804641498	0.0013312709294412478	0.0007131963955784941	0.0009458063313364203
DLBCL11188	0.0013901699807797126	0.9931387615040523	0.0016753501873400768	0.00138873288660226	0.002406985441225633
DLBCL10908	0.11542578059741786	0.2317301336087081	0.291059957718563	0.09977023031843558	0.26201389775687556
DLBCL10486	0.2571789853515428	0.306632637642961	0.09017051533630054	0.10063792166503831	0.2453799400041573
DLBCL11441	0.17860205584977293	0.029484475377836217	0.08368036808435876	0.17603497510375535	0.5321981255842767
DLBCL_C_D_1105_NULLPAIR	0.5231022132059195	0.24408522133448196	0.017002591815838453	0.034002064904645066	0.18180790873911495
DLBCL10985	0.15240915867646596	0.4538091642846678	0.020282209557605388	0.3206521825085989	0.05284728497266201
DLBCL11480	0.4369767787142265	0.04443847198789445	0.05507357007048636	0.09022956860518681	0.37328161062220594
DLBCL_RICOVER_216	0.10976351206269999	0.1991766514942788	0.14036636881016562	0.07191242500389108	0.47878104262896465
DLBCL_LS2154	0.34924846565791834	0.4358892766366155	0.04846366503421014	0.07087153281873634	0.09552705985251973
DLBCL10451	0.41104740877740903	0.06232657099671663	0.4711683741125398	0.043012871690962316	0.01244477442237232
DLBCL_RICOVER_522	0.04294431444479488	0.020404468998145284	0.6294816450868851	0.2999191350138303	0.007250436456344404
DLBCL_RICOVER_773	0.010481441242178653	0.24824655122402875	0.060549082915381774	0.013790493455493921	0.6669324311629169
DLBCL10980	0.00729722568310071	0.19632981779083447	0.023874882543322984	0.016143109461439903	0.7563549645213019
DLBCL10780	0.02286377076172446	0.4269781856775456	0.47719298411292743	0.06463366863922718	0.008331390808575315
DLBCL11449	0.022052816399773457	0.403920960723458	0.059236217656378785	0.04870119498691548	0.4660888102334742
DLBCL11206	0.014255236425802594	0.409540288883842	0.07650990312927881	0.014667289982867465	0.4850272815782091
DLBCL_MC_F218_RAP	0.25244407194867813	0.014135703418443083	0.1178599609963031	0.5975979737297996	0.017962289906776195
DLBC_FF_A7CX_TP_NB	0.4799585060843618	0.04729089480252707	0.1312441436754712	0.06350602070892103	0.278000434728719
DLBCL10539	0.033201284453953414	0.2901607796067624	0.05623225342043871	0.47396562481728516	0.1464400577015603
DLBCL_MC_F307_JPS	0.6837931067330364	0.11725486249518424	0.03916817849545973	0.06999127037707041	0.08979258189924921
DLBCL11447	0.03780301399615266	0.011312314524835174	0.030603194828018734	0.527957335559963	0.3923241410910305
DLBCL_RICOVER_1060	0.2022637956293751	0.1925310875897635	0.038929755948017696	0.04873841466809732	0.5175369461647464
DLBCL_C_D_1109_NULLPAIR	0.18791032158033313	0.009038856863960644	0.016981461208490627	0.7091519709219862	0.07691738942522935
DLBCL10957	0.6794112362458865	0.053827160040645104	0.10005816297257798	0.14507441913741367	0.02162902160347669
DLBCL10490	0.7651930642610834	0.048428746033544606	0.0064339506655586775	0.11847822832179974	0.06146601071801365
DLBCL10906	0.05760742219934375	0.5372642014156003	0.0559272049013459	0.03688352110796065	0.3123176503757494
DLBCL11538	0.026874272754438492	0.017316595892824287	0.5737197563890234	0.10574138117130864	0.27634799379240516
DLBCL11504	0.08752136674497817	0.22906441440665873	0.07897245531240185	0.0861023503847001	0.5183394131512612
DLBCL_LS2590	0.02511293847365841	0.008019733810801156	0.036650897658957425	0.23096046731299344	0.6992559627435896
DLBCL_RICOVER_506	0.011412640399577633	0.37900905954488884	0.013820827897083514	0.01940122329579843	0.5763562488626516
DLBCL10969	0.7300122529777995	0.07408964332383933	0.12090918724644754	0.06399097779591977	0.010997938655993822
DLBCL_LS1668	0.03142562885853865	0.19688281757957415	0.2018269480497322	0.5309909761059952	0.03887362940615974
DLBCL_C_D_1112_NULLPAIR	0.030957586984300903	0.17121815588594136	0.6959353265150465	0.07724123150173515	0.02464769911297615
DLBCL11433	0.05216554597895048	0.0113371180369048	0.18171304785482856	0.6893896200583243	0.06539466807099197
DLBCL_RICOVER_1210	0.00877858976109119	0.6397700589647354	0.24762511101761314	0.08384237856183394	0.019983861694726393
DLBCL_RICOVER_720	0.022122376686771278	0.6138843294588489	0.03165779848610068	0.00942277663252324	0.3229127187357559
DLBC_FF_8062_TP_NB	0.07940688959438373	0.017900953145079175	0.12069506272209628	0.7419367855235349	0.04006030901490588
DLBCL10925	0.08080728677451729	0.06910342934117239	0.016159590877701854	0.16452650606629052	0.669403186940318
DLBCL10482	0.7485828516779542	0.014513645107763486	0.011784200276360006	0.07605558776531396	0.14906371517260833
DLBCL_C_D_1126_NULLPAIR	0.05646729553426335	0.7824041211261997	0.03765566363450491	0.030329323926618988	0.09314359577841298
DLBCL11205	0.8127416146634335	0.04008314211845262	0.08028159212726141	0.06150776937088174	0.005385881719970638
DLBCL10863	0.06285778599074796	0.00558727328957641	0.03237314179459436	0.6954025794238662	0.2037792195012151
DLBCL_C_D_1119_NULLPAIR	0.11575541073648708	0.834996852378265	0.014102676921263975	0.012383525895797621	0.022761534068186207
DLBCL11460	0.15225400351249957	0.04977839399592376	0.01788647939863811	0.7386110373864868	0.04147008570645178
DLBCL11527	0.02888597667017863	0.006832834400967577	0.06899226084363774	0.8605188665145603	0.03477006157065566
DLBCL11484	0.057241960415691205	0.6761864226396204	0.10009028091717317	0.03874465232720775	0.1277366837003074
DLBCL_LS1098	0.02127631495258938	0.00897487830573237	0.8845435020539607	0.07791234347494028	0.0072929612127772755
DLBCL_MC_F064AB	0.012745346555478761	0.011000570303945887	0.8935499457686044	0.0734157229974691	0.009288414374501865
DLBCL11457	0.8919809183336278	0.004448230095275504	0.013529080508013236	0.07415579356286707	0.015885977500216357
DLBCL10523	0.027418136756830053	0.009745287823520792	0.8796907816810221	0.07757644948175359	0.005569344256873396
DLBCL10532	0.013981995101449481	0.03138891513475638	0.14159250422944444	0.07259977562146812	0.7404368099128815
DLBCL11474	0.6592964511119243	0.009695318112707924	0.026204918073639717	0.24843226348987552	0.05637104921185257
DLBCL10972	0.7372225075401676	0.02162652289201458	0.047809060820381916	0.09445685576467795	0.09888505298275789
DLBCL_RICOVER_473	0.856689615919526	0.03956344558255353	0.008643593950612654	0.041763881795237046	0.053339462752070764
DLBCL10483	0.005092862859598747	0.9108015694257121	0.06212665154370524	0.0060792689938011825	0.015899647177182664
DLBCL_RICOVER_956	0.009284414317349462	0.04623612863673742	0.01325811413080277	0.025626529453373525	0.9055948134617368
DLBCL10963	0.02463606049493394	0.04302460699977575	0.011891184762769347	0.04130537702405849	0.8791427707184625
DLBCL11435	0.873543660379416	0.004723733548753799	0.012899176759429408	0.09630569800835509	0.01252773130404568
DLBCL_RICOVER_496	0.015481777389407023	0.8672196752554393	0.07965409888603558	0.022743209929868422	0.014901238539249623
DLBCL11526	0.11589946379701879	0.04897489030972921	0.7672861239070781	0.05967860497636415	0.008160917009809799
DLBCL_LS155	0.009568247834716766	0.0076164685509759675	0.9234219579504671	0.05246189957293321	0.006931426090906939
DLBCL11458	0.07582306697493311	0.08421409396977507	0.7788578731767115	0.0297070730468742	0.03139789283170613
DLBCL10954	0.0181724177760206	0.7995263662797	0.03115255181731425	0.0254678813027388	0.1256807828242264
DLBCL_C_D_1113_NULLPAIR	0.01700944102774942	0.024845461855391188	0.9160205405927416	0.03196632240588962	0.010158234118228152
DLBCL11002	0.058751627639702604	0.013481550398787647	0.035625826666976355	0.8803600208352357	0.01178097445929773
DLBCL11472	0.8436076877519821	0.004106144804475176	0.018020681112951777	0.10115312196979513	0.03311236436079583
DLBCL_RICOVER_299	0.006508731235169914	0.7491014845639251	0.20485217734309746	0.012308713968561258	0.027228892889246237
DLBCL11681	0.8538645576642988	0.003920313289862344	0.027269181355448726	0.06545356167842377	0.04949238601196635
DLBCL10968	0.7771452811787822	0.0050108743814740175	0.013150442343450171	0.1619643666749723	0.04272903542132134
DLBCL_RICOVER_1032	0.006945848826370567	0.05685109036237664	0.006385833295520676	0.007679333763280849	0.9221378937524513
DLBCL10934	0.014918584705102992	0.8880145700478458	0.016574328382554956	0.03319140046953974	0.04730111639495648
DLBCL10930	0.1914652337621154	0.019038410294988574	0.009759529643634742	0.03287755003710846	0.7468592762621528
DLBCL10965	0.08179843315384026	0.005546301035604203	0.029999334465430457	0.8510994668176781	0.03155646452744702
DLBCL10902	0.021584629038471196	0.15443225258977672	0.0544799197459011	0.015962976158877585	0.7535402224669734
DLBCL_RICOVER_701	0.05906234838215861	0.006934926478648832	0.023582204872881086	0.8947100410529366	0.015710479213374828
DLBCL_C_D_1141_NULLPAIR	0.00596609431125492	0.012750453972694722	0.9461613283012992	0.015122590591809067	0.019999532822942066
DLBCL_RICOVER_1165	0.012380547137307973	0.8704464391882437	0.07832731422777924	0.007748576610444761	0.031097122836224303
DLBCL_RICOVER_1061	0.047235404729495625	0.005012895920314725	0.03065262733111883	0.9050810563921109	0.01201801562695989
DLBCL_C_D_1133_NULLPAIR	0.014926920496425671	0.053376215681398914	0.8790919903743378	0.021950541120447475	0.030654332327390132
DLBCL11675	0.011357991348008273	0.004461700334607606	0.9090506894383783	0.05671615995017393	0.018413458928831918
DLBCL10999	0.004012489419461081	0.013089289853212893	0.024674448494813046	0.031563276535877594	0.9266604956966353
DLBCL11486	0.7937163229931263	0.048304274542157494	0.009839049167968107	0.029143368155158354	0.11899698514158971
DLBCL10898	0.044993328191234	0.18934507535292674	0.010395822090520033	0.023762907344248813	0.7315028670210705
DLBCL10857	0.019183183829169163	0.006522806838930711	0.005143459811154371	0.030153858670577495	0.9389966908501682
DLBCL_MC_F139_LJF	0.04206251988749022	0.005204321320697763	0.02625869629101148	0.9132317789408749	0.01324268355992563
DLBCL11003	0.01512591865089834	0.8065086174048947	0.021907351868912385	0.01602381577256956	0.14043429630272505
DLBCL10498	0.007215120346017299	0.008761246720183606	0.9599242386417909	0.021012234375163204	0.0030871599168450347
DLBCL_RICOVER_744	0.015004112689922489	0.007447286853727771	0.9569334128957068	0.014648749913392914	0.005966437647250028
DLBCL11512	0.8666563388322414	0.055263457207698194	0.018461810216088243	0.055624410556461716	0.00399398318751041
DLBCL10502	0.006244278933380461	0.9198134843195388	0.05444781895653483	0.009243330328621392	0.010251087461924527
DLBCL10459	0.0034296399669839937	0.010948595818382074	0.9662614346618437	0.013353004324756008	0.006007325228034239
DLBCL10860	0.0017217826171117708	0.00563634563353987	0.005243598834609428	0.007594807525274755	0.9798034653894642
DLBCL10460	0.008719192178034324	0.9575470985382158	0.02324771776143366	0.005330741996775095	0.005155249525541112
DLBCL_LS378	0.9530793418292568	0.010611152500404822	0.01696481589460516	0.013672463486261548	0.0056722262894716435
DLBCL_MC_F349_BJJ	0.003810205794395468	0.0058525649234493545	0.9757321484764294	0.009062074783462942	0.005543006022262822
DLBCL_RICOVER_712	0.009690083239545023	0.019630441961750705	0.0099768815067462	0.016928598116614332	0.9437739951753438
DLBCL11666	0.004061173464090885	0.0065368631917125586	0.9786012122572808	0.007771693600718177	0.0030290574861975305
DLBCL10901	0.018509084703394303	0.016316122117443686	0.006924901552127156	0.017879873212667655	0.9403700184143672
DLBCL_MC_F262_WLC	0.97800627027929	0.00392852234591202	0.0028648826327278627	0.0099316805176473	0.005268644224422835
DLBCL10458	0.9745902117586541	0.00656696248081857	0.005498409340861021	0.010795156671313491	0.002549259748352768
DLBCL10977	0.006387942588983391	0.003460003140037967	0.012948213988815939	0.01109183142776235	0.9661120088544004
DLBCL10990	0.0032284193379972805	0.011833908835443654	0.0037658896478367006	0.0048847144778379255	0.9762870677008845
DLBCL10850	0.003906970399431544	0.989587678797725	0.0022739365907768084	0.0014447986696360321	0.002786615542430633
DLBCL10842	0.003332892068574159	0.0029688116776687046	0.005901513034874042	0.009082010632705747	0.9787147725861773
DLBCL10889	0.003290260280218496	0.002806326615394711	0.005831696251089183	0.006041040146651015	0.9820306767066466
DLBCL11000	0.002036290717768729	0.00281931429152454	0.0025300404382336637	0.004675522869512851	0.9879388316829603
DLBCL_RICOVER_174	0.0014655277838077387	0.995957958514789	0.0011648378796965144	0.0006578979158592257	0.0007537779058475676
DLBCL_C_D_1131_NULLPAIR	0.0030223794995883294	0.9822947919794033	0.004626952919799989	0.002090176846483222	0.007965698754725197
DLBCL10834	0.0	1.0	0.0	0.0	0.0
DLBCL_RICOVER_1192	0.0006412491970956298	0.0014432024996779728	0.0007524607968386268	0.001216830950827164	0.9959462565555606
DLBCL_RICOVER_253	0.00012665100968118186	0.9994015576991172	0.00018898879740832471	9.348498199588733e-05	0.00018931751179735275
DLBCL11467	0.15921210711484865	0.214316077593957	0.196831562963207	0.30760248370594556	0.12203776862204159
DLBCL11483	0.18895670118949845	0.1483847021362972	0.1344729552245568	0.10939257823968765	0.4187930632099599
DLBCL10865	0.11752918449022387	0.1563069856296151	0.04744611777670519	0.06276240274799813	0.6159553093554577
DLBCL_LS2328	0.0502946495187148	0.409730439451563	0.5101906203992823	0.024743777236590915	0.005040513393848909
DLBCL_MC_F927_JHS	0.12167208162144522	0.20483256213204082	0.1449929775254302	0.10551794060235803	0.42298443811872566
DLBCL10837	0.07953457221914166	0.01721915785103718	0.24334456022152087	0.2216850160299533	0.43821669367834704
DLBCL11591	0.010613969521230495	0.7200657313420677	0.22698794037247633	0.010176798074684286	0.032155560689541215
DLBCL10487	0.42136255683456825	0.32372644545247614	0.029295427027387883	0.19212004661761425	0.03349552406795343
DLBCL_LS4593	0.014165320537778104	0.1848698320381148	0.6160849136863487	0.11531002761570189	0.06956990612205653
DLBCL10877	0.6094643762798247	0.10614932654007035	0.11525569479916536	0.09922548340384704	0.06990511897709253
DLBCL11448	0.07868791590605839	0.5101848104791743	0.10879444286761566	0.2145724012820967	0.08776042946505497
DLBCL10918	0.7201641715078562	0.027425557093901633	0.009283567024699976	0.03961706134406879	0.20350964302947339
DLBCL11535	0.11602046127662866	0.03321265040239551	0.050617899528868006	0.4684043816077062	0.33174460718440174
DLBCL_RICOVER_258	0.5507099065419947	0.025472121880285675	0.09700934660064742	0.05979793661151768	0.2670106883655546
DLBCL_RICOVER_320	0.09264010338948903	0.20009518928171627	0.4871293024614024	0.12174483334849627	0.09839057151889609
DLBCL10462	0.9140809613804141	0.00459946777747855	0.012700636891629348	0.03504771181337694	0.03357122213710116
DLBCL10454	0.06936339280149074	0.5332504396651909	0.046492336183498635	0.029323364454775104	0.32157046689504465
