	0	1	2	3	4
DLBCL11431	0.14168795331436537	0.21812407632024292	0.2068581608861867	0.12994714465485094	0.303382664824354
DLBCL_C_D_PAIR13	0.15288389530559465	0.22452795244733917	0.17304755927682025	0.11539192733849798	0.33414866563174817
DLBCL_RICOVER_1045	0.49814460303998015	0.05025107493376197	0.05139625626121555	0.3097746043218051	0.09043346144323725
DFCIDL004_DT	0.35940053604828076	0.009670531415236652	0.01978678984894386	0.1640085766070267	0.4471335660805121
DLBCL10914	0.5387215264643298	0.11800529525227293	0.2175039927326039	0.07270591158586952	0.05306327396492391
DLBCL_BWH_DLBCL64	0.23069153185300045	0.3237847749007565	0.055375230236507415	0.37303423508768013	0.017114227922055397
DLBCL10874	0.07244420199355985	0.32247092124721044	0.03880227330641084	0.25900516750400737	0.30727743594881163
DLBCL_C_D_1159_NULLPAIR	0.701643932291889	0.009479728984483949	0.01440980626175523	0.249614858824217	0.024851673637654774
DLBCL_RICOVER_787	0.3321115662652787	0.19111403104165717	0.057710010372196946	0.3982928524925748	0.02077153982829241
DLBCL11534	0.16277820438712357	0.06181129254621358	0.4751693150321808	0.20972183671473427	0.09051935131974792
DLBCL_MAYO_DLBCL_3653	0.2510761002777849	0.06349205302511153	0.0738602657977328	0.2135777853192131	0.3979937955801577
DLBCL_RICOVER_711	0.22927367938837934	0.26691542259192613	0.030086387576393495	0.4605740977091423	0.013150412734158849
DLBCL_RICOVER_1046	0.00817767517194392	0.39737063772675246	0.5027565915288654	0.018392137253897864	0.07330295831854035
DLBCL11462	0.6503849369753005	0.01995576064965214	0.08391345167271816	0.03731872971949168	0.20842712098283753
DLBCL11491	0.06075694226457573	0.010175224565231579	0.03871486651541548	0.2547522233791747	0.6356007432756026
DLBCL10513	0.26841695500819	0.057646483061728516	0.06917524406364264	0.5912204470099154	0.01354087085652347
DLBCL10945	0.7464218898738061	0.017909573090342752	0.005060123207226319	0.05314241335732229	0.1774660004713026
DLBCL_LS1304	0.01786067681513563	0.055373626763381256	0.670391940905845	0.03465427396591793	0.22171948154972024
DLBCL_RICOVER_111	0.04928891382390766	0.0634846177274885	0.17396375934444672	0.06339840666574803	0.6498643024384091
DLBCL11479	0.07230166493548545	0.6108010069104791	0.0768308397891976	0.0383603740514963	0.20170611431334154
DLBCL11652	0.5518474601574976	0.32722325806423724	0.06340203744646353	0.034311593020822234	0.02321565131097931
DLBCL_LS2325	0.022388228226466803	0.5236646257902312	0.4139803368409749	0.028474588320276818	0.011492220822050233
DLBCL10491	0.030718003449030192	0.26064740422539595	0.13908169003751178	0.5568732976728785	0.012679604615183448
DLBCL10846	0.28704650196903153	0.5655323882310973	0.015188087115831441	0.0757014526542978	0.05653157002974189
DLBCL10915	0.025495784870448658	0.52667261440985	0.05388490514250134	0.05622630785528806	0.3377203877219119
DLBCL11429	0.6189109163102154	0.0038713228177668824	0.03915864774327298	0.2656421243538846	0.07241698877486008
DLBCL11662	0.8180785292616318	0.012639249407157596	0.0063342308542813554	0.07125817737090202	0.09168981310602724
DLBC_FF_A7CQ_TP_NB	0.07995121725880934	0.011636820897851417	0.010861214965912974	0.06596646296178162	0.8315842839156447
DLBCL10986	0.5088908714699499	0.14155994218068557	0.04567521761025757	0.13847232091923806	0.1654016478198689
DLBCL_LS1921	0.011979327336854478	0.7981920144516321	0.08163484797804219	0.09250523077905493	0.015688579454416235
DLBCL10521	0.024483479214463495	0.2393892249350614	0.011628633799823644	0.007297385559879409	0.7172012764907721
DLBCL10858	0.08636332149532965	0.004813842990658627	0.027919477255357553	0.37206385223079025	0.508839506027864
DLBCL_C_D_1148_NULLPAIR	0.3970507212350939	0.005845711184596155	0.15228330358608455	0.4313772269854899	0.013443037008735538
DLBCL_RICOVER_1287	0.07361553210820922	0.20527433783405688	0.034902324900106654	0.03423421430345163	0.6519735908541757
DLBCL10878	0.11451219645760796	0.029864959504832228	0.018202413143859918	0.027448957396132918	0.809971473497567
DLBCL11520	0.8948128951156269	0.006523414196732683	0.0072816462813213405	0.028542745518148904	0.06283929888817023
DLBCL10891	0.025760020115796266	0.006730630446719984	0.09219280072946208	0.1349250684898347	0.7403914802181869
DLBCL10868	0.12593299661251686	0.0101724829288809	0.012646723167972534	0.7030941540460693	0.14815364324456032
DLBCL_MC_F606_DMJ	0.012049923991954382	0.1128515304447675	0.8323153586859906	0.018531784248084878	0.024251402629202577
DLBCL_LS951	0.7727661411487858	0.028828691137283487	0.023482469626744048	0.15791036858207141	0.0170123295051152
DLBCL10866	0.03439113972165602	0.01056244821807703	0.013788310103007073	0.17708033663237416	0.7641777653248858
DLBCL10536	0.014193572542518162	0.1319542180122593	0.7790882170057305	0.05755948834996749	0.017204504089524543
DLBCL11481	0.7731803699757125	0.017334316481503173	0.10025188270892915	0.08761081625796699	0.02162261457588824
DLBCL_RICOVER_950	0.048554806489394586	0.01805306975922756	0.1609486308058614	0.7617268720835433	0.010716620861973216
DLBCL10867	0.02084111838889906	0.7660535688594194	0.012378295315161226	0.01247752677964792	0.18824949065687235
DLBCL10894	0.043264216096534996	0.9149294560732265	0.007817513673276124	0.024955330992617077	0.009033483164345301
DLBCL11672	0.020944810101209244	0.00867355808652916	0.8857383336804231	0.06548652527334925	0.019156772858489313
DLBCL10833	0.13350707146993224	0.009032906549575769	0.013530612115175781	0.08418500364818435	0.7597444062171318
DLBC_FF_8046_TP_NB	0.03832874391315347	0.023405580211703737	0.8779033176737852	0.03392504703042213	0.026437311170935583
DLBCL10879	0.006487425073358432	0.012580207617795623	0.9286227294914337	0.02803035466750226	0.024279283149910007
DLBCL10997	0.9164253873225325	0.009626805597644311	0.012164258670464976	0.04503520984036762	0.01674833856899058
DLBCL_MC_F500_ECU	0.02332086882988165	0.8239194492967655	0.036172398726243005	0.01484791610726337	0.10173936703984643
DLBCL11459	0.03140303544501403	0.02380122862177891	0.08335097370630906	0.8469062647608925	0.014538497466005535
DLBCL10853	0.014710047178239127	0.0070951990664085505	0.003339966282611108	0.012425888166416998	0.9624288993063242
DLBCL_LS1395	0.014754800977494162	0.039161649413303176	0.9161235999529622	0.016501520401314827	0.01345842925492559
DLBCL10456	0.028133496121042486	0.007523750595936702	0.03831249196539053	0.896672315907241	0.0293579454103893
DLBCL10835	0.015534260626967646	0.11731721804709298	0.011970842412951255	0.05987358482036711	0.795304094092621
DLBCL10466	0.004546696612343218	0.013833496766034117	0.9442264093429099	0.029352737893414953	0.00804065938529778
DLBCL10544	0.022861032452071346	0.007770775501312739	0.030770459710161593	0.8430234109806914	0.09557432135576285
DLBCL_MC_F815_BAT	0.008138965669090588	0.012585562576453853	0.9214609251462211	0.0454326819505252	0.012381864657709242
DLBCL_RICOVER_478	0.070601279521109	0.8220432351671713	0.03527141795727156	0.008299549674176789	0.06378451768027135
DLBCL10494	0.006573173924840218	0.8339451028655593	0.11529748604804838	0.02442813504406256	0.019756102117489516
DLBCL_RICOVER_440	0.007772925216722647	0.8574638955551278	0.11452974968177095	0.010239469459043268	0.009993960087335342
DLBCL10547	0.03166420324737972	0.010586492384615412	0.027647820774253654	0.9169997071636027	0.013101776430148492
DLBCL10981	0.009188036543283524	0.9008612990997785	0.028314917198732747	0.04222040548564936	0.019415341672555837
DLBCL10529	0.004270387111135159	0.03873596108650215	0.013341914183214686	0.014233685495254762	0.9294180521238933
DLBCL11661	0.0051149523627885	0.953859616152744	0.017965120892737912	0.01760151657239924	0.005458794019330355
DLBCL11539	0.9303884216955801	0.0033128411202218325	0.012205417606769997	0.049292518609675	0.0048008009677530245
DLBCL_RICOVER_985	0.025568574379529176	0.011973034714716727	0.03364952177365081	0.9174646034210123	0.011344265711090986
DLBCL10847	0.016409080546570535	0.021039373357126658	0.005847642702894486	0.005831694782868601	0.9508722086105397
DLBCL10900	0.029559077721824124	0.003209933241875193	0.005606708355726183	0.025032465630327513	0.936591815050247
DLBCL_C_D_1129_NULLPAIR	0.9315165008300589	0.012227775368357008	0.027537166607266003	0.015602051418997107	0.01311650577532095
DLBCL11565	0.004673164848432504	0.9447927841695567	0.011455016666044695	0.022339580733915027	0.016739453582051058
DLBCL11507	0.01433596702499183	0.9376861432707411	0.03464529386080859	0.008500475200351493	0.004832120643107049
DLBCL11564	0.0266122165693201	0.01138614375717325	0.01344160527488901	0.9319383872548666	0.016621647143751084
DLBCL10950	0.8559445295927356	0.05947505864366683	0.009962878753956085	0.05690636638682331	0.017711166622818155
DLBCL_LS297	0.005567108308447535	0.0054705876775672305	0.9635160729078868	0.0219433354608519	0.00350289564524654
DLBCL11558	0.004471344393634155	0.005870013488049307	0.9721622707812014	0.013332189010889912	0.004164182326225189
DLBCL11680	0.0077745845800748946	0.0077154763424003075	0.9691581622849056	0.012582313569951396	0.0027694632226678085
DLBCL11537	0.9536687818334351	0.002907243688841493	0.006739609975105335	0.020023261133690375	0.01666110336892776
DLBCL11461	0.945677719174001	0.005893839323485775	0.011227746391405872	0.03376671197387524	0.0034339831372321447
DLBCL10515	0.9353398593859732	0.014080132265660553	0.005962769348966684	0.02968739658014501	0.014929842419254618
DLBCL_RICOVER_829	0.9180041253306932	0.020021669891915568	0.00466754239111887	0.029848527087956756	0.02745813529831559
DLBCL10555	0.006681460109188729	0.010320231377284087	0.9679001092839813	0.01094724744034432	0.004150951789201601
DLBCL_DFCI_DLBCL_GOE16	0.0041442802862018055	0.00470118511990933	0.9778514759414287	0.009484332133468013	0.0038187265189921424
DLBCL_LS3749	0.003587062260655299	0.9745938249951878	0.010288092929816483	0.008596694739220952	0.0029343250751194573
DLBCL11428	0.00456321600609365	0.008273053438360992	0.9726845066388294	0.01052842248842313	0.003950801428292827
DLBCL_RICOVER_449	0.009619721917108786	0.0032584891727243095	0.0028989394330147847	0.008806140656059256	0.9754167088210929
DLBCL11476	0.02118076865401662	0.026359631108749924	0.006819800488919197	0.009202347911114876	0.9364374518371994
DLBCL_C_D_1130_NULLPAIR	0.9557142021875191	0.010131379460333611	0.004027743953336788	0.021248663787279493	0.008878010611531035
DLBCL11685	0.002824965071448732	0.004423186214096439	0.98245148531942	0.006788658943710858	0.003511704451324001
DLBCL10887	0.004014887855977775	0.014476288582637078	0.04643847712652695	0.014765626184769738	0.9203047202500885
DLBCL10912	0.9668705832289326	0.004317446973618988	0.005555219752205063	0.019486687923779385	0.0037700621214639433
DLBCL_LS3200	0.004282185151233123	0.018291410048595438	0.0037334465564461735	0.0056931359492675354	0.9679998222944577
DLBCL_MC_F089_HCZ	0.002877432821599038	0.9716703368390487	0.008614069237050482	0.007575782752956307	0.009262378349345471
DLBCL10510	0.00875989087197822	0.9642051027440232	0.004880275938370849	0.0057027615570034215	0.016451968888624376
DLBCL10836	0.01538938462592146	0.002590912920210241	0.005507610884982344	0.013711429229781745	0.9628006623391042
DLBCL10911	0.01278566282253447	0.969397385232111	0.009576833787919415	0.004004682440590931	0.004235435716844162
DLBCL_MC_F729_MAN	0.007268547193733464	0.9668184376562314	0.011835719143210808	0.0062665835996926315	0.007810712407131647
DLBCL10461	0.002136565520407208	0.9751906762402106	0.007649357176756289	0.0026771811331212734	0.01234621992950467
DLBCL_C_D_1114_NULLPAIR	0.9803839852159499	0.0038806571037177874	0.002522799159317003	0.009379299254059056	0.0038332592669561892
DLBCL10992	0.003343367072534266	0.001548429214248735	0.003136933928336348	0.0052118724136087985	0.9867593973712718
DLBCL_MC_F519_ALT	0.0032102700166325615	0.0033925518808679755	0.0015836115593438557	0.0031037399850788105	0.9887098265580768
DLBCL11203	0.0029800199301629844	0.9873758032060576	0.002932562836809603	0.003952926457895234	0.0027586875690745758
DLBCL10983	0.004248438306899726	0.9775350303281936	0.004373588423010795	0.0037466064654058774	0.01009633647649005
DLBCL_RICOVER_417	0.0016718030649774996	0.0016321594114365877	0.001279104819741876	0.0021156679396668286	0.9933012647641772
DLBCL_C_D_1163_NULLPAIR	0.0013261045633370346	0.0012463355685180455	0.0011816563673091181	0.0035135181931753258	0.9927323853076605
DLBCL_LS1065	0.005167389802311798	0.9776483956244362	0.003836348175553725	0.003784174538454396	0.009563691859243901
DLBCL10550	0.0009669178805137345	0.001678506222082462	0.0010780695236133984	0.0015250814446920334	0.9947514249290984
DLBCL_C_D_1108_NULLPAIR	0.002651779961918311	0.9834025774530099	0.0038890966459796195	0.0019272505633279526	0.008129295375764286
DLBCL_C_D_1136_NULLPAIR	0.000461529104069648	0.9976137857455848	0.0006770321162603717	0.0005698077155572157	0.000677845318527964
DLBCL10936	0.18351592317067789	0.26341346314925757	0.1965076057896494	0.12358926201707703	0.23297374587333816
DLBCL_RICOVER_910	0.1476759411182835	0.2872170240431329	0.2340095195094437	0.26524017852123183	0.06585733680790813
DLBCL_C_D_1118_NULLPAIR	0.4675770633551463	0.3545625207212054	0.005671506112533447	0.08724202933940466	0.08494688047171017
DLBCL11478	0.5007290936491784	0.15562683987786163	0.23405503465143918	0.10380078080540486	0.005788251016115975
DLBCL10856	0.09888303844421942	0.24800234134924168	0.3222251698385409	0.16405158097342173	0.1668378693945763
DLBCL10994	0.27943885141145375	0.44287630092939007	0.03567771291542761	0.07500761577300055	0.16699951897072793
DLBCL11436	0.15193005411836064	0.39474225223544374	0.07031800669415002	0.1558907489335626	0.22711893801848312
DLBCL11437	0.3083605715590549	0.014533673653073242	0.01871808513063266	0.35321421614775117	0.3051734535094881
DLBCL10565	0.0417260922721111	0.061627746022296225	0.6306996137450146	0.22112975961573525	0.0448167883448429
DLBCL_C_D_1117_NULLPAIR	0.3842245518108556	0.2674905733071138	0.02474429531106316	0.3118531053830608	0.01168747418790662
DLBCL11576	0.12350450668783582	0.12488352000306575	0.3117343346155859	0.4266241785635217	0.013253460129990645
DLBCL_LS2208	0.019123214111459255	0.12202096523326289	0.19861895820536263	0.050340221955125254	0.60989664049479
DLBCL_RICOVER_467	0.010006751599401164	0.186906412602656	0.014270833500692612	0.008273508911115448	0.7805424933861348
DLBCL11430	0.5038212131967222	0.009039667463824792	0.09352066092774607	0.37816279681697407	0.01545566159473276
DLBCL_LS762	0.044041853180174693	0.054975480916877505	0.4785003290508816	0.08893089398257029	0.3335514428694959
DLBCL11528	0.2570594965418832	0.2061447994696437	0.3738968747803316	0.12205573127651642	0.0408430979316252
DLBCL_LS3499	0.10494489270868934	0.10399295141643464	0.0670702479687656	0.6916295187628804	0.03236238914323008
DLBCL11671	0.6944934193108441	0.0287691580196786	0.026824693189180758	0.23589904029056918	0.014013689189727407
DLBCL_RICOVER_314	0.021356522627931612	0.25400222095897135	0.06195386596994791	0.10436607796454117	0.558321312478608
DLBCL_RICOVER_945	0.713694938381178	0.12302073033897683	0.018186864343519783	0.09662707928719581	0.04847038764912954
DLBCL10909	0.06288791346951739	0.0411897155014148	0.04393100164301552	0.21227661757598504	0.6397147518100672
DLBCL11519	0.31399078564330574	0.030789810798571297	0.027663874957249653	0.6194955626170606	0.008059965983812674
DLBCL10503	0.08070948755138992	0.49438616982802963	0.2593788130456877	0.021477053423064132	0.1440484761518286
DLBCL11515	0.03180348036034324	0.30756705211741814	0.48802059142441007	0.027854544775221406	0.1447543313226072
DLBCL10885	0.04203146075916989	0.43762838711931956	0.015867898052779328	0.026383813452930595	0.47808844061580064
DLBCL10512	0.015924354906627698	0.12477610937184909	0.5429285553097825	0.12583539075989386	0.19053558965184683
DLBCL11202	0.09652971096017302	0.30893386575614956	0.4188174320268089	0.16838943268675444	0.007329558570114119
DLBCL10974	0.10728253394099614	0.006425902909504618	0.05927216388633962	0.6903254996449174	0.1366938996182422
DLBCL10921	0.019670002823648988	0.5055214052238203	0.02378127786513412	0.017724809276826837	0.43330250481056976
DLBCL10910	0.0328534474659494	0.27969327044827724	0.5741704871168408	0.07678749669916045	0.036495298269772054
DLBCL10871	0.06855739484612206	0.7642253635572905	0.0327439701739026	0.03577964870843725	0.09869362271424756
DLBCL_LS2245	0.16478027914814972	0.41821726522667146	0.3556617362285395	0.04283550072227702	0.018505218674362216
DLBCL10553	0.019822513981890017	0.021388044418354502	0.2926769813836644	0.6437221082775307	0.02239035193856044
DLBCL_LS4054	0.08825198661843665	0.7430706129888627	0.0437828047121923	0.07761105613606084	0.0472835395444475
DLBCL_RICOVER_408	0.014314134995512283	0.5196076386448129	0.38063791020706533	0.05690807297606629	0.028532243176543133
DLBCL_DFCI_DLBCL_GOE05	0.010089837190376386	0.16572661470150868	0.025121141091175157	0.013546632283186076	0.7855157747337537
DLBCL10962	0.028450544623905206	0.7174798652394163	0.0287825505936886	0.018446587400772863	0.20684045214221702
DLBCL10782	0.31113472198876085	0.06094267644035193	0.017966867248034115	0.5937199444415611	0.016235789881292005
DLBCL_C_D_1156_NULLPAIR	0.8068445765483868	0.036706027260524965	0.027944449573146426	0.11159071757097719	0.016914229046964616
DLBCL11496	0.5842419322997725	0.016335968074483318	0.10273354255696311	0.10440484374868333	0.19228371332009772
DLBCL10895	0.016211960977064864	0.09681603981411128	0.06199362877209797	0.0221774058996571	0.8028009645370687
DLBCL_RICOVER_1278	0.06293204339690377	0.010317026927281488	0.020770982759207465	0.29842479660925236	0.607555150307355
DLBC_FF_8042_TP_NB	0.00877755921478622	0.26241659733947414	0.1339428722315844	0.03265550992998466	0.5622074612841705
DLBCL_RICOVER_1018	0.03531634843042861	0.370009801640045	0.03451283777323121	0.5084543370663541	0.051706675089941145
DLBCL_LS3245	0.011789683751372782	0.6308188505506244	0.31225546262204656	0.03360944929711797	0.011526553778838345
DLBCL11488	0.7537264786513561	0.008191736519101352	0.012043866345539143	0.08013652570450655	0.1459013927794968
DLBCL_RICOVER_978	0.8481442499282279	0.004457066690681286	0.03845401059216161	0.09319948262574554	0.015745190163183667
DLBCL10495	0.8328517395434577	0.11189698990809895	0.011802572773675222	0.024381436035233288	0.019067261739534803
DLBCL_C_D_1144_NULLPAIR	0.10004921867603998	0.1317824464178918	0.027016661361271604	0.03150729649633794	0.7096443770484587
DLBCL10927	0.2937844971404194	0.009857347374981477	0.03938535106111379	0.6392370757813952	0.017735728642090266
DLBCL10452	0.03098736647525686	0.7383093526656817	0.08961100139059242	0.018767957160520005	0.12232432230794905
DLBCL11590	0.0806616782139921	0.01750099593622816	0.7317032887350453	0.15608221500952268	0.01405182210521178
DLBCL11204	0.028194738739020894	0.8521326676985195	0.051217517006208295	0.01514317258781396	0.053311903968437394
DLBCL10549	0.017260039381963906	0.6362624172158238	0.2916771472817805	0.04431600753181552	0.010484388588616193
DLBCL11658	0.036417970126815045	0.007895930215698803	0.04502514677797148	0.7629382814855789	0.14772267139393586
DLBCL10552	0.12828758981257493	0.007309900628851874	0.03118335347018255	0.8224255504930097	0.010793605595380987
DLBCL_RICOVER_274	0.02070939210956293	0.09233533435884388	0.04260270653431802	0.7483260244675238	0.09602654252975135
DLBCL11673	0.02744975935480005	0.8428244160845524	0.09239256525381535	0.02439639889142489	0.012936860415407385
DLBCL11536	0.018155650588534605	0.7860900945748239	0.05753397504541534	0.11272505102373226	0.025495228767493876
DLBCL11470	0.8607086948759707	0.005808649305805447	0.010208413434963058	0.10937628022978908	0.013897962153471695
DLBCL_LS4616	0.00808398592752623	0.1302922087789958	0.8151685804776173	0.0345317760791858	0.011923448736674891
DLBCL10517	0.012953844793574776	0.776690855095419	0.1442189817694212	0.03813325855355179	0.028003059788033233
DLBCL11566	0.010765869272749624	0.05770577444932402	0.8933225890186515	0.03136406944579353	0.006841697813481353
DLBCL10935	0.8846521044475	0.06299827987317148	0.009267057774080784	0.023446147953850208	0.019636409951397513
DLBCL10862	0.004564609400081712	0.018092021904193532	0.007747978530630008	0.005217632198072443	0.9643777579670223
DLBCL10472	0.022908718947205326	0.01819743791330846	0.8790036508470411	0.07086219501211484	0.009027997280330257
DLBCL10884	0.8381492370158345	0.008580427340171295	0.0095985191386578	0.12238017602828558	0.021291640477050823
DLBCL10993	0.8539688488097013	0.005553747063389973	0.02688337227219071	0.07231549017947879	0.04127854167523924
DLBCL11195	0.004779370115173856	0.05407332958297776	0.013177686495603188	0.014454175267727193	0.913515438538518
DLBCL10564	0.021888098997254725	0.009816886245115187	0.029446343525588014	0.9199572644448984	0.018891406787143624
DLBCL_LS2357	0.022112695217212243	0.00911032662142302	0.04577065177877192	0.9103963121008605	0.012610014281732333
DLBCL10535	0.018696706200122416	0.016510691470009397	0.010095607256449124	0.010612692680996691	0.9440843023924224
DLBCL10781	0.005962205970360578	0.011759641137938287	0.0069363268567299505	0.01139697897013469	0.9639448470648365
DLBCL10844	0.9316623236658452	0.014306630590261327	0.013118659438929021	0.01885894086539366	0.02205344543957073
DLBCL11353	0.002676562224038974	0.011205949301576265	0.009526132225892053	0.004822312356866141	0.9717690438916265
DLBCL_RICOVER_577	0.005641994989437004	0.011388585036080697	0.9580122514175383	0.0170041551033762	0.007953013453567777
DLBCL11456	0.014245674238610456	0.9488312534777401	0.014183159849840669	0.014130209262310829	0.008609703171497906
DLBCL11656	0.008317065829026382	0.005108721015748623	0.9568899103490321	0.017476811104461726	0.01220749170173117
DLBCL_LS2599	0.00962755947348093	0.016522922492613324	0.9342138537565506	0.03383276899116596	0.005802895286189144
DLBCL10525	0.920127004442967	0.003652224416101961	0.014558579990740702	0.026470690083035726	0.0351915010671546
DLBCL_RICOVER_977	0.9593530290583051	0.002418489614287739	0.005807873631158336	0.02136053899160513	0.011060068704643652
DLBCL11450	0.00786657158192627	0.013581542369447367	0.0038523742951517724	0.015650045888377154	0.9590494658650974
DLBCL_C_D_1128_NULLPAIR	0.9436014733957394	0.012741686682541198	0.0050990136681896185	0.02103949416880357	0.01751833208472623
DLBCL_RICOVER_850	0.00348010149759101	0.017762238895982704	0.013245294444805635	0.01893981564221396	0.9465725495194067
DLBCL_LS2089	0.007747220360832474	0.9214350576574007	0.007796899410667026	0.004953878869793028	0.058066943701306745
DLBCL10883	0.024791313958756295	0.004427719946730742	0.016755092517458867	0.014797268371759846	0.9392286052052943
DLBCL_RICOVER_1248	0.007606830853195712	0.010945331570740938	0.002103884890278916	0.004169258858309248	0.9751746938274752
DLBCL_RICOVER_1289	0.00793896140041395	0.0034577060867111583	0.009066847956836314	0.0219546907351986	0.95758179382084
DLBCL_RICOVER_1106	0.006937552799180124	0.02279525318316014	0.007092057346734488	0.02909518822852581	0.9340799484423994
DLBCL_RICOVER_221	0.002387418361835008	0.0067218039178678765	0.006480137517458508	0.005770821744981177	0.9786398184578574
DLBCL10931	0.9472632320006622	0.004526065006015558	0.005137486709008511	0.030744983814346986	0.012328232469966748
DLBCL10530	0.002710132147679114	0.008201896698509778	0.0017650671503721088	0.0034830428108475653	0.9838398611925915
DLBCL11500	0.0062935930163319645	0.004454442412433881	0.010870767817865432	0.011333647053300205	0.9670475497000686
DLBCL10890	0.004413574735382743	0.011995157882879588	0.006719768984108405	0.01054834103329483	0.9663231573643344
DLBCL_DFCI_DLBCL_GOE07	0.013231857672852478	0.9481050545237393	0.014217154262862122	0.006635415254639335	0.01781051828590679
DLBCL11670	0.0033997710312709756	0.007961553916160932	0.974810721835971	0.009366137476063062	0.004461815740534135
DLBCL_C_D_1125_NULLPAIR	0.0017645291934940187	0.005325430264183735	0.0013308389645488876	0.002427882680743451	0.9891513188970299
DLBCL10852	0.007150826088051599	0.006142346956192446	0.004925759166793219	0.019206910215060546	0.9625741575739022
DLBCL_RICOVER_451	0.9738822124307162	0.0057799191916544585	0.0035629731578601088	0.012700940730878985	0.004073954488890248
DLBCL11667	0.003418465957379483	0.007148220254651701	0.9784765248022409	0.007733248418716476	0.0032235405670114
DLBCL10880	0.00422067327750119	0.0018821989798359353	0.00196278449305015	0.004700092690710773	0.9872342505589019
DLBCL10465	0.0028109292199615596	0.005937279031378102	0.9787105537219293	0.009348437040127996	0.003192800986603076
DLBCL_LS1757	0.9741230777581641	0.006943503275217501	0.0032324457692961524	0.01117170821207427	0.004529264985247953
DLBCL10922	0.008016099331576227	0.9659571118677739	0.014022097179683975	0.005783447836368814	0.006221243784597116
DLBCL_RICOVER_533	0.006015282755825597	0.9749072014103448	0.00868025372722555	0.0065419025623584355	0.0038553595442456577
DLBCL10951	0.001497392692207927	0.0025688455353884494	0.001429383197644985	0.002202871723733731	0.9923015068510249
DLBCL10903	0.003987825537841977	0.9646647639144096	0.016853543632561828	0.004902577160002854	0.00959128975518377
DLBCL10534	0.0002920751050558454	0.00036843481593596246	0.00023684588711673322	0.00044604964104635414	0.9986565945508451
DLBC_FF_8043_TP_NB	0.016547502891359513	0.9557209359465135	0.010410621690641126	0.010336018629274761	0.006984920842211041
DLBCL_LS146	0.0008106458794940269	0.9961990804641498	0.0013312709294412478	0.0007131963955784943	0.0009458063313364203
DLBCL11188	0.0013901699807797128	0.9931387615040523	0.0016753501873400772	0.00138873288660226	0.002406985441225633
DLBCL10908	0.11542578059741786	0.2317301336087081	0.291059957718563	0.09977023031843558	0.26201389775687556
DLBCL10486	0.2571789853515428	0.306632637642961	0.09017051533630054	0.10063792166503831	0.2453799400041573
DLBCL11441	0.17860205584977293	0.029484475377836217	0.08368036808435876	0.17603497510375535	0.5321981255842767
DLBCL_C_D_1105_NULLPAIR	0.5231022132059195	0.24408522133448196	0.01700259181583845	0.034002064904645066	0.18180790873911495
DLBCL10985	0.15240915867646593	0.45380916428466783	0.020282209557605384	0.32065218250859884	0.052847284972661994
DLBCL11480	0.4369767787142265	0.04443847198789445	0.05507357007048637	0.09022956860518681	0.37328161062220594
DLBCL_RICOVER_216	0.10976351206269999	0.1991766514942788	0.14036636881016562	0.07191242500389108	0.47878104262896465
DLBCL_LS2154	0.34924846565791834	0.4358892766366155	0.04846366503421014	0.07087153281873634	0.09552705985251973
DLBCL10451	0.41104740877740903	0.06232657099671663	0.4711683741125398	0.043012871690962316	0.012444774422372318
DLBCL_RICOVER_522	0.04294431444479489	0.020404468998145294	0.6294816450868851	0.2999191350138303	0.007250436456344407
DLBCL_RICOVER_773	0.010481441242178653	0.24824655122402875	0.060549082915381774	0.01379049345549392	0.6669324311629169
DLBCL10980	0.00729722568310071	0.19632981779083447	0.023874882543322984	0.016143109461439903	0.7563549645213019
DLBCL10780	0.02286377076172446	0.4269781856775456	0.47719298411292743	0.06463366863922718	0.008331390808575315
DLBCL11449	0.022052816399773457	0.403920960723458	0.059236217656378785	0.04870119498691548	0.4660888102334742
DLBCL11206	0.014255236425802594	0.409540288883842	0.07650990312927881	0.014667289982867465	0.4850272815782091
DLBCL_MC_F218_RAP	0.25244407194867813	0.014135703418443082	0.11785996099630308	0.5975979737297996	0.017962289906776195
DLBC_FF_A7CX_TP_NB	0.4799585060843618	0.04729089480252707	0.1312441436754712	0.06350602070892103	0.278000434728719
DLBCL10539	0.033201284453953414	0.2901607796067624	0.056232253420438714	0.47396562481728516	0.1464400577015603
DLBCL_MC_F307_JPS	0.6837931067330363	0.11725486249518428	0.03916817849545974	0.06999127037707042	0.08979258189924924
DLBCL11447	0.03780301399615266	0.011312314524835176	0.030603194828018734	0.527957335559963	0.3923241410910305
DLBCL_RICOVER_1060	0.2022637956293751	0.1925310875897635	0.038929755948017696	0.04873841466809732	0.5175369461647464
DLBCL_C_D_1109_NULLPAIR	0.18791032158033313	0.009038856863960644	0.016981461208490627	0.7091519709219862	0.07691738942522935
DLBCL10957	0.6794112362458866	0.05382716004064508	0.10005816297257794	0.14507441913741362	0.021629021603476684
DLBCL10490	0.7651930642610834	0.04842874603354461	0.0064339506655586775	0.11847822832179974	0.06146601071801365
DLBCL10906	0.05760742219934374	0.5372642014156003	0.055927204901345895	0.03688352110796065	0.3123176503757494
DLBCL11538	0.0268742727544385	0.01731659589282429	0.5737197563890233	0.10574138117130867	0.2763479937924052
DLBCL11504	0.08752136674497815	0.22906441440665873	0.07897245531240182	0.08610235038470007	0.5183394131512613
DLBCL_LS2590	0.02511293847365841	0.008019733810801156	0.036650897658957425	0.23096046731299344	0.6992559627435896
DLBCL_RICOVER_506	0.011412640399577633	0.37900905954488884	0.013820827897083514	0.01940122329579843	0.5763562488626516
DLBCL10969	0.7300122529777996	0.07408964332383929	0.12090918724644749	0.06399097779591974	0.010997938655993817
DLBCL_LS1668	0.03142562885853865	0.19688281757957415	0.2018269480497322	0.5309909761059952	0.03887362940615974
DLBCL_C_D_1112_NULLPAIR	0.0309575869843009	0.17121815588594133	0.6959353265150465	0.07724123150173513	0.024647699112976144
DLBCL11433	0.052165545978950484	0.0113371180369048	0.18171304785482856	0.6893896200583243	0.06539466807099197
DLBCL_RICOVER_1210	0.00877858976109119	0.6397700589647354	0.24762511101761314	0.08384237856183394	0.019983861694726393
DLBCL_RICOVER_720	0.022122376686771278	0.6138843294588489	0.03165779848610068	0.00942277663252324	0.3229127187357559
DLBC_FF_8062_TP_NB	0.07940688959438374	0.017900953145079175	0.1206950627220963	0.7419367855235349	0.040060309014905884
DLBCL10925	0.08080728677451732	0.0691034293411724	0.01615959087770186	0.16452650606629057	0.6694031869403179
DLBCL10482	0.7485828516779542	0.014513645107763486	0.011784200276360006	0.07605558776531396	0.14906371517260833
DLBCL_C_D_1126_NULLPAIR	0.05646729553426335	0.7824041211261997	0.03765566363450491	0.030329323926618988	0.09314359577841298
DLBCL11205	0.8127416146634335	0.04008314211845262	0.08028159212726141	0.06150776937088174	0.005385881719970638
DLBCL10863	0.06285778599074798	0.005587273289576412	0.03237314179459437	0.6954025794238661	0.20377921950121516
DLBCL_C_D_1119_NULLPAIR	0.11575541073648708	0.834996852378265	0.014102676921263975	0.012383525895797621	0.022761534068186207
DLBCL11460	0.15225400351249957	0.04977839399592376	0.01788647939863811	0.7386110373864868	0.04147008570645178
DLBCL11527	0.028885976670178656	0.006832834400967583	0.06899226084363781	0.8605188665145602	0.034770061570655694
DLBCL11484	0.057241960415691205	0.6761864226396204	0.10009028091717317	0.03874465232720775	0.1277366837003074
DLBCL_LS1098	0.021276314952589383	0.00897487830573237	0.8845435020539607	0.07791234347494028	0.0072929612127772755
DLBCL_MC_F064AB	0.012745346555478763	0.011000570303945887	0.8935499457686044	0.0734157229974691	0.009288414374501865
DLBCL11457	0.8919809183336278	0.004448230095275504	0.013529080508013236	0.07415579356286707	0.015885977500216357
DLBCL10523	0.027418136756830053	0.009745287823520792	0.8796907816810221	0.07757644948175359	0.005569344256873396
DLBCL10532	0.013981995101449481	0.03138891513475638	0.14159250422944444	0.07259977562146812	0.7404368099128815
DLBCL11474	0.6592964511119243	0.009695318112707924	0.026204918073639717	0.24843226348987552	0.05637104921185257
DLBCL10972	0.7372225075401676	0.02162652289201458	0.047809060820381916	0.09445685576467795	0.09888505298275789
DLBCL_RICOVER_473	0.856689615919526	0.039563445582553536	0.008643593950612654	0.041763881795237046	0.05333946275207075
DLBCL10483	0.005092862859598747	0.9108015694257121	0.06212665154370524	0.0060792689938011825	0.015899647177182664
DLBCL_RICOVER_956	0.009284414317349462	0.04623612863673743	0.01325811413080277	0.025626529453373532	0.9055948134617368
DLBCL10963	0.024636060494933942	0.04302460699977575	0.011891184762769347	0.04130537702405849	0.8791427707184625
DLBCL11435	0.8735436603794161	0.004723733548753794	0.012899176759429396	0.096305698008355	0.012527731304045667
DLBCL_RICOVER_496	0.015481777389407023	0.8672196752554393	0.07965409888603558	0.022743209929868422	0.014901238539249623
DLBCL11526	0.11589946379701879	0.04897489030972921	0.7672861239070781	0.05967860497636415	0.008160917009809799
DLBCL_LS155	0.009568247834716768	0.0076164685509759675	0.9234219579504671	0.05246189957293321	0.006931426090906939
DLBCL11458	0.07582306697493307	0.08421409396977504	0.7788578731767116	0.029707073046874186	0.03139789283170611
DLBCL10954	0.0181724177760206	0.7995263662797	0.03115255181731425	0.025467881302738797	0.1256807828242264
DLBCL_C_D_1113_NULLPAIR	0.01700944102774942	0.024845461855391188	0.9160205405927416	0.03196632240588962	0.010158234118228152
DLBCL11002	0.058751627639702604	0.013481550398787647	0.035625826666976355	0.8803600208352357	0.01178097445929773
DLBCL11472	0.8436076877519822	0.004106144804475174	0.018020681112951763	0.10115312196979505	0.0331123643607958
DLBCL_RICOVER_299	0.006508731235169917	0.7491014845639251	0.2048521773430975	0.012308713968561261	0.027228892889246244
DLBCL11681	0.8538645576642988	0.003920313289862344	0.027269181355448726	0.06545356167842377	0.04949238601196635
DLBCL10968	0.7771452811787823	0.005010874381474016	0.013150442343450162	0.16196436667497222	0.04272903542132132
DLBCL_RICOVER_1032	0.006945848826370567	0.05685109036237664	0.006385833295520676	0.007679333763280849	0.9221378937524513
DLBCL10934	0.014918584705102992	0.8880145700478458	0.016574328382554956	0.03319140046953974	0.04730111639495648
DLBCL10930	0.1914652337621154	0.019038410294988574	0.009759529643634742	0.03287755003710846	0.7468592762621528
DLBCL10965	0.08179843315384026	0.005546301035604203	0.029999334465430457	0.8510994668176781	0.03155646452744702
DLBCL10902	0.0215846290384712	0.15443225258977672	0.0544799197459011	0.015962976158877585	0.7535402224669734
DLBCL_RICOVER_701	0.05906234838215867	0.0069349264786488386	0.023582204872881107	0.8947100410529365	0.01571047921337485
DLBCL_C_D_1141_NULLPAIR	0.005966094311254921	0.012750453972694722	0.9461613283012992	0.015122590591809069	0.01999953282294207
DLBCL_RICOVER_1165	0.012380547137307974	0.8704464391882437	0.07832731422777924	0.007748576610444761	0.031097122836224303
DLBCL_RICOVER_1061	0.04723540472949557	0.005012895920314719	0.03065262733111879	0.905081056392111	0.012018015626959873
DLBCL_C_D_1133_NULLPAIR	0.014926920496425671	0.053376215681398914	0.8790919903743378	0.021950541120447475	0.030654332327390132
DLBCL11675	0.011357991348008288	0.0044617003346076115	0.9090506894383782	0.056716159950174	0.01841345892883194
DLBCL10999	0.004012489419461086	0.013089289853212912	0.02467444849481308	0.03156327653587764	0.9266604956966352
DLBCL11486	0.7937163229931263	0.048304274542157494	0.009839049167968109	0.029143368155158354	0.11899698514158971
DLBCL10898	0.044993328191234	0.1893450753529267	0.010395822090520031	0.023762907344248803	0.7315028670210705
DLBCL10857	0.019183183829169163	0.006522806838930711	0.0051434598111543715	0.030153858670577495	0.9389966908501682
DLBCL_MC_F139_LJF	0.04206251988749022	0.005204321320697763	0.02625869629101148	0.9132317789408749	0.01324268355992563
DLBCL11003	0.015125918650898337	0.8065086174048947	0.021907351868912385	0.01602381577256956	0.14043429630272505
DLBCL10498	0.007215120346017278	0.00876124672018358	0.959924238641791	0.02101223437516314	0.0030871599168450256
DLBCL_RICOVER_744	0.015004112689922489	0.007447286853727771	0.9569334128957068	0.014648749913392914	0.005966437647250028
DLBCL11512	0.8666563388322412	0.05526345720769824	0.018461810216088257	0.05562441055646177	0.003993983187510414
DLBCL10502	0.006244278933380461	0.9198134843195388	0.05444781895653483	0.00924333032862139	0.010251087461924525
DLBCL10459	0.0034296399669839937	0.010948595818382074	0.9662614346618437	0.013353004324756008	0.006007325228034239
DLBCL10860	0.0017217826171117708	0.005636345633539869	0.005243598834609428	0.007594807525274755	0.9798034653894642
DLBCL10460	0.008719192178034322	0.9575470985382158	0.02324771776143366	0.005330741996775094	0.005155249525541112
DLBCL_LS378	0.9530793418292568	0.010611152500404822	0.01696481589460516	0.013672463486261548	0.0056722262894716435
DLBCL_MC_F349_BJJ	0.0038102057943954506	0.005852564923449328	0.9757321484764295	0.0090620747834629	0.005543006022262797
DLBCL_RICOVER_712	0.009690083239545021	0.019630441961750705	0.0099768815067462	0.016928598116614332	0.9437739951753438
DLBCL11666	0.004061173464090885	0.0065368631917125586	0.9786012122572808	0.007771693600718177	0.0030290574861975305
DLBCL10901	0.018509084703394303	0.016316122117443686	0.006924901552127156	0.017879873212667652	0.9403700184143672
DLBCL_MC_F262_WLC	0.97800627027929	0.003928522345912019	0.0028648826327278623	0.0099316805176473	0.005268644224422835
DLBCL10458	0.9745902117586541	0.006566962480818571	0.005498409340861023	0.010795156671313493	0.0025492597483527685
DLBCL10977	0.006387942588983391	0.0034600031400379675	0.012948213988815939	0.01109183142776235	0.9661120088544004
DLBCL10990	0.0032284193379972805	0.011833908835443654	0.003765889647836701	0.0048847144778379255	0.9762870677008845
DLBCL10850	0.003906970399431502	0.9895876787977251	0.0022739365907767832	0.0014447986696360167	0.0027866155424306027
DLBCL10842	0.003332892068574159	0.0029688116776687046	0.005901513034874041	0.009082010632705747	0.9787147725861773
DLBCL10889	0.003290260280218496	0.0028063266153947114	0.005831696251089183	0.006041040146651014	0.9820306767066466
DLBCL11000	0.0020362907177687486	0.0028193142915245665	0.002530040438233688	0.004675522869512896	0.9879388316829602
DLBCL_RICOVER_174	0.0014655277838077387	0.995957958514789	0.0011648378796965144	0.0006578979158592257	0.0007537779058475676
DLBCL_C_D_1131_NULLPAIR	0.0030223794995883485	0.9822947919794032	0.0046269529198000175	0.002090176846483235	0.007965698754725246
DLBCL10834	0.0	1.0	0.0	0.0	0.0
DLBCL_RICOVER_1192	0.0006412491970956118	0.0014432024996779323	0.0007524607968386057	0.0012168309508271298	0.9959462565555607
DLBCL_RICOVER_253	0.00012665100968118186	0.9994015576991172	0.00018898879740832474	9.348498199588733e-05	0.00018931751179735275
DLBCL11467	0.15921210711484865	0.214316077593957	0.196831562963207	0.30760248370594556	0.12203776862204159
DLBCL11483	0.18895670118949845	0.1483847021362972	0.1344729552245568	0.10939257823968765	0.4187930632099599
DLBCL10865	0.11752918449022387	0.1563069856296151	0.047446117776705196	0.06276240274799813	0.6159553093554577
DLBCL_LS2328	0.0502946495187148	0.409730439451563	0.5101906203992823	0.024743777236590915	0.005040513393848909
DLBCL_MC_F927_JHS	0.12167208162144522	0.20483256213204082	0.1449929775254302	0.10551794060235803	0.42298443811872566
DLBCL10837	0.07953457221914166	0.01721915785103718	0.24334456022152087	0.2216850160299533	0.43821669367834704
DLBCL11591	0.010613969521230495	0.7200657313420677	0.22698794037247633	0.010176798074684286	0.032155560689541215
DLBCL10487	0.42136255683456825	0.32372644545247614	0.029295427027387886	0.19212004661761425	0.03349552406795343
DLBCL_LS4593	0.014165320537778102	0.1848698320381148	0.6160849136863487	0.11531002761570189	0.06956990612205653
DLBCL10877	0.6094643762798247	0.10614932654007035	0.11525569479916536	0.09922548340384704	0.06990511897709253
DLBCL11448	0.07868791590605839	0.5101848104791743	0.10879444286761566	0.2145724012820967	0.08776042946505497
DLBCL10918	0.7201641715078562	0.027425557093901633	0.009283567024699976	0.03961706134406879	0.20350964302947339
DLBCL11535	0.11602046127662863	0.0332126504023955	0.050617899528868	0.4684043816077063	0.3317446071844017
DLBCL_RICOVER_258	0.5507099065419947	0.02547212188028568	0.09700934660064743	0.05979793661151769	0.2670106883655546
DLBCL_RICOVER_320	0.09264010338948903	0.20009518928171627	0.4871293024614024	0.12174483334849627	0.09839057151889609
DLBCL10462	0.9140809613804141	0.00459946777747855	0.012700636891629348	0.03504771181337694	0.03357122213710116
DLBCL10454	0.06936339280149074	0.5332504396651909	0.046492336183498635	0.0293233644547751	0.32157046689504465
