	0	1	2	3	4
DLBCL10986	0.5031922705202462	0.04310106075257261	0.23715937598600764	0.10377861986956696	0.11276867287160654
DLBCL_BWH_DLBCL64	0.17704312175114884	0.3490156715795205	0.05912071562455859	0.39575300009289516	0.01906749095187694
DLBCL11534	0.048162572032298546	0.042656746035768876	0.33194277075340434	0.1617145984905931	0.415523312687935
DLBCL_RICOVER_787	0.30833854245448294	0.4067284350300658	0.049303685432467874	0.20078659023419052	0.03484274684879283
DLBCL10491	0.04568077926540732	0.28947510700196094	0.0734271854082924	0.5648510624742172	0.026565865850122116
DLBCL_RICOVER_711	0.17742480727385698	0.5450905738946086	0.0206557711486589	0.2294164249646171	0.027412422718258524
DLBCL10981	0.04915554716611322	0.5853767338879465	0.04959378220121309	0.15654656550013402	0.15932737124459317
DLBCL10846	0.5569156953024422	0.16106126911506694	0.029727469800466116	0.1567171042987128	0.09557846148331184
DLBCL10915	0.07618119974863295	0.07110594915904997	0.05109881326265258	0.5051681055802651	0.29644593224939936
DLBCL_LS2325	0.05186625026292564	0.41066471931640985	0.4894773463442208	0.03316818387571249	0.014823500200731293
DLBCL11491	0.16344174068908382	0.030983933722317235	0.09638971302420649	0.5362047038326594	0.172979908731733
DLBCL10874	0.048018162898664264	0.678005119819315	0.024255130311243957	0.10703569637396962	0.14268589059680717
DLBCL11431	0.08045800892467628	0.11981662990277483	0.10290654795786255	0.058796538248511936	0.6380222749661744
DLBCL_C_D_PAIR13	0.08246515344914948	0.11878811994486167	0.10949836765431105	0.05864908438947461	0.6305992745622032
DLBCL_C_D_1159_NULLPAIR	0.33062014133402884	0.024620849311070277	0.02677674628289847	0.5693678646941241	0.048614398377878246
DLBCL10536	0.051430383188321	0.11233287577031549	0.6934822735315903	0.09091508981467052	0.051839377695102745
DLBCL_LS1304	0.021892383336587797	0.029801171681954026	0.7027732158641921	0.034241438863984945	0.21129179025328113
DLBCL_C_D_1148_NULLPAIR	0.4647233502736132	0.018046222564913388	0.11005680497465505	0.3723254142354604	0.03484820795135799
DLBCL10513	0.18197655176020278	0.06736827798898751	0.0883469904816244	0.6449540959783858	0.017354083790799522
DLBCL_RICOVER_111	0.09200833705705323	0.02121375712682701	0.23030457545167266	0.10023971463610222	0.5562336157283448
DLBCL_RICOVER_1287	0.03307065512081179	0.27858706787386617	0.042289107082145096	0.06370178381232508	0.5823513861108519
DLBCL_RICOVER_1046	0.012665249766164625	0.19779842690556756	0.7316008430908041	0.024000316726811546	0.033935163510652254
DLBCL10868	0.06952628141211094	0.0317138283859301	0.027658174614318576	0.6504916764719747	0.2206100391156657
DLBCL10878	0.6294373361973704	0.015730830805720308	0.02885999169271726	0.1137206604346077	0.21225118086958422
DLBCL_MC_F815_BAT	0.027960448897997932	0.07385004045961407	0.7662941558225678	0.0876987556275979	0.04419659919222234
DLBCL10914	0.7555486712618258	0.13692249807037468	0.057109580545562005	0.03411535539386331	0.016303894728374197
DLBCL_MAYO_DLBCL_3653	0.719613299386496	0.026237141731352054	0.034523622409366454	0.09437505787415344	0.12525087859863202
DLBCL10867	0.032241100902357094	0.21859568238559818	0.01403631026198122	0.03150847249219437	0.7036184339578692
DLBCL11652	0.6369666048683714	0.22268340738953457	0.06358355424370128	0.04007458330434811	0.03669185019404459
DFCIDL004_DT	0.14084918976505267	0.015103195896685412	0.01933915374421053	0.0818963420563481	0.7428121185377032
DLBCL10456	0.04062483806452743	0.020672208912497957	0.050736933217682495	0.7621873111562866	0.12577870864900556
DLBCL11479	0.05201547647774464	0.7921539255386665	0.09795254143673118	0.030364198122053355	0.027513858424804295
DLBCL_RICOVER_1045	0.6700289600002223	0.031196682548804023	0.022266075850654155	0.244008905315884	0.032499376284435444
DLBCL11672	0.02061891620000207	0.010387799888766905	0.9071940121182811	0.045443001822628074	0.01635626997032185
DLBCL10544	0.041060206544536126	0.01876794431152869	0.033961893485392046	0.7767047793567824	0.1295051763017607
DLBCL10879	0.009100396123257285	0.010191064783346391	0.9381209961658544	0.021644191644577995	0.020943351282963863
DLBCL10950	0.8854962362475809	0.010830081080576507	0.02110989514937189	0.05365814296831924	0.028905644554151518
DLBCL_RICOVER_478	0.14503485760616813	0.7518378872829455	0.029576060163449627	0.018383718098635753	0.055167476848800946
DLBCL10521	0.016304885488959947	0.12570779670191456	0.015535793153144298	0.017837566237329242	0.8246139584186519
DLBCL10547	0.038666668058840885	0.027261759967089225	0.03377865380233912	0.8632700160038449	0.037022902167885875
DLBC_FF_8046_TP_NB	0.05829789676104316	0.01853669214909245	0.8473845082225084	0.036339723857883664	0.03944117900947232
DLBCL10894	0.17443836300789536	0.7227262508702912	0.014587348325390487	0.055222369698501264	0.03302566809792167
DLBCL_RICOVER_950	0.031363606263050646	0.02170876089763691	0.05066990105986605	0.8706412345462838	0.02561649723316252
DLBCL_RICOVER_829	0.9429091721134364	0.012773224875546807	0.0066399495822992765	0.020193892208465826	0.017483761220251706
DLBCL_RICOVER_985	0.029407878225141675	0.030669207929829162	0.07336598119409261	0.8204497731443486	0.04610715950658787
DLBCL11459	0.03373065023165336	0.014316948486473169	0.02929414650193666	0.8917759628470487	0.03088229193288804
DLBCL11564	0.03235368591194404	0.017153263585262098	0.027583896941005905	0.8984418085296184	0.02446734503216956
DLBCL10555	0.030689505964891423	0.027608098522892775	0.9157786836396576	0.01704197761601707	0.008881734256541114
DLBCL11662	0.9312245159534419	0.016064114350401216	0.006551062247814844	0.026119378182024436	0.02004092926631758
DLBCL10466	0.007108622038003856	0.06054872771102928	0.8678371676390731	0.03425753716602802	0.03024794544586567
DLBCL11539	0.9538017924178054	0.004773858290392649	0.01224514718994741	0.023131670083547183	0.00604753201830734
DLBCL10847	0.07129088711217506	0.04740783988995477	0.015349502399327858	0.015217903817964142	0.8507338667805782
DLBCL11537	0.9400348084429233	0.0076241783026573294	0.00870172010320789	0.015276550105834022	0.0283627430453774
DLBCL11462	0.9467886212886949	0.005558284295062651	0.012400861329418757	0.015959032406981263	0.019293200679842488
DLBCL11429	0.9358539362392535	0.006248768953596108	0.011036795572706835	0.03171790584057326	0.015142593393870248
DLBCL_MC_F500_ECU	0.017675920869286578	0.9304207425908054	0.012873014952458134	0.020593140834317666	0.018437180753132207
DLBCL_MC_F606_DMJ	0.011801961675641424	0.047319076398290257	0.9117222952876688	0.014109200199731711	0.015047466438667818
DLBCL_LS951	0.9569983388968901	0.008689894934875394	0.008294494358505815	0.020297926828829697	0.005719344980898955
DLBCL11476	0.026989499044233256	0.02082947905079352	0.012096774221824832	0.020694591633794505	0.9193896560493539
DLBCL_LS1395	0.018812543722155902	0.03285693802175161	0.9158066911700488	0.01358682394557237	0.01893700314047131
DLBCL11481	0.920913468810675	0.008547013105493193	0.025003808823187777	0.02008039545186878	0.02545531380877525
DLBCL11520	0.9439391436986209	0.005898718166963344	0.008424061314426546	0.018506940701809558	0.023231136118179643
DLBCL11661	0.010885520767339117	0.9455580644744039	0.017784670668137104	0.0192481923175248	0.0065235517725950095
DLBCL_LS3200	0.007324121320823976	0.036130649855768346	0.010837284789941294	0.010213305925501234	0.9354946381079652
DLBCL10835	0.009103104409489433	0.046550404185591136	0.00977066299525181	0.034196187404205956	0.9003796410054616
DLBCL10858	0.027348334824362695	0.013244554809949141	0.01927554193263405	0.11249970240568612	0.827631866027368
DLBCL10833	0.12018392183204994	0.016877951558656304	0.013019906570320575	0.07258378436345142	0.7773344356755217
DLBCL_C_D_1129_NULLPAIR	0.9650974859820706	0.004661421854990587	0.008763242485264248	0.012746207784470843	0.008731641893203697
DLBCL11558	0.004976552025267217	0.0075971913935462265	0.9741751648676104	0.009658147032814623	0.003592944680761591
DLBCL_C_D_1130_NULLPAIR	0.9824133661342135	0.003621795623545019	0.003275311562787137	0.005825427978713264	0.004864098700741102
DLBCL_LS1921	0.00802107365592718	0.9550508427540724	0.01399052357345235	0.016888294344240006	0.006049265672308133
DLBCL10529	0.0030433932893182505	0.00947435084309384	0.006375054389971271	0.0072158854475923	0.9738913160300243
DLBCL10945	0.9758242632228948	0.0037083794421013407	0.003970898345417662	0.009160827166125662	0.007335631823460529
DLBCL10912	0.976417980107598	0.005370637576083001	0.005159166693429658	0.008777472938299119	0.004274742684590276
DLBCL10515	0.96626182957375	0.008251111524555375	0.005740240691173594	0.014254136946846943	0.0054926812636741686
DLBC_FF_A7CQ_TP_NB	0.022736413790693383	0.010279176770228354	0.014231418557191573	0.05303294859692988	0.8997200422849568
DLBCL11685	0.003861533890902992	0.003960705570978554	0.9782963019263087	0.006445892386750662	0.007435566225059103
DLBCL11461	0.9735487689674851	0.004892906887558713	0.007094957631009574	0.011159275974807781	0.0033040905391387865
DLBCL_C_D_1114_NULLPAIR	0.9848622505205177	0.002415719634134759	0.0024206475088665927	0.007211471194741161	0.003089911141739762
DLBCL10997	0.9786727466525388	0.00298346167480389	0.003679911856737441	0.009081772267989478	0.005582107547930369
DLBCL_MC_F519_ALT	0.0036743110558466264	0.004045902284331888	0.002822012775329903	0.0039031387290761515	0.9855546351554154
DLBCL10510	0.01398630878089711	0.9564447091262964	0.006493789429086377	0.00754645043502105	0.015528742228699032
DLBCL11680	0.011017658045772405	0.007539901957293984	0.9687189772505093	0.007649038255137452	0.005074424491286925
DLBCL10550	0.008259038968021956	0.006754594760255337	0.0146395636034742	0.013233173231179788	0.9571136294370687
DLBCL10494	0.006418669015462567	0.9420708062437978	0.0326252607239673	0.00784887161610791	0.011036392400664462
DLBCL10853	0.025977881144537997	0.007625071811845748	0.011843597701832657	0.030389396622204523	0.9241640527195791
DLBCL_RICOVER_449	0.0024668131757923082	0.0029990392960045718	0.002860886737312661	0.004150936277042955	0.9875223245138475
DLBCL_LS297	0.004852532141376433	0.0057417432493983385	0.9755011824629671	0.010527477204746187	0.0033770649415118714
DLBCL10891	0.006715071367293888	0.006901270012882544	0.015932306973428345	0.020153066102781444	0.9502982855436137
DLBCL10866	0.007567567726233865	0.007471677652576548	0.00856781958267997	0.024070570929283375	0.9523223641092262
DLBCL_MC_F729_MAN	0.008128986765118442	0.9354566462136864	0.013068277499354004	0.007924572038921855	0.035421517482919246
DLBCL10887	0.00436087157498581	0.006024440078573093	0.01387464312441637	0.010749565109883551	0.9649904801121412
DLBCL10836	0.012827566523471392	0.005667335797915788	0.013154825867244913	0.020309478736454254	0.9480407930749136
DLBCL_RICOVER_417	0.0017265598251803137	0.003765603639674384	0.0031225817357622846	0.004588774298343275	0.9867964805010397
DLBCL_DFCI_DLBCL_GOE16	0.002080336934841628	0.0023335012327171493	0.9898206523894538	0.0038082750673921408	0.0019572343755952224
DLBCL11203	0.005145087981675239	0.9667994244986999	0.0075879636501523075	0.012405340492595795	0.008062183376876673
DLBCL10900	0.004589517484165787	0.003927925541059726	0.00440771542207241	0.008899730989768968	0.9781751105629332
DLBCL_C_D_1163_NULLPAIR	0.0009863973345979622	0.0014942069424787139	0.0013918248902530309	0.0021440159565647085	0.9939835548761056
DLBCL10992	0.0016141342056121104	0.001698848321639094	0.0021498288437921064	0.0028289142103188445	0.9917082744186378
DLBCL11428	0.005006734479763153	0.008028842198549095	0.9764079957437105	0.007029026426303812	0.003527401151673479
DLBCL10983	0.007870481925190189	0.9724729804833478	0.0053349280443216055	0.005533019477478433	0.008788590069661924
DLBCL11507	0.01721589923606048	0.9196733872980717	0.040249201526448085	0.008726260427266125	0.014135251512153594
DLBCL10911	0.002348602202816694	0.9905311029504437	0.003015625114446674	0.0019685927346060304	0.0021360769976869606
DLBCL_MC_F089_HCZ	0.0021592801515233962	0.9818357268547425	0.0068657025032033	0.0036950199972510117	0.005444270493279718
DLBCL11565	0.0013275626933120213	0.9930593705125816	0.0018887316056461682	0.0017659926609836323	0.0019583425274765616
DLBCL_RICOVER_440	0.0059533147190201485	0.952099159057865	0.026679184842553064	0.0049110569167159475	0.010357284463845817
DLBCL_C_D_1108_NULLPAIR	0.007295101864690548	0.9613176452679513	0.006692748557179879	0.005687166399443853	0.01900733791073447
DLBCL_LS3749	0.0027733209105063827	0.9879030986484013	0.003712701142612181	0.003306755797523754	0.0023041235009563185
DLBCL10461	0.0023725770027857363	0.9859508561912729	0.005045119113200707	0.0022247508305859092	0.004406696862154751
DLBCL_LS1065	0.0032429413579048534	0.9883321911178286	0.002949454744165478	0.0022717800937624624	0.0032036326863386813
DLBCL_C_D_1136_NULLPAIR	0.0006277294569486755	0.9969418021691298	0.0008631383714844373	0.000693413941864878	0.0008739160605722689
DLBCL10962	0.25789097319504434	0.09200075863720479	0.265076778385353	0.291371446451045	0.09366004333135279
DLBCL11528	0.21978674075607088	0.3784680030534622	0.3398457936707937	0.02856752617178431	0.033331936347888766
DLBCL11202	0.13475431502545704	0.13253797619487687	0.6140803262385555	0.10657341906530952	0.012053963475801076
DLBCL_LS2208	0.048061511653787546	0.08977775505948928	0.5091103579009617	0.09116623067777034	0.26188414470799126
DLBCL11496	0.510702992219786	0.055236778273392816	0.05430963795455699	0.03512599376493631	0.34462459778732796
DLBCL_LS762	0.04281614066458387	0.040862446647577134	0.3807585063330193	0.061487991342174246	0.47407491501264554
DLBCL10503	0.04576806368982159	0.22585011466292737	0.5523817251077995	0.07189938913890401	0.10410070740054761
DLBCL_RICOVER_1278	0.0979866039062753	0.04715020404786826	0.027301006293340226	0.5259770378872402	0.30158514786527607
DLBCL10909	0.05661545049600737	0.019080060961425893	0.06284456621290667	0.47655322868565464	0.38490669364400554
DLBCL11515	0.02481096768765288	0.09438653633812151	0.3852689793568986	0.03939092536275321	0.45614259125457374
DLBCL10921	0.030870644626584783	0.5114537009332386	0.020476675756187578	0.025986538004611964	0.411212440679377
DLBCL10936	0.11859247960984819	0.5554872471131131	0.11856805910253468	0.08452846294278857	0.1228237512317155
DLBCL11436	0.20013773893391798	0.15453667470547422	0.05468950122146262	0.5501685422625616	0.04046754287658351
DLBCL10782	0.13786178124331933	0.0940254587429745	0.047277758096469336	0.6952093974457773	0.025625604471459583
DLBCL10564	0.061320955213075526	0.10276404784556673	0.0690742088784783	0.7297753293637469	0.037065458699132595
DLBCL_RICOVER_1106	0.02680179118334865	0.2738835626752667	0.040518688122653274	0.2164164382367028	0.44237951978202866
DLBCL_LS4616	0.01047994233372254	0.2252538330961288	0.6950491558883106	0.034486699574183294	0.03473036910765469
DLBCL10552	0.41381127145627267	0.02263668564229445	0.06573382717399019	0.47200745684461815	0.025810758882824473
DLBCL11590	0.1395480972522768	0.02192960640250401	0.6292570831525404	0.1655809956858918	0.04368421750678702
DLBCL_LS3499	0.15334935863667717	0.1667887343101654	0.040297837108908593	0.5819837177901374	0.057580352154111475
DLBCL11430	0.6035711525430143	0.01978485371268968	0.06648769110847981	0.2820867206292225	0.028069582006593635
DLBCL11204	0.1795338605752081	0.6684416171804605	0.03792488459133515	0.033934525911833706	0.08016511174116259
DLBCL11536	0.04974606492289695	0.4578332839994582	0.044624771247763484	0.37977124383346617	0.06802463599641514
DLBCL_RICOVER_274	0.05173277709961173	0.16585388285365754	0.026121782244438306	0.6222546339902169	0.1340369238120756
DLBCL10885	0.05813672343586133	0.6166070116959232	0.015231675679721727	0.03399430547394456	0.2760302837145492
DLBCL_DFCI_DLBCL_GOE05	0.01529192189054591	0.3908848998418683	0.09308708551437553	0.02800506884386579	0.47273102390934446
DLBCL10856	0.05531171074899473	0.03876395588061924	0.2360433957103473	0.03110720568761491	0.6387737319724238
DLBCL10553	0.04017881861626395	0.051581020321517894	0.3565565750440568	0.4900610895549336	0.061622496463227816
DLBCL10974	0.049304993290600514	0.02985258442960765	0.04481555337227492	0.3737918038429238	0.5022350650645931
DLBCL_RICOVER_467	0.017766157322038303	0.4259793582760455	0.03710314096135973	0.017446336923460704	0.5017050065170957
DLBCL11519	0.5019453795431928	0.07803492197176014	0.03426306068266142	0.3656712423846714	0.020085395417714084
DLBCL_C_D_1144_NULLPAIR	0.05851668676591086	0.17069886158610367	0.01848425625788319	0.05094545404124897	0.7013547413488532
DLBCL_RICOVER_1018	0.06309666921875871	0.1105263534622678	0.026949849813620773	0.7617812019656155	0.03764592553973722
DLBCL10895	0.021877341301868195	0.3001398634496148	0.11349855598945867	0.03094777650110985	0.5335364627579485
DLBCL_C_D_1156_NULLPAIR	0.7399840741913065	0.048148048310731495	0.02252984445973669	0.16517417620720629	0.024163856831018998
DLBCL10517	0.010889825312079576	0.743051112567075	0.18934569122685418	0.024113176011797056	0.03260019488219417
DLBCL10994	0.7474245205073382	0.08346507431630337	0.0225548960130944	0.06051205545146243	0.08604345371180162
DLBCL10565	0.06458731486523181	0.0298349184343887	0.7923078066073612	0.10140669211586176	0.011863267977156571
DLBC_FF_8042_TP_NB	0.022066255584088396	0.09231491147280368	0.2669729318286777	0.13665915808341467	0.4819867430310155
DLBCL11437	0.058184644351873226	0.016091639417956848	0.04761718236150018	0.7947490584071389	0.08335747546153073
DLBCL10910	0.01933024692756912	0.0937805231593917	0.7549809308270654	0.1025739799121734	0.029334319173800315
DLBCL_RICOVER_910	0.06692453473460562	0.06034866768067312	0.04409779761316844	0.7702035046400032	0.058425495331549636
DLBCL11478	0.7678695259575823	0.03492558434511902	0.14685646212320044	0.03273236848148901	0.017616059092609333
DLBCL11576	0.042325702604425676	0.11242839024935704	0.09274830804575553	0.7142226729082837	0.03827492619217812
DLBCL10844	0.8559163288926431	0.029770162530888246	0.014545475565496417	0.028942074392694105	0.07082595861827815
DLBCL11658	0.037683793842226074	0.017152641395936148	0.03550643343702498	0.8457536040720811	0.06390352725273173
DLBCL10935	0.8850321878146504	0.055970412038376584	0.010442869131994704	0.032483084375352786	0.01607144663962552
DLBCL_RICOVER_945	0.7419892209491623	0.13288589848721444	0.01383958396330692	0.07067752875404025	0.04060776784627608
DLBCL11488	0.6856446547788596	0.016098375378566558	0.019055290089562492	0.06617182123213866	0.21302985852087272
DLBCL10512	0.015770250215749976	0.11668801617978268	0.13494454248630647	0.024266436722502005	0.708330754395659
DLBCL10993	0.8515323379542551	0.01316682574297105	0.027372429085128637	0.06898771293775806	0.03894069427988718
DLBCL11456	0.021205830582412752	0.8876198484450528	0.03665777622433627	0.0442294452486343	0.01028709949956382
DLBCL_DFCI_DLBCL_GOE07	0.02849268155971484	0.8655618764917082	0.02969501452221044	0.01998732454882043	0.05626310287754602
DLBCL_C_D_1117_NULLPAIR	0.07968579069846148	0.745677973050128	0.018513824364320502	0.13099164942742306	0.025130762459667035
DLBCL10927	0.05171379059458534	0.01876042042411898	0.02644514988132772	0.8793304105016694	0.023750228598298534
DLBCL10472	0.017887225081617514	0.014839321728874002	0.8845075276651865	0.06841948660686205	0.014346438917459929
DLBCL10871	0.04949467511875679	0.8873272552716426	0.029549372995544866	0.018546762052405696	0.01508193456165013
DLBCL_LS2357	0.029986007676872577	0.018416657699723043	0.030042123291446073	0.8903453339187121	0.03120987741324629
DLBCL10922	0.016884402844426858	0.9464800680989205	0.01354614977803715	0.0099976066445812	0.013091772634034323
DLBCL_RICOVER_978	0.7509287115349441	0.03657098024345783	0.07307287314080396	0.11199379420890573	0.027433640871888373
DLBCL10903	0.009349412395265213	0.9244157570365978	0.04721460879875759	0.008467100624988587	0.010553121144390708
DLBCL_LS2599	0.010856076161919944	0.013028598398328393	0.9488768178570881	0.021536470708602123	0.005702036874061406
DLBCL10495	0.9616382352818557	0.011995199412194868	0.004434551381902454	0.013096227026628002	0.00883578689741905
DLBCL11671	0.9336565423720261	0.013400950990792668	0.011799487932670402	0.03413826548485282	0.007004753219658038
DLBCL_LS3245	0.00514779777318671	0.9633923404963125	0.019447909268684036	0.006184062023633813	0.005827890438182906
DLBCL11470	0.8360004092092607	0.010266384609356187	0.027544624318219347	0.10748275247318295	0.01870582938998082
DLBCL_RICOVER_314	0.009742162662304026	0.02507242214081312	0.01741990950326243	0.024185655850328957	0.9235798498432914
DLBCL10525	0.9823358002408861	0.0023809546438672245	0.004350545149929629	0.006029527818018523	0.004903172147298587
DLBCL10535	0.009580189673794592	0.02109465675051956	0.02583624213469738	0.009996063463191006	0.9334928479777975
DLBCL_RICOVER_408	0.02832498957719484	0.9301023974552913	0.019890997186618572	0.011747580934465051	0.009934034846430231
DLBCL10931	0.949244967223172	0.005233318504762446	0.008193546693531423	0.02377920736650842	0.01354896021202573
DLBCL_C_D_1128_NULLPAIR	0.9756548283539256	0.00480147811253074	0.004359771916498802	0.008390744179998187	0.00679317743704665
DLBCL10549	0.0149616456390026	0.9185743055281627	0.04523951895821278	0.009337545056973321	0.011886984817648622
DLBCL_LS2089	0.005950432802697575	0.9542211250111842	0.010340917548058048	0.005696594112016224	0.023790930526043988
DLBCL_C_D_1118_NULLPAIR	0.06907285424542033	0.8810537288124902	0.010598389015415927	0.02004151710341117	0.019233510823262308
DLBCL_LS4054	0.006407401459015708	0.9627756082631621	0.008195322939451192	0.008790205177124382	0.013831462161246604
DLBCL_LS1757	0.9822087721936961	0.0035690115031212456	0.0032887227827519084	0.007419886367569631	0.0035136071528611
DLBCL10884	0.9769643407481664	0.0035218559638288197	0.004431318554412634	0.011156193360551628	0.003926291373040538
DLBCL_RICOVER_977	0.9728200386824615	0.00359386593647446	0.004141482474480269	0.01152691910964887	0.007917693796934923
DLBCL_LS2245	0.022210899005977454	0.8786074955206657	0.07290583719294007	0.01150842924777794	0.01476733903263874
DLBCL_RICOVER_533	0.009436222635019122	0.97240852040386	0.007522011512436965	0.006502531154646465	0.004130714294037434
DLBCL11353	0.004556153181995326	0.011779593899235444	0.014635500550793606	0.007581224850309877	0.9614475275176657
DLBCL_RICOVER_451	0.9807063392265666	0.0028278990281187916	0.004680197506864749	0.0074403190530202045	0.004345245185429696
DLBCL10951	0.003920879866753831	0.006306648489731453	0.0035092293823091713	0.005513331014076235	0.9807499112471293
DLBCL10880	0.010111570590517257	0.005575336241366392	0.009568921372430664	0.005958735454931618	0.9687854363407541
DLBCL11656	0.004616398336006611	0.0048815386764260735	0.9704452566628257	0.0084768826528115	0.01157992367193016
DLBCL11673	0.0033278694023547327	0.9824727378226837	0.006825207012171848	0.004118629719854301	0.0032555560429353655
DLBCL11188	0.001988786556932857	0.9911301327140034	0.0026825223193090056	0.001768135306006911	0.002430423103747823
DLBCL10452	0.0030058614934944015	0.9823384727151601	0.00752926256437695	0.0031185385151502065	0.004007864711818427
DLBC_FF_8043_TP_NB	0.0066941163938732786	0.9793054282121564	0.005827240618895214	0.0034702894673912144	0.004702925307683905
DLBCL_RICOVER_850	0.005895487470059143	0.013321378465760201	0.005183915556070157	0.012626990967664706	0.9629722275404458
DLBCL_LS146	0.002665366104914561	0.9907599736472656	0.0029451180882709028	0.0018487929767295834	0.0017807491828193051
DLBCL10890	0.003912788901804431	0.006002450673354011	0.008470330565651926	0.00672887856997205	0.9748855512892176
DLBCL11566	0.0038140427500361726	0.006480481871722651	0.9789796642880576	0.0066099857195879635	0.004115825370595589
DLBCL11500	0.004959871577653273	0.005993769331462366	0.00959343126564165	0.011030456250480948	0.9684224715747618
DLBCL10852	0.018979794422906607	0.012259679059732536	0.01173684590353878	0.05595048977467911	0.901073190839143
DLBCL11195	0.00311653566681419	0.010650558526444032	0.00830845237434928	0.009308633688858207	0.9686158197435343
DLBCL_RICOVER_577	0.003953679887049705	0.00498202827198561	0.9813914119718509	0.006181619010316906	0.003491260858796901
DLBCL10781	0.0054374666374121805	0.005472261248514284	0.004839964174609862	0.01255142566441423	0.9716988822750494
DLBCL10530	0.002271396598490619	0.0056907016860178235	0.003543652967145392	0.003755359640314462	0.9847388891080318
DLBCL_RICOVER_1248	0.004705927265900943	0.006611360084272433	0.00321735238843476	0.00561774046853436	0.9798476197928575
DLBCL11670	0.004484188783589787	0.007899483941704442	0.9662722522234183	0.015051258396788478	0.00629281665449901
DLBCL10862	0.002173939262191448	0.0036892662111226698	0.005463385509659335	0.0037406051756762424	0.9849328038413503
DLBCL_C_D_1125_NULLPAIR	0.002764162119409984	0.00942913803869599	0.004849640817069878	0.005588747065405799	0.9773683119594183
DLBCL_RICOVER_221	0.0023843179668205923	0.004866970563321698	0.0049824870023575584	0.006015835061273815	0.9817503894062263
DLBCL11450	0.002135307551469915	0.004354403958835945	0.002380669425043351	0.004219611856453366	0.9869100072081974
DLBCL10465	0.0021144999623439503	0.0037378867203873493	0.9864456808379424	0.004955001378346791	0.002746931100979514
DLBCL_RICOVER_1289	0.006049739927147798	0.005995529210583272	0.006059481330995505	0.018342132982639293	0.9635531165486342
DLBCL11667	0.0026789904489437568	0.004403170004990712	0.9853484270404366	0.004659057777547882	0.0029103547280811015
DLBCL10883	0.0015670848652197963	0.0015534059241842926	0.001660336095599662	0.0019086541600449843	0.9933105189549513
DLBCL10534	0.0	0.0	0.0	0.0	1.0
DLBCL_LS1668	0.07690457225443881	0.24594010707632089	0.29745169903562285	0.3325116009435758	0.0471920206900416
DLBCL_RICOVER_522	0.21331158321514407	0.08380384920669184	0.3136339377353324	0.37678258042784596	0.012468049414985768
DLBCL11206	0.03758460552140832	0.5018080678149968	0.09711937687728284	0.017457722709196644	0.34603022707711545
DLBC_FF_A7CX_TP_NB	0.5080677936169983	0.04348761663650038	0.06943736242163728	0.04710528742723007	0.33190193989763406
DLBCL11681	0.26313594499969006	0.013846718568031133	0.49547723281751366	0.10204707692164092	0.1254930266931243
DLBCL_LS2590	0.03430155346463529	0.02632702791172038	0.0513254451511547	0.5103483014341458	0.3776976720383438
DLBCL_C_D_1126_NULLPAIR	0.2151490874895355	0.6509541641799294	0.016581433663701534	0.042509489430379986	0.07480582523645361
DLBCL10906	0.061759003336673855	0.5233076957531283	0.016645482194664486	0.031290557985358215	0.36699726073017513
DLBCL10482	0.8265377123000199	0.02043625374860373	0.014889729691990067	0.031222697712197562	0.10691360654718866
DLBCL_C_D_1112_NULLPAIR	0.18121964615855884	0.1708117525474698	0.47231884285712294	0.08090679682888986	0.09474296160795856
DLBCL_RICOVER_773	0.025390787242503293	0.08984409264483818	0.3225029225739824	0.02414378832791884	0.5381184092107573
DLBCL10863	0.14805041133438102	0.030027064412087055	0.02490795087878601	0.5388543017268352	0.25816027164791067
DLBCL11003	0.06325094470055413	0.6850786247276347	0.026183126781950124	0.034261663578260174	0.1912256402116009
DLBCL11441	0.12498029013046856	0.01738268325364254	0.06058939069704064	0.3212533578573073	0.475794278061541
DLBCL11447	0.057106805292298994	0.024835567891126332	0.028100902148289045	0.6169309583375158	0.2730257663307699
DLBCL10963	0.07055231833756395	0.023646493270152197	0.04376990503670405	0.7056613053625761	0.1563699779930037
DLBCL_RICOVER_720	0.03923996155030714	0.29385101431776817	0.029506207020505718	0.016328454659554358	0.6210743624518646
DLBCL10908	0.041780195507226836	0.14324925860126062	0.6046797483213386	0.0347610753995561	0.1755297221706178
DLBCL10968	0.5910126614348172	0.017788002842152515	0.024171661334450714	0.27648942703116525	0.09053824735741425
DLBCL_LS155	0.02780170385987832	0.01356127781491936	0.8002506780868975	0.12482143699504758	0.03356490324325725
DLBCL11527	0.05418158441386508	0.02715781260912103	0.049607244061612606	0.7811838996894264	0.08786945922597496
DLBCL10969	0.4841295115240832	0.32271200018414065	0.12563262579611906	0.03086480055241358	0.0366610619432435
DLBCL_RICOVER_506	0.01648001835879372	0.280668815267398	0.03417106971360227	0.02034895529027233	0.6483311413699337
DLBCL_LS2154	0.1534231988165778	0.7208740658499798	0.054189551411934836	0.049848971564102826	0.021664212357404646
DLBC_FF_8062_TP_NB	0.080204179256442	0.0375387774450996	0.13856989731510658	0.7109938215601753	0.03269332442317648
DLBCL_RICOVER_1060	0.15220644105755476	0.6618490935020712	0.04166336404668955	0.035696461647547265	0.10858463974613723
DLBCL11474	0.6052018963449851	0.03580710290082958	0.02274386919107313	0.2984607753140646	0.03778635624904753
DLBCL_RICOVER_1165	0.045386745716639997	0.755472516434915	0.11266217721423716	0.019152799326532806	0.06732576130767505
DLBCL_RICOVER_216	0.08050990001716665	0.06981880235521512	0.7079603494612879	0.06803348668059306	0.07367746148573717
DLBCL10486	0.6164232523648456	0.11216601445902347	0.02631320387064386	0.19413531047603164	0.05096221882945534
DLBCL11486	0.4849099809110507	0.035175162104815784	0.03307881077283443	0.03401038232430613	0.41282566388699293
DLBCL_MC_F064AB	0.024216174421490468	0.01967127646157529	0.8552135750575625	0.08258740324277024	0.018311570816601598
DLBCL_MC_F218_RAP	0.13941068929739492	0.023199900329160587	0.05351113569974952	0.7533505077220075	0.03052776695168746
DLBCL11480	0.5810242353864029	0.023897591380209506	0.13391941793212092	0.08321198424111163	0.17794677106015513
DLBCL10985	0.10712009742847849	0.21505860441383992	0.037163326437665026	0.6080783979949174	0.03257957372509919
DLBCL_MC_F307_JPS	0.7379109824475095	0.06020452804367381	0.03463871127139742	0.13331308612736745	0.033932692110051815
DLBCL10980	0.01208008731407073	0.09134078633206463	0.09771069732539854	0.07217046448108227	0.7266979645473838
DLBCL11484	0.018868033889237804	0.8173678116722344	0.05796056020243909	0.02527788283225023	0.08052571140383856
DLBCL11675	0.01679845525131811	0.009651905220492715	0.8637435249957052	0.04076754102950128	0.06903857350298269
DLBCL10965	0.1443378269099146	0.02004614826237363	0.04458048902973326	0.7480000645669783	0.04303547123100011
DLBCL11433	0.045856826247296444	0.02405679107055114	0.058483456842312063	0.32500251087941495	0.5466004149604253
DLBCL11449	0.04703704959600987	0.18428864190724478	0.02023832607532555	0.05472500923136105	0.6937109731900587
DLBCL10451	0.6298242570227546	0.03219297075512662	0.2878387603398614	0.03409741231346542	0.01604659956879199
DLBCL_C_D_1119_NULLPAIR	0.044190173150487844	0.9188450057923208	0.011295433461955103	0.009828747691500214	0.015840639903736138
DLBCL_RICOVER_956	0.026438662255701927	0.09625499539430225	0.03487365495578616	0.05241187737153327	0.7900208100226764
DLBCL_C_D_1105_NULLPAIR	0.06587075218167684	0.8769737157879195	0.01625877315966068	0.019417897729107687	0.02147886114163528
DLBCL_RICOVER_299	0.012908518202509305	0.8441272965774049	0.11138984239186143	0.009715462740323621	0.02185888008790071
DLBCL11472	0.8677593451882153	0.008148520602184746	0.02001818185660418	0.0783806645437592	0.02569328780923656
DLBCL11538	0.023425539390945268	0.01668626689433459	0.7900502606891754	0.10609268101281628	0.06374525201272843
DLBCL11002	0.17555733707135238	0.040662098298985795	0.05073684616795872	0.70872258188381	0.02432113657789318
DLBCL11435	0.8433173230744527	0.012033221656527524	0.013953417099144256	0.09366019445331346	0.03703584371656199
DLBCL_C_D_1109_NULLPAIR	0.07335966863359394	0.017220123607555527	0.026435964968841163	0.8343064453558651	0.04867779743414435
DLBCL10972	0.7546493302191525	0.03961655647850165	0.03925616844139834	0.05270878004231207	0.11376916481863548
DLBCL_RICOVER_701	0.05982594876177465	0.020596671000719265	0.024413577484707575	0.8530370692492601	0.042126733503538384
DLBCL10490	0.9182483705657102	0.011054671791596062	0.01120941005297143	0.04443092637369956	0.015056621216022734
DLBCL10539	0.0513170967814578	0.043687240035183914	0.036580878147277854	0.8408736125983429	0.0275411724377375
DLBCL_RICOVER_1061	0.04414292743369518	0.01570505418984585	0.034501814168111884	0.8827251262931166	0.022925077915230418
DLBCL11504	0.06111376561712203	0.014571939026267404	0.017222125794456183	0.05414908588816079	0.8529430836739936
DLBCL11457	0.8239224610452132	0.008062146248543593	0.03741258402905601	0.10038857085699746	0.030214237820189782
DLBCL10957	0.8227796789759761	0.021171899553717025	0.0479115110865311	0.09517417448169602	0.012962735902079697
DLBCL11460	0.03359820377193453	0.02338889842851514	0.027652443014329158	0.8927204687049519	0.022639986080269292
DLBCL_MC_F139_LJF	0.03997270888573568	0.01776736631274399	0.026153598079319874	0.8890384405492596	0.02706788617294083
DLBCL11205	0.8499004182636035	0.04164165424361245	0.06668642895699813	0.03234819600946487	0.009423302526321007
DLBCL10780	0.018918902849723834	0.8480820240080122	0.09030822373143209	0.031561660062070264	0.011129189348761564
DLBCL10857	0.02396709375455993	0.009358771835672632	0.009955143773262613	0.03932991675894677	0.9173890738775581
DLBCL10925	0.06249577855820366	0.07968914957435869	0.012968580073762784	0.0881615913695319	0.756684900424143
DLBCL10483	0.008178520825905252	0.9454051989459333	0.03213889483566875	0.006200027040944082	0.008077358351548629
DLBCL_C_D_1113_NULLPAIR	0.007805916183066784	0.015765541761544263	0.9590718796163652	0.010154594757803743	0.0072020676812200035
DLBCL10898	0.016098955277245246	0.04127257666792721	0.010583607860714599	0.03426261831530805	0.8977822418788048
DLBCL10934	0.031028396432902287	0.10302500849450884	0.01064304682721897	0.041974486594916094	0.8133290616504538
DLBCL_RICOVER_496	0.00965839887470483	0.953705583343943	0.020028464844263513	0.008673006765058038	0.007934546172030717
DLBCL11526	0.011622413082553575	0.010598742373307997	0.9597866382058845	0.013251416748583121	0.004740789589670761
DLBCL10930	0.12398865127045208	0.019807858392590874	0.02555755009027049	0.022091841831004273	0.8085540984156823
DLBCL10523	0.009847309751052332	0.008483199058380407	0.9560792322344867	0.0204694820255611	0.005120776930519468
DLBCL_MC_F262_WLC	0.9786186023237482	0.0035456989396128987	0.003172007626604301	0.00950358207405867	0.00516010903597592
DLBCL10498	0.006325006972215269	0.006801509434765818	0.9709055208721844	0.012229565353783204	0.003738397367051319
DLBCL_RICOVER_712	0.00937663270617035	0.011680037990325331	0.005808020907650717	0.01765686975794757	0.955478438637906
DLBCL11458	0.02917875851243466	0.018802862654245536	0.9259983321622551	0.012554365242849863	0.013465681428214835
DLBCL10532	0.017041509408546755	0.01809282534600053	0.07218789419983392	0.05984439350956102	0.8328333775360578
DLBCL10502	0.006066297947146117	0.9655165299482276	0.01526175280421268	0.006194376691685866	0.006961042608727824
DLBCL_RICOVER_744	0.023866791479216602	0.011180917557715258	0.9453203211629924	0.009992482339418424	0.009639487460657374
DLBCL10460	0.0036644768106567725	0.9843353775623549	0.005759055627707104	0.0022336179801701393	0.004007472019111076
DLBCL10834	0.0014540399518501875	0.9947254978739397	0.0015478379672408749	0.0009420674029608829	0.0013305568040082954
DLBCL_RICOVER_473	0.9357560702313409	0.014756483802263584	0.012586886601640866	0.028372986846131775	0.008527572518622852
DLBCL_RICOVER_1210	0.0039174845358223714	0.9691992743270255	0.014602564148819807	0.005470196531529514	0.0068104804568028315
DLBCL_C_D_1133_NULLPAIR	0.00849795946795015	0.00855460159912868	0.966887883397168	0.012018286034667883	0.004041269501085296
DLBCL_LS1098	0.004154163992161265	0.003962332513828095	0.9806546001246228	0.0077310489365226874	0.0034978544328651017
DLBCL10954	0.004443336701956743	0.9796915152255669	0.005821631678680096	0.004485490966248583	0.005558025427547703
DLBCL10459	0.002739063015152183	0.0070173756903085	0.9795656737569546	0.006624446003695387	0.004053441533889318
DLBCL_C_D_1141_NULLPAIR	0.003762537655194866	0.006019233896583776	0.9792001861752477	0.005356211318132593	0.005661830954841048
DLBCL_C_D_1131_NULLPAIR	0.0022913917800559047	0.9874415088918027	0.004928891966613339	0.002006725905427473	0.003331481456100544
DLBCL11666	0.003049590526825185	0.004085372392498519	0.9848704069120019	0.005472122984473026	0.002522507184201378
DLBCL_MC_F349_BJJ	0.0019630722008170945	0.0031236630283801685	0.9888939452102152	0.0034969484486035264	0.0025223711119840356
DLBCL10999	0.009970814712857866	0.02862484981967553	0.04161142808670528	0.1133127131410552	0.8064801942397062
DLBCL_RICOVER_1192	0.004379650928538544	0.011025851650198098	0.005769719874211596	0.004467948568194616	0.9743568289788571
DLBCL_RICOVER_174	0.0017366317387418231	0.9940576572427741	0.0017821311105088054	0.0011644525521581376	0.0012591273558172189
DLBCL_RICOVER_1032	0.007608708053602654	0.03858818643980513	0.009397984948504957	0.012266404605008835	0.9321387159530784
DLBCL10850	0.002409953932581651	0.9913969097859272	0.002770535261739344	0.001562369476699674	0.0018602315430520753
DLBCL_RICOVER_253	0.0017539822830609675	0.9918758920051007	0.002527203655696527	0.001439792880670054	0.002403129175471708
DLBCL11512	0.8539088731170147	0.0443491637268867	0.02126835232830775	0.06502170711513815	0.015451903712652773
DLBCL10977	0.008211397994621948	0.00446888293612955	0.011092284554891302	0.008638603874717682	0.9675888306396395
DLBCL_LS378	0.9785995315473294	0.0037888879333980085	0.005701367865000119	0.008348169188644389	0.0035620434656280678
DLBCL10842	0.005582287976939637	0.006515461464553645	0.009926444940422673	0.016165195745557952	0.9618106098725261
DLBCL10902	0.0032183296540618843	0.007637702031916115	0.00642089697162924	0.006152599852722581	0.9765704714896701
DLBCL10990	0.0028817695883360185	0.00440244187965727	0.002879972608756365	0.00345560001512274	0.9863802159081276
DLBCL10860	0.001926921255050756	0.003933578335456703	0.004869412364034735	0.0038544215522883086	0.9854156664931695
DLBCL10901	0.001635444996991548	0.003224025797152402	0.0023131348558536155	0.003507392601135385	0.989320001748867
DLBCL10889	0.0015040718115540825	0.0024161136808457176	0.0023640510299637323	0.003989930475422797	0.9897258330022136
DLBCL11000	0.0015412267679211621	0.002837663564998206	0.002426796213753761	0.0033560227336647775	0.9898382907196621
DLBCL10458	0.9874814570372501	0.002138908360595605	0.0028809026753603096	0.005088506852394575	0.0024102250743994465
DLBCL_MC_F927_JHS	0.18137527672371023	0.2193547130892304	0.20819689776338757	0.13469851833242685	0.25637459409124486
DLBCL_LS4619	0.0163097235472962	0.223076654627499	0.2115082489144454	0.04656651166059944	0.5025388612501599
DLBCL11483	0.07953391352934124	0.3113316792236476	0.0968227026601211	0.05478831001434343	0.4575233945725468
DLBCL10488	0.6751678073321362	0.11255688998248789	0.11090534224638296	0.09178192033227078	0.00958804010672206
DLBCL11448	0.039452852540206286	0.07110417649303948	0.16149725453118902	0.5628686851971757	0.16507703123838954
DLBCL10492	0.16056198594875148	0.02808696986452815	0.011704107147488992	0.04429773925721403	0.7553491977820174
DLBCL_LS2328	0.03561912269172441	0.4264770984578064	0.4886967166087969	0.03437358532573789	0.014833476915934419
DLBC_FF_A7CW_TP_NB	0.02299975702913226	0.04655782131012455	0.08792747824970028	0.21478413169615587	0.6277308117148871
DLBCL_RICOVER_1235	0.017451174010590032	0.785957099091177	0.15722268283877397	0.02055056869546317	0.018818475363995866
DLBCL_C_D_1140_NULLPAIR	0.055476670815424074	0.050070666110979455	0.07645511416145065	0.08336590619672817	0.7346316427154177
DLBCL10454	0.12172989633085196	0.36497148010130565	0.04504265880620339	0.020435009420501464	0.4478209553411376
DLBCL10501	0.01523018267283332	0.5492014486520949	0.37055865363065554	0.041090024350495906	0.023919690693920425
DLBCL10971	0.5075568486055082	0.09634377867120299	0.03347039664631935	0.20875050926246552	0.15387846681450396
DLBCL10865	0.36721819595192506	0.03423969354684208	0.04671841945802968	0.10198416243345738	0.44983952860974574
DLBCL_RICOVER_320	0.07956123077639576	0.06832608441349301	0.7043481690932197	0.06716035615825257	0.08060415955863891
DLBCL11657	0.02337741343134224	0.3762074615950841	0.43006691768683025	0.11541560149789588	0.05493260578884761
