	0	1	2	3	4
DLBCL_BWH_DLBCL64	0.0838336126388477	0.20088128208667935	0.1671332862746036	0.5311374263815426	0.01701439261832675
DLBCL10915	0.09777053493703057	0.15475396852161005	0.06436457779775627	0.27961803253683554	0.40349288620676754
DLBCL11491	0.20960407996342129	0.016447165166417792	0.17617874714077808	0.49750998318064593	0.10026002454873692
DLBCL_RICOVER_111	0.2319841858706933	0.031726338975957516	0.40447242601073413	0.0734650383893494	0.25835201075326575
DLBCL11534	0.07287310426297236	0.03514422961817889	0.4126871204483258	0.18276165511864587	0.296533890551877
DLBCL10491	0.0685386518775154	0.19997854090484418	0.1006560749405921	0.6105628310654917	0.020263901211556624
DLBCL_RICOVER_787	0.3022953251353305	0.3969461164459725	0.06690314239640466	0.20268230872378132	0.03117310729851107
DLBCL11507	0.022304614569065916	0.7891760246260077	0.15117451930514042	0.01687842225841065	0.020466419241375353
DLBCL10914	0.643836254864564	0.15931025274862484	0.132333764980028	0.04383823573561526	0.020681491671167916
DLBCL_RICOVER_1046	0.01549014661848657	0.5889261451117387	0.32351327435076876	0.022608851370996594	0.0494615825480094
DLBCL10867	0.04086554384444898	0.6308998278713495	0.03062594918538706	0.0359616517790467	0.2616470273197678
DLBCL11652	0.5168652996554184	0.3225583029191679	0.08161594186160423	0.03985254015508252	0.03910791540872689
DLBCL11431	0.14078008726161695	0.14248200852845144	0.13568802635113222	0.08117785543472379	0.4998720224240756
DLBCL_C_D_PAIR13	0.1364970913653324	0.13913661403393454	0.13943699197014026	0.08178065210321239	0.5031486505273804
DLBCL11662	0.6391666949547776	0.019331824515128052	0.043206241440032746	0.14112918090517235	0.15716605818488932
DLBCL10878	0.5035365616085866	0.021298598435512996	0.023883196597919057	0.08498555835178528	0.3662960850061961
DLBCL10986	0.7834405362647454	0.027747277912625615	0.10718557048709271	0.05871251567946902	0.022914099656067208
DLBCL10494	0.013078239977135654	0.871725344857297	0.08727957505635887	0.01409016772872386	0.013826672380484562
DLBCL10513	0.28283583038231896	0.04848807637935479	0.1217338403709613	0.5340774944330078	0.012864758434357167
DLBCL_RICOVER_985	0.04125008351239345	0.02674290287938807	0.13762798350668462	0.7614971711528726	0.03288185894866122
DLBCL_LS1395	0.04859996219982255	0.14673849351885765	0.7387465029949002	0.024158894573615603	0.04175614671280405
DLBCL10874	0.10326300929624928	0.26930425079242704	0.05063967099222124	0.17124934151760945	0.40554372740149297
DLBCL10868	0.11804157811278207	0.017811955580635818	0.03129381800012907	0.6849717699067399	0.14788087839971306
DLBCL_C_D_1159_NULLPAIR	0.21024078577396688	0.0194256435743132	0.03388417789816551	0.7123330469927863	0.024116345760768168
DFCIDL004_DT	0.4963356986518354	0.017655212256207708	0.024670756820333782	0.10972634509629312	0.35161198717533
DLBCL10544	0.05069254936546093	0.01616331754556428	0.04312125584715578	0.7919330127443525	0.09808986449746658
DLBCL_MC_F606_DMJ	0.01970305170029168	0.4241467500509729	0.5031441100153101	0.024706506903449124	0.028299581329976144
DLBCL_RICOVER_711	0.10019804426568442	0.4824214399520521	0.05443639281643048	0.3370041235562829	0.02593999940955014
DLBCL10950	0.7801566217206423	0.02072586113835056	0.0460824250641182	0.08924571257632676	0.06378937950056227
DLBCL11520	0.7011543062757012	0.013645611060479346	0.017235178764874116	0.06186851254421471	0.20609639135473068
DLBCL11429	0.817556711536295	0.008766123099822616	0.02828473535348588	0.09605137455159174	0.04934105545880475
DLBC_FF_8046_TP_NB	0.7527578745992727	0.051073616624684647	0.046381290244714025	0.08429500102215998	0.06549221750916866
DLBCL_LS2325	0.040984835482574436	0.7671289196240714	0.157899489771961	0.017857796579608263	0.01612895854178489
DLBCL11479	0.03707958777839344	0.8212494451386141	0.08886201004311718	0.017070262364090635	0.035738694675784624
DLBCL10456	0.05285329900071169	0.016151797629356236	0.05911084547443526	0.8155918589915867	0.0562921989039101
DLBCL_RICOVER_440	0.00826339653568336	0.9407715065137968	0.03568786982165423	0.005548969120358037	0.009728258008507577
DLBCL10846	0.029405882390091977	0.817965141407762	0.04580216116090155	0.04646183030847383	0.06036498473277064
DLBCL10981	0.051930327113861224	0.7199165670096339	0.08985911344527472	0.0834103661204796	0.054883626310750576
DLBCL10891	0.01855067624422285	0.01198193845486852	0.06057935397552801	0.05406651561164138	0.8548215157137392
DLBCL_C_D_1129_NULLPAIR	0.8744568412435899	0.010841569351321585	0.02038717498569883	0.03141734373138175	0.0628970706880079
DLBCL_C_D_1148_NULLPAIR	0.15176354049922888	0.01426335411502884	0.06375817989629368	0.7444943912784114	0.025720534211037212
DLBCL_MAYO_DLBCL_3653	0.8089575222122931	0.019585957597955464	0.03520033592699878	0.07252583868205033	0.06373034558070233
DLBCL10555	0.14966320160787713	0.042102236652871335	0.7581643920502984	0.03758887727231283	0.012481292416640309
DLBCL_RICOVER_478	0.11851402287300195	0.7177253807489639	0.023192555804529183	0.019162939745549386	0.12140510082795562
DLBCL10858	0.05473353957404812	0.01590240368501606	0.027344228378435014	0.1990071013071678	0.7030127270553329
DLBCL10547	0.054629203097806146	0.015812532852998218	0.03762739412468222	0.8710418896832862	0.020888980241227272
DLBCL11537	0.9308895792869621	0.006654007817062498	0.010886797165935111	0.018611954122726412	0.03295766160731379
DLBCL_RICOVER_1045	0.6244081604677505	0.03136593743146307	0.029143353912583207	0.2764186852306492	0.038663862957553995
DLBCL10945	0.8869922761565386	0.01103638206479193	0.013369517312389981	0.028610961845796222	0.05999086262048325
DLBCL_RICOVER_950	0.04695157954613903	0.014441220089547931	0.060937108329480086	0.8597280146783944	0.017942077356438487
DLBCL11459	0.044350976337052546	0.011126698070290786	0.03192066566260585	0.893849487214026	0.01875217271602478
DLBCL11564	0.0415275559417466	0.012188406385257386	0.029318753951834746	0.8990058765036931	0.01795940721746815
DLBCL10461	0.0024722244520094996	0.9853553891229654	0.006089628320225274	0.0019891042608365904	0.004093653843963297
DLBCL11462	0.9503355870849673	0.005521073822932145	0.01083458176677541	0.01542708916081552	0.017881668164509562
DLBCL_MC_F500_ECU	0.006030388834028669	0.9651414834371848	0.012947556361180577	0.0069492005163452235	0.008931370851260752
DLBCL_MC_F089_HCZ	0.0037884591851289405	0.9674162367414344	0.01608854013396627	0.004904112163269838	0.0078026517762006045
DLBCL_LS951	0.8915567880763557	0.03445042805040131	0.023529857608859273	0.04165860662320241	0.008804319641181285
DLBCL11680	0.04120369343560627	0.014437996585801773	0.9159932186371155	0.019577115765672354	0.008787975575804113
DLBCL11672	0.033955757841190704	0.014218737044714828	0.8815366022569804	0.04855043276009751	0.021738470097016613
DLBCL_C_D_1108_NULLPAIR	0.0047265801343747095	0.972670182176155	0.007928925126394645	0.003515971949820432	0.011158340613255274
DLBCL10466	0.012631239109153598	0.06850368844460875	0.8160355318853135	0.07258375934309554	0.03024578121782864
DLBCL10879	0.021770589834649322	0.018529799710879053	0.862852968057065	0.055467319122104564	0.041379323275302055
DLBCL11539	0.9154966379670265	0.006924516643877201	0.02426384063420237	0.045873671162484905	0.007441333592408986
DLBCL10983	0.014104182988792681	0.9457954209584414	0.01430657711957268	0.007894781512481071	0.017899037420712156
DLBCL10521	0.014078244374657115	0.07168968395225539	0.011142446632076055	0.011576512366474763	0.8915131126745367
DLBCL10912	0.9648307718719168	0.0053456625064638545	0.010571834785788405	0.014993001645603807	0.004258729190227172
DLBCL10536	0.02471012789189577	0.06280508117878589	0.8562948037731222	0.04269585332256782	0.013494133833628325
DLBCL_MC_F729_MAN	0.004130746255634922	0.9816649798303967	0.006280225544897729	0.0023733443922544727	0.005550703976816231
DLBCL_RICOVER_1287	0.012744633489219547	0.04401411921132677	0.015723957199525254	0.016002313653294343	0.911514976446634
DLBCL11481	0.9689309623788305	0.0036131354329675056	0.0104889993166188	0.010072139669344924	0.006894763202238333
DLBCL10847	0.030028648613223984	0.0351179510632218	0.011241942455366033	0.00909189485571845	0.9145195630124697
DLBCL_LS1304	0.009407819709475629	0.013348697276733847	0.008747825278495318	0.008080490608775552	0.9604151671265196
DLBCL_LS3200	0.010547008900763762	0.055041986554583346	0.012548731540293578	0.010288421251213787	0.9115738517531455
DLBCL10515	0.9581025329787122	0.007787781644118602	0.007331671178624548	0.020382117590552484	0.006395896607992221
DLBCL_MC_F815_BAT	0.04205308182315602	0.08400047313516378	0.7153940440157239	0.13060260618537708	0.027949794840579252
DLBCL11461	0.9643651423591073	0.004479216734918178	0.009444350341406924	0.018035123867374856	0.003676166697192767
DLBCL11565	0.0024052313426370622	0.987548618614067	0.004863459428830176	0.002276182069997317	0.0029065085444685127
DLBCL_RICOVER_829	0.950845713616066	0.008754126002810381	0.006247992287558592	0.02227811744066241	0.011874050652902706
DLBCL11661	0.012108065517353057	0.9385369691735985	0.0236732788132798	0.01747781221939554	0.008203874276373055
DLBCL10894	0.041462836659298896	0.8910260887012815	0.02554338337059648	0.02831924749124283	0.013648443777580234
DLBCL_LS1921	0.01742845307958651	0.9225550369522005	0.020455782337082826	0.028947410616960243	0.010613317014169845
DLBCL10510	0.007208131946722492	0.9755591802775722	0.006007547058180406	0.0039993787264065335	0.007225761991118387
DLBCL_LS1065	0.0038302054217661187	0.9854258211137701	0.005087359356555856	0.002387728935123593	0.0032688851727843264
DLBCL10866	0.01624400647341269	0.009841219266041546	0.014078568870099869	0.034577390797067266	0.9252588145933787
DLBCL10550	0.002411014943242887	0.0028793448830990616	0.0028096480771582725	0.002891090746908316	0.9890089013495914
DLBCL10911	0.0020882012003989713	0.9915777501070803	0.0030405497918822057	0.0012862576440625002	0.002007241256576056
DLBCL10529	0.005666579672375704	0.020299846325801157	0.011335407717203726	0.011022295711700021	0.9516758705729194
DLBCL11685	0.006374923715735594	0.005204987552144107	0.9700686201102737	0.009643455755423152	0.008708012866423429
DLBCL10887	0.0015721366338908851	0.0022874649393494094	0.0026916983396608487	0.002636426261356446	0.9908122738257424
DLBCL_C_D_1130_NULLPAIR	0.9879987238998933	0.0020484633589216436	0.0026636232995635315	0.004538104851900064	0.0027510845897214422
DLBCL10833	0.02743895925463831	0.011754420459157196	0.008129473490089497	0.02758651493196896	0.925090631864146
DLBCL11203	0.003737216972532987	0.9805320788258841	0.00670117629073549	0.004531667564808247	0.004497860346039215
DLBCL10900	0.010088481967798907	0.005949631163785693	0.005359937230569201	0.013335202121236173	0.96526674751661
DLBCL10836	0.024160184869052907	0.006959282542677267	0.019665182753503478	0.029598575539945854	0.9196167742948205
DLBCL_LS3749	0.0057079243823168965	0.9715839619600223	0.01243267838630922	0.005954085717992537	0.004321349553359044
DLBCL11558	0.012292974375715925	0.010730228639859089	0.9561558424822848	0.016957315033251378	0.0038636394688888478
DLBCL11428	0.005574579662403373	0.005408222262145369	0.9790739690497074	0.007452358814908003	0.0024908702108357985
DLBCL_LS297	0.010049496150338857	0.007441231985613977	0.9576102117413751	0.020253817309578512	0.004645242813093612
DLBCL10835	0.01625726508094821	0.048794308947111474	0.012985304145380443	0.03791925961510149	0.8840438622114584
DLBCL11476	0.006874600351459801	0.008064294847152948	0.0035461037547272166	0.004582564514910835	0.9769324365317492
DLBCL_C_D_1136_NULLPAIR	0.0010162100509518016	0.9953794884313157	0.0015119826760700797	0.0009476241126294736	0.0011446947290328633
DLBCL10853	0.009638973447507145	0.005820818790787215	0.005154438481324491	0.007548122424545284	0.9718376468558358
DLBC_FF_A7CQ_TP_NB	0.009802253591068762	0.005921015970034871	0.005040962309616173	0.011719456339667691	0.9675163117896125
DLBCL_C_D_1114_NULLPAIR	0.9820535611776704	0.0023475593292745203	0.002974445272915743	0.009569332024083253	0.0030551021960561297
DLBCL_DFCI_DLBCL_GOE16	0.004629812754527755	0.0039736065958676904	0.9812562256366391	0.007361651125058501	0.0027787038879069454
DLBCL10992	0.003450746240280259	0.0027776716791291164	0.003599460689600779	0.00419491995073957	0.9859772014402503
DLBCL10997	0.9897783343628762	0.001525749073480462	0.0019455630142131129	0.004514248742838768	0.0022361048065914044
DLBCL_C_D_1163_NULLPAIR	0.0019066262129314624	0.0021084633279420594	0.001894462428679043	0.0032027152183937936	0.9908877328120537
DLBCL_RICOVER_449	0.0009537183515064582	0.001290076818073755	0.001223929578061828	0.0015773246996156239	0.9949549505527423
DLBCL_RICOVER_417	0.0009409253791464266	0.0014203884650261678	0.0008633589359723283	0.0014849733647766194	0.9952903538550785
DLBCL_MC_F519_ALT	0.0012885971471825021	0.0018665217461273861	0.0011112759316251502	0.001176706180485754	0.9945568989945792
DLBCL10936	0.17712308365455742	0.4203470940398427	0.17604041308839702	0.1078964134928698	0.11859299572433306
DLBCL_RICOVER_1278	0.14127156691074502	0.03317768402316532	0.03174558658630884	0.25374430015870136	0.5400608623210794
DLBCL11528	0.46627763847534787	0.17820532975229653	0.2924894483716923	0.04000159680749851	0.02302598659316475
DLBCL_C_D_1117_NULLPAIR	0.21737893001098696	0.4971194018459127	0.03184598257076122	0.22345688154870727	0.030198804023631804
DLBCL10856	0.1135653073201118	0.060369204748708556	0.46146535513615156	0.0379591617171142	0.32664097107791384
DLBCL_DFCI_DLBCL_GOE05	0.01558260440416051	0.5635085747570447	0.1060314207382294	0.0188844651780313	0.2959929349225341
DLBCL10565	0.18214336499938422	0.03871068295151678	0.534319071296634	0.22380516497153002	0.021021715780934976
DLBCL11436	0.14952214270515998	0.48327610486334244	0.056439166591740204	0.23930290549165578	0.07145968034810153
DLBCL11515	0.051176796152817325	0.14449039180094636	0.49558229797045594	0.037939323992487645	0.2708111900832928
DLBCL10974	0.08516585993055374	0.02440961874268418	0.04752464948178603	0.5311860422929239	0.3117138295520521
DLBCL11590	0.21088074474841476	0.019321751809042102	0.5815361914487455	0.1519667023842955	0.03629460960950214
DLBCL11202	0.3675508080199846	0.049229715558189405	0.44549121746047426	0.1258612545499626	0.011867004411389104
DLBCL10503	0.05856019006154369	0.11671205272067135	0.5046136251253776	0.05474029334354172	0.26537383874886566
DLBCL10512	0.029733002165389672	0.15111877370193136	0.6141010142855321	0.04147180608210143	0.16357540376504545
DLBCL_RICOVER_467	0.020483470759974753	0.600973561463074	0.049735433014378744	0.014074158792296856	0.3147333759702756
DLBCL10782	0.10914605659927037	0.04319571432173932	0.05568738382674144	0.7726817496711911	0.019289095581057746
DLBCL10552	0.22432688244504495	0.022114673075928584	0.07530892999187935	0.6603204758283677	0.017929038658779373
DLBCL11496	0.12987452278352085	0.03130420197649447	0.09257027008509235	0.05572538899118848	0.6905256161637039
DLBCL_LS3499	0.16205239208966762	0.11115904549535226	0.08421268376398969	0.6119769627390443	0.03059891591194616
DLBCL11536	0.07367718884794255	0.3217245024653863	0.08101814313178698	0.4590642999211464	0.0645158656337378
DLBCL11488	0.665999110492064	0.013756127185534447	0.017340967530645495	0.07215803558465983	0.23074575920709633
DLBCL11204	0.5026988479423588	0.319794171089824	0.06084712009258324	0.06011124508085856	0.05654861579437549
DLBCL10962	0.08130110958757787	0.579956968918465	0.24070215568655004	0.0411499886841917	0.0568897771232153
DLBCL_LS2089	0.010432778774305958	0.932790691690798	0.014725396245457581	0.006165721402952501	0.03588541188648594
DLBCL_RICOVER_1018	0.08462544042985706	0.16361890495436038	0.03932085585391812	0.6709760090152947	0.04145878974656972
DLBCL10885	0.07051689807433674	0.7043620699459398	0.027609002319834472	0.04110410303849157	0.15640792662139752
DLBCL10553	0.0491948685984433	0.027937404024718428	0.6350302235942736	0.26186211167915185	0.025975392103412858
DLBCL_RICOVER_910	0.23822025205337094	0.048186993589399006	0.06342734485256318	0.6225291776548859	0.027636231849780948
DLBCL10871	0.06626982776013793	0.8103630269129122	0.043994243948722984	0.019595055793285545	0.059777845584941355
DLBCL10909	0.08799472260297653	0.020497763452439692	0.06450172349907292	0.6836137676109705	0.14339202283454036
DLBCL_C_D_1156_NULLPAIR	0.20691782612845674	0.04984120889297191	0.0828560172726209	0.6203258725512856	0.04005907515466482
DLBCL_LS762	0.033557078575018204	0.028149814421376887	0.1716980273356178	0.03783510864942722	0.7287599710185599
DLBCL10921	0.037760342618041974	0.3022316533162169	0.024292609108945283	0.020867574543129264	0.6148478204136666
DLBC_FF_8042_TP_NB	0.022990187298278248	0.2193044704280969	0.05315911820376086	0.042676644441282344	0.6618695796285816
DLBCL10993	0.5200283500925075	0.017516014863776803	0.05796743718591146	0.26053849014891073	0.14394970770889348
DLBCL_LS2599	0.07932780977428693	0.07536478647280678	0.7516608003971433	0.082590350550581	0.011056252805181957
DLBCL_RICOVER_314	0.01711424800380971	0.10215594649206945	0.041323715927454915	0.029194023879348142	0.8102120656973177
DLBCL10517	0.015471036237793195	0.34030049597521916	0.5788873972465901	0.034418670046363745	0.030922400494033855
DLBCL11576	0.05418795502176065	0.05979456600471526	0.09658772639501283	0.7615305222951034	0.027899230283407905
DLBCL_LS4616	0.013537094888907553	0.5292329302151402	0.3876154452008909	0.038642962897067965	0.030971566797993295
DLBCL11519	0.7393581748352279	0.02514713050106238	0.030055504558065792	0.19221331848365425	0.013225871621989654
DLBCL10564	0.0738188772217605	0.03717652626207467	0.039568501616289754	0.822542842434069	0.026893252465806056
DLBCL11478	0.201345799087445	0.05853524810361437	0.6848693273058395	0.04073795837024843	0.014511667132852615
DLBCL11456	0.024990099328007755	0.8529485977277116	0.05914025773111401	0.05071547938179396	0.012205565831372726
DLBCL10935	0.7574904935731213	0.13009427922998953	0.017126851710224232	0.05054078693242035	0.0447475885542446
DLBCL_C_D_1118_NULLPAIR	0.08606385924328026	0.8445132668357321	0.022441880393187993	0.027686576656007513	0.019294416871792047
DLBCL11437	0.0520170258627622	0.013814697829235648	0.059993008161035234	0.7746267104487344	0.09954855769823245
DLBCL10927	0.07676484218897468	0.014632642029054954	0.03694975763365634	0.852323034082597	0.019329724065717053
DLBCL_LS4054	0.015232159616854127	0.9279312086475565	0.019002264890609737	0.01955051013977903	0.018283856705200597
DLBCL10903	0.008413936200935853	0.9177261375009756	0.05306463402181298	0.008293681969413233	0.012501610306862322
DLBCL10452	0.0075168234132124805	0.934236250194323	0.0349500858613854	0.0074401326993847215	0.01585670783169443
DLBCL10549	0.03804398975123038	0.7902547529972244	0.13654877894817863	0.019115662630571316	0.016036815672795367
DLBCL11673	0.008293129203956511	0.9500594482758917	0.026193856395829586	0.008840889193917704	0.00661267693040447
DLBCL11430	0.8366308081527705	0.011534415301225655	0.044171934676447554	0.09658212101594581	0.01108072085361057
DLBC_FF_8043_TP_NB	0.013291669906658282	0.9574835098331275	0.013833064234508217	0.0060515090490393395	0.009340246976666656
DLBCL11658	0.045177919390207	0.012376137782962676	0.04176613568467943	0.8614019501283127	0.03927785701383827
DLBCL_RICOVER_274	0.06899783457763431	0.06216777595612055	0.037116469685755805	0.7779779326789085	0.053739987101580865
DLBCL10922	0.011360434815953696	0.9556417159762673	0.0163011566962793	0.007126394049591718	0.00957029846190797
DLBCL_LS2357	0.03854989834351153	0.011281412223652247	0.031468969579852506	0.897402048722289	0.021297671130694654
DLBCL10495	0.9133803593447738	0.03261382831424359	0.009468541752993298	0.02647747270548464	0.018059797882504742
DLBCL_RICOVER_408	0.02173681989663073	0.9074336614970414	0.04778613377884661	0.01034679822427588	0.012696586603205388
DLBCL_RICOVER_977	0.9313118901524724	0.00491647573857191	0.009053404099675961	0.0334219486246855	0.02129628138459419
DLBCL10472	0.0201375776501428	0.01334388131728986	0.9013536996200456	0.05485770014896576	0.010307141263555952
DLBCL_RICOVER_1289	0.023771379349774285	0.010730719834579398	0.011652628903955593	0.03987932704950708	0.9139659448621836
DLBCL10994	0.8842386718007604	0.022189699515485196	0.018088303129817317	0.03879717085935664	0.036686154694580364
DLBCL_LS2245	0.01587291547387208	0.868074016400762	0.08856951775137446	0.013847409898417876	0.01363614047557363
DLBCL_C_D_1144_NULLPAIR	0.03267915876228191	0.04077013260887722	0.010517081616308176	0.01812314904580003	0.8979104779667326
DLBCL10895	0.010438462579127292	0.035150320038257	0.02549769841141044	0.009741444590698738	0.9191720743805065
DLBCL10535	0.01346349069934889	0.013226269097783884	0.01610538050912987	0.008694374678400221	0.9485104850153372
DLBCL11671	0.9554335767408159	0.00655108614746063	0.00908093958719076	0.024310322255073114	0.004624075269459672
DLBCL10844	0.9138213619849733	0.017168574602099296	0.010317680758677316	0.020648381071068686	0.03804400158318135
DLBCL11470	0.8732646865565599	0.007756595720637237	0.02274370287382695	0.08394257722340662	0.012292437625569343
DLBCL_LS2208	0.012530526759335237	0.028438523250655653	0.019729311201313438	0.015589484767607482	0.9237121540210882
DLBCL10931	0.9270374304680034	0.004929102563208732	0.01269305453385603	0.035035369406808264	0.0203050430281236
DLBCL_RICOVER_978	0.9265713793362159	0.007734840429596139	0.021123358770316937	0.037517374782932975	0.007053046680937997
DLBCL11500	0.015781359768530016	0.007454483606281199	0.01430102525434935	0.015968201284995823	0.9464949300858436
DLBCL_DFCI_DLBCL_GOE07	0.007033235216280041	0.9695580287172253	0.010795486277111509	0.004134213392106184	0.008479036397276976
DLBCL10890	0.00475834815944381	0.006719921780538863	0.0057497981884958955	0.004596335567152344	0.9781755963043691
DLBCL_C_D_1128_NULLPAIR	0.9587567342820984	0.006320293645254611	0.00863512679526951	0.014708874439199777	0.01157897083817765
DLBCL_RICOVER_533	0.011320201087715412	0.9575523742661938	0.01742326984038045	0.0073729987377203435	0.00633115606799003
DLBCL10852	0.008186890708573912	0.007497950024012324	0.006066200217606387	0.01598191164318585	0.9622670474066215
DLBCL10884	0.9758042598219382	0.002899463873636255	0.005950037098054566	0.011454906184871532	0.0038913330214994627
DLBCL11566	0.020000320472915743	0.050313179733087465	0.9007727951543655	0.019263815272253935	0.009649889367377385
DLBCL10910	0.011251032469697943	0.02217463470423277	0.9219119490926434	0.03307601654152281	0.011586367191903089
DLBCL_LS3245	0.005973561306496462	0.958149667818299	0.022965684856235628	0.0057804186030799036	0.007130667415888997
DLBCL10880	0.015763483971304035	0.008075383196248806	0.008759453268021418	0.006679552200467713	0.960722127363958
DLBCL10781	0.0058074711089879175	0.005326419935397569	0.004135799751377665	0.009540099586091996	0.9751902096181448
DLBCL11188	0.0015429999158407405	0.9915530259377833	0.0036280083598338583	0.0013160692291354543	0.0019598965574066686
DLBCL_RICOVER_945	0.9560584376876338	0.00939547426463682	0.006352244546772462	0.021137919550458018	0.007055923950498946
DLBCL10883	0.00573905788550383	0.0038478656267431936	0.0034080781867556038	0.004451051071693549	0.9825539472293038
DLBCL_RICOVER_850	0.01529879565991536	0.03640286345512746	0.015398525141323612	0.03187126003079385	0.9010285557128397
DLBCL11656	0.01059483024000682	0.0069399640356734085	0.9565252780036622	0.013090011195384705	0.012849916525272875
DLBCL_LS146	0.0016176098665546131	0.9919422667403814	0.003235081051858904	0.0013190599200890785	0.001885982421115974
DLBCL10525	0.9788012140031987	0.0019794442040919793	0.004404717011649377	0.008458307867812829	0.006356316913247114
DLBCL_RICOVER_1106	0.011203226847291107	0.025614403210029377	0.009003397287754306	0.020891094892429202	0.933287877762496
DLBCL11353	0.005964479531046944	0.014111146380700367	0.014894100360559223	0.007649141631008267	0.9573811320966852
DLBCL11195	0.004084459930529317	0.011269356403343884	0.00828983502329999	0.008452363608354793	0.9679039850344721
DLBCL_LS1757	0.9819493023719418	0.0029930984932518196	0.003966996056138326	0.00830551270464134	0.0027850903740267085
DLBCL_RICOVER_451	0.9876731259414805	0.0020575862010010887	0.0031352777208579195	0.005287184128740682	0.0018468260079198063
DLBCL11450	0.003925776388224872	0.005955533396587858	0.002620761864418364	0.005752051730319732	0.9817458766204492
DLBCL_RICOVER_577	0.0056664565722496325	0.003952411046740597	0.9813262792514381	0.0057144624775084295	0.0033403906520631846
DLBCL10465	0.0030120260527768936	0.003752788386334585	0.9853374973432598	0.005561038869630198	0.0023366493479984696
DLBCL11670	0.006342809133743757	0.01176526542358703	0.957865377708983	0.01815497874674915	0.005871568986937095
DLBCL10862	0.001697709695448115	0.002832056623732957	0.002744145104102071	0.0022733800639702178	0.9904527085127467
DLBCL_RICOVER_221	0.0016894978307961032	0.0031856123357829327	0.002904567182262816	0.0025798793155597504	0.9896404433355984
DLBCL10530	0.0018128432049552144	0.0031390458034874736	0.0016168192377378583	0.0019204277138317341	0.9915108640399877
DLBCL11667	0.003668302636555932	0.003510275771492023	0.9861982487028729	0.004490460189850716	0.002132712699228474
DLBCL10951	0.0006778530740359842	0.0011860413735499096	0.0006166637934451396	0.0007033136871235191	0.9968161280718455
DLBCL_C_D_1125_NULLPAIR	0.0013752908120695205	0.0030445038340691523	0.0016324502895410534	0.0019442454647048883	0.9920035095996154
DLBCL_RICOVER_1248	0.001561525816767335	0.002259002672672596	0.0012436554623526108	0.0017822596056424837	0.993153556442565
DLBCL10534	0.0	0.0	0.0	0.0	1.0
DLBCL10539	0.07590003768288472	0.3109906164560097	0.09657779446175672	0.3696531848773272	0.14687836652202174
DLBCL_RICOVER_216	0.0796370414872277	0.09716423207830782	0.3106994335339244	0.04897653444864712	0.4635227584518929
DLBCL11449	0.07798483051250986	0.5611860704008558	0.045377627309003236	0.0430125455786022	0.27243892619902893
DLBCL10972	0.42242922152488116	0.05603083218142635	0.0995978976708204	0.13252683617356545	0.2894152124493067
DLBCL_RICOVER_773	0.036518156100260823	0.16856420677422193	0.4883226461931373	0.02887978327998191	0.2777152076523981
DLBCL11003	0.05290695376496905	0.6410047374838082	0.02906925959091999	0.025969404895051222	0.2510496442652516
DLBCL10486	0.5657409931916102	0.16029546081221785	0.02608817405800952	0.10004737148581572	0.14782800045234673
DLBCL11441	0.20244468142841934	0.017128085162471815	0.062187912218140656	0.32114683809518646	0.39709248309578166
DLBCL10985	0.14249231934956225	0.2812248872547017	0.04028109050146649	0.48650459272795904	0.0494971101663105
DLBCL_RICOVER_720	0.0226815166026276	0.4041307766411781	0.05017589263494411	0.01904423899901858	0.5039675751222316
DLBCL11205	0.49382656843881406	0.06445669613503184	0.3470407240055512	0.08033958116006726	0.01433643026053567
DLBCL_LS2154	0.3427541558980319	0.4613217560365567	0.08317197941348306	0.08787289427510847	0.024879214376819794
DLBCL_C_D_1112_NULLPAIR	0.06060197163804886	0.25391788787097264	0.5731094875296997	0.047457196060305386	0.06491345690097346
DLBCL10906	0.05446637356015285	0.5239676118787578	0.0306889909131754	0.021878717355122528	0.3689983062927913
DLBCL10490	0.802092094990107	0.020791772528475114	0.020919046760786986	0.11970398539226054	0.036493100328370325
DLBCL_RICOVER_506	0.024053043216038825	0.3652066354797147	0.04822894011032843	0.023277724496846543	0.5392336566970715
DLBCL11504	0.1977564428743463	0.03385785004603874	0.032388149869466316	0.13726537628760746	0.5987321809225412
DLBCL_MC_F307_JPS	0.10289072489193012	0.09522520337874056	0.14414437949273354	0.5301950971550664	0.12754459508152932
DLBCL11538	0.044795021526075195	0.016776159676118403	0.7257298819099296	0.15122990950064935	0.061469027387227516
DLBCL_LS1668	0.06744682770559911	0.295936778838062	0.24279630879452424	0.3347442794412749	0.0590758052205398
DLBCL10999	0.014495592789642634	0.019901210672704693	0.04792242832072922	0.08923180065369321	0.8284489675632303
DLBCL11486	0.5264306450835227	0.027628961647821536	0.049325102534914296	0.042629088466192074	0.3539862022675494
DLBCL11433	0.06956321369526261	0.021251587454065458	0.08127209172880319	0.3604553679379632	0.46745773918390565
DLBCL_MC_F064AB	0.08347121347121421	0.025420527862744367	0.5109093370009138	0.35255616418206437	0.027642757483063305
DLBCL_RICOVER_522	0.3476015717955498	0.05287471088083811	0.3014098509818983	0.28535434896463285	0.012759517377080814
DLBCL_C_D_1105_NULLPAIR	0.16956383769424277	0.7387342436123102	0.03087574581138987	0.03177714471313251	0.02904902816892464
DLBCL11474	0.40611876095630056	0.01980560827578021	0.03425241885496392	0.5036173827234379	0.03620582918951735
DLBCL_LS2590	0.04544508612820626	0.020789918895940392	0.07942758987885777	0.5649527386747196	0.28938466642227595
DLBCL11480	0.7622927337320478	0.02081602160543584	0.09393686593977767	0.057528228235033396	0.06542615048770534
DLBCL11447	0.07257936848261294	0.0180718215334861	0.035768974874212045	0.7432185830618574	0.13036125204783144
DLBCL10908	0.06036358767200338	0.06302017399905263	0.7566922607404191	0.03936852071051554	0.08055545687800938
DLBCL10532	0.05175443375615048	0.018257862180697595	0.2017555728691281	0.07844099474925778	0.649791136444766
DLBCL11002	0.3071563564330671	0.023867591537750348	0.09498906083426971	0.5548636559900488	0.019123335204864044
DLBCL10934	0.05701865409733895	0.3401849389898116	0.028461388675847382	0.05711125596437636	0.5172237622726257
DLBCL10957	0.860293708428639	0.011430361172263462	0.04638967549255712	0.07219160967412716	0.009694645232413344
DLBC_FF_8062_TP_NB	0.12412210919338763	0.0236244943506291	0.12640306410642443	0.7008857674189718	0.024964564930587033
DLBCL_RICOVER_956	0.016685749429801312	0.21064535218350536	0.037553683060744844	0.025223017893240593	0.7098921974327079
DLBCL10451	0.7640118040340935	0.034474737173109685	0.15276852250853118	0.037327874029577886	0.011417062254687695
DLBCL11206	0.03200271644304263	0.6288180355193447	0.07923867370578068	0.013579338420872064	0.24636123591095985
DLBC_FF_A7CX_TP_NB	0.7360255038400839	0.03884120984524036	0.049432622354127626	0.04994993433729255	0.1257507296232556
DLBCL_RICOVER_744	0.1235614415814184	0.02508308303371471	0.8108396725728638	0.02456562450344587	0.01595017830855722
DLBCL_RICOVER_1060	0.099712995810902	0.6047872348476083	0.03745832302870064	0.0272943998660111	0.23074704644677793
DLBCL10968	0.22982848690352786	0.013921732961590792	0.03780126702274183	0.6239256553850796	0.09452285772705984
DLBCL10925	0.06334334778525409	0.04418689837074149	0.009875131274102498	0.048344610299708664	0.8342500122701932
DLBCL11675	0.046091334252252904	0.011183490465180959	0.7591406778206147	0.0816596058977142	0.1019248915642373
DLBCL10857	0.023483282623874998	0.01058713824006108	0.009224472436931305	0.036191743431572644	0.92051336326756
DLBCL10965	0.18950199552780317	0.015685799057981488	0.04956642235875229	0.7072963650606298	0.0379494179948333
DLBCL_RICOVER_1061	0.08464731990123983	0.012294895136330765	0.05578358207636916	0.8307328451345926	0.01654135775146769
DLBCL10863	0.22992916140920866	0.014930181220089983	0.04016826778972354	0.6045002096203071	0.11047217996067071
DLBCL11681	0.7535900855973009	0.009499163485210115	0.1289513760595897	0.0682624562364147	0.03969691862148456
DLBCL_LS155	0.09118569218057525	0.013806416281540999	0.24289717242001774	0.6001065074402777	0.05200421167758828
DLBCL_RICOVER_299	0.01437415917977119	0.8521591972720602	0.10498886658052074	0.011422686004911866	0.01705509096273599
DLBCL10969	0.6192835763840616	0.150892361291561	0.1658753012192808	0.031878579566895715	0.03207018153820094
DLBCL11527	0.0719487719969373	0.01903101474353108	0.04320875463606151	0.8064572568085518	0.05935420181491826
DLBCL_MC_F139_LJF	0.06795138639185462	0.014042314612777641	0.03550019131405362	0.8618171907678849	0.020688916913429292
DLBCL11457	0.9511457117349966	0.004075295256413382	0.011643431866224347	0.026073908873742526	0.007061652268623086
DLBCL_RICOVER_701	0.08393139420265809	0.016309920760130114	0.0285207316442958	0.8417951109063315	0.029442842486584506
DLBCL10780	0.02415737144526095	0.8000447132331493	0.13326115059606952	0.02885166876690082	0.013685095958619314
DLBCL_RICOVER_1165	0.02690089371859065	0.861098060141893	0.04972691757364541	0.011820826578381759	0.05045330198748915
DLBCL_C_D_1126_NULLPAIR	0.023295056950682482	0.9329332853912915	0.013166314068595497	0.011946791294933047	0.01865855229449743
DLBCL10980	0.012678731459867598	0.11797613099261894	0.08315381424611738	0.035825617486362385	0.7503657058150337
DLBCL_MC_F218_RAP	0.07289231615450543	0.013202418686167408	0.06053680799329278	0.8331832081485326	0.020185249017501704
DLBCL11472	0.9371166105120636	0.0046376254770311735	0.010365823266831222	0.03479167706856287	0.013088263675511065
DLBCL_C_D_1109_NULLPAIR	0.10767472646980963	0.013584209175683608	0.03280888291868054	0.8196846981932436	0.026247483242582567
DLBCL_C_D_1133_NULLPAIR	0.02429003218087694	0.06306575312525904	0.8766099628780705	0.025346666883993736	0.010687584931799745
DLBCL10963	0.02221849707596541	0.03352662807013139	0.021810040009016287	0.042218570317680795	0.8802262645272061
DLBCL11435	0.9467913606595764	0.0044797136540620465	0.007561501203917694	0.030681849095659384	0.01048557538678452
DLBCL10498	0.02440548936029498	0.012609284942723264	0.925178739419796	0.031885906463469414	0.005920579813716318
DLBCL11460	0.045258609872384586	0.017027240999179495	0.030472921912146327	0.8891355059611518	0.018105721255137878
DLBCL10954	0.012228229073398664	0.9310863780529809	0.018945987135578653	0.009570422611026296	0.028168983127015525
DLBCL_RICOVER_1210	0.01290109130872166	0.8495978619809734	0.10369162504190879	0.016987094152526094	0.016822327515870043
DLBCL10889	0.0032278414779570975	0.004822988166398356	0.003643791432633751	0.007273368096700289	0.9810320108263105
DLBCL11512	0.913629471296288	0.014162399689087722	0.024405281531055912	0.039974318730419164	0.007828528753149194
DLBCL_MC_F262_WLC	0.9724191351016392	0.0033217132082757213	0.0043931494843474795	0.013197967036292398	0.0066680351694451126
DLBCL_LS378	0.9617611046330735	0.005383261903673232	0.014161164613022293	0.014483073148720937	0.004211395701510051
DLBCL_RICOVER_473	0.9416748522009265	0.01693364910663087	0.012065385326384551	0.022137859199534163	0.007188254166523947
DLBCL11484	0.011797528677161027	0.9259219347597604	0.03446910293590573	0.01070258441966627	0.017108849207506643
DLBCL_C_D_1141_NULLPAIR	0.009813480397739091	0.025812009829241322	0.9356109983310374	0.012334588837439582	0.01642892260454257
DLBCL10482	0.9124160626884716	0.012250203664860106	0.009442841968397194	0.02282504906998825	0.043065842608282764
DLBCL_RICOVER_496	0.01231323349032648	0.9537479656884312	0.018764863880652512	0.008126766839624407	0.0070471701009653855
DLBCL10523	0.018477320311491047	0.009326026042497697	0.9259080321442309	0.039217854012215454	0.007070767489564891
DLBCL10930	0.00749053703695314	0.0061086231803899405	0.005951046105064071	0.004510507675278062	0.9759392860023148
DLBCL10898	0.00962195114851206	0.02341097584327911	0.007346384469277948	0.01060624992676225	0.9490144386121686
DLBCL_RICOVER_1032	0.009847218165794544	0.033999703276749046	0.007310211379754391	0.010738014213536888	0.9381048529641651
DLBCL10902	0.007075572093505817	0.01676896078688109	0.01567244586089198	0.011276648714895062	0.949206372543826
DLBCL10901	0.0019978556082235863	0.0029930457538362306	0.0026516108825067725	0.003538671700442251	0.9888188160549911
DLBCL10502	0.008969903491449183	0.9310924320690744	0.040493302605738496	0.00934072304475934	0.010103638788978572
DLBCL_C_D_1113_NULLPAIR	0.008633737912400406	0.007216242702040498	0.9709268849989912	0.009000193192125857	0.004222941194442049
DLBCL11458	0.0076829883967638735	0.0069899320787198465	0.9738893529100033	0.006680828995108204	0.004756897619404718
DLBCL_LS1098	0.0053952376487957955	0.004407075406620368	0.978762619650601	0.008302215934621517	0.0031328513593614038
DLBCL10842	0.001967308015756634	0.002175303259090102	0.002430290450563072	0.0033196092188459447	0.9901074890557442
DLBCL_RICOVER_712	0.0030374291090923718	0.0053039152372536405	0.002889500763744557	0.004137523390950341	0.984631631498959
DLBCL10977	0.004319269611275453	0.0031593616262662553	0.003738675670522964	0.0035018007991520035	0.9852808922927834
DLBCL10860	0.0028956937858647678	0.0042538778040507545	0.005067823838578466	0.003728342425257828	0.9840542621462481
DLBCL_RICOVER_1192	0.004839297282848527	0.00892434585267519	0.0060608932604680815	0.004369474063186041	0.9758059895408222
DLBCL10990	0.001445915622725199	0.002695193633091914	0.0014514074677692108	0.0016695999031420207	0.9927378833732716
DLBCL10459	0.004631514870821582	0.007309426846432888	0.9742013941966633	0.010035704731886076	0.003821959354196116
DLBCL10458	0.9934631112583293	0.0009280278751478845	0.0018498547285093392	0.0026703753315751085	0.0010886308064383594
DLBCL11000	0.00044995341871488477	0.0006032434348580783	0.00045500616665434136	0.000663069851791564	0.9978287271279811
DLBCL11526	0.005072097295511742	0.003638846920251596	0.9826370818431626	0.00645387613029757	0.002198097810776577
DLBCL_MC_F349_BJJ	0.003017739169790468	0.003001264160140398	0.9875841859586176	0.003986910125570337	0.002409900585881158
DLBCL_C_D_1131_NULLPAIR	0.008330111997759538	0.9503850678557907	0.02634418666057968	0.005665701838862587	0.009274931647007503
DLBCL10460	0.004432150784926286	0.9756893740558167	0.012528216908826297	0.0027772639762107874	0.004572994274219967
DLBCL_C_D_1119_NULLPAIR	0.006659958731533756	0.978607863864205	0.006946289568276445	0.0032733608392761316	0.0045125269967087635
DLBCL10483	0.002959666789336714	0.9845476644578876	0.006544033602140817	0.0020192234295500406	0.003929411721084898
DLBCL10850	0.002973147644983193	0.9845910155374159	0.006945902007267238	0.0021799799590562345	0.003309954851277454
DLBCL_RICOVER_253	0.0014174437231491807	0.9927120997511583	0.003023459146875341	0.0010537696527527871	0.0017932277260644704
DLBCL11666	0.0035548155492129687	0.004988908520128744	0.9825504877915359	0.006337408368182934	0.0025683797709394724
DLBCL10834	0.0014716157560255615	0.9930083141100303	0.0028802412322375083	0.0010285756844217661	0.0016112532172848193
DLBCL_RICOVER_174	0.002360618952416141	0.9902708393828449	0.003337175659113264	0.0018563676607228107	0.002174998344902928
DLBCL11483	0.1361884620671042	0.30448061325828174	0.13499062847301396	0.07248291325329853	0.35185738294830143
DLBCL_MC_F927_JHS	0.1287309888301636	0.22040095492170614	0.16617267398325422	0.08880906457908443	0.39588631768579174
DLBCL10488	0.33894147365223326	0.0843693754369605	0.428380503127656	0.1389388346777685	0.009369813105381567
DLBCL11467	0.09142612527943593	0.0621875271577259	0.12435643011410506	0.4506576499304112	0.2713722675183218
DLBCL10454	0.17464399626154442	0.14158944622229436	0.04937999926631071	0.019226469523920448	0.6151600887259301
DLBCL11678	0.14121251799584067	0.025218268462797164	0.18740995885208703	0.6218938302873344	0.024265424401940874
DLBCL_LS4619	0.022085344789771665	0.2075147945577797	0.1320449243478127	0.06255300079244788	0.5758019355121881
DLBCL_RICOVER_120	0.3149228361595138	0.21576992241527793	0.2458863053072911	0.055117941086931466	0.16830299503098564
DLBCL10971	0.17218764817468063	0.2276366737152843	0.029164640805810133	0.08170275404805512	0.48930828325616976
DLBCL11683	0.08113924366800453	0.029058915194678032	0.642936768612694	0.2280003276363598	0.018864744888263594
DLBCL_LS4593	0.04471261456911711	0.23578384598560848	0.5550454926877214	0.13992291531951204	0.02453513143804096
DLBCL10548	0.522296941273233	0.23608234043147786	0.030782237429207375	0.1719496365145929	0.03888884435148881
DLBCL11535	0.07257292601490367	0.028769370628189697	0.030123893419695316	0.25530100642397935	0.613232803513232
DLBCL10837	0.08127080111838607	0.057979187616057644	0.022272243620771282	0.058064823207031345	0.7804129444377537
DLBCL_LS2328	0.05936036395696238	0.6543731293360537	0.24773010127793535	0.02467679354437038	0.013859611884678122
DLBCL11473	0.27866562032974856	0.09761922080472314	0.06425313471397831	0.5198848807218289	0.03957714342972103
