	0	1	2	3	4
DLBCL10986	0.43730977472361116	0.1491823084401042	0.18004065109080114	0.07767982386601922	0.15578744187946436
DLBCL11534	0.0376883421651685	0.25864477077356185	0.20916451282813608	0.11823017495594353	0.37627219927719
DLBCL_BWH_DLBCL64	0.20139263775895033	0.19602099379451662	0.04112655506953582	0.5297661543403224	0.031693659036674926
DFCIDL004_DT	0.20825094456248044	0.09605153533191604	0.02154119354664779	0.10775193318943735	0.5664043933695183
DLBCL_MAYO_DLBCL_3653	0.4105645589846507	0.1969567286552426	0.05057871374692635	0.09437791902978808	0.2475220795833922
DLBCL11476	0.10193706706277642	0.2549650884151807	0.034773146222392394	0.07267775756138314	0.5356469407382674
DLBCL_RICOVER_711	0.2503735667573527	0.19202311220720467	0.024616400353378278	0.49023908354089163	0.0427478371411728
DLBCL11565	0.022236409893835952	0.12992463218638758	0.04160954428376322	0.24487195409014048	0.5613574595458728
DLBCL11479	0.0962287604844672	0.2798531221112866	0.3863415122852173	0.06063296411805522	0.17694364100097368
DLBCL_RICOVER_478	0.5254070155133846	0.1760150912158365	0.09209209813458422	0.04028987713799194	0.1661959179982026
DLBCL10846	0.4131334735182689	0.2580160341726982	0.03129680755022305	0.11091618627888643	0.18663749847992345
DLBCL_MC_F500_ECU	0.05743082872297252	0.30973449130966774	0.06570533797378787	0.12406410563003988	0.4430652363635319
DLBCL10878	0.4957263550587583	0.07336489079382133	0.027418162101606604	0.10517977264559775	0.29831081940021603
DLBCL10833	0.1307314895687135	0.06237316081811344	0.01566659549041618	0.09215927885307841	0.6990694752696786
DLBCL10510	0.14841200675737565	0.3321676437273749	0.03034205033860368	0.05877992882928333	0.4302983703473625
DLBCL_RICOVER_1045	0.5429140093882006	0.08545784351307499	0.02672703551139424	0.29710654030941075	0.04779457127791944
DLBC_FF_8046_TP_NB	0.04523861760796684	0.23374923155131141	0.6551057357229352	0.036836496272849815	0.02906991884493677
DLBCL_LS1395	0.02852902932290165	0.3341504126459657	0.5554524498803141	0.015224730230097934	0.06664337792072057
DLBCL_LS1304	0.01877178423296754	0.28036314777388355	0.43832862104437514	0.02902853372062357	0.2335079132281501
DLBCL_LS3749	0.08660924394443958	0.5116248598988278	0.059419986621632295	0.2964809711234781	0.045864938411622265
DLBCL11203	0.03737619473938138	0.4808755258730013	0.051086832317108186	0.38882898793254383	0.04183245913796522
DLBCL_C_D_1159_NULLPAIR	0.22528479480720817	0.1187303824428634	0.022308852295845574	0.5914084499108002	0.042267520543282616
DLBCL10981	0.06733595468976185	0.15929892507662624	0.04369428385131525	0.21087681711038428	0.5187940192719124
DLBCL_C_D_1148_NULLPAIR	0.5292664679835891	0.087539360757799	0.08136906073072865	0.27109674181969723	0.030728368708186085
DLBCL_RICOVER_787	0.2924578975730904	0.11067322902590054	0.0577555395146024	0.39199487831977786	0.1471184555666288
DLBCL10466	0.010806314166455595	0.363295361424542	0.5444244455517167	0.0346253637122969	0.046848515144988924
DLBCL11652	0.5998239974709715	0.24014963375365167	0.07947958932308778	0.049321450915160665	0.03122532853712835
DLBCL10847	0.20642394795861918	0.18076101034005185	0.04512367358840506	0.040169881146709926	0.527521486966214
DLBCL10521	0.018884431349595058	0.22187876747760066	0.020945915482913368	0.024471616450535826	0.7138192692393551
DLBCL11491	0.1493216149627673	0.12616082768027456	0.07837650794986462	0.5455694892425164	0.10057156016457713
DLBCL_C_D_1108_NULLPAIR	0.036207491286449116	0.6364616068940325	0.02465458955540474	0.04428707019200232	0.2583892420721113
DLBCL10515	0.9115912588135192	0.04504547444426474	0.008431974445701575	0.025329840433036963	0.009601451863477476
DLBCL_RICOVER_440	0.01467205118057875	0.3624828815992328	0.573751190038438	0.019321151627741805	0.029772725554008627
DLBCL11431	0.07577707459753924	0.6051174386650405	0.10585834050379134	0.06798970058562372	0.14525744564800522
DLBCL_C_D_PAIR13	0.07232603204889293	0.6150532862181757	0.10536714365893746	0.06291011744551832	0.1443434206284756
DLBCL10915	0.07444968428976434	0.1425659676027645	0.04957651868556162	0.48143609624755845	0.2519717331743511
DLBCL10894	0.6802551870985087	0.1814806698171758	0.019978109474767	0.09789246041829572	0.020393573191252814
DLBCL10513	0.15174161705954317	0.1522218684770687	0.0716092548339211	0.5997144239120432	0.02471283571742383
DLBCL10536	0.04412637556750772	0.16698011428220355	0.5748034054843554	0.08001740100634795	0.13407270365958537
DLBCL10461	0.014130159619330904	0.11062169551431593	0.1346977604408657	0.03450150423522711	0.7060488801902604
DLBCL_MC_F606_DMJ	0.01405236782289916	0.10464134987771043	0.8409140489318843	0.015605856943427955	0.024786376424078268
DLBCL10874	0.060755374144780064	0.08348627053460865	0.04704643323795864	0.5629983346365443	0.24571358744610844
DLBCL10914	0.7109957618670539	0.1596251533651691	0.06537219421875155	0.035038557864274414	0.028968332684750978
DLBCL10950	0.7825029693661267	0.05573277166512272	0.028486697574518757	0.065983171542801	0.06729438985143077
DLBCL11662	0.8171365866444632	0.10090950406041652	0.01207356165811523	0.03996200365762854	0.029918343979376538
DLBCL11462	0.8196124741102091	0.05105987900780731	0.033164452651373244	0.02625788938244198	0.06990530484816837
DLBCL10879	0.020119084624501272	0.07184252676489	0.7685293251207655	0.04275381158104205	0.09675525190880109
DLBCL_RICOVER_1046	0.011480555943200603	0.19036984536689203	0.7514178012187628	0.02012608276733196	0.026605714703812667
DLBCL11507	0.14965116025622807	0.27325081557678943	0.48436499085027646	0.045651232552865274	0.047081800763840706
DLBCL_LS1921	0.04325943674602835	0.12023911793820712	0.10429245793072855	0.693750673098664	0.03845831428637197
DLBCL_MC_F089_HCZ	0.009882655413522264	0.5985781063413598	0.1607071180024624	0.08882638154039432	0.14200573870226124
DLBCL_RICOVER_985	0.026814587252967804	0.10866803951457787	0.0620902946239879	0.7254937686113505	0.07693330999711591
DLBCL_RICOVER_111	0.03645381715749501	0.06432459328701746	0.06892591642707162	0.03661163886856377	0.7936840342598521
DLBCL10858	0.01494584001531546	0.02809751366545525	0.010168072180841602	0.05208505290591494	0.8947035212324728
DLBCL10891	0.010730871076895483	0.0370000333674405	0.037625306351641304	0.05141589133409076	0.8632278978699319
DLBCL_MC_F815_BAT	0.030127646584989475	0.06333462211330927	0.7949597709294057	0.0775735956710081	0.03400436470128749
DLBCL_RICOVER_1287	0.01931382670096681	0.08791770947751792	0.027620235169040573	0.034320746145860205	0.8308274825066145
DLBCL10983	0.07625435917657572	0.19216220441626003	0.024207781429734985	0.04475900525305867	0.6626166497243706
DLBCL11537	0.7827280038536313	0.04278541285145854	0.020288103768477266	0.02673836878725338	0.12746011073917948
DLBCL10544	0.03337609572401306	0.07004330756907454	0.027106302136374143	0.7869443767280341	0.0825299178425042
DLBCL10494	0.02938489463673362	0.21133161578949197	0.6863637583686529	0.044307357479519985	0.028612373725601464
DLBCL10868	0.07507146719508148	0.06343083692687677	0.023828153811033457	0.6745056680568443	0.16316387401016397
DLBCL11429	0.8754005040604624	0.04601577583097417	0.011587414781196334	0.03838124673233231	0.028615058595034788
DLBCL_RICOVER_950	0.03159731062041045	0.12586620523329073	0.06373400203339356	0.7456698285781316	0.033132653534773654
DLBCL10835	0.01651631677851709	0.05578974486668139	0.015587995081373212	0.09505059791181959	0.8170553453616087
DLBCL_LS951	0.9270151731764811	0.02965102956512706	0.008586396531632982	0.022779237441165914	0.011968163285593024
DLBCL11481	0.8860468124311643	0.04760369509060371	0.023895031137064187	0.021589276300178373	0.02086518504098936
DLBCL10456	0.03545680807604183	0.08560248573411199	0.0348327671299019	0.759906769690849	0.08420116936909526
DLBCL10867	0.0086591670974384	0.043598547743346296	0.006692154310612361	0.016452866144842256	0.9245972647037607
DLBC_FF_A7CQ_TP_NB	0.024044698621873053	0.033249181810797473	0.017628636417217743	0.06192407762709633	0.8631534055230154
DLBCL11685	0.008716293566747246	0.06075322569034866	0.8913741639907485	0.011331433765360822	0.027824882986794773
DLBCL11459	0.027299058499291165	0.05506496452932931	0.021065711830394837	0.865377284848948	0.031192980292036664
DLBCL11461	0.9348813286324215	0.029333468502894044	0.009319677259794138	0.01983913400667239	0.006626391598217985
DLBCL11564	0.030952801582897583	0.05101998348413995	0.021967101131894352	0.8683824943426575	0.0276776194584107
DLBCL11672	0.01629430329731741	0.04076029509120586	0.8980718477802351	0.027957749252432978	0.01691580457880865
DLBCL10547	0.038135316682675634	0.05163930491168338	0.028839203258041124	0.8315211538272487	0.04986502132035117
DLBCL11520	0.9077162650129306	0.03112892603273778	0.008490983644030442	0.018677765725587363	0.033986059584713874
DLBCL_MC_F519_ALT	0.010087740842946826	0.025173934142491326	0.006996803139926132	0.011535125275127543	0.9462063965995082
DLBCL_C_D_1136_NULLPAIR	0.01976844613307729	0.8858112071880254	0.01637936507143857	0.03872177255413854	0.03931920905332017
DLBCL_LS2325	0.01583823950233302	0.05271321231748763	0.9068948720126706	0.015621841351603525	0.008931834815905185
DLBCL_LS3200	0.007566268068595604	0.03324884945483481	0.010807671672765855	0.016099690139743817	0.9322775206640599
DLBCL10491	0.028831209232299777	0.6753458056467717	0.053751825960649806	0.21724166674894888	0.024829492411329857
DLBCL10529	0.009815133321839989	0.03580592249098686	0.01829119272395868	0.0267190023061412	0.9093687491570732
DLBCL10900	0.009016412950984917	0.01112504560845697	0.00646606181159736	0.016833314712028605	0.9565591649169322
DLBCL10555	0.036901778019490614	0.04983233740229849	0.8799098094734515	0.016047619554908868	0.017308455549850537
DLBCL11428	0.012569347325330769	0.05864149064365227	0.9070092394148019	0.011903681804778651	0.009876240811436328
DLBCL_RICOVER_829	0.9432262056653727	0.025691270165220787	0.005455438657958652	0.015398247779265704	0.010228837732182151
DLBCL_C_D_1129_NULLPAIR	0.9080200665416365	0.03257567888145154	0.01641595504183823	0.01968013743572905	0.023308162099344734
DLBCL10997	0.9618563616563678	0.012647063063341542	0.005146928582664643	0.011085054976569085	0.009264591721056991
DLBCL10945	0.915226184899416	0.026926105802187666	0.00885265347497913	0.02030950637111621	0.02868554945230098
DLBCL10912	0.9614387891945007	0.017090166162018274	0.004998616620175059	0.010572958807906119	0.005899469215399915
DLBCL10853	0.007740319352783632	0.010227758962897241	0.004533759546035897	0.00860799538212791	0.9688901667561554
DLBCL_DFCI_DLBCL_GOE16	0.009100347410894107	0.06280136587237527	0.9040073767747574	0.013407045673433829	0.010683864268539395
DLBCL10866	0.010898734292629277	0.02005472377384049	0.012059946821613158	0.033209629881971243	0.9237769652299458
DLBCL11680	0.02884108505254779	0.07607619124496079	0.8689161131563491	0.014551287210187048	0.011615323335955267
DLBCL11539	0.9111576037809063	0.03133977869317738	0.01704127495340095	0.0324669216897091	0.007994420882806337
DLBCL10887	0.003337037065816756	0.01743419881807374	0.010345230383542531	0.007730121803032992	0.961153411929534
DLBCL_RICOVER_417	0.0035307331841690883	0.01613981289589319	0.006142090390134227	0.01058238681363254	0.963604976716171
DLBCL11558	0.00939727233234335	0.029988222395153426	0.9406649679083124	0.012080279504446859	0.007869257859743932
DLBCL_C_D_1130_NULLPAIR	0.9693509500811804	0.012620627072510304	0.004485982163600454	0.0077323029995917236	0.005810137683117062
DLBCL_LS1065	0.029463096732360573	0.9040184998164753	0.020414454115820668	0.027043476340458367	0.019060472994885093
DLBCL10550	0.005751122862575834	0.013600946729067438	0.010803632409932665	0.009631318811546155	0.9602129791868779
DLBCL_C_D_1114_NULLPAIR	0.9710096198294562	0.011121006366514287	0.0035704266815048315	0.00961214189207868	0.0046868052304460395
DLBCL10836	0.0054425172923446	0.007885522923159848	0.005458851295038113	0.008649874770492278	0.9725632337189651
DLBCL_LS297	0.010850659368218434	0.05253717457910592	0.9082507343471906	0.020218027779980052	0.008143403925504994
DLBCL_C_D_1163_NULLPAIR	0.001456231702213966	0.005093084181965122	0.0018306310715189937	0.004037432426954535	0.9875826206173474
DLBCL_RICOVER_449	0.0025797827983563802	0.006735849265429822	0.002207554309062541	0.0035232956807805665	0.9849535179463706
DLBCL10911	0.00993696069697213	0.9524301637009087	0.013942567939152016	0.009325195604017096	0.014365112058950068
DLBCL_MC_F729_MAN	0.010569052572642856	0.9428996278585913	0.020396834672724243	0.014215200999335485	0.011919283896706117
DLBCL11661	0.01910291904236447	0.8795913613178163	0.03247183347149315	0.054747311512511686	0.01408657465581434
DLBCL10992	0.0007885761949432208	0.0018264859734053922	0.0010001651181079328	0.0014331866638923885	0.9949515860496511
DLBCL11456	0.04276592717484437	0.47914685938652724	0.1659593896054514	0.2705330330677371	0.041594790765439864
DLBCL_LS4054	0.04959850456938178	0.4928815294436414	0.09007603946822727	0.2162615852576493	0.15118234126110036
DLBCL_LS3499	0.18596952645814416	0.20117710970602554	0.03948317870231238	0.46670766470358416	0.10666252042993382
DLBC_FF_8042_TP_NB	0.028274327231553043	0.20474542874845336	0.541624112103471	0.14126571961705287	0.0840904122994698
DLBCL10553	0.04687439669014276	0.15166766729003087	0.3984861175713241	0.33203520859777913	0.0709366098507232
DLBCL10452	0.032122449788974196	0.3116808023992891	0.5007853839476282	0.05389863139498066	0.10151273246912787
DLBCL_RICOVER_533	0.4736188954300425	0.16094034432068513	0.14583991606279317	0.18188712578545677	0.037713718401022465
DLBCL_RICOVER_408	0.4968339758445531	0.1568897649769827	0.13847454875523396	0.05292097074001119	0.15488073968321908
DLBCL11496	0.5335019499564743	0.11522647575308842	0.048015119767844554	0.038501803207489145	0.2647546513151036
DLBCL_RICOVER_1278	0.07220556849324677	0.11215388194678877	0.022206729448445445	0.269486198481831	0.523947621629688
DLBCL10512	0.031174525838260237	0.23245342777591474	0.47801912434157834	0.05588346288166654	0.20246945916258016
DLBCL_C_D_1156_NULLPAIR	0.36058385717424596	0.42957902876957615	0.031385338603974876	0.14613692778657464	0.03231484766562838
DLBCL10962	0.1680677880834898	0.34650115168216944	0.16688978128394485	0.15659010125691614	0.16195117769347966
DLBCL_LS762	0.0351421730505665	0.2873911644194576	0.2291216397202202	0.042746233685947474	0.4055987891238081
DLBCL_RICOVER_910	0.05889185218034212	0.3347117015768017	0.056102705375296026	0.4828536158004188	0.06744012506714131
DLBCL11528	0.35851559091848284	0.12676415957038292	0.43440341339309213	0.0479477161321314	0.03236911998591065
DLBCL11478	0.3363469554664946	0.4820578267829811	0.1252194206228142	0.038758391484856346	0.017617405642853846
DLBCL11436	0.14127159158792224	0.25643041491251806	0.049451349693257776	0.47331163659045516	0.07953500721584675
DLBCL_C_D_1117_NULLPAIR	0.11902191915470346	0.2907436346185916	0.022642464485917238	0.5331551142961571	0.03443686744463062
DLBCL_RICOVER_1106	0.027147006381685924	0.16729953418659851	0.03834959547725797	0.2706510680006381	0.4965527959538195
DLBCL10503	0.04382356335276968	0.16045333355160085	0.5932712335497448	0.08276091590683654	0.11969095363904811
DLBCL10549	0.06105598949392181	0.2218957669436714	0.6579145522854206	0.037945729284758756	0.021187961992227448
DLBCL_LS2208	0.03261524361318015	0.5428057613158724	0.18758379853211676	0.05135319106234496	0.18564200547648577
DLBCL_DFCI_DLBCL_GOE07	0.07271192852499525	0.6075968718074413	0.10708798326544834	0.06225896177737573	0.15034425462473935
DLBCL10936	0.07185652009399573	0.6179487012385236	0.10024870019150416	0.061922386463028986	0.1480236920129475
DLBCL10856	0.03358776591217546	0.2631676390728479	0.12083433343091947	0.01759435344734783	0.5648159081367093
DLBCL_RICOVER_274	0.03842869764250445	0.34039228332709787	0.029450753200139426	0.5034910113783083	0.08823725445194988
DLBCL_RICOVER_467	0.015457341623930766	0.37348936052401416	0.06578195439045015	0.031056294969229882	0.514215048492375
DLBCL11430	0.47735894364903586	0.08718688637164704	0.08373390111796067	0.32097177335512794	0.0307484955062285
DLBCL11515	0.021790560408891286	0.11301736588362693	0.16456619170946246	0.02789967970159173	0.6727262022964277
DLBCL11488	0.6771268178082218	0.07303777228288068	0.014968422705885956	0.056096996346261155	0.17876999085675044
DLBCL10517	0.012357958225479204	0.5427850505877483	0.36334725421368874	0.03524551694535095	0.04626422002773276
DLBCL10935	0.5657811937531142	0.3446239283926786	0.018518100410233017	0.04585187219868806	0.02522490524528618
DLBCL11519	0.46467535132850757	0.1180050946125436	0.03453635557481631	0.35876542650400717	0.024017771980125373
DLBCL11590	0.1124241694726981	0.09331470925702057	0.6025885206895755	0.12354116643728513	0.06813143414342081
DLBCL10909	0.05147727170946649	0.09758206116310751	0.05531767940071602	0.6817283991800097	0.11389458854670026
DLBCL11536	0.04401184640746755	0.08831699551441807	0.032676766423250396	0.7596088665775129	0.07538552507735105
DLBCL10552	0.3575803675958983	0.09224859500581518	0.05865499252456364	0.4644339912643805	0.027082053609342273
DLBCL_LS3245	0.01284422358850165	0.26324691891118923	0.659927911202118	0.03820546472563345	0.025775481572557667
DLBCL_LS4616	0.011415013716600407	0.34241007623798175	0.5828173416504672	0.03208636639183049	0.031271202003120196
DLBCL11576	0.033885112145658654	0.2754463975313991	0.06836519198940537	0.5681559797284497	0.05414731860508713
DLBCL11202	0.18777679166120326	0.1261923373392548	0.5163377158706806	0.15286759733838493	0.016825557790476363
DLBCL_DFCI_DLBCL_GOE05	0.015344239131848	0.6650695620890508	0.06186864926281272	0.023042320618987994	0.23467522889730055
DLBCL10994	0.28727016730714555	0.5373879121586775	0.026149665210861133	0.046669288623105404	0.10252296670021034
DLBCL10974	0.043235533717472456	0.17344564571560228	0.029718704221046992	0.191441035641528	0.5621590807043503
DLBCL_LS2089	0.021773200481749414	0.5187132750465328	0.03166954232857179	0.027162689879831434	0.4006812922633146
DLBCL11437	0.057487369422396684	0.08810972483494224	0.03558124104248706	0.7497857406139807	0.06903592408619327
DLBCL_RICOVER_314	0.026401599696353577	0.6068839809311078	0.05645763825502919	0.08549510835300188	0.2247616727645075
DLBCL10564	0.04923911707707415	0.10531489696542154	0.06450151136452761	0.72817870740535	0.052765767187626746
DLBCL11204	0.1167229841375203	0.720659707935655	0.046710171899145794	0.03252948967602197	0.08337764635165687
DLBCL11566	0.01690411320766666	0.16650077726083293	0.7783126975320211	0.02258973023192565	0.015692681767553653
DLBCL_C_D_1144_NULLPAIR	0.03708012314281961	0.6418992499844531	0.024574292378819338	0.04054507704055505	0.2559012574533528
DLBCL_C_D_1118_NULLPAIR	0.7858883394624201	0.11555460985167522	0.01390923858975169	0.040327324907861506	0.04432048718829154
DLBCL10910	0.010563214378301844	0.8980311995245036	0.054585014068573405	0.022171970386498648	0.014648601642122458
DLBCL10927	0.09198585024434305	0.14557305114655825	0.02943279900292731	0.7028319794408191	0.030176320165352273
DLBC_FF_8043_TP_NB	0.08242608993261498	0.8176206653964823	0.03681708299250544	0.01867083869983067	0.04446532297856659
DLBCL10844	0.7996403292111066	0.05586993958667092	0.02288634539051962	0.03542342335799512	0.08617996245370774
DLBCL11658	0.034185014457053006	0.06524015325078648	0.03021705300531776	0.8102397705847793	0.06011800870206349
DLBCL11671	0.7010193765154039	0.1672840118951864	0.02444618487604293	0.09056516051978193	0.016685266193584854
DLBCL10993	0.7414514232909423	0.10924692150139073	0.024895117305760363	0.06691024687800053	0.05749629102390609
DLBCL10565	0.05970581487356818	0.11335541800229118	0.7424495257464173	0.06851659802447042	0.015972643353252908
DLBCL_RICOVER_978	0.78510824641547	0.05880595291418814	0.047193460028288226	0.08889057379059019	0.02000176685146349
DLBCL10472	0.03365455978884913	0.08501424024689003	0.7463857017993148	0.11268060147727213	0.02226489668767389
DLBCL10880	0.026429175301818108	0.04853873239598018	0.022936290756335444	0.013188589032035741	0.8889072125138305
DLBCL_LS2245	0.06179411474664718	0.06928203551334516	0.819181370639301	0.030499070892138706	0.019243408208568038
DLBCL_LS146	0.03565592340284083	0.8956455445590488	0.02972508806604142	0.024541548795209336	0.014431895176859673
DLBCL_RICOVER_1018	0.04368814797497571	0.0751356781439456	0.02213780201833772	0.8275992598924653	0.03143911197027572
DLBCL10782	0.04813477021192561	0.05950291091219038	0.022947159117584957	0.8436661457136136	0.02574901404468539
DLBCL_RICOVER_577	0.015927192789670187	0.0807755499820488	0.8691645756195076	0.019855250017745536	0.014277431591027947
DLBCL10495	0.8404228346436688	0.10692887061286253	0.011125546024100385	0.026234515143873538	0.015288233575494718
DLBCL_LS2357	0.02860490030986987	0.06029408346852246	0.02675161315372058	0.853059383235621	0.0312900198322661
DLBCL10535	0.014651608948908037	0.06722433643214384	0.03668281680047431	0.017026311469689085	0.8644149263487847
DLBCL10871	0.06813047824407488	0.8291605174213674	0.04638601744181344	0.024230058950785498	0.032092927941958775
DLBCL_LS2599	0.012077680385295305	0.030878571798266388	0.9260647551014388	0.019610050220115294	0.011368942494884142
DLBCL11353	0.005851950129915936	0.027188049780862464	0.03199485128826063	0.01374894636204359	0.9212162024389174
DLBCL11670	0.007917511332898065	0.03856970119601964	0.9186976343046536	0.02302020884418079	0.011794944322247874
DLBCL10922	0.040611565533988904	0.8739577560793166	0.03179171746336021	0.0260551397196772	0.027583821203657058
DLBCL10895	0.01681871957136081	0.04821778455808012	0.03560702586328192	0.017895288925814882	0.8814611810814623
DLBCL10921	0.012349160847691186	0.0402517218633385	0.010784465561204697	0.016249400640286765	0.9203652510874789
DLBCL10465	0.006451555163065139	0.05223549193197933	0.9150274723666418	0.014113966800687572	0.012171513737626111
DLBCL11470	0.8352945932628386	0.04176373024297346	0.019485743818318992	0.08400288678809469	0.019453045887774228
DLBCL10903	0.012243155894420182	0.8948920827470356	0.062437783265730906	0.011070723487899368	0.01935625460491396
DLBCL_RICOVER_945	0.8916746076200679	0.03591040415637104	0.010521354765905011	0.04271586910681936	0.019177764350836728
DLBCL11667	0.00875255776208169	0.04428229231858189	0.9250210338154827	0.012175384627085973	0.009768731476767701
DLBCL_C_D_1128_NULLPAIR	0.9323999183058425	0.031661582902342056	0.008687419628880854	0.015127591569962516	0.01212348759297215
DLBCL11195	0.0067804885113558425	0.08971994930276742	0.01902333823124995	0.025803692157031786	0.858672531797595
DLBCL10890	0.007623878667891559	0.028284573887074976	0.017200481805698175	0.01297115662073558	0.9339199090185997
DLBCL10885	0.015617173206206246	0.02393729732848793	0.008294471231253963	0.024093500303936283	0.9280575579301156
DLBCL11673	0.014053094914969776	0.9097072563432541	0.043242693248190814	0.021273276253168303	0.011723679240416986
DLBCL10862	0.004340756715770687	0.02195508130704214	0.01116390472463517	0.008253351922450107	0.9542869053301019
DLBCL11656	0.006785829471972129	0.03506240178061843	0.9342884495219907	0.010905988476995749	0.01295733074842293
DLBCL_RICOVER_221	0.00799384334118245	0.03958640362881158	0.019616149109219414	0.029350943288103226	0.9034526606326834
DLBCL10931	0.9427639422136442	0.01836350386735308	0.00669444439468417	0.018947220810012776	0.013230888714305753
DLBCL10781	0.02395456560524531	0.03880127341893902	0.015307088727687712	0.07695306148252588	0.844984010765602
DLBCL11188	0.011502343440069328	0.9467143341103262	0.01620007389522459	0.01064669247442358	0.014936556079956266
DLBCL10884	0.9412523793865184	0.026997122674625045	0.006829004966545313	0.016671947018143063	0.0082495459541682
DLBCL11500	0.011187709022507888	0.03132595191155924	0.018451054936009025	0.019374098387167117	0.9196611857427567
DLBCL10951	0.005496856277551957	0.014729053924155298	0.005138880295484476	0.008160742075039869	0.9664744674277684
DLBCL_RICOVER_977	0.9615344893270162	0.013789010456942533	0.00419418490025927	0.011215427609460708	0.009266887706321296
DLBCL_LS1757	0.9683113709408491	0.0120564006794003	0.004143857600836968	0.009293530110355016	0.006194840668558626
DLBCL_RICOVER_451	0.9668280409783018	0.013026593481910008	0.005416895448255232	0.009415129813038575	0.005313340278494398
DLBCL10883	0.001960971029750377	0.0038135209949719563	0.0016808004846372068	0.0022944346337012067	0.9902502728569392
DLBCL_RICOVER_1248	0.00486982382700783	0.009231049907281692	0.002863086737225593	0.007033709323042233	0.9760023302054427
DLBCL10525	0.9657211492101371	0.014699183997296725	0.004604104488714037	0.00866898331740266	0.006306578986449558
DLBCL_RICOVER_1289	0.004256206652562109	0.014016490549228528	0.004789379105468956	0.012400544473564682	0.9645373792191757
DLBCL11450	0.007063253613826112	0.016444570043446967	0.006045307335987629	0.019834831092078925	0.9506120379146604
DLBCL_C_D_1125_NULLPAIR	0.002141029160771498	0.01060007760430818	0.0034463142060960537	0.0053223104752980884	0.9784902685535262
DLBCL_RICOVER_850	0.001478936283039122	0.0043947263432148	0.001356216973565044	0.0027261374410786233	0.9900439829591025
DLBCL10530	0.0004625039530287297	0.0013553106443605976	0.0005848460045333858	0.0008658788963078214	0.9967314605017694
DLBCL10852	0.007538373279680198	0.014281570070251189	0.006003365608950568	0.016471691780629124	0.9557049992604889
DLBCL10534	0.0	0.0	0.0	0.0	1.0
DLBCL10906	0.1540402408932422	0.2838946168984695	0.039520828991254656	0.1324899251881216	0.39005438802891196
DLBCL_C_D_1112_NULLPAIR	0.17330361552527473	0.30232126945386306	0.24949099461794788	0.0689052789984526	0.2059788414044617
DLBCL11484	0.06265260114597204	0.4593316410551359	0.09265683531208321	0.06736106975634835	0.3179978527304605
DLBCL_LS2154	0.4210151592588718	0.32123827106312025	0.09437741638851703	0.09395974373627608	0.06940940955321484
DLBCL_RICOVER_1060	0.4566409584858701	0.29076618683140937	0.09413850098485539	0.09331520495234344	0.06513914874552178
DLBCL10985	0.1158321164214491	0.3638262492511748	0.030360973551619378	0.45333099753139167	0.03664966324436507
DLBCL_RICOVER_522	0.14500977705014753	0.13272724727402632	0.4696865522425631	0.22996246280826033	0.022613960625002778
DLBCL_LS2590	0.03108388209358119	0.08432084979364596	0.05850782595220698	0.45244778162696625	0.3736396605335997
DLBCL10863	0.13052728141171221	0.13905362409957553	0.01913889725643312	0.30563908090304653	0.4056411163292327
DLBCL11003	0.2515991409062314	0.16804721313787666	0.08990564126900297	0.17585298336919855	0.3145950213176905
DLBCL10451	0.6473119849725164	0.10627004270482883	0.19420776331230566	0.03077161831782658	0.021438590692522467
DLBCL10908	0.044519045390487726	0.49139367073521095	0.3364737677846235	0.03493773784236493	0.09267577824731293
DLBCL11447	0.06827291998970982	0.09831207474591401	0.027056361841018697	0.5452252603725125	0.2611333830508449
DLBCL_RICOVER_773	0.025267424407772295	0.09971147341197577	0.2332300243973676	0.02107575463864013	0.6207153231442442
DLBCL_RICOVER_216	0.06143756693863695	0.4451570972241107	0.34313274097268287	0.056977978015678395	0.09329461684889122
DLBCL10963	0.0757082755723051	0.13310029616238261	0.0389564950966669	0.6231250025543231	0.12910993061432235
DLBCL_MC_F218_RAP	0.15113694704246478	0.1601828414862117	0.04648267613962444	0.6098703022407681	0.03232723309093095
DLBCL11206	0.0833494065791099	0.22350986064625264	0.47191271803288065	0.038522081523437696	0.18270593321831907
DLBCL11681	0.27628754646640635	0.06902285710688903	0.4079213398813844	0.09211058122248181	0.15465767532283842
DLBCL11002	0.14449382651594989	0.14256124368588158	0.04677331996757379	0.6342372084191816	0.0319344014114132
DLBCL_MC_F307_JPS	0.326159915983402	0.4644775114077451	0.038888899631515116	0.12084817706427817	0.04962549591305952
DLBC_FF_8062_TP_NB	0.06998677785942393	0.13671381731150656	0.09984033753256531	0.6532500544830221	0.040209012813482076
DLBCL_LS1668	0.03307514865734538	0.6917960221926222	0.11009899881466058	0.13233218221709048	0.03269764811828149
DLBCL_C_D_1109_NULLPAIR	0.0915609028474025	0.07399501833956242	0.02231302074670424	0.7561386763845452	0.05599238168178567
DLBCL11441	0.06679497329804333	0.09929050973818404	0.03511210983728996	0.14587610274549553	0.6529263043809872
DLBCL10965	0.12732755811118332	0.06483243039858623	0.039415796294718704	0.7236225239496098	0.04480169124590195
DLBCL11486	0.23284238105858837	0.06981473408233722	0.038554066303445184	0.033359888330458894	0.6254289302251703
DLBCL11527	0.051056849051174615	0.07626460955132844	0.061460023897095956	0.6136336900696421	0.1975848274307589
DLBCL_RICOVER_496	0.04345984094250758	0.5719560835361419	0.2382683072730232	0.04819982585182168	0.09811594239650566
DLBC_FF_A7CX_TP_NB	0.18302001508719354	0.10500544253152183	0.0597279704971709	0.034952550568742816	0.6172940213153709
DLBCL10502	0.0862655422910583	0.13961406783918212	0.618900665714599	0.12389583045814874	0.031323893697011766
DLBCL_C_D_1126_NULLPAIR	0.32416668484281663	0.5511278068421397	0.02282727134929768	0.053219220910824705	0.04865901605492127
DLBCL10539	0.045074880988538395	0.101718224469256	0.033236927121916816	0.7877057141395951	0.032264253280693704
DLBCL11480	0.6288919848819416	0.12758274278156587	0.11909027974894738	0.08506453994806244	0.0393704526394827
DLBCL10934	0.05201652974361151	0.12600329870887453	0.012270336035848347	0.09521721907954202	0.7144926164321236
DLBCL10980	0.015718732511329225	0.1519003888181914	0.10670502314519882	0.08446298668516194	0.6412128688401186
DLBCL10532	0.016598737566122488	0.062186493786341446	0.0944574438119756	0.05728777684085057	0.7694695479947099
DLBCL10834	0.14198450235996504	0.7877880489488945	0.027374384086231038	0.021707936340332457	0.021145128264576953
DLBCL_RICOVER_1210	0.013279564242804366	0.6814265858812039	0.22521549915354813	0.05343242495991641	0.026645925762527167
DLBCL_RICOVER_701	0.046995899859068574	0.07217802305353489	0.020593137577577116	0.8285519533861707	0.031680986123648724
DLBCL11474	0.44723183721610693	0.23981052688913015	0.018180355816780097	0.23900518377630636	0.05577209630167638
DLBCL10482	0.7113087976190725	0.06400201988378851	0.020417966979897582	0.035969018151854236	0.1683021973653872
DLBCL11460	0.037494115050045816	0.05792297108480844	0.024466248124436478	0.848677556496381	0.031439109244328266
DLBCL11433	0.02461382801616344	0.048431202447861144	0.03170476476677205	0.1039104482014449	0.7913397565677585
DLBCL_MC_F139_LJF	0.045887664283977905	0.04764024295525431	0.024002235005016376	0.8498420958859215	0.03262776186982989
DLBCL_LS155	0.017464065727821394	0.1217945749003961	0.7604979367144213	0.07685179067029292	0.023391631987068284
DLBCL10486	0.5277586717475513	0.17054480359243407	0.035991901936291155	0.1903297033564016	0.07537491936732188
DLBCL11504	0.10120383130176534	0.0597272451963344	0.02272189814075059	0.07182307994866428	0.7445239454124853
DLBCL_RICOVER_1061	0.04692927055469939	0.05467363654118368	0.03193579064142276	0.8400293860379205	0.02643191622477363
DLBCL_RICOVER_174	0.13974847788771505	0.7780024232104192	0.026081113115492754	0.031953839255134175	0.024214146531238837
DLBCL10930	0.6541434876799886	0.06294876309025595	0.038001670927232147	0.04771401486436578	0.19719206343815748
DLBCL_C_D_1105_NULLPAIR	0.6797121794214007	0.16902068505997775	0.030012126374464848	0.06350293324746849	0.05775207589668825
DLBCL11458	0.048690263235041165	0.08145531650744811	0.8265128579379913	0.014206472376262338	0.02913508994325713
DLBCL10954	0.030917512674189105	0.8418940364038267	0.03674149799177208	0.04838765493838225	0.04205929799182999
DLBCL_C_D_1131_NULLPAIR	0.01979262722772466	0.794147137186427	0.07216215555780695	0.012476352631720746	0.1014217273963206
DLBCL10780	0.02820594817900782	0.6349302169965158	0.26255963098158036	0.05550187979397564	0.018802324048920425
DLBCL10969	0.6065033453624924	0.19871407362949112	0.12724676312716784	0.0394718062770453	0.028064011603803354
DLBCL_MC_F064AB	0.016678849315743063	0.10015140100130465	0.8033927155012012	0.05274310925894528	0.027033924922805794
DLBCL10898	0.017250116074910553	0.16185849847748868	0.015975838833712477	0.03791536910914111	0.7670001775047471
DLBCL11205	0.801964304866778	0.10026759343285248	0.04898191223754059	0.03671008703447327	0.012076102428355629
DLBCL10850	0.12034304245652964	0.7608045659478736	0.036331702153425086	0.015927896108826122	0.06659279333334552
DLBCL_RICOVER_744	0.030127239841607104	0.05317343064724309	0.8909318932952358	0.012666111271996372	0.013101324943917641
DLBCL11526	0.027997662054325412	0.0771025511570773	0.8582603054650143	0.023780381128694805	0.01285910019488816
DLBCL_RICOVER_1165	0.03683730266242552	0.7400011642190636	0.10282525870450608	0.016029409369642714	0.1043068650443621
DLBCL11538	0.024821976954613165	0.09502567204114044	0.667066484971909	0.12281667665954805	0.09026918937278931
DLBCL10957	0.6613337554271773	0.14783215462244156	0.05371701237964307	0.10845891189837165	0.028658165672366412
DLBCL_C_D_1119_NULLPAIR	0.7665079801473035	0.14880607661651404	0.023797899085781542	0.030358022004220844	0.030530022146180145
DLBCL10483	0.018581337451859314	0.10601029397628935	0.8403359269055996	0.014056159429791703	0.021016282236460047
DLBCL10972	0.6601549560109656	0.08028966670210667	0.041920437471951386	0.06663773910434173	0.15099720071063463
DLBCL11449	0.03706378308888716	0.11655641823939211	0.017088189006362255	0.0381547630046072	0.7911368466607512
DLBCL_RICOVER_299	0.009721601332899343	0.08799646858172193	0.8650810054566969	0.012774476021364355	0.02442644860731749
DLBCL_C_D_1113_NULLPAIR	0.01656517069197078	0.10421881591968228	0.8356602066499883	0.018932352782532594	0.024623453955826047
DLBCL_C_D_1133_NULLPAIR	0.022052432225730008	0.054772107778844656	0.8915990107009847	0.017872066733895277	0.013704382560545418
DLBCL11472	0.8458869653746448	0.04317679555393461	0.01699934717460903	0.06338959342055021	0.030547298476261316
DLBCL_RICOVER_253	0.05273664976803651	0.8782927710501355	0.03710950382812164	0.014388217727178482	0.01747285762652788
DLBCL_RICOVER_956	0.01778985487835627	0.08551176953343932	0.02739141035158634	0.03179428060599977	0.8375126846306183
DLBCL10902	0.008610490169856364	0.09220435761222051	0.015187374676334024	0.016459397248658938	0.8675383802929302
DLBCL11675	0.015469083226299649	0.036593487164589225	0.8816139434121051	0.027231823366218533	0.03909166283078754
DLBCL10999	0.009424493036664858	0.07288070766833138	0.04070575321404532	0.10357855028159121	0.7734104957993673
DLBCL_RICOVER_473	0.7779374743670221	0.12044579993902754	0.026661932905515662	0.05025397882194247	0.024700813966492288
DLBCL10857	0.010821165046719745	0.022116858719930334	0.005137189751214421	0.01785739388327714	0.9440673925988583
DLBCL10523	0.02557610007397815	0.050238728167192374	0.8728075208993338	0.037400661491430696	0.013976989368064992
DLBCL10459	0.008845283415815282	0.07666323011095201	0.883616864121828	0.01635926417572148	0.014515358175683179
DLBCL11435	0.7930901058058631	0.04753726322075493	0.016018961095591214	0.09981249320016085	0.04354117667762985
DLBCL_RICOVER_720	0.015261372220826656	0.04043046307075044	0.014554738345440266	0.011875495063174098	0.9178779312998085
DLBCL10490	0.8375621694636827	0.07189926464825704	0.01304642488811184	0.05207733542491137	0.025414805575037034
DLBCL10925	0.021297864635400066	0.04828826030647204	0.008972253717572895	0.03800899985611835	0.8834326214844366
DLBCL11457	0.8408294939325297	0.03717786405933496	0.02350005273598647	0.06881997108535642	0.02967261818679237
DLBCL_RICOVER_712	0.018249399802993584	0.03602542518060334	0.011685122388471789	0.03920465652448645	0.8948353961034449
DLBCL10968	0.598374688331156	0.06995021373328546	0.02227692322187129	0.2355017596469865	0.07389641506670062
DLBCL10460	0.019265649783945803	0.9252284172397648	0.031691553982797105	0.010229159438766011	0.013585219554726342
DLBCL10990	0.01596838554532304	0.04178713817587995	0.012402045562310397	0.020675486894253997	0.9091669438222326
DLBCL10498	0.01593638030439282	0.07254896377428752	0.8779617860004094	0.024910319149334968	0.008642550771575257
DLBCL_MC_F349_BJJ	0.008243902733880844	0.05338332654470545	0.9122676988083545	0.01028832894780261	0.015816742965256647
DLBCL_C_D_1141_NULLPAIR	0.008793455306281622	0.03678182131291518	0.9326870960234408	0.009979343972850342	0.011758283384512104
DLBCL11666	0.006063391822598316	0.023541472086051264	0.9545845654375612	0.010322126521042127	0.005488444132747063
DLBCL_RICOVER_1032	0.00692289805441576	0.03863670807925304	0.006531332844372376	0.016780240182570176	0.9311288208393886
DLBCL_RICOVER_1192	0.002553152410963757	0.009167941347491484	0.005140618707625241	0.004166281921367565	0.9789720056125519
DLBCL_LS1098	0.007110913642268203	0.020008702416543706	0.9556926722351095	0.010869986210716321	0.006317725495362281
DLBCL10860	0.004242275531066563	0.024937531814838466	0.011982449158572467	0.011389531637697244	0.9474482118578252
DLBCL_LS378	0.9566775750531933	0.019078751008811224	0.007647205850944911	0.011051708985127872	0.005544759101922747
DLBCL10977	0.0036840058324161163	0.008667462939710059	0.004982930114652186	0.003978541982491409	0.9786870591307302
DLBCL11512	0.8014505020777555	0.08678130302992003	0.020748107927583144	0.07505792941063753	0.015962157554103854
DLBCL_MC_F262_WLC	0.957319585533595	0.018662154294750495	0.00465199906157071	0.011996678140011548	0.007369582970072252
DLBCL_RICOVER_506	0.002900642635841363	0.011324362567291524	0.004609179869721943	0.0048503826953539405	0.9763154322317912
DLBCL10458	0.9787975163473918	0.008544027123565013	0.003175245709456169	0.005963041825279608	0.0035201689943074937
DLBCL10842	0.001229962672604274	0.003806342770880454	0.002019561274566143	0.0028442479254943867	0.9900998853564548
DLBCL11000	0.0019285659218521989	0.009054976997510587	0.0037749330346343287	0.006636313712818787	0.9786052103331842
DLBCL10901	0.0006934889255646851	0.00219978816450157	0.000957721487127562	0.0016076424301142249	0.9945413589926919
DLBCL10889	0.000624857145590365	0.0025135571441625977	0.0009575060731094777	0.0016851894427672945	0.9942188901943703
DLBCL_MAYO_DLBCL_234	0.2132623186655009	0.22118892749841784	0.2304620506882581	0.2734387397096676	0.061647963438155665
DLBCL10454	0.4611845498189109	0.2776757723605189	0.06655714108810806	0.04037180540151667	0.15421073133094543
DLBCL_RICOVER_1190	0.309268775786316	0.4365534631154082	0.1109227654519899	0.039025845109934496	0.10422915053635122
DLBCL10971	0.4123277323056099	0.16278423507104509	0.0489321737638401	0.24127523324998	0.13468062560952498
DLBC_FF_A7CW_TP_NB	0.03597078590512591	0.3045386624635414	0.12090001942172161	0.40627434546090974	0.13231618674870135
DLBCL_RICOVER_258	0.14429134352101772	0.1651871148728335	0.15920940661858524	0.03781005690071783	0.4935020780868456
DLBCL11467	0.04488793288167747	0.4149279835515949	0.0814582763689156	0.2057181725956956	0.25300763460211645
DLBCL10865	0.474028051052	0.18519328942334506	0.03474415470802902	0.1056172524741758	0.20041725234244995
DLBCL11535	0.057332321274480805	0.12910838997688864	0.031499881782609936	0.3578817360911917	0.4241776708748288
DLBCL10519	0.11666595918084183	0.2650800076084298	0.1430089870967213	0.4302682155272139	0.04497683058679305
DLBCL10907	0.31666023916104913	0.42939935906095456	0.015046886943422823	0.0893995770073013	0.14949393782727224
DLBCL10917	0.07129501064294484	0.3239253709112876	0.04989534070297134	0.4314504943457502	0.12343378339704586
DLBCL_RICOVER_320	0.0595939692523745	0.45067478865944594	0.33583401283638686	0.05581284456435763	0.09808438468743508
DFCIDL008_DT	0.02031335555319664	0.2185804326024234	0.13055962700596782	0.02572753529846102	0.6048190495399511
DLBCL_C_D_1140_NULLPAIR	0.04590076436252185	0.27094157929595586	0.07101475278639269	0.06272944794418465	0.5494134556109449
DLBCL_RICOVER_335	0.05403784336266063	0.4871935350716575	0.030657143303424193	0.3794830474175194	0.048628430844738155
DLBCL11473	0.22453745847980264	0.4370051116286154	0.027631255485137746	0.26015697996295084	0.050669194443493326
DLBCL10501	0.013572063790755118	0.41301917935728266	0.514526283791762	0.0269156977025094	0.0319667753576908
DLBCL11448	0.04058315886399278	0.15727184641041012	0.09874026550970524	0.418089898698582	0.2853148305173099
