	0	1	2	3	4
DLBCL11662	0.2782197740651571	0.04139856691227196	0.04111908718091457	0.10502894395089543	0.5342336278907609
DLBCL_RICOVER_111	0.16827439990195356	0.023429035013841294	0.3097370958933745	0.08202956094685827	0.4165299082439725
DLBCL10981	0.07847383410481241	0.414685211119508	0.12562892249051905	0.22560252437077918	0.1556095079143814
DLBCL11534	0.06416514776052736	0.04159808984936568	0.33099455412850204	0.1437369665077812	0.4195052417538237
DLBCL10915	0.15366165342809132	0.07925301585720329	0.07506603960452475	0.4407317361150656	0.2512875549951151
DLBCL10513	0.35870920203792916	0.069690305032062	0.09685337534446095	0.45876126306550985	0.015985854520037996
DLBCL10986	0.5736533517958544	0.040387755024169955	0.2589679419508814	0.062215757502229706	0.06477519372686454
DLBCL10878	0.5291104391422605	0.019922847595993914	0.028445023193921413	0.1166751061368305	0.30584658393099357
DLBCL10846	0.06418513774861992	0.2290023668073919	0.08055830424942802	0.23490673922301375	0.3913474519715465
DLBCL_RICOVER_787	0.4551094887771229	0.29225951872013334	0.054558604320572246	0.1684916227414347	0.029580765440737008
DFCIDL004_DT	0.3478535065439773	0.026247907577235358	0.025512940919281406	0.0772080280210007	0.5231776169385052
DLBCL_RICOVER_1045	0.52356700712302	0.03051995262695362	0.03688832981508372	0.37126050944122724	0.03776420099371556
DLBCL11491	0.20791968275261996	0.021215992609920235	0.196342239522569	0.43629221615348346	0.1382298689614074
DLBCL10950	0.7262451879855916	0.01906808575758242	0.06609681264538661	0.11142764767799694	0.07716226593344241
DLBCL_RICOVER_1046	0.017663471093247504	0.517419661062172	0.3983446874779361	0.022683022029336322	0.043889158337308214
DLBC_FF_8046_TP_NB	0.620582901341868	0.045116964067220336	0.10028219477724697	0.09378235109961218	0.14023558871405253
DLBCL11479	0.07482475501802077	0.6982167087746414	0.165439925599708	0.03201794958352468	0.029500661024105205
DLBCL_BWH_DLBCL64	0.07256986594565591	0.3070183876103532	0.14734394142353538	0.452138519954826	0.020929285065629546
DLBCL11520	0.7694958635738083	0.014077268024176358	0.0176949030452585	0.05846516450809483	0.14026680084866203
DLBCL11431	0.08169334732091178	0.12350220294368935	0.10323223746309057	0.05496934189505665	0.6366028703772516
DLBCL_C_D_PAIR13	0.08250685775829034	0.11936889355345248	0.10238286213083297	0.05565142037356499	0.6400899661838593
DLBCL10521	0.025542411533315632	0.15998830291721833	0.014936866126873005	0.018195759060594285	0.7813366603619988
DLBCL_C_D_1159_NULLPAIR	0.21364495011917312	0.017849680914961787	0.03499058496317106	0.6900068708975824	0.043507913105111616
DLBCL11672	0.07435998914692306	0.016087132698622053	0.7878017599664209	0.09154674173896875	0.030204376449065293
DLBCL_RICOVER_1287	0.04037017278408552	0.3107802281152475	0.05727012760282416	0.05821510276946722	0.5333643687283757
DLBCL11652	0.610791909821051	0.2387545818228944	0.07297339149856052	0.03997476293456807	0.03750535392292594
DLBCL_LS2325	0.0560582867524028	0.6942777659277046	0.21294895226810703	0.023322176021699458	0.013392819030086073
DLBCL_RICOVER_711	0.09265435810556637	0.33434390019340476	0.04533086891730767	0.488975142407315	0.03869573037640633
DLBCL11507	0.026628280684188477	0.7457479417602688	0.18260912223334083	0.016293154429507194	0.028721500892694752
DLBCL10491	0.05923728918316078	0.18648891043483817	0.08924301574606855	0.6417126647897438	0.023318119846188708
DLBCL_MAYO_DLBCL_3653	0.721259620945653	0.026605973840391744	0.043424220507268026	0.0960749182149306	0.11263526649175667
DLBCL_MC_F606_DMJ	0.023401624919546622	0.2706630787228926	0.6548772916888521	0.021183650230866775	0.029874354437841918
DLBCL11539	0.8850509344023922	0.00912792333095083	0.03342626245472736	0.06071590883940119	0.011678970972528423
DLBCL_MC_F815_BAT	0.05100996434720203	0.15191831091111743	0.5788173669952622	0.14843588047920664	0.0698184772672118
DLBCL10544	0.05132803227443245	0.01839324497188156	0.0503080907878296	0.755741682133425	0.12422894983243142
DLBCL11429	0.8692811466838508	0.00955786155066206	0.02304089230127609	0.0616475682784323	0.0364725311857787
DLBCL10879	0.032905046393614634	0.023863642106573674	0.7447730185524958	0.06194056713121968	0.1365177258160962
DLBCL10868	0.11778757331847707	0.028527527786226765	0.03081187546224244	0.6444097628730668	0.17846326055998687
DLBCL10891	0.0056378073934225375	0.005528357121046191	0.012377138525466706	0.013522256390218732	0.9629344405698458
DLBCL10914	0.5639149831787944	0.20585852082441294	0.1509272050351082	0.059409393011359474	0.019889897950324992
DLBCL_C_D_1148_NULLPAIR	0.20757454730407113	0.017217151533110802	0.04987927818556832	0.6906309890457066	0.03469803393154316
DLBCL10456	0.0626867803800914	0.02024207789843188	0.04655304706129689	0.780463722851134	0.09005437180904585
DLBCL10536	0.05328842244868929	0.059044010760731624	0.7860404423155064	0.06349762800790788	0.03812949646716488
DLBCL_LS1395	0.05931101747549911	0.1150656290474099	0.7520668725898373	0.02150063902474157	0.05205584186251221
DLBCL10874	0.06774576011777696	0.622979393634441	0.04003489233470069	0.12472885250230151	0.14451110141077983
DLBCL10466	0.01122395401143496	0.19961249560245467	0.6601852665092163	0.0700747552981993	0.05890352857869486
DLBCL11537	0.7666656264340063	0.017707288647165916	0.02311160926721072	0.03572540888131742	0.15679006677029966
DLBCL10858	0.026406099057255862	0.011472557771722298	0.012950270013454019	0.06422766878492307	0.8849434043726447
DLBCL_RICOVER_985	0.03648097198892362	0.0322331949774491	0.11732944299355644	0.7683326368064128	0.04562375323365811
DLBCL_RICOVER_478	0.17435262321158118	0.7142996708682414	0.0231130274565366	0.021403088673613537	0.06683158979002723
DLBC_FF_A7CQ_TP_NB	0.051364877626839826	0.012572110925744912	0.019005908124013367	0.06228445689537325	0.8547726464280286
DLBCL11476	0.053116122994815544	0.028562726533775614	0.01737708978738358	0.022941474687079667	0.8780025859969456
DLBCL10894	0.06957355282990316	0.8534355077734871	0.019462996232195152	0.037249239155478134	0.020278704008936495
DLBCL10494	0.01152674746925955	0.8879580415185809	0.0728156028223051	0.01070541937828535	0.01699418881156901
DLBCL10853	0.05097573959693908	0.011028752342203334	0.014327126299492026	0.0346265250511625	0.8890418567102031
DLBCL_LS1304	0.024874238034801363	0.02915042299619752	0.022744848232911126	0.020423964466515544	0.9028065262695745
DLBCL11661	0.01888212115592909	0.9213871942211966	0.02693986988927998	0.025755699465259862	0.007035115268334469
DLBCL_MC_F500_ECU	0.015176550730991608	0.9336659718555939	0.017404191105105615	0.016969388202724173	0.016783898105584765
DLBCL10547	0.053944883300889764	0.021959492816757138	0.03579416453687164	0.858676993495972	0.029624465849509393
DLBCL10833	0.040888577081567824	0.014550054687056687	0.009767318932810803	0.03791805028646396	0.8968759990121007
DLBCL_RICOVER_950	0.04247173447685692	0.01956285136620735	0.06911102129366167	0.8456333874790518	0.023221005384222202
DLBCL10835	0.011337494865319328	0.038421819478862446	0.008953774080525025	0.028307027851856525	0.9129798837234366
DLBCL_C_D_1129_NULLPAIR	0.9318040948061612	0.008585374939024584	0.015161337571801851	0.02385680141943834	0.020592391263574053
DLBCL10836	0.01755546265779997	0.006245839397995323	0.012696444977312807	0.019480496876141985	0.9440217560907499
DLBCL11462	0.9402961145594287	0.006801041440201211	0.014176169555344106	0.017295313968065926	0.021431360476960013
DLBCL_MC_F729_MAN	0.008619399403092252	0.9258372023017668	0.01679860295067288	0.006831979720446605	0.04191281562402146
DLBCL_RICOVER_829	0.8920597325186489	0.02310090790535107	0.010418840590776733	0.037304944249127496	0.03711557473609585
DLBCL10866	0.01486553744188961	0.008579804534970916	0.010921026390546994	0.024594233303163248	0.9410393983294292
DLBCL10945	0.9460093511554143	0.007144305004174745	0.009596786670235209	0.017721820575596597	0.01952773659457913
DLBCL11461	0.9435507559006124	0.009213185577384273	0.016402614557327996	0.024568783804261342	0.006264660160413941
DLBCL10997	0.9780041624320082	0.0031109238856845047	0.004051786827637638	0.009279385465477111	0.005553741389192629
DLBCL11203	0.005564510664865993	0.9601724941679944	0.012176740327577007	0.012717242549325379	0.009369012290237132
DLBCL10515	0.9366172298775839	0.014297901643590537	0.012192735150809788	0.028343398635577007	0.00854873469243878
DLBCL_LS951	0.9525046282310351	0.00878015108574096	0.01030009924003854	0.021203182870276924	0.007211938572908529
DLBCL10900	0.008505336662985863	0.005431604902496776	0.004299669326427579	0.011866006451427843	0.9698973826566619
DLBCL11481	0.945986187211637	0.006964977817134431	0.015393550462028446	0.014983944747413129	0.016671339761787002
DLBCL11459	0.04564594462270357	0.013928010368046879	0.030934220606979663	0.8817670914783818	0.027724732923888062
DLBCL11564	0.04268073929485911	0.016297063779005073	0.03255794284951713	0.8853152071183656	0.023149046958253015
DLBCL10847	0.034192737382389225	0.020959229063764722	0.010880244248017881	0.011509520062086958	0.9224582692437412
DLBCL10555	0.1578115914389548	0.07649583422389893	0.7161864598812826	0.035150976186230906	0.014355138269632764
DLBCL10912	0.9327149632749612	0.013960677807226186	0.021487500162902008	0.023424602421808976	0.008412256333101649
DLBCL_LS3200	0.007616048887868747	0.027004737926480556	0.012423527647106315	0.008045013105342681	0.9449106724332017
DLBCL10550	0.015289422271109743	0.009223674330561938	0.01891443444890502	0.014575702678870815	0.9419967662705525
DLBCL_C_D_1108_NULLPAIR	0.006643280593883055	0.9633631558385417	0.0076389088214531215	0.004367378977947705	0.01798727576817441
DLBCL10867	0.020420488977024354	0.0867181756790004	0.010591672639016777	0.02043343972325921	0.8618362229816993
DLBCL_LS1921	0.005013495585731249	0.9771895208463162	0.006863943447054479	0.0071571986773755975	0.003775841443522566
DLBCL_MC_F519_ALT	0.00942522946415811	0.00829479123292769	0.0055912409712345935	0.006491221742381557	0.9701975165892981
DLBCL_RICOVER_440	0.005918871636405413	0.9497908649770499	0.029711619122847678	0.004746084816271212	0.00983255944742576
DLBCL10887	0.0037122866477432227	0.003895018531138891	0.006902821331763538	0.00519134387430583	0.9802985296150485
DLBCL_C_D_1130_NULLPAIR	0.9553001837994595	0.008040549763299177	0.009684991730483428	0.01317452035345227	0.01379975435330571
DLBCL_C_D_1114_NULLPAIR	0.9652945676154983	0.004456396853204283	0.007052757544294027	0.016126626823764017	0.007069651163239446
DLBCL11685	0.00810239454518761	0.007108523701489066	0.9561730140698438	0.011409314746286436	0.017206752937193075
DLBCL_LS3749	0.004101843640711643	0.9821821014136762	0.006700468598057149	0.004416769087303761	0.002598817260251248
DLBCL10510	0.014192171922572298	0.9548689698275691	0.0077324930185758145	0.006859435329389083	0.01634692990189367
DLBCL11558	0.015693055772797122	0.015747059198705563	0.9422621006672824	0.01974749474975834	0.006550289611456553
DLBCL_LS297	0.010573608465267061	0.009411442645011559	0.953481224390303	0.020525923430277166	0.006007801069141225
DLBCL_MC_F089_HCZ	0.004342232042733568	0.9457596953169262	0.027253036363170214	0.008037812507129627	0.014607223770040423
DLBCL10983	0.010044546085953242	0.9691553857724269	0.006781420235506651	0.004598297921334348	0.00942034998477887
DLBCL10529	0.004828110588747749	0.010106381529547166	0.008647315513268188	0.007659017275081439	0.9687591750933554
DLBCL10911	0.0018339220782765799	0.9927020708244014	0.0026828970114570892	0.0012605465469170665	0.0015205635389477932
DLBCL_LS1065	0.005682233407914452	0.9822774382007964	0.004919193947360492	0.002712232899402739	0.0044089015445259285
DLBCL10461	0.0031939252757414703	0.981164003188474	0.00781548209031716	0.002258394888585624	0.005568194556881779
DLBCL11565	0.0015418527640474564	0.9923432763489592	0.00224236336292308	0.001626157865750151	0.002246349658320065
DLBCL10992	0.0030040515293563133	0.00276358917914548	0.0035076137034490075	0.0035876513954107513	0.9871370941926384
DLBCL_C_D_1136_NULLPAIR	0.0007168921223759897	0.9970752303766811	0.0008885033100097868	0.000544375113656961	0.0007749990772761345
DLBCL_RICOVER_449	0.003121580631314882	0.0040102057702417395	0.00377541640776915	0.0052956005211775535	0.9837971966694967
DLBCL_RICOVER_417	0.0024272978664696674	0.00352658493366523	0.002600097228024346	0.0037098268351671566	0.9877361931366736
DLBCL_DFCI_DLBCL_GOE16	0.005575507655450064	0.004641621869938152	0.9784492747701649	0.007280451028732307	0.004053144675714645
DLBCL_C_D_1163_NULLPAIR	0.0022856719696577707	0.0029274651074333103	0.002064390607176107	0.003693173465790526	0.9890292988499423
DLBCL11680	0.04182327061808788	0.017442753885167302	0.9136116802899611	0.01595376848387562	0.011168526722908103
DLBCL11428	0.00548768178655837	0.006532075819375111	0.9758128747987767	0.007372753812984603	0.004794613782305295
DLBCL_RICOVER_1106	0.04319564370115066	0.24863494102026473	0.040655911268006474	0.18023493817612984	0.48727856583444834
DLBCL11528	0.26995023840476806	0.24383279333568375	0.4218646931844492	0.03431602574942688	0.03003624932567218
DLBCL10909	0.08028923524993295	0.020142444704518835	0.07058399619918385	0.4754813730256089	0.35350295082075545
DLBCL11202	0.2430351646817234	0.10453501692424069	0.5254394259116808	0.1150611593464789	0.01192923313587615
DLBCL11536	0.06879419635058484	0.3103505496878995	0.0732090367649582	0.48710595155711567	0.06054026563944176
DLBCL10962	0.23510246483280028	0.05244009537103122	0.48978501179162703	0.16979709642935623	0.05287533157518518
DLBCL11478	0.320113743735755	0.04646037285355977	0.5540215341029553	0.05151812239198528	0.02788622691574463
DLBCL10974	0.0858770501492943	0.03563673494816813	0.047482187700354485	0.37463111687678	0.456372910325403
DLBCL_C_D_1117_NULLPAIR	0.13536312251247587	0.6852215218346444	0.02698270947912524	0.13262130280585774	0.019811343367896833
DLBCL10936	0.1171521692781507	0.5487666433204141	0.14555240868629601	0.07240344633195431	0.11612533238318491
DLBCL10935	0.6977055577486234	0.19758225475031568	0.020779109157860732	0.05578350042519103	0.028149577918009136
DLBCL10993	0.4712319153675287	0.032592174351482664	0.06647489876065449	0.20831864077514234	0.22138237074519188
DLBCL11515	0.04405543689618664	0.08114124272267706	0.32367916462922663	0.03304507297544942	0.5180790827764603
DLBCL_LS762	0.05349991150333545	0.03800836427928377	0.49065842116060576	0.06131737729077514	0.3565159257659999
DLBCL10512	0.028277471589229074	0.08267937064771119	0.4654022585059664	0.028693245381566257	0.3949476538755272
DLBCL_C_D_1144_NULLPAIR	0.09428450143173871	0.18761886796340946	0.022286703544156038	0.052543776671150094	0.6432661503895457
DLBCL_RICOVER_1278	0.16131617642894738	0.05450825914104243	0.029333504012574514	0.35414744237746354	0.4006946180399722
DLBCL10564	0.07135286250438477	0.12106216313246293	0.05808265429370179	0.7107366059052829	0.03876571416416768
DLBC_FF_8042_TP_NB	0.02939686874901473	0.08260964085456313	0.0688801672454339	0.10649138670319828	0.7126219364477899
DLBCL_RICOVER_910	0.09459821965543155	0.24892158597385344	0.08269559540312339	0.5288688263398063	0.044915772627785344
DLBCL11590	0.22449777760720596	0.023759222511182117	0.5891970015132705	0.12287061452597531	0.03967538384236616
DLBCL11470	0.7931874197908231	0.010733376946332139	0.031793610834278466	0.13823000311660444	0.026055589311961898
DLBCL10856	0.1480303059105717	0.06010612200074626	0.28297819929779017	0.0267904900599659	0.482094882730926
DLBCL11436	0.1990494374487771	0.14447967135783513	0.08288725269303197	0.5381537500333786	0.03542988846697717
DLBCL_RICOVER_274	0.07419025140445808	0.11593253430383672	0.033634553787541814	0.6662183478381445	0.11002431266601889
DLBCL10921	0.033481881973128104	0.5669553258678945	0.022687650271096954	0.02003931563069744	0.35683582625718296
DLBCL_DFCI_DLBCL_GOE05	0.021465167171116937	0.3311559190978256	0.10332463126060148	0.02185419468339874	0.5222000877870573
DLBCL10553	0.053200261445444534	0.03378038010955225	0.5853795621306839	0.27522175858896764	0.052418037725351696
DLBCL11576	0.060223889089214125	0.3047909086241064	0.13095158606316276	0.46540001717992496	0.038633599043591677
DLBCL10885	0.05083310763434352	0.681111101459468	0.019424273573919792	0.025989273195874015	0.22264224413639477
DLBCL11437	0.046901460292629565	0.0188052041816139	0.06517687372984589	0.7405743392619087	0.12854212253400196
DLBCL10503	0.04722950078859178	0.521706009445527	0.333295273341634	0.044940126915800974	0.05282908950844619
DLBCL_LS4616	0.009748575566621138	0.6752588812008188	0.241238771446956	0.030627705703373538	0.04312606608223059
DLBCL_C_D_1156_NULLPAIR	0.18206971716818765	0.07412970391071601	0.08687566580426016	0.6046785053722654	0.052246407744570705
DLBCL11519	0.67138610573032	0.05182821313811523	0.03392509761336104	0.22533832936490242	0.017522254153301352
DLBCL_LS3499	0.19927956024788143	0.10192522306896581	0.06795787807955801	0.5855499672541193	0.04528737134947537
DLBCL10994	0.8048280093260611	0.05676890164379975	0.024835584922346523	0.054636289669980964	0.0589312144378117
DLBCL11204	0.2739841339469894	0.5481444876730821	0.05222431252406121	0.03637905645893799	0.08926800939692925
DLBCL10517	0.015872912447436535	0.403324415773576	0.5086099842817627	0.03307136541504567	0.039121322082179125
DLBCL_RICOVER_467	0.01721202093252781	0.3920608340232558	0.041289417774440354	0.014599638410957393	0.5348380888588187
DLBCL10895	0.036479351094165204	0.27918961998179687	0.16620406570856072	0.028488806537778792	0.48963815667769844
DLBCL_RICOVER_1018	0.07108839236229034	0.06723050530806231	0.032069350396678006	0.8011956026684435	0.028416149264525924
DLBCL10565	0.18925985473310103	0.048002351570837154	0.5451449178146491	0.20293033558329038	0.014662540298122306
DLBCL11488	0.517615021045408	0.021427089519697518	0.020397725396799366	0.07480566979782696	0.3657544942402681
DLBCL11430	0.7895793031020274	0.01457187579870748	0.05827631394851125	0.11858351918852254	0.018988987962231276
DLBCL_RICOVER_408	0.046480824115224216	0.8804525698411672	0.04515248723234243	0.016538489801332743	0.011375629009933497
DLBCL11658	0.04993534125617264	0.014432869532435003	0.04066460515456503	0.8429096830325292	0.05205750102429816
DLBCL10931	0.9076437475529062	0.006889509925567797	0.015491923344688333	0.04396593706361581	0.02600888211322182
DLBCL10903	0.01488103324246332	0.8444634474575803	0.11036821874213286	0.014163333326955192	0.016123967230868376
DLBCL_RICOVER_314	0.017517177884525663	0.026431368779845123	0.039274623546624005	0.028582108530070642	0.8881947212589346
DLBCL_LS2208	0.0690925276148698	0.05726379915328717	0.09239911636337403	0.08374732447716826	0.6974972323913008
DLBCL11456	0.028896279876090593	0.8536761554116173	0.058036744976858456	0.04845381826060721	0.010937001474826406
DLBCL10782	0.07752277362307071	0.04543493834936703	0.0509414555599731	0.8030224013567208	0.02307843111086841
DLBCL_DFCI_DLBCL_GOE07	0.0254938139605645	0.8651848820520938	0.036937108905773924	0.017392396459632146	0.05499179862193568
DLBCL10552	0.20003422484519953	0.019274256021527315	0.06497670215803487	0.6926086214697371	0.023106195505501068
DLBCL10927	0.06341481765076043	0.016093289878465228	0.036829158527737514	0.8613160744793715	0.02234665946366529
DLBCL10549	0.032393378869359515	0.8650621989424587	0.0745577649825632	0.012573559667648814	0.015413097537969723
DLBCL11496	0.08726261666367748	0.045437145634361416	0.06469542801541964	0.027152112765404975	0.7754526969211365
DLBCL_RICOVER_533	0.022157565034583694	0.938411095014315	0.021361549444055685	0.012094956324517183	0.005974834182528472
DLBCL_C_D_1128_NULLPAIR	0.9117875197175027	0.015002635893972676	0.016072713165707814	0.027709328930089122	0.029427802292727623
DLBCL_RICOVER_978	0.8904550717615761	0.01471017938168999	0.03673774557432525	0.04477173955350727	0.013325263728901375
DLBCL11671	0.9438130017715055	0.010326395238858794	0.011699349319460066	0.027686282113066507	0.006474971557109143
DLBCL_LS2357	0.03859634748444311	0.017211684712876634	0.034162608307723	0.8862288531156094	0.02380050637934787
DLBCL10871	0.07195011101354287	0.8508768571504253	0.03901984208058246	0.019022442462506683	0.019130747292942712
DLBCL_LS2245	0.010368174844070831	0.9260341387200655	0.04438169225397807	0.007893936134117409	0.011322058047768178
DLBCL_LS3245	0.005559053085286387	0.9565335029448772	0.025039195175715658	0.006316767709295538	0.0065514810848252125
DLBCL11656	0.017250529380465455	0.0137065980957459	0.8601197747478052	0.027931559498849904	0.08099153827713353
DLBCL10844	0.8848320887539374	0.02908206603597753	0.01386775259310051	0.02655969526173198	0.04565839735525256
DLBCL10922	0.022777146394987447	0.9313236252816002	0.01995412869351934	0.009767644776018831	0.016177454853874246
DLBCL_LS2089	0.007628334256697937	0.949873976349399	0.010695576417540653	0.004831242388454534	0.026970870587907952
DLBCL10852	0.02585547745210911	0.013745533060456122	0.01390004612028642	0.046977053601139636	0.8995218897660087
DLBCL10495	0.912363508338001	0.034528690658577076	0.009732532712595922	0.024755782092258635	0.01861948619856741
DLBCL10781	0.009312091480283089	0.0071858843243964065	0.0060986775751612635	0.01558841087382933	0.9618149357463299
DLBCL_RICOVER_945	0.8871857384745706	0.04080317012670386	0.013002221249440655	0.0411215269769185	0.0178873431723664
DLBCL11195	0.004094134542308599	0.010713325026697206	0.007552021365972999	0.008028932288759031	0.9696115867762621
DLBCL10910	0.02128273677723184	0.042900222557826634	0.8583511647442201	0.05962074735809502	0.017845128562626374
DLBCL10525	0.9544428497785001	0.00444634706098698	0.012310823681372367	0.014696508355834354	0.014103471123306207
DLBCL_LS2599	0.050719972142836384	0.04441748667189519	0.8332508117836269	0.059942101889803936	0.011669627511837585
DLBCL10884	0.9571393580391807	0.0055497774156975975	0.01170105866815969	0.01846174132349363	0.007148064553468338
DLBCL11500	0.014342784816061806	0.009021654091738954	0.014809221599274908	0.014325273254447523	0.9475010662384769
DLBCL_LS4054	0.0070361425029153435	0.9568406396808866	0.011545476173389092	0.009106858936778027	0.015470882706030874
DLBCL10452	0.00644155935216586	0.9548915975689442	0.024883606680921384	0.005555467868249652	0.008227768529718977
DLBCL_LS1757	0.962079122669919	0.007275095330004996	0.007564304773337375	0.016083949315023868	0.006997527911714785
DLBCL_RICOVER_221	0.003554820362648682	0.005327959915561717	0.007178193266380545	0.005629593271751287	0.9783094331836578
DLBCL_C_D_1118_NULLPAIR	0.016401623887771347	0.9592339254830942	0.008710476052745669	0.007063979145668604	0.008589995430720193
DLBCL_RICOVER_977	0.9438316187189116	0.006375317350953712	0.008587363032472995	0.023593169727947904	0.017612531169713765
DLBCL_RICOVER_451	0.9792307361512056	0.0033147090022219504	0.004813312687516517	0.008168243965571396	0.0044729981934845085
DLBCL10951	0.00944967959620433	0.012401402693430338	0.006028459252405451	0.008741902886425533	0.9633785555715344
DLBCL10535	0.019646441999863064	0.024405241896896905	0.027671899390777955	0.009900953420181454	0.9183754632922806
DLBCL10472	0.017099006314979195	0.016513465240219214	0.8975718288695019	0.05479551644585969	0.014020183129440021
DLBCL_RICOVER_850	0.013629462260540504	0.023796091004923334	0.007478595185049393	0.017828991013479626	0.9372668605360072
DLBCL_RICOVER_1289	0.010161331556231862	0.007444839535094417	0.0062809781238762265	0.014352768544217865	0.9617600822405796
DLBCL11353	0.007224856966413854	0.014002513760664737	0.02136404253944818	0.007589892851746401	0.9498186938817268
DLBCL11673	0.004947624667664733	0.9734958369781692	0.011992549894806982	0.005118579881771994	0.004445408577587106
DLBCL_RICOVER_1248	0.004745180270402147	0.00692856218283816	0.003097237767551232	0.005278742900374037	0.9799502768788344
DLBC_FF_8043_TP_NB	0.010930999882242075	0.9667780788018063	0.011274259561605111	0.004416434189884698	0.006600227564461748
DLBCL_C_D_1125_NULLPAIR	0.0026963337275620674	0.006343923209158365	0.0034099895250742497	0.004009880401548933	0.9835398731366564
DLBCL10883	0.006576592526478275	0.0048859901127396455	0.003956672257172376	0.004167146453038178	0.9804135986505715
DLBCL_LS146	0.004958709952578572	0.9835041620566665	0.005966312617600134	0.0027302995514926157	0.002840515821662234
DLBCL11450	0.004152555705819327	0.00616720568957532	0.003196287405397048	0.005576971270229408	0.9809069799289789
DLBCL10890	0.006263262239911465	0.006104073052438723	0.008549948254359462	0.004904250920863422	0.9741784655324269
DLBCL10534	0.0012962295572013075	0.0015035677628173598	0.0011611971366499547	0.0015315734026945466	0.9945074321406369
DLBCL11188	0.002402162662429051	0.9891427271061145	0.003824536189371383	0.0017736063352720472	0.0028569677068130284
DLBCL_RICOVER_577	0.007891647686777852	0.005855065057219641	0.9728866038087314	0.00882101294550559	0.004545670501765519
DLBCL10862	0.0025919486450136863	0.003172046905920211	0.004542467319133024	0.0035428944967160524	0.9861506426332171
DLBCL10880	0.03161913599537055	0.01143012064380703	0.02428343748842649	0.009498139483750159	0.9231691663886458
DLBCL10530	0.004856466261561271	0.00806356764844658	0.004605775733494677	0.004275214867703397	0.9781989754887941
DLBCL11670	0.007275836607910568	0.011223032372892008	0.9476434815965148	0.023874430726977154	0.009983218695705525
DLBCL11566	0.01023219039734645	0.012970072874390226	0.9572824168401013	0.012785306666498495	0.006730013221663555
DLBCL10465	0.004254631582186194	0.006234421188759496	0.9766339615373437	0.007809607263935966	0.005067378427774656
DLBCL11667	0.004036322476468456	0.004242794553902682	0.9825316410356556	0.005305847787020272	0.003883394146952976
DLBCL_RICOVER_522	0.3029176435298163	0.09306428884030576	0.24575419030191342	0.3450034032766471	0.013260474051317434
DLBCL10968	0.20190303316604605	0.01905352755249052	0.038099646053220866	0.6250649743260928	0.11587881890214989
DLBCL_C_D_1112_NULLPAIR	0.26434517054417517	0.12026347675320043	0.45815170817463086	0.0815408398386238	0.07569880468936978
DLBCL_LS1668	0.08239602918593754	0.2113557804512138	0.30542639808714295	0.3602357446033641	0.04058604767234174
DLBCL10863	0.2582556460151845	0.023988337959346143	0.033597132283278146	0.466959733451641	0.21719915029055015
DLBCL10972	0.25644668211773913	0.06472445289040923	0.08676070121985409	0.10337785208075834	0.4886903116912392
DLBCL_MC_F307_JPS	0.09082959087564048	0.13879486551835843	0.14739181888547043	0.45725426621398313	0.1657294585065475
DLBCL11441	0.27784174335704237	0.019148203425740824	0.06388051264121239	0.25820487669179915	0.38092466388420515
DLBCL11538	0.04495326227087555	0.019681013862296856	0.5630022272775385	0.15371633901754098	0.2186471575717482
DLBCL11480	0.5756414830629211	0.02338306946129732	0.24330316288539297	0.06549930279549307	0.09217298179489558
DLBCL11206	0.046591036955340705	0.31978382736755795	0.19848051862675747	0.01607109329866857	0.41907352375167517
DLBCL11681	0.6234040873851199	0.01679455056586123	0.23132003042482002	0.06724624907445408	0.0612350825497447
DLBCL_RICOVER_773	0.047082528949810555	0.07898538232170976	0.3858168825233592	0.021278863650285428	0.46683634255483497
DLBCL11447	0.09255167965054528	0.022843891735491683	0.03669565385268378	0.5888945833584008	0.25901419140287846
DLBCL10908	0.0471584264490515	0.1160945148330596	0.6184785106699452	0.03491620253011645	0.18335234551782723
DLBCL_RICOVER_506	0.02102132921425846	0.2702652919316184	0.045269579245741626	0.016758072018719698	0.6466857275896618
DLBCL10985	0.13437387855194746	0.5096440827866482	0.04644475559945368	0.2858849044029756	0.02365237865897505
DLBCL10963	0.11525459915969959	0.02585838706594588	0.04730842711749666	0.6589862106973023	0.15259237595955558
DLBCL11205	0.3778536795967733	0.08909012939133952	0.43139195891574295	0.08689277583616736	0.014771456259976804
DLBCL11449	0.08594692390310205	0.20653577735380388	0.02671873562994476	0.047371297842989726	0.6334272652701597
DLBCL10965	0.18164979465778044	0.01709820037305208	0.046173586608662553	0.7202239567297529	0.03485446163075194
DLBCL10969	0.6254217312324065	0.16868033840603286	0.11868070540887295	0.028923420335059263	0.05829380461762844
DLBCL_RICOVER_216	0.10759459434114187	0.06957399894233417	0.6603447331036457	0.06811218975524903	0.09437448385762923
DLBCL10906	0.05692071801309012	0.5260531953534415	0.019601643863613714	0.028097036125658597	0.369327406644196
DLBCL11527	0.07305359961943926	0.029200773813718998	0.04264636157905381	0.7803127818749004	0.07478648311288755
DLBCL_RICOVER_720	0.01931447986661707	0.22212125607345573	0.03196352313097018	0.01418405203670076	0.7124166888922563
DLBCL11486	0.10854202331154401	0.0251430523760246	0.033592280192784055	0.02263003874756417	0.8100926053720832
DLBC_FF_8062_TP_NB	0.10373985463995881	0.034032504652965305	0.14402511424484066	0.6847374383058921	0.03346508815634317
DLBCL_MC_F064AB	0.10770945639531984	0.03631478260526097	0.34312470964762914	0.47322886180208834	0.03962218954970171
DLBCL10451	0.804046708805741	0.02263985060971563	0.12394457317466599	0.03242098557622214	0.016947881833655143
DLBCL11474	0.3743642725617812	0.030114791158997924	0.03566967968631109	0.5064656894270645	0.05338556716584537
DLBCL_LS155	0.08887828537369002	0.016791051793837292	0.3190372758527119	0.5039878981262621	0.07130548885349862
DLBCL_RICOVER_956	0.03292264876261599	0.10113230828666342	0.04841366645164719	0.05020886995016542	0.767322506548908
DLBCL11002	0.21463439274882212	0.03319420770638047	0.07640483875167145	0.65281881066661	0.022947750126515953
DLBCL10925	0.1281425193061433	0.09482353002766868	0.01508144634011929	0.07990433554842691	0.6820481687776419
DLBCL10980	0.018823249443083907	0.08946418583276887	0.1516634057420436	0.0836352827931686	0.656413876188935
DLBCL_LS2590	0.0386912651588886	0.027748481092365718	0.06495904459474955	0.32707469239021786	0.5415265167637783
DLBCL11433	0.08790086193982095	0.02295022578523317	0.07668873775200478	0.285099385267322	0.5273607892556191
DLBCL_MC_F218_RAP	0.08263940062294627	0.030960196108153943	0.07446666903032828	0.7851393005582833	0.026794433680288263
DLBCL_C_D_1133_NULLPAIR	0.05760042841455311	0.03533023535608883	0.8589048366207366	0.038189525037893066	0.009974974570728434
DLBCL10486	0.7109276012009647	0.08784949735384413	0.027929566900587736	0.13874263423256183	0.034550700312041646
DLBCL10934	0.05346514565095457	0.10227083561350452	0.010850474769460886	0.04145782398941988	0.7919557199766601
DLBCL_C_D_1126_NULLPAIR	0.1827012451923946	0.6446176378203716	0.03605763846255253	0.049596643612015275	0.08702683491266604
DLBC_FF_A7CX_TP_NB	0.6452774456003896	0.04776317501959672	0.05227885513522498	0.037457583984023185	0.2172229402607655
DLBCL_LS2154	0.16919529143385392	0.692291779470247	0.06514420525701685	0.05223124225831904	0.021137481580563177
DLBCL_RICOVER_744	0.09880465451293632	0.02193941549745439	0.8402484676139648	0.019895249818515877	0.019112212557128656
DLBCL_C_D_1109_NULLPAIR	0.1141624565173935	0.016644917887879248	0.03236088145363321	0.7987565895253718	0.03807515461572224
DLBCL10539	0.06248282051239002	0.03730543358805697	0.04144624450865124	0.8345847761199472	0.024180725270954596
DLBCL11460	0.046344640839368484	0.024832691566151713	0.033319583935607355	0.8722288657699862	0.023274217888886315
DLBCL11504	0.12734059274453363	0.020030781590559186	0.020615866210955718	0.07165270168564948	0.760360057768302
DLBCL10857	0.030955405388871298	0.011994714359811219	0.012631849054195395	0.0497780927188409	0.8946399384782812
DLBCL_RICOVER_1060	0.15683500052902238	0.6699218978304929	0.045192342182967624	0.0355806240414105	0.09247013541610657
DLBCL_RICOVER_1032	0.009087498123849064	0.033873476555950514	0.008331919967781905	0.010081046795041062	0.9386260585573775
DLBCL_RICOVER_701	0.06960209989039212	0.018321943084187865	0.02914048386856598	0.8505790932324071	0.0323563799244469
DLBCL11512	0.8342566631459616	0.036309676307812996	0.040940419879099466	0.07415665941849477	0.014336581248631148
DLBCL11003	0.06432519501882855	0.6791430241622454	0.027731690074111366	0.027892822794087835	0.20090726795072686
DLBCL_RICOVER_1061	0.07213337387103202	0.014824775990437957	0.04553679889075865	0.8453908095122735	0.02211424173549787
DLBCL_MC_F139_LJF	0.0609601326724174	0.017645998672604905	0.03530934807739373	0.8626778141001284	0.023406706477455526
DLBCL10999	0.015002410621140543	0.026116185637922663	0.054477743230630205	0.11420807853927589	0.7901955819710307
DLBCL10532	0.03003922197947359	0.019479607580502958	0.1271247692394013	0.047899521900748	0.7754568792998742
DLBCL_RICOVER_1165	0.08075119286065993	0.7419781171510021	0.07185364797926812	0.019300037608865436	0.0861170044002044
DLBCL10459	0.006084446985353568	0.016423162467696345	0.9538314717994534	0.013877475140131984	0.009783443607364741
DLBCL10898	0.021636328318389398	0.04731542161991143	0.014679638816190582	0.03498945148110739	0.8813791597644012
DLBCL_C_D_1105_NULLPAIR	0.13240195157798204	0.7916068666937556	0.03066070660009704	0.02189376700954749	0.02343670811861786
DLBCL10482	0.9081259007530105	0.01329793676609883	0.012210547225812989	0.024382109473165322	0.04198350578191237
DLBCL10498	0.024558695874217332	0.013042253845942797	0.9288197209238082	0.02656755923032608	0.007011770125705662
DLBCL_RICOVER_1192	0.004999896568775147	0.009949854443885723	0.006025452902328429	0.004013543877599495	0.9750112522074112
DLBCL11484	0.02720323396042882	0.7967908715187193	0.07750678914963582	0.022038338392157582	0.07646076697905849
DLBCL10957	0.8760998181523173	0.01305984597925101	0.04345172763579508	0.056752885576690025	0.0106357226559466
DLBCL11457	0.9264458992688023	0.005980900864419257	0.018294908220180726	0.03457510196205698	0.014703189684540792
DLBCL11472	0.9254377636842338	0.0062950606533411285	0.013023455397113338	0.04045774061708141	0.014785979648230337
DLBCL10977	0.015962749027850658	0.0071650551074188525	0.011537323349836237	0.010342093552645447	0.9549927789622488
DLBCL10490	0.8478160744257514	0.014692372520461327	0.019015477250131172	0.09144176679450225	0.027034309009153858
DLBCL10780	0.021441778122969556	0.8369547371176569	0.1021737180142855	0.028641956270722423	0.010787810474365651
DLBCL_C_D_1113_NULLPAIR	0.01143663703335904	0.013244589054413452	0.9552060266576241	0.011672850506762459	0.008439896747840889
DLBCL11675	0.03434262506710508	0.01379640811546033	0.792125267176252	0.0549216223668197	0.10481407727436294
DLBCL10523	0.011394489082170752	0.007424738364690856	0.9540563550869575	0.020428577947106997	0.006695839519073823
DLBCL_C_D_1141_NULLPAIR	0.009747150397207202	0.016473019475102317	0.9493234358949115	0.009805614307032464	0.014650779925746468
DLBCL_LS378	0.938518067393564	0.008636199334520029	0.02468322098189359	0.02047548810761226	0.007687024182410106
DLBCL10860	0.002762344785427459	0.004012216845737686	0.005455544447010953	0.003906540599937479	0.9838633533218865
DLBCL11435	0.9205630725770326	0.00802383243119475	0.01084894738477109	0.0411739742433217	0.019390173363679795
DLBCL_RICOVER_712	0.013210182945705475	0.012726725187910091	0.006758947700352161	0.015571743910671282	0.951732400255361
DLBCL_MC_F349_BJJ	0.0050331121300532045	0.007112672554428008	0.9757391469684672	0.006012057177713143	0.006103011169338494
DLBCL_MC_F262_WLC	0.9602648711178544	0.005602426605694975	0.0069964940842920835	0.01740021915876858	0.009735989033389977
DLBCL11526	0.007425442849778864	0.006641562322272656	0.9731928826208972	0.008392150722791081	0.004347961484260166
DLBCL11666	0.004558711758521956	0.005762384908471384	0.9781003142467798	0.007480235916426298	0.004098353169800586
DLBCL_RICOVER_473	0.9395383533245675	0.012772303771974993	0.01626030412458598	0.02364285224185514	0.007786186537016415
DLBCL11458	0.01072466107480591	0.008051434204884356	0.9668196452120289	0.007552554332332008	0.006851705175948819
DLBCL10902	0.007140282241682415	0.010713508014420219	0.009286364567124838	0.0066136791579991935	0.9662461660187733
DLBCL10990	0.0032743347172909036	0.004559739186173558	0.0032182607498331614	0.004064787501223715	0.9848828778454787
DLBCL_LS1098	0.010281173863588318	0.006448737519155042	0.9646088183632593	0.012990138123324824	0.005671132130672513
DLBCL10930	0.01852260105560993	0.008336971033131146	0.009151311810082453	0.010887844733108658	0.9531012713680678
DLBCL10460	0.007649639153940472	0.9601430030358707	0.0199127108260358	0.003893374452563869	0.008401272531589128
DLBCL10502	0.00901894284325635	0.9399879054186148	0.03202504666915922	0.009371593588336077	0.009596511480633603
DLBCL10842	0.008303819447074827	0.005992636975296877	0.009760981909225787	0.015051663521871985	0.9608908981465305
DLBCL_RICOVER_299	0.012784951055049776	0.8352247336870339	0.11963854867729855	0.009655762963412137	0.022696003617205647
DLBCL10901	0.002622147249589437	0.004424118746565606	0.0032137075470107094	0.004208590357736746	0.9855314360990975
DLBCL10889	0.003035985299355291	0.004019420805933111	0.0031798147150946523	0.005405267050879464	0.9843595121287375
DLBCL_RICOVER_1210	0.009474259232884119	0.9121839556015832	0.05258272046731118	0.011138067996730098	0.014620996701491409
DLBCL10458	0.9776487674797961	0.003288390417851976	0.00558134365020892	0.008941700188238366	0.0045397982639046345
DLBCL11000	0.0015634237489824706	0.0021226657384092254	0.0018957822540099773	0.002274136894459782	0.9921439913641386
DLBCL_RICOVER_496	0.011219431242432194	0.9590464691232672	0.014803856809125375	0.007371284791617047	0.007558958033558212
DLBCL10954	0.005263749412020712	0.9791756145442542	0.0066275782844405886	0.004080526426239154	0.004852531333045376
DLBCL_C_D_1131_NULLPAIR	0.004420288488714512	0.9765298417548747	0.010930331590860787	0.002546373262633407	0.0055731649029166315
DLBCL_C_D_1119_NULLPAIR	0.004650562850117541	0.9862580975946281	0.0037987436927402387	0.00178206960797238	0.0035105262545416984
DLBCL10483	0.0032177091932992143	0.9847875732305025	0.006769562510951684	0.001873783492857378	0.003351371572389193
DLBCL_RICOVER_253	0.0020318243168031456	0.9891240565384681	0.004069665141984967	0.001404702052926016	0.00336975194981776
DLBCL10850	0.000520001665273591	0.997459901980056	0.0010799511555495613	0.00037465096281623345	0.0005654942363046126
DLBCL10834	6.045328280095334e-05	0.999734901532327	9.518861426031869e-05	4.062510691717226e-05	6.883146369450587e-05
DLBCL_RICOVER_174	0.0020464945828922265	0.9934813123274969	0.002109645280493313	0.0010490477193080992	0.0013135000898093824
DLBCL11469	0.1824872455188144	0.22774180196452065	0.19877244407751574	0.11834301858983602	0.27265548984931315
DLBCL_MC_F927_JHS	0.18328864767497918	0.2605817452894887	0.21557881387397781	0.1198740285979612	0.22067676456359303
DLBC_FF_A7CW_TP_NB	0.033371210602647326	0.03640178226206517	0.280283805728837	0.20557955193997732	0.4443636494664733
DLBCL11467	0.07547584156603468	0.08534549204184928	0.13212748135619065	0.379584543944307	0.3274666410916183
DLBCL10488	0.2987056219608236	0.12777905331808861	0.4375918099158194	0.1249835100538019	0.010940004751466472
DLBCL11676	0.590782337535766	0.03362175475504408	0.13909701198281496	0.22215104301380023	0.01434785271257476
DLBCL_LS2367	0.5998229888629688	0.10208392724173791	0.02791304927094965	0.17026724893531425	0.09991278568902931
DLBCL10450	0.5366429461447959	0.09654148285179374	0.014915817889184991	0.12967228173649717	0.22222747137772822
DLBCL11483	0.08301563556959238	0.3158698326373116	0.1036325829315198	0.05156467438267648	0.44591727447889973
DLBCL_LS4593	0.047131434887938944	0.1636829346107766	0.6111337495765341	0.14042268172030697	0.03762919920444327
DLBCL_RICOVER_320	0.11354855181813557	0.07168710160864593	0.6497000430141566	0.06905548487887778	0.09600881868018411
DLBCL10548	0.5369808287265504	0.22143161512415044	0.02559985655333591	0.15799359100203667	0.05799410859392655
DLBCL11683	0.09595655294114643	0.030271030847385576	0.6408045524012912	0.21020673260887074	0.022761131201306035
DLBCL11664	0.1714673583917494	0.6942677925630228	0.04835570569274912	0.06746096785943706	0.018448175493041542
DLBCL10454	0.14782029242837053	0.318868628242716	0.1064138924594232	0.018032131104976538	0.4088650557645136
DLBCL10487	0.02374474768118036	0.7969720757585361	0.044548360437488825	0.07583121049855596	0.05890360562423876
DLBCL11473	0.25461388183486444	0.0742576825856115	0.05838910019830508	0.5292991716638049	0.08344016371741407
