	0	1	2	3	4
DLBCL10536	0.1958061677710639	0.3283947011469463	0.17303753731255858	0.23317641107894807	0.06958518269048308
DLBCL10513	0.19443599698622693	0.20959692123063065	0.22694587596196622	0.3019118624561338	0.0671093433650424
DLBCL10914	0.15764656694745083	0.36922559214891804	0.13108205373302903	0.19103643065350656	0.15100935651709546
DLBCL_MAYO_DLBCL_3653	0.3777125751016595	0.05885044617426416	0.182909479197253	0.2231462404211358	0.15738125910568754
DLBCL_RICOVER_950	0.3736037044869015	0.07718535309187603	0.1948601689030412	0.23101861268292528	0.12333216083525612
DLBCL_RICOVER_111	0.29817286155305167	0.07066474766426284	0.20771491217429133	0.21592878837367638	0.2075186902347177
DLBCL10544	0.12416319169378526	0.0961390264836758	0.17676604468664459	0.16410561766237164	0.4388261194735226
DLBCL10456	0.2967818789204456	0.06340104838201291	0.22359724762498118	0.2162299362683983	0.19998988880416183
DLBCL10858	0.183046938279427	0.04518588634210849	0.1316413856929058	0.15813816376072917	0.48198762592482963
DLBCL11431	0.18349604470486375	0.04857066753215166	0.13605540990740567	0.15650165061604263	0.4753762272395363
DFCIDL004_DT	0.17870007988758052	0.04770479399768999	0.13653541783736053	0.1537287423333035	0.4833309659440655
DLBCL_C_D_PAIR13	0.1828576305635958	0.04681989670766723	0.1371910527732418	0.1631688087692773	0.46996261118621785
DLBCL11462	0.18005880981155764	0.056262691781878746	0.13076555254227365	0.16065622212417888	0.4722567237401111
DLBCL11534	0.3799125498675688	0.04675905517076935	0.18505204306039874	0.2239839249335176	0.16429242696774557
DLBCL11564	0.16714279177237062	0.4165219658743108	0.14280424077349924	0.19530235642948607	0.07822864515033319
DLBCL11479	0.10715771091228912	0.46475151807342735	0.09397888803545255	0.14097905160291133	0.19313283137591963
DLBCL10986	0.22937702739943747	0.3986330729428252	0.0914560579445968	0.1878672184187602	0.09266662329438047
DLBCL10997	0.14952603333696016	0.3976794437637636	0.12314100785197131	0.18217944024319993	0.14747407480410485
DLBCL11459	0.5312672758259659	0.03627826951505844	0.1534814438460864	0.19991448930123365	0.07905852151165566
DLBCL_LS951	0.19951422577635944	0.13596930338009033	0.36990804330185256	0.24342737789171748	0.05118104964998014
DLBCL_RICOVER_478	0.043177354635339275	0.5194314211473632	0.06786411131153514	0.07893786093106467	0.2905892519746977
DLBCL11481	0.18354944713517715	0.03352730627867908	0.25043242526420556	0.19155705287345381	0.34093376844848444
DLBCL10874	0.04218095691584798	0.6139311304389732	0.04476098961637889	0.06717865398559546	0.23194826904320454
DLBCL_C_D_1148_NULLPAIR	0.2672377009714228	0.012702149974340266	0.5387157430366364	0.16000499507266336	0.021339410944937198
DLBCL10866	0.054696319229233424	0.30412908567312297	0.08115490380625351	0.09387930617556407	0.466140385115826
DLBCL_MC_F729_MAN	0.04904196552851083	0.5320633473207711	0.034378213718260366	0.06646617869513394	0.31805029473732377
DLBCL11491	0.0644495997788831	0.18361544371458852	0.09977300386399936	0.10082138320979063	0.5513405694327383
DLBCL10547	0.06781122754235779	0.7006074588587029	0.07934556878521563	0.10557926789273958	0.04665647692098407
DLBCL_RICOVER_985	0.1887529955372696	0.09540145482306038	0.4328870481846347	0.23175991826536435	0.05119858318967104
DLBCL10894	0.14430616914482253	0.6517824457073813	0.039353252671663855	0.10194838840307086	0.06260974407306144
DLBCL10868	0.08668140586360348	0.5775976615006901	0.08637397687453387	0.12071377043122165	0.12863318532995083
DLBCL_LS2325	0.04205284175041861	0.24639769869832337	0.5321104759771983	0.12216590503528979	0.05727307853877004
DLBCL_RICOVER_1045	0.07478026883433353	0.24909656391072232	0.05634915085866019	0.09522639293079799	0.5245476234654859
DLBCL10915	0.054861701021678165	0.5592565581742605	0.07276797878869358	0.09722635109249889	0.21588741092286887
DLBCL11661	0.06356294143219687	0.636865204010547	0.12125890310808092	0.11781655185654978	0.06049639959262542
DLBCL_RICOVER_711	0.5262206130774838	0.2062913155623344	0.0627518348773231	0.16617208243610204	0.03856415404675664
DLBCL10491	0.054070428796596584	0.6673046625361103	0.10993384782022954	0.1039816680019876	0.064709392845076
DLBCL_LS1921	0.041062599037594724	0.7368132871878087	0.09624686596095756	0.08462382979912246	0.04125341801451649
DLBCL10835	0.03285133438460159	0.654337708150769	0.0375688027479677	0.057742989949244976	0.2174991647674168
DLBCL_RICOVER_1287	0.0638239494128703	0.1521773789121228	0.056716651958318404	0.08267539303794383	0.6446066266787447
DLBCL10833	0.4957952584866363	0.08454779167732095	0.054783581465877924	0.12291038760966846	0.24196298076049633
DLBCL_RICOVER_787	0.08602519573786775	0.674833952464194	0.06959465801903919	0.11534130423987618	0.05420488953902292
DLBCL11507	0.04807971213330146	0.8174638529300973	0.033613226003889655	0.06012058948962728	0.04072261944308441
DLBCL11652	0.052590705826965005	0.10480836288637638	0.04368458443236817	0.06369575247049643	0.7352205943837941
DLBCL_BWH_DLBCL64	0.6775880086721509	0.08570463098942767	0.05767633544071096	0.15272568301329453	0.02630534188441597
DLBCL_C_D_1108_NULLPAIR	0.027477444728948117	0.7284030870118586	0.026391539309134505	0.04446725483395225	0.17326067411610652
DLBCL10555	0.02878245158085758	0.0380231316948098	0.8383836097170659	0.08079264027808575	0.014018166729180928
DLBCL10992	0.02282642713532538	0.020790105851673697	0.03788020163947921	0.030617785116137837	0.8878854802573839
DLBCL_RICOVER_440	0.04494741738480431	0.23874153222993927	0.543159976532965	0.12055798062435241	0.05259309322793892
DLBCL10891	0.03890027153330489	0.03552936148826135	0.02974370420672987	0.04038541973982456	0.8554412430318793
DLBCL_RICOVER_1046	0.022177504518756535	0.10423321783329592	0.7318710652711452	0.08207121457061084	0.05964699780619151
DLBCL10879	0.021831558708503167	0.029831583409811936	0.8714900864399082	0.06119646140574625	0.015650310036030464
DLBCL10887	0.02712852173983474	0.05006053877474058	0.038745444203721606	0.04063848584511896	0.8434270094365841
DLBCL10878	0.0357630127290665	0.025779273618592925	0.02747783137327581	0.03705665195593028	0.8739232303231345
DLBCL_MC_F500_ECU	0.06395258493333678	0.7041101829978357	0.05570204614146437	0.09335277128745192	0.0828824146399112
DLBCL10529	0.021635569922392923	0.1232253153322275	0.02008319106834336	0.03261345446341568	0.8024424692136205
DLBCL10853	0.05837633054159296	0.0484601829299118	0.021536721620285873	0.044237483066700216	0.8273892818415092
DLBCL_MC_F606_DMJ	0.017093271111903247	0.031204508667631782	0.8810881367310971	0.05541615811948262	0.015197925369885231
DLBCL10494	0.02941355220708108	0.8266889856254132	0.04201480928107043	0.05445309152961068	0.0474295613568247
DLBCL10846	0.7279466693414739	0.07947886392546373	0.02547783309343578	0.10670975174069415	0.06038688189893243
DLBCL11558	0.013544957837351436	0.013298455348673752	0.9308158853716331	0.035949032460799696	0.006391668981541994
DLBCL_C_D_1129_NULLPAIR	0.7682512445288088	0.03294833242315698	0.04161342433506367	0.10284532286601492	0.05434167584695568
DLBCL10515	0.762236992096394	0.025314642607191802	0.018793544678009973	0.08061954034878395	0.11303528026962027
DLBCL_LS3749	0.023264338363252004	0.8766993269172063	0.027507852363866436	0.04210414108223846	0.03042434127343672
DLBCL10510	0.02388695181659815	0.8599041104555145	0.023975827117888957	0.039682260023773896	0.05255085058622447
DLBCL_RICOVER_449	0.8007982253329712	0.024467378736337017	0.01832200169449002	0.07453158822612817	0.0818808060100736
DLBCL10867	0.02664645591499705	0.8532570216438982	0.03090800598327915	0.04539333210654171	0.04379518435128392
DLBCL_LS1304	0.009901418347000725	0.005478158698303294	0.9439030459192082	0.02530579211716269	0.015411584918325137
DLBCL_LS1395	0.012022071120831859	0.016964044600639046	0.9224292435476531	0.038904397224948144	0.0096802435059279
DLBCL10945	0.7729428347445794	0.03529198747762411	0.019892774171011353	0.0841913343000447	0.08768106930674051
DLBCL_MC_F815_BAT	0.013716765612347389	0.030203063730233945	0.8928905842084028	0.049661664386617746	0.01352792206239814
DLBCL_C_D_1159_NULLPAIR	0.8637483171495861	0.008206866845472437	0.029029532462075458	0.07522171688816891	0.02379356665469707
DLBCL10981	0.03416985541736744	0.8228490101117563	0.0385846208614305	0.06063107089202719	0.043765442717418605
DLBCL10911	0.03931500761918052	0.8202616552406469	0.031034455194491488	0.05711781753008067	0.0522710644156005
DLBCL_DFCI_DLBCL_GOE16	0.011377423127226526	0.004503162493763382	0.952320740304537	0.02556239183262784	0.006236282241845275
DLBCL11685	0.010881233625065332	0.004570640163658325	0.9524077544102406	0.026007969206640863	0.006132402594394833
DLBCL10466	0.004667080128993113	0.0049845802561361945	0.9719964105247099	0.015261835300145141	0.003090093790015724
DLBCL11520	0.8358965362122827	0.01354739006840944	0.01713894543511269	0.06659205444306056	0.06682507384113467
DLBCL11672	0.008286105694387577	0.00562225086584417	0.9537176752756924	0.023577141818969454	0.008796826345106408
DLBCL_LS1065	0.02582995203615924	0.865140016931415	0.026844251929627663	0.043063191986647896	0.03912258711615023
DLBCL11428	0.0120560962743859	0.013013144027574584	0.9323931236098959	0.034937525690464405	0.007600110397679252
DLBC_FF_8046_TP_NB	0.004990683270622991	0.002340094977715372	0.9747374504742723	0.013150151629698134	0.0047816196476911715
DLBCL10836	0.018839274986416903	0.022624215720254824	0.015988479610360953	0.021179808410495098	0.9213682212724722
DLBCL_RICOVER_829	0.7769249253292276	0.06440961358581448	0.02132294738657391	0.09561241189686907	0.041730101801514916
DLBCL10521	0.013702366101695684	0.06377881210918779	0.009958816749334909	0.018329307983645807	0.8942306970561358
DLBCL11680	0.0018492445835159067	0.000939511994871418	0.9909507003416355	0.0049102443792728295	0.001350298700704387
DLBCL11662	0.8428472301473852	0.018907736038908815	0.024150901676842595	0.07584279034102522	0.038251341795838216
DLBCL_C_D_1130_NULLPAIR	0.8223644084769142	0.031264218682271416	0.015610280980315576	0.07232565663399892	0.0584354352264999
DLBCL11565	0.01678679717978486	0.9038911154247371	0.019945174362481936	0.030131489306610155	0.02924542372638599
DLBCL_LS297	0.0024489782448843577	0.0018995412331942983	0.9864975622424568	0.007289145158112264	0.0018647731213523259
DLBCL_MC_F089_HCZ	0.017614787398533276	0.8987764071674953	0.02094001948183022	0.0318924338266827	0.030776352125458463
DLBCL10912	0.8772708350853687	0.018867752540973212	0.01848982371922654	0.07050887380886088	0.014862714845570623
DLBCL10461	0.01579401746052628	0.8943615767893028	0.018070019390291143	0.028596605371821654	0.04317778098805804
DLBCL_C_D_1136_NULLPAIR	0.020095833934293563	0.8985785696018899	0.019920578247716553	0.033004882872313485	0.02840013534378652
DLBCL_RICOVER_417	0.010449126801776494	0.0188814647765108	0.01041771049501235	0.01345886335662727	0.9467928345700731
DLBCL11203	0.016670634442208378	0.8905817581429545	0.020411915408127587	0.030779642751435226	0.04155604925527437
DLBC_FF_A7CQ_TP_NB	0.010035363456947919	0.015721384401347543	0.007536919609565332	0.011033875809823885	0.9556724567223154
DLBCL10950	0.8617450325105257	0.025918687054479396	0.014649563122104674	0.06672767686674455	0.03095904044614568
DLBCL10983	0.014849629008866523	0.9125882828622036	0.016486159666853805	0.025698165522894886	0.03037776293918111
DLBCL11539	0.918784930246959	0.006405984413487016	0.014524401767833069	0.04583814153011204	0.014446542041608909
DLBCL10900	0.011149400118052643	0.034081725892258205	0.010346829336492851	0.015151436569461663	0.9292706080837346
DLBCL10550	0.010881426733915917	0.025616999493153644	0.007616198583289219	0.013017139741519296	0.9428682354481219
DLBCL11429	0.9211845593565049	0.006984663292451348	0.013673182598843283	0.043624158146273725	0.014533436605926769
DLBCL11461	0.9136233204305438	0.010292017970494123	0.014598154483358293	0.0487070440297393	0.01277946308586442
DLBCL_C_D_1163_NULLPAIR	0.004274898709103861	0.00747468301341384	0.003807816620390338	0.005043501947102308	0.9793990997099896
DLBCL11476	0.0033559348864319045	0.004952643802324308	0.0026529558260381687	0.0037042746645148806	0.9853341908206907
DLBCL11537	0.933099778549101	0.007466908924475811	0.010882447359905312	0.03862037477130587	0.009930490395212035
DLBCL_C_D_1114_NULLPAIR	0.9294639993241586	0.007808211895535575	0.00998977588496643	0.040736076025121346	0.012001936870218052
DLBCL_MC_F519_ALT	0.003682399906655161	0.008173806439885875	0.0029543554324614864	0.004522538209910441	0.980666900011087
DLBCL_LS3200	0.005274473719762522	0.016169144264162487	0.006369025744610078	0.007667979401468435	0.9645193768699964
DLBCL10847	0.00046649882934703883	0.0009020400054375885	0.00036815903547460026	0.0005490479427009611	0.9977142541870399
DLBCL10856	0.18333782678710348	0.4396174577834571	0.10050992527550877	0.18021652276133893	0.09631826739259171
DLBCL11673	0.13616272734428483	0.4239446754753946	0.16748399807645978	0.19241133472651858	0.07999726437734217
DLBCL11590	0.20288096712355352	0.16140825526718094	0.13797993956689533	0.2076140842364952	0.29011675380587504
DLBCL11430	0.11924420942971464	0.2016540876914748	0.18813091883055846	0.18520471066638827	0.30576607338186396
DLBCL_RICOVER_978	0.09302565180514752	0.5509292484959827	0.12079003917804755	0.14297972979373264	0.09227533072708957
DLBCL11202	0.10152457557686434	0.5169539454896789	0.15598824564779498	0.1638885226723801	0.06164471061328172
DLBCL_RICOVER_1289	0.19938179019111935	0.11901255393688172	0.13765968930995823	0.19018916362475038	0.3537568029372902
DLBCL_LS2357	0.3819730749670984	0.04711673656621806	0.1878545851727277	0.21918679734523897	0.1638688059487169
DLBCL10936	0.3596615705883526	0.08015599366580911	0.1941486617060166	0.23668551870403387	0.12934825533578784
DLBCL10974	0.3644706537517972	0.07695849369228044	0.1953452576429211	0.23748186882434316	0.12574372608865786
DLBCL11658	0.3710276088585906	0.09169114402930689	0.1831203672018037	0.23490933354111496	0.11925154636918392
DLBCL_RICOVER_451	0.21834497851914048	0.13607640679952498	0.20074085788211732	0.2951293878237337	0.14970836897548365
DLBCL11576	0.1422974705913019	0.4957655326513499	0.11014486365176115	0.16791877983475503	0.08387335327083197
DLBCL11528	0.0878994198695777	0.48609964004368106	0.1486481519055281	0.15617595180552846	0.12117683637568474
DLBCL_RICOVER_408	0.04608691740775037	0.7327049066250196	0.07953405536797013	0.09150128972326353	0.05017283087599631
DLBCL11436	0.09153899045594097	0.3836199483948981	0.12051802806179802	0.14588833686170927	0.2584346962256537
DLBCL10910	0.1807309187407845	0.08798965571839147	0.16869390178949356	0.18924808481837974	0.3733374389329508
DLBCL_LS4054	0.106700222	0.5321056232674571	0.09103431880776676	0.14140819164526744	0.1287516442795087
DLBCL_DFCI_DLBCL_GOE07	0.07571634432066542	0.5951266650471844	0.045213812973426325	0.08922921644949208	0.19471396120923185
DLBCL11519	0.12072226712874169	0.5424866690326217	0.10660573862838243	0.15078294552611438	0.07940237968413986
DLBCL_RICOVER_1278	0.08029089002597473	0.43640111523397546	0.12179537430428322	0.13529904602406212	0.22621357441170456
DLBCL10512	0.05847539342614947	0.1483672079371426	0.39195762087944586	0.13684206386763909	0.2643577138896231
DLBCL_RICOVER_850	0.08525305856523337	0.6429149075195438	0.08459258222520315	0.12153031248740148	0.06570913920261821
DLBCL10994	0.20174841509694683	0.062236856549134016	0.40836831388034195	0.24988087614690138	0.07776553832667585
DLBCL11515	0.08758824344653232	0.45613000987896957	0.20733478694812096	0.15858002408398209	0.09036693564239497
DLBCL_RICOVER_274	0.0716998316460606	0.681031316998172	0.07861236504969135	0.10774048868418327	0.06091599762189275
DLBCL11671	0.4614380735191741	0.05698654290165819	0.17872568981432616	0.22848933034221403	0.07436036342262749
DLBCL11204	0.10381209798003398	0.6475100411648435	0.0586420556936207	0.11567687354237902	0.0743589316191229
DLBCL_RICOVER_910	0.5210871035581167	0.05230674029541297	0.10925045250993042	0.1935369929431691	0.1238187106933708
DLBCL10903	0.05727241692309955	0.6704983073126893	0.07456697131374936	0.09865773666707137	0.09900456778339037
DLBCL10871	0.07744869230103829	0.2619112794605766	0.07113881349703592	0.104735543967059	0.4847656707742902
DLBCL10852	0.0802063361535666	0.4855823364042779	0.05151705677728312	0.09705320392256296	0.2856410667423094
DLBCL_LS3499	0.16618279440912592	0.1689695577628356	0.3778519171956558	0.23567597930355175	0.05131975132883077
DLBCL10549	0.034106576187365914	0.741792143477272	0.08508857241910961	0.07923856210703976	0.05977414580921269
DLBCL10472	0.1471505996584337	0.0730541384764552	0.4613911241500526	0.2288035978065868	0.0896005399084716
DLBCL_C_D_1118_NULLPAIR	0.4491692758547474	0.2809159083030878	0.0586023563876667	0.16464466261819866	0.04666779683629938
DLBCL10962	0.08951286687966743	0.292188447379124	0.07943310743538444	0.11350611084362547	0.4253594674621987
DLBCL_LS3245	0.02761662907029236	0.8103780241764389	0.061779588972087504	0.05785929595881817	0.042366461822363
DLBCL10909	0.08616681241500253	0.05040605166079296	0.0790003646615301	0.09118563017116665	0.6932411410915078
DLBC_FF_8042_TP_NB	0.019410536750947803	0.03930309190918406	0.07157920518653908	0.036629050291752424	0.8330781158615767
DLBCL11667	0.08216504008952129	0.15365285645504478	0.521190193758899	0.17929902183116828	0.06369288786536666
DLBCL_C_D_1144_NULLPAIR	0.09498814485684029	0.0804776152337509	0.07252326918976724	0.1010348995509002	0.6509760711687413
DLBCL11188	0.042188895231397155	0.7838347776160899	0.040405874987050915	0.06646827066360445	0.06710218150185755
DLBCL_LS2208	0.0481639238697792	0.07201358314479488	0.09641779679865109	0.07766101459414511	0.7057436815926297
DLBCL_DFCI_DLBCL_GOE05	0.07293272369479027	0.2785558838841148	0.06373583899266792	0.09684639400237778	0.4879291594260492
DLBCL10922	0.04121607115211468	0.7827836400476972	0.041464135612959654	0.06619851871822667	0.06833763446900183
DLBCL10844	0.08776926271291817	0.1635921256051729	0.04341882586651848	0.08649020992644453	0.618729575888946
DLBCL_RICOVER_945	0.061330216283467714	0.7258988019257273	0.059988593654881385	0.09080799726385068	0.06197439087207286
DLBCL_LS762	0.08404043896942474	0.03815408352862846	0.06271176728839742	0.07989961449353902	0.7351940957200104
DLBCL11456	0.08050091966569774	0.6927329213422604	0.0653354311546069	0.10921840503143389	0.05221232280600106
DLBCL10530	0.029572157203051314	0.26519590405043514	0.02884250529069	0.046947381288381114	0.6294420521674424
DLBCL10452	0.026129174700258807	0.7802303139072111	0.028691987810853224	0.046045230343491894	0.11890329323818503
DLBCL10495	0.7462353610122016	0.04215634440834806	0.019672321964046675	0.08369321875848273	0.10824275385692095
DLBCL10535	0.06195679253347787	0.1162118173093116	0.05277297966302884	0.07599225381304506	0.6930661566811367
DLBCL10553	0.04155108839020666	0.7645939627796685	0.06470628695505737	0.07734185573417524	0.051806806140892225
DLBCL10921	0.040849805414293214	0.25622902933030417	0.0394003814162134	0.06145183940778363	0.6020689444314056
DLBCL10883	0.0545258039029649	0.11277593439562202	0.05044064667107251	0.071508590436951	0.7107490245933896
DLBC_FF_8043_TP_NB	0.037775426318122	0.79692147201667	0.039977183375187825	0.06227842251508596	0.06304749577493424
DLBCL10935	0.7839054885294611	0.0337336343538745	0.01725612715511281	0.07905245059241656	0.08605229936913503
DLBCL10552	0.7911218503941619	0.03197202648424578	0.04393324010585865	0.10687551168282271	0.026097371332910912
DLBCL10782	0.13904311995865778	0.646390858087691	0.054984544532514515	0.11596131131815998	0.04362016610297677
DLBCL_LS2245	0.06511811870416884	0.7091252792280262	0.08698075401523829	0.09075654667945111	0.048019301373115615
DLBCL11450	0.02842949995703859	0.1889812671125966	0.02511703611360624	0.041793667752923744	0.7156785290638348
DLBCL_LS2089	0.026187239724292575	0.7906693292345546	0.030513127045406124	0.04519339517892224	0.10743690881682444
DLBCL10503	0.0431974849636165	0.1343118887937609	0.0372461442484359	0.05873873277620214	0.7265057492179846
DLBCL10517	0.04097881855652257	0.7832789869683946	0.05419159318683573	0.07184428167294808	0.04970631961529901
DLBCL_LS146	0.021802201505762835	0.85628020005021	0.027285598766529775	0.04135659679391036	0.05327540288358706
DLBCL_RICOVER_577	0.028258727297235182	0.05046289788993979	0.07079973612464886	0.050628126053178284	0.7998505126349978
DLBCL10895	0.023244540147185987	0.11666773012466541	0.03525620772136665	0.040433543201027544	0.7843979788057543
DLBCL11353	0.025777705336994992	0.15265272985703296	0.020179841755615918	0.03510765076257507	0.766282072287781
DLBCL10525	0.8141927799424263	0.009213670249021992	0.029003085925589867	0.07887169647218155	0.06871876741078027
DLBCL_LS2599	0.06876822278741254	0.16047570037700776	0.5841987212846877	0.15207951345036216	0.03447784210052977
DLBCL_RICOVER_533	0.024749374179014103	0.869786904845629	0.02849305931936811	0.04327178707589151	0.03369887458009727
DLBCL_RICOVER_467	0.012773590008831107	0.06658033494111512	0.011650414244126966	0.0177709425272418	0.891224718278685
DLBCL_RICOVER_1106	0.02210841145203134	0.12139030200803796	0.017708758096919755	0.030877505462442188	0.8079150229805687
DLBCL11500	0.0319346765666454	0.07176185197181016	0.026081499102184394	0.03941045442649401	0.8308115179328661
DLBCL_C_D_1117_NULLPAIR	0.03641950540121955	0.8029252182129702	0.050804666477844665	0.06481556006585426	0.04503504984211132
DLBCL_LS1757	0.7617292504466285	0.07007021974116445	0.027667199118733825	0.1130868376722732	0.027446493021199957
DLBCL_RICOVER_1018	0.015464478016152534	0.8992765589879858	0.02168449813308004	0.029857248342030653	0.033717216520751
DLBCL10885	0.019269499376954064	0.8936692887395286	0.019892561395109625	0.031583929623158286	0.03558472086524951
DLBCL11478	0.8835559786842214	0.008122082144723554	0.021009022179718513	0.06256534746750773	0.024747569523828766
DLBCL10927	0.8935626127926322	0.013014440290259402	0.017321819157139536	0.06005952216757017	0.01604160559239876
DLBCL10890	0.03245668543902076	0.12355534508954398	0.019022193079687433	0.03837905815790856	0.7865867182338393
DLBCL11488	0.9007006978196608	0.007659772851552379	0.013832897748399223	0.049507565340083784	0.02829906624030386
DLBCL11437	0.906635824787823	0.007189852724163723	0.012032068444424332	0.045196359864078405	0.0289458941795105
DLBCL10884	0.8996067464426649	0.01250593806304782	0.014954428973008662	0.05286636809465586	0.020066518426622774
DLBCL10880	0.011296937203037531	0.010040819635496202	0.012717032363257086	0.013783319046529737	0.9521618917516794
DLBCL11496	0.8971022820692279	0.015353383244021307	0.014132040243829564	0.05493589891598615	0.018476395526935026
DLBCL_C_D_1128_NULLPAIR	0.9050318010260875	0.008750790443565224	0.01329771731597381	0.04938042026067342	0.02353927095370007
DLBCL11536	0.02298528069146073	0.8795737207647545	0.02607878070713918	0.0389241430649462	0.03243807477169939
DLBCL11195	0.017234229040999825	0.061879665323569186	0.012844408404602986	0.02221714845753326	0.8858245487732948
DLBCL_RICOVER_314	0.041168629336086046	0.06286902731158142	0.02743970636799941	0.04439303741033895	0.8241295995739942
DLBCL11656	0.03089315767760594	0.008025305456657457	0.8767602248387119	0.0586206258978435	0.02570068612918123
DLBCL_C_D_1156_NULLPAIR	0.9154706251136382	0.006743690057856293	0.014178864259383826	0.04726729857525007	0.016339521993871602
DLBCL_RICOVER_977	0.9198431436876836	0.006177859234754559	0.01330526195172386	0.04515886274607323	0.0155148723797647
DLBCL10931	0.9130504855363193	0.006687468886480222	0.015706341937049898	0.04792043814371354	0.016635265496437002
DLBCL10993	0.919940735744424	0.00737460821533938	0.013368464726950328	0.04643264411438612	0.012883547198900131
DLBCL_C_D_1125_NULLPAIR	0.011677014372960325	0.047384686597534684	0.009637778933101518	0.015075932099827254	0.9162245879965762
DLBCL10781	0.012306525192494405	0.03854224240223526	0.014164265969621215	0.018146586306400626	0.9168403801292485
DLBCL10534	0.009061214042871503	0.019508647538352405	0.009506286418889799	0.011652126549852468	0.9502717254500338
DLBCL11470	0.9125701150818919	0.0075232021225857615	0.016049909487574485	0.05231696467570923	0.011539808632238616
DLBCL10564	0.0469365502076458	0.15904981471578677	0.6360290558266725	0.12458978805134284	0.03339479119855219
DLBCL11670	0.020508110135917752	0.0479281831273165	0.8295859099110453	0.0688758810354678	0.033101915790252685
DLBCL_RICOVER_221	0.0034013066449347738	0.008206044030036693	0.0032726558132494987	0.004570299588676804	0.9805496939231022
DLBCL_RICOVER_1248	0.030004781688297424	0.06134052590537308	0.009006885485912879	0.023174800345449158	0.8764730065749675
DLBCL10862	0.005223727516325417	0.009406717002341533	0.004406311216139542	0.006387451178234729	0.9745757930869587
DLBCL10951	0.003233656177273886	0.008189790540120897	0.002633934084390011	0.003924048284420401	0.9820185709137949
DLBCL11566	0.015336721086765901	0.0388339712638072	0.8697502704728294	0.05417346926996339	0.021905567906634102
DLBCL10565	0.006060206980062144	0.0065285190151968785	0.963169295648066	0.018339132680346298	0.005902845676328659
DLBCL_LS4616	0.013027180670187596	0.02846276759488494	0.9006873468916291	0.04434524540552376	0.013477459437774614
DLBCL10465	0.006308927142667542	0.009127448690532551	0.9561042283644088	0.02190859249143793	0.006550803310953221
DLBCL11435	0.19534410158818868	0.16242067702631963	0.1479403526744286	0.20887213147582925	0.28542273723523387
DLBCL10523	0.1266333358588181	0.13733635381374193	0.4729718171351715	0.2255456819192778	0.0375128112729907
DLBC_FF_A7CX_TP_NB	0.32036199636940815	0.19572226075406113	0.1606587565820296	0.23397433283233982	0.08928265346216142
DLBCL11504	0.1903826433203156	0.18621977545469123	0.1435009360128508	0.1986035042042062	0.281293141007936
DLBCL10908	0.19649064774557384	0.07748458242960622	0.14449969446014832	0.18302205743340721	0.3985030179312645
DLBCL10863	0.1816020436464469	0.1142226609830164	0.42056482290310704	0.2242589962155061	0.05935147625192367
DLBCL10957	0.21664419570369103	0.0926604214653858	0.3793920788190981	0.2422237013743979	0.06907960263742723
DLBCL_C_D_1109_NULLPAIR	0.2235441382738316	0.0725411787515747	0.37767606025373024	0.25026795193327117	0.07597067078759215
DLBCL_LS2154	0.2315526683574264	0.1936140256312399	0.183642707440791	0.3074528083539661	0.0837377902165766
DLBCL10490	0.12806961638379138	0.24544666460970097	0.08808772791923013	0.14345430033913825	0.3949416907481392
DLBCL_C_D_1113_NULLPAIR	0.22937673744956116	0.1013964665232694	0.34652551241626744	0.25465568167411007	0.06804560193679184
DLBCL_LS2590	0.11806105404495755	0.2129897266576886	0.10208775215538929	0.13938356478049274	0.42747790236147193
DLBCL_RICOVER_496	0.13309493819849236	0.35000616031182413	0.2527232879737683	0.21018223519650786	0.05399337831940751
DLBCL11457	0.49932669249965655	0.07815877787815788	0.10639639311356863	0.2049374360592978	0.1111807004493192
DLBCL_RICOVER_1061	0.2617614289607705	0.03753308436434047	0.3742364332937196	0.2255155528144135	0.10095350056675606
DLBCL10889	0.3667852050585411	0.0935989565288731	0.18769086879482547	0.23807107302240446	0.11385389659535593
DLBCL11002	0.3752231110994667	0.058872236592623764	0.26864528278957317	0.25194479483665605	0.045314574681680264
DLBCL_C_D_1112_NULLPAIR	0.1538612857656301	0.319746993100881	0.13925494739015265	0.18491314423099472	0.20222362951234163
DLBCL11433	0.342914271647233	0.12578997602693442	0.192626467196205	0.23819247044599395	0.10047681468363374
DLBCL10857	0.1522124964260616	0.13232305815608242	0.10458590698782778	0.1513359381167488	0.4595426003132795
DLBCL11472	0.3678957584400455	0.05047403381620302	0.19504016617537145	0.22350004468182877	0.1630899968865513
DLBCL11441	0.38390364067496363	0.0525481135359637	0.1836831755353423	0.21517589156712438	0.16468917868660582
DLBC_FF_8062_TP_NB	0.37869220094004874	0.04705969289967457	0.19301904113882445	0.217054587288786	0.16417447773266636
DLBCL11538	0.3828095697730973	0.04608361878545642	0.18883918745387232	0.22069322848664097	0.16157439550093297
DLBCL11449	0.11329161967000995	0.42385547406456126	0.05950384829837171	0.11613873573887806	0.28721032222817905
DLBCL11512	0.5385620699106705	0.21961700794063843	0.04451910147333136	0.1527407314450248	0.044561089230334985
DLBCL_RICOVER_720	0.10275663043703354	0.5060320855430892	0.026637467554337404	0.07688467873980184	0.28768913772573806
DLBCL10482	0.10591278419868692	0.24330960046278	0.09525852213531466	0.13847793519655094	0.41704115800666747
DLBCL10532	0.153483565113867	0.38161747652495687	0.1422130496590735	0.19222600116543684	0.13045990753666578
DLBCL11447	0.1448162160730354	0.3424401523435313	0.17481101249744416	0.1964075346613067	0.14152508442468248
DLBCL11681	0.5241031463296614	0.049932648331830524	0.10801796325271912	0.1963011617281377	0.12164508035765131
DLBCL11460	0.13599926035027576	0.43854254671832754	0.17857818734767963	0.1892566546876823	0.057623350896034764
DLBCL_LS1668	0.03429682707946452	0.20548951911154698	0.5998112989154936	0.10643102006959361	0.05397133482390139
DLBCL10780	0.04301621625963985	0.24165741502618207	0.5400783265600183	0.12622701422350213	0.0490210279306577
DLBCL_RICOVER_473	0.19943144194530538	0.4258178453404592	0.054768922006493706	0.14408498514786353	0.17589680555987824
DLBCL_C_D_1119_NULLPAIR	0.24555128686628208	0.51782799500998	0.0416173450056427	0.1336393851540285	0.061363987964066675
DLBCL10902	0.12598909168276087	0.49495208224037796	0.0933492992164805	0.15052942235628475	0.13518010450409593
DLBCL10934	0.03512678145751435	0.6490838729442977	0.03886038769230892	0.05894689721147463	0.21798206069440434
DLBCL11484	0.0835438150947245	0.4154052689144641	0.24185276966142374	0.16690404074428428	0.09229410558510329
DLBCL10901	0.11218463047821528	0.5412344786796078	0.09449833993229248	0.1402427879931668	0.11183976291671761
DLBCL10925	0.06988038242111622	0.5713992092903909	0.06457799224194362	0.10140176396293411	0.1927406520836152
DLBCL_MC_F139_LJF	0.11188262597678451	0.4944901903309256	0.15224396209838423	0.16824681610679448	0.0731364054871112
DLBCL10985	0.06938001909624834	0.5214749139528505	0.137621276034533	0.1357968949839115	0.13572689593245663
DLBCL10965	0.11362649888551675	0.18304936338437797	0.07740192910167586	0.11946748314335093	0.5064547254850785
DLBCL10954	0.03852720045224206	0.638185774541958	0.05480208059192276	0.0723305915649435	0.19615435284893365
DLBCL10451	0.30504808134930506	0.02751661744933995	0.4480693004242798	0.19718521752132115	0.022180783255753997
DLBCL11458	0.7990443532411248	0.04839052581442568	0.02466758045575002	0.09440442628935035	0.033493114199349173
DLBCL_RICOVER_1165	0.046895875257712515	0.688135791631624	0.0842328224336497	0.09304793473440723	0.08768757594260661
DLBCL_C_D_1141_NULLPAIR	0.017757250818256517	0.048524536864768104	0.829473915107413	0.06339118789699548	0.040853109312566964
DLBCL10969	0.056540800427332095	0.17995983058999865	0.08011604350682518	0.08920396674207334	0.5941793587337707
DLBCL_RICOVER_522	0.025425007422244898	0.048353299622665526	0.8334364036133037	0.07450258484636342	0.018282704495422405
DLBCL10458	0.7932839835860798	0.042668444989697976	0.033301806991770815	0.10783626625105991	0.022909498181391506
DLBCL_RICOVER_506	0.02535953587026041	0.7683760284935817	0.034058644671796034	0.04920352053238371	0.12300227043197821
DLBCL_RICOVER_956	0.05131235051420615	0.23582113453510803	0.03702705887011632	0.06591563597391414	0.6099238201066554
DLBCL10483	0.02337745765548416	0.7536753539095556	0.09376987524030797	0.061253149878880954	0.06792416331577121
DLBCL10999	0.060944725389099605	0.11818572310647624	0.05440239838503268	0.07750022139596577	0.6889669317234257
DLBCL_RICOVER_773	0.0426176055665609	0.7450937192118874	0.04040264257561496	0.06828300840728926	0.10360302423864758
DLBCL_C_D_1126_NULLPAIR	0.04525446768810651	0.6753844840175884	0.08789289873188416	0.09267265561960465	0.09879549394281617
DLBCL10460	0.06281837435387169	0.6195054476806414	0.11856095870901695	0.12116636030633358	0.07794885895013633
DLBCL_RICOVER_1210	0.026863049203926733	0.8643727867878547	0.025102704849659988	0.04300321013070229	0.04065824902785635
DLBCL10972	0.8191788077241179	0.04162937681442116	0.018855277784389095	0.08312663073857543	0.03720990693849644
DLBCL10898	0.046435570689752466	0.14602682261678676	0.023561485883663722	0.04992027238377949	0.7340558484260176
DLBCL_C_D_1105_NULLPAIR	0.03326332511553551	0.8258457376642325	0.03197624448293851	0.05458669552298099	0.054327997214312515
DLBCL_RICOVER_701	0.11092041538816501	0.03249205493534138	0.13407910180002297	0.11147242885007239	0.6110359990263983
DLBCL11666	0.021454524080099166	0.06338866450408001	0.8178848314763869	0.07149359738890207	0.025778382550531838
DLBCL_RICOVER_216	0.0811976462608486	0.03929957849720221	0.06046076251325776	0.07602778721327755	0.743014225515414
DLBCL11205	0.8387413954643371	0.03440299598975785	0.017687515254841576	0.07607418442364623	0.033093908867417234
DLBCL_LS378	0.8576230978274251	0.019682462170559096	0.02697394664462536	0.0789981021972955	0.01672239116009501
DLBCL10850	0.05593865413910547	0.8062623525965511	0.031846745307158884	0.06337743247059463	0.042574815486589916
DLBCL10834	0.030951637474701282	0.8750651231256767	0.020492911198418735	0.04044355187901564	0.03304677632218759
DLBCL_C_D_1131_NULLPAIR	0.037661201746971296	0.8237607458237173	0.039378677071639154	0.060963355445622265	0.03823601991204996
DLBCL_RICOVER_253	0.023257907118767854	0.8911899843513258	0.01638967757729393	0.032273267523544966	0.03688916342906745
DLBCL_RICOVER_1032	0.026026273872112465	0.21346116948586974	0.02893284426775449	0.04258708280368608	0.6889926295705772
DLBCL10502	0.029201706353600827	0.8093938085830236	0.051490853652770625	0.061188550167862545	0.048725081242742455
DLBCL_RICOVER_1192	0.027863301064421083	0.10727729979865222	0.034442007306636296	0.04302572140376979	0.7873916704265207
DLBCL_C_D_1133_NULLPAIR	0.006762500206802294	0.009512779899180914	0.954639128359623	0.02262455872898785	0.00646103280540598
DLBCL11480	0.03599361304045417	0.03954760738607467	0.0469268035215114	0.04617590280922281	0.831356073242737
DLBCL_RICOVER_174	0.01406586795088988	0.9233451626300807	0.014968054208750265	0.024153167703129388	0.023467747507149778
DLBCL_RICOVER_299	0.018364454823924868	0.8916554500544053	0.026921725200649005	0.03398509731121053	0.029073272609810307
DLBCL10980	0.031245026042744945	0.11703719167936656	0.018943616517500893	0.03666776969292799	0.7961063960674596
DLBCL10486	0.038471005311313825	0.06494000381063002	0.019050728467532155	0.037008416309312994	0.840529846101211
DLBCL11486	0.9292235511422298	0.010901221677251006	0.008618977614247531	0.03902049573177027	0.012235753834501392
DLBCL_LS1098	0.012383313333156815	0.00713797818808472	0.9396135732251668	0.03236309421973392	0.008502041033857759
DLBCL11526	0.8856452256101255	0.01786999220943835	0.018684265671017743	0.06356775158147239	0.014232764927946085
DLBCL11003	0.019908161658407163	0.08421425994190913	0.01629831300652305	0.027212704034279556	0.8523665613588811
DLBCL11206	0.014935891501603269	0.06929552674555775	0.014853574564298843	0.021597595556026035	0.8793174116325141
DLBCL10906	0.012460911566121613	0.0449625279882862	0.009262747950959788	0.015685404894361498	0.9176284076002709
DLBCL10968	0.9142648582203158	0.008007269287204346	0.011900678776540934	0.04406218548444898	0.021765008231489916
DLBCL_MC_F262_WLC	0.9105400210143846	0.008193531004620109	0.013356295235568801	0.04589310584077721	0.022017046904649337
DLBCL10459	0.010573180827094535	0.013119468450025987	0.9360314128571181	0.03220658685589945	0.008069351009861909
DLBCL11527	0.004165216858315033	0.004214529156515989	0.9772287312544962	0.011976392604205256	0.002415130126467569
DLBCL_RICOVER_1060	0.016206868942328787	0.038542722238795415	0.014215716202068409	0.020707043392277625	0.9103276492245298
DLBCL11474	0.9210433526745292	0.008633800964912492	0.012472865799992072	0.04551016470511776	0.012339815855448539
DLBCL10930	0.04807819190381259	0.025362625811322252	0.010554367435470075	0.026463197986749884	0.8895416168626452
DLBCL_MC_F307_JPS	0.9182027843653245	0.006600601129387634	0.014388371388133476	0.04488799224779319	0.015920250869361125
DLBCL_MC_F218_RAP	0.9325888933952421	0.006510089279009404	0.01189099422504861	0.03809091697223939	0.010919106128460513
DLBCL_RICOVER_712	0.012222600703187791	0.032019452160207726	0.010288055774749392	0.015437025369171655	0.9300328659926834
DLBCL10539	0.010886617127131893	0.025598191828299463	0.008061966044359643	0.01271084924069417	0.9427423757595148
DLBCL10498	0.004885912786619111	0.0058903528807382225	0.969203341399031	0.01592767410296942	0.004092718830642294
DLBCL_MC_F349_BJJ	0.006124050448108733	0.0035319922010312475	0.9716069984967118	0.015616029961183405	0.0031209288929647853
DLBCL11675	0.008949387402488376	0.004956300820041258	0.9554869541233426	0.022934328895629418	0.00767302875849834
DLBCL10842	0.015191706551061187	0.03136433512482443	0.016137531965780424	0.019950894037350772	0.9173555323209832
DLBCL_RICOVER_744	0.002029817585978304	0.0013042608078214903	0.9896805095431286	0.005552210625911165	0.0014332014371604815
DLBCL10963	0.0028721972868926793	0.005679963394440964	0.0019803631224498508	0.0032671723066238344	0.9862003038895927
DLBCL10977	0.01759023381346092	0.016704953415350072	0.013474830938642822	0.018785923846537343	0.9334440579860088
DLBCL_LS155	0.004650712298313536	0.002517937917631776	0.9752787547076663	0.012377787220828136	0.005174807855560227
DLBCL11000	0.005093220328983784	0.011111248167164873	0.004451959215530037	0.006388596207399412	0.9729549760809219
DLBCL_MC_F064AB	0.0032051993960356493	0.002047246464077916	0.9843608758954624	0.008597225242355313	0.0017894530020687773
DLBCL10860	0.0015914576945962422	0.0030371277251428175	0.0011397870454567898	0.0017432397345451202	0.992488387800259
DLBCL10990	0.0	0.0	0.0	0.0	1.0
DLBCL10518	0.17946167207899594	0.09099336261856385	0.4070741583453053	0.2277927957825677	0.09467801117456714
DLBCL11683	0.18574116267482416	0.20299655166912903	0.14238666434856762	0.2013422551032129	0.2675333662042664
DLBCL_RICOVER_575	0.2220562483536249	0.10780494370758674	0.21951135982462783	0.29279132597496793	0.15783612213919274
DLBCL_RICOVER_617	0.16156788628382052	0.13246047827268242	0.4212524972928812	0.23389974992384066	0.050819388226775106
DLBCL10877	0.19975143804710935	0.09916758746096373	0.12685423957664446	0.18337414536832528	0.3908525895469572
DLBCL11208	0.32805955341014253	0.15955075809181626	0.17172339251217097	0.2393744166558367	0.10129187933003336
DLBCL10888	0.1964905082763303	0.0975300673350973	0.1399743963816937	0.18469315267074496	0.3813118753361338
DLBCL10875	0.19555634880428288	0.34432578865258606	0.16617163910321373	0.21827139616498306	0.07567482727493433
DLBCL11657	0.16458760598420563	0.2040694630212227	0.30088246646167993	0.22449103041317536	0.10596943411971647
DLBCL11509	0.3622117293197711	0.07657874222471629	0.1959748818227935	0.23882481114449386	0.12640983548822524
DLBCL10522	0.3737767884518321	0.07641158374932985	0.18628021654582164	0.2415497988318719	0.12198161242114441
DLBCL11483	0.19021396983258237	0.0753775392408854	0.15023175378749687	0.17800070062294435	0.40617603651609097
DLBCL10527	0.18954801353691705	0.2013553956082723	0.2368702544346234	0.3132265408895299	0.058999795530657415
DLBCL10932	0.1962914469873054	0.06304730923296292	0.12297848766668303	0.16302308142819152	0.45465967468485713
DLBCL_C_D_1139_NULLPAIR	0.5991574142066017	0.1773954719387077	0.040254191566932884	0.13754454429326535	0.04564837799449241
DLBCL10497	0.3770613438448923	0.049891357515707974	0.1927229722001563	0.21670338263678376	0.16362094380245973
DLBCL11467	0.3823385222585668	0.04657268817530819	0.1894618122048152	0.2150450336534025	0.16658194370790735
DLBCL_C_D_1140_NULLPAIR	0.3788556153429582	0.047559492618897	0.19209181333591252	0.22847606782927282	0.15301701087295944
DLBCL_MC_F927_JHS	0.18964659922483462	0.055467472449394664	0.1253188644396065	0.16371699272822782	0.46585007115793636
DLBCL_RICOVER_320	0.3684500669793469	0.08347938972315928	0.17666258849226807	0.2358936762517376	0.1355142785534881
DLBCL_MAYO_DLBCL_234	0.392851894007831	0.06915648732198135	0.1694414947094299	0.2253009519565761	0.1432491720041817
