	0	1	2	3	4
DLBCL11471	0.20213722894645472	0.17626429540293062	0.15570016393901007	0.20077733336590986	0.26512097834569454
DLBCL_RICOVER_1289	0.21204763127438508	0.14062965780629222	0.12994360979731548	0.1862889593400236	0.3310901417819837
DLBCL11472	0.3715965364401697	0.05115668143554291	0.19222266714069486	0.221406173695444	0.16361794128814844
DLBCL11467	0.3766170726721653	0.05329186368230656	0.19185353503285507	0.2120831493510823	0.1661543792615907
DLBCL_RICOVER_338	0.336301420460352	0.19055376334040566	0.16035822445431397	0.22523702352581224	0.08754956821911625
DLBCL10970	0.20402883344304779	0.3345572550454738	0.16961715293481316	0.2157670233463603	0.07602973523030505
DLBCL10889	0.37390517777385296	0.10426225399823848	0.18148876461304472	0.232048451800748	0.10829535181411577
DLBCL_RICOVER_320	0.3941555297206827	0.09682466077873739	0.16756699289726404	0.22385692146049452	0.11759589514282148
DLBCL_LS2590	0.12204553116569661	0.21917185567744935	0.10050469606565982	0.1410784451078822	0.417199471983312
DLBCL11439	0.3412073387045046	0.12516111844811864	0.19378204617669187	0.24034787063034396	0.09950162604034103
DLBCL_MAYO_DLBCL_3653	0.3915958477977592	0.0650628471525702	0.17530171219826943	0.2192937860321477	0.14874580681925356
DLBCL11495	0.2142605212575797	0.08068350577074697	0.11445522445176771	0.1724869803369247	0.418113768182981
DLBCL11484	0.06827281139600531	0.45376498225547734	0.19534515093769161	0.13481079500065668	0.14780626041016898
DLBCL10544	0.12094877019726842	0.09760033947534615	0.1810226052654985	0.16164980539120277	0.43877847967068423
DLBCL11468	0.1885766339085253	0.08397407051253226	0.1399010566778616	0.17476984400481715	0.4127783948962636
DLBCL11515	0.08644008853743929	0.2787557124556341	0.3840301620583575	0.17152035813157315	0.07925367881699595
DLBCL11673	0.1555814088485664	0.36917013821273625	0.19357907899172377	0.20565928090273572	0.07601009304423795
DLBCL11436	0.1001056175498375	0.42940381370358627	0.11110056105813407	0.13934560313259114	0.22004440455585103
DLBCL10973	0.39101794167467147	0.10120908128157241	0.09224315200165642	0.17380395994057388	0.24172586510152586
DLBCL10965	0.12334336525310302	0.20684633222549448	0.07980149070165633	0.1235213047970432	0.466487507022703
DLBCL11541	0.21471853070912691	0.1618491777941047	0.31246857050654775	0.23229780875918676	0.07866591223103396
DLBCL10997	0.15689576105914005	0.4620493456615181	0.10954595655213963	0.1616624869912293	0.10984644973597293
DLBCL11512	0.49453680615173806	0.25248848761153153	0.04833029144933204	0.15044860654095488	0.05419580824644351
DLBCL10509	0.48939233105863295	0.22904851362866052	0.03897378459772556	0.12732015537963398	0.11526521533534702
DLBCL_LS3204	0.11093665420906133	0.5606325561522113	0.12047774684420044	0.1524589340865212	0.05549410870800566
DLBCL_RICOVER_1032	0.030815579879231492	0.2893097548108153	0.03286590622179281	0.04785251856103691	0.5991562405271235
DFCIDL004_DT	0.1823208566424012	0.05097896135051222	0.13195300232362167	0.1577366703149929	0.47701050936847206
DLBCL_C_D_1109_NULLPAIR	0.24294233242903063	0.08031614408719666	0.36067083163538893	0.2444082686959646	0.07166242315241908
DLBCL10527	0.19336026967449163	0.1858607681718884	0.33842844853201887	0.22817458595955328	0.05417592766204772
DLBCL10907	0.19842001083655636	0.28253765290480176	0.029127738415370176	0.09378476819025776	0.3961298296530141
DLBCL11564	0.12848310452406694	0.5059164422768263	0.1132533476669441	0.1505542124390402	0.10179289309312242
DLBCL10969	0.05833387669628942	0.1874266122807866	0.07941589558432144	0.09205632148674943	0.5827672939518531
DLBCL_C_D_1118_NULLPAIR	0.4466815259117761	0.2684564391684235	0.0669854301717581	0.169842718044097	0.048033886703945344
DLBCL10918	0.5589827975256891	0.02719254581828117	0.025368319475057754	0.09275692949270141	0.2956994076882706
DLBCL_RICOVER_1190	0.35444607773957365	0.04296206388721772	0.023374653006393242	0.08622711307171999	0.4929900922950954
DLBCL10902	0.12728329378285042	0.5587599951090575	0.07751367384381169	0.12862719573620573	0.10781584152807462
DLBCL10837	0.05978422480652098	0.5069458117255005	0.052297292525000386	0.08074632747100553	0.30022634347197263
DLBCL10901	0.10438114508329291	0.5615732215576128	0.09579416275142977	0.12755857669544543	0.11069289391221908
DLBCL10934	0.03825247360999841	0.33840783741241787	0.03960872140580629	0.05874799613632436	0.524982971435453
DLBCL_RICOVER_1287	0.06780972322939996	0.17580908353477262	0.054874405309674384	0.08189831108791212	0.6196084768382409
DLBCL_RICOVER_701	0.1160414652470385	0.045920758437736284	0.12364195310124669	0.11938549034307068	0.5950103328709078
DLBCL_RICOVER_401	0.05441169022654638	0.6808686224829958	0.12191718575845586	0.09482558999172198	0.04797691154027989
DLBCL10530	0.03677771261108948	0.3133128589437562	0.032372147061401985	0.05145578824598767	0.5660814931377647
DLBCL10869	0.1874957473134912	0.0268570630926834	0.4957209404344204	0.21784421079330157	0.07208203836610338
DLBCL_C_D_1115_NULLPAIR	0.11279155361144273	0.12274726356406623	0.4115281519006183	0.19928678670656946	0.15364624421730308
DLBCL10999	0.06475540722538224	0.13197781350699705	0.056160922530945324	0.07973744093026654	0.6673684158064088
DLBCL10495	0.6240080248645435	0.04774588899706393	0.022133546495856075	0.09074312618335058	0.21536941345918578
DLBCL_LS2325	0.047132966963584516	0.2639465509217246	0.5107302659801041	0.12435264911575272	0.053837567018833986
DLBCL10915	0.05896997689915051	0.608134985030414	0.07206328432880427	0.09245277726041722	0.16837897648121405
DLBCL11652	0.06510185508707197	0.13658797593137387	0.04671628937541808	0.07371089576601428	0.6778829838401218
DLBCL_RICOVER_850	0.07438809732010392	0.6685398147571086	0.08626556289422678	0.10693973455287326	0.06386679047568758
DLBCL_LS1668	0.04144384073937145	0.25241747039158086	0.5368686423227981	0.11612225427716573	0.05314779226908391
DLBCL_RICOVER_773	0.045873229760528794	0.6172515898019296	0.03543961600000869	0.06032627980640707	0.24110928463112588
DLBCL10957	0.1513480133706853	0.05193179881875134	0.5297498792779184	0.21963800057191477	0.04733230796073015
DLBCL10554	0.08272380016360938	0.051438789162614844	0.6651922674514603	0.15236311070068242	0.048282032521633024
DLBCL11469	0.03475692194470756	0.014221601223522114	0.7482285967890143	0.08600191794458874	0.11679096209816728
DLBCL10896	0.7818745052479272	0.019846867238679986	0.01990775619451917	0.07153190829075848	0.10683896302811513
DLBCL10903	0.04761662475985879	0.707590140452142	0.05401980747550498	0.07544348464708965	0.1153299426654046
DLBCL11003	0.02475479807519537	0.11715363999731293	0.02133936910482211	0.03379777790718291	0.8029544149154867
DLBCL10954	0.038702526082833234	0.6904786704514683	0.04695535375048363	0.06366904213865657	0.16019440757655826
DLBCL10980	0.030291165281489858	0.10852848250384664	0.015426448391483993	0.03096898848486297	0.8147849153383165
DLBCL_RICOVER_533	0.028108192704986615	0.8561940928809926	0.03435404880812553	0.04619347764985653	0.035150187956038734
DLBCL11656	0.028104515044107388	0.00671731333144171	0.8909905421410459	0.055262482750167874	0.01892514673323716
DLBCL_MC_F500_ECU	0.05631374230086925	0.7193005357920695	0.055256369288542016	0.08075697093758771	0.08837238168093148
DLBCL_LS1757	0.7931609086792354	0.053437679933139214	0.02949888902624231	0.10103883619608815	0.022863686165294904
DLBCL10935	0.8180947238897361	0.029495824235882175	0.017232862050239394	0.0677188241893018	0.06745776563484053
DLBCL11480	0.03847107308788356	0.04911833160967953	0.04776815376807037	0.05069615319835146	0.813946288336015
DLBCL_RICOVER_467	0.014638359517911276	0.06291880714692719	0.011716284734623555	0.018742698487080826	0.8919838501134572
DLBCL11195	0.019327153968506816	0.07720072008065122	0.01556353763133185	0.025155260342444058	0.862753327977066
DLBCL10849	0.03275624505367618	0.7452408855097968	0.030798069978503387	0.04904179318272073	0.14216300627530287
DLBCL10564	0.04265140553719326	0.13095389076828606	0.6854639687506823	0.1133811327938156	0.027549602150022792
DLBCL_RICOVER_151	0.03324486846079362	0.8361719106402848	0.03582713019625228	0.049336405435771655	0.04541968526689761
DLBCL11669	0.029019327042958388	0.010872373237094113	0.8742435206812088	0.06343315278297676	0.02243162625576199
DLBCL_C_D_1136_NULLPAIR	0.021051247463259135	0.8921751796071178	0.023704392959562812	0.033476315567445895	0.02959286440261435
DLBCL_LS2089	0.027613101576172118	0.7819598068130408	0.03390654292879351	0.045093981174059876	0.1114265675079337
DLBCL10961	0.02490446248178457	0.8278591173727252	0.027120073664592875	0.03986573188658949	0.08025061459430775
DLBCL11188	0.03649352897799978	0.8108566704398232	0.03425415277752999	0.05353916837078035	0.06485647943386656
DLBCL_C_D_1141_NULLPAIR	0.020394943839846254	0.06586888869736812	0.7962843117458794	0.07159990560056093	0.04585195011634529
DLBCL10457	0.029036915368302416	0.04730012867923803	0.017691815510090626	0.029276877042110037	0.8766942634002589
DLBCL11458	0.829559757424393	0.04358381117314119	0.019967465651973947	0.07617927846797098	0.030709687282520916
DLBCL11670	0.019835916882000752	0.04221036355658075	0.8365590383753292	0.06500008857180466	0.03639459261428458
DLBCL10781	0.0156621340490741	0.047218877835019	0.013321572448897	0.01959711149025467	0.9042003041767552
DLBCL_RICOVER_1060	0.02086374739665406	0.055304664747108684	0.016957276251524864	0.02526694162616216	0.8816073699785503
DLBCL10480	0.06492056006441928	0.7839775722057981	0.02717335340101009	0.057860717970605303	0.0660677963581672
DLBCL_C_D_1130_NULLPAIR	0.8528729627033045	0.024858284477838683	0.013538886840034618	0.058341860773256475	0.05038800520556577
DLBCL10873	0.029491173747244293	0.869638482142992	0.024668776368426844	0.04002975918129239	0.036171808560044476
DLBCL10899	0.018926600747870496	0.8783477000577486	0.025062644030846827	0.03303002360798051	0.04463303155555346
DLBCL11566	0.01651429674621579	0.038851891345679	0.869879207472743	0.05492939714563035	0.01982520728973182
DLBCL_LS1395	0.01709594909671238	0.025827269997442354	0.8941532893565428	0.05090806557061175	0.012015425978690698
DLBCL10971	0.016396560864825816	0.03472229342636503	0.010587224323911959	0.01715784207437719	0.92113607931052
DLBCL_LS4593	0.01186017551763655	0.01870029526354451	0.9229606582232973	0.03724385910255879	0.009235011892962821
DLBCL11473	0.8849930753579186	0.023087625094491367	0.01618811340813255	0.060861506708879146	0.01486967943057828
DLBCL11203	0.017850034460946653	0.8703164139356209	0.02656774127191803	0.03330534780149241	0.05196046253002208
DLBCL11525	0.004868017357065587	0.002347538787478094	0.976140241715403	0.013014698248340006	0.0036295038917132354
DLBCL_LS4616	0.008791577149123254	0.017061769323051344	0.9338417114925194	0.03143777898624649	0.008867163049059575
DLBCL10885	0.018278129799053296	0.8940013279728488	0.020412526710124196	0.029322507626283273	0.03798550789169044
DLBCL10459	0.011466139861939947	0.014767294227320678	0.9308271517852934	0.03504211026994988	0.00789730385549604
DLBCL_LS378	0.8973353252686455	0.01728418852116432	0.014772599938685993	0.054241808237336694	0.01636607803416751
DLBCL10834	0.030139468743287375	0.8782496991023232	0.01984185585844256	0.035612449292088066	0.036156527003858775
DLBCL10927	0.9056299440313909	0.010999843751495255	0.016877950289818793	0.051580178190942925	0.014912083736352149
DLBCL_RICOVER_417	0.010399645615438095	0.022582951476903763	0.0103644472365944	0.01392430668276302	0.9427286489883008
DLBCL10848	0.9422024389682279	0.004439557965810451	0.010340178165507976	0.032028987607698116	0.010988837292755637
DLBCL10550	0.008396825145118322	0.018074843130444926	0.004816260716023517	0.008380509575483943	0.9603315614329293
DLBCL11477	0.9499184687161423	0.005832483949530836	0.0064408834588274115	0.025770904004768287	0.012037259870731197
DLBCL10993	0.9335642897169899	0.005519010912193349	0.011762401756783152	0.03727685407017635	0.011877443543857256
DLBCL_MC_F218_RAP	0.9454942048009589	0.004952362802877076	0.01011533179340319	0.029890150646988564	0.009547949955772204
DLBCL11474	0.9357514601842845	0.006302913346791909	0.010832703702905296	0.03598198742486693	0.011130935341151444
DLBCL_LS3200	0.0038333045360564107	0.011454288095695002	0.003653101958065609	0.005035598571726574	0.9760237068384564
DLBCL10864	0.0025661087879684094	0.00699847888935142	0.002063894192021319	0.0030903391326804718	0.9852811789979784
DLBCL10862	0.0024576837792527647	0.004201287139196791	0.0014322231086333834	0.0023925600142882756	0.9895162459586287
DLBCL11486	0.9423068615021505	0.00923919362878511	0.007951496517062737	0.030251219393208434	0.010251228958793282
DLBCL10880	0.0030044123784305947	0.0032745668797492726	0.002957401950153865	0.0033632589867891786	0.9874003598048771
DLBCL11590	0.19902252077323554	0.18011852004636406	0.14193983442341285	0.1962648889244693	0.28265423583251825
DLBCL_C_D_1112_NULLPAIR	0.1663002663931584	0.29675144563988837	0.19123494980534503	0.2034458223195874	0.14226751584202071
DLBCL11504	0.203374887813449	0.2717344134811744	0.1432099373593806	0.19712083498516955	0.18455992636082638
DLBCL11433	0.3403449782189881	0.12777924385098627	0.1980936754363038	0.23567166180243734	0.09811044069128444
DLBCL_MAYO_DLBCL_234	0.42113200592117467	0.07922024880324256	0.1505898815638435	0.2176926584135987	0.1313652052981405
DLBCL10854	0.15180032580244596	0.1999547615530389	0.12109362132134517	0.1650217070798834	0.3621295842432867
DLBCL11441	0.377516501000724	0.0534122253261642	0.18191266812574325	0.22228463610318255	0.16487396944418609
DLBCL_RICOVER_950	0.3727079367619243	0.07903338569034828	0.19478707206203913	0.23189903300447362	0.12157257248121468
DLBCL10974	0.36753385771272434	0.07989216128177658	0.19594477430036128	0.23270368439873196	0.12392552230640566
DLBCL_C_D_1103_NULLPAIR	0.1873785232749811	0.05156709493191411	0.5079255337463894	0.2078817990179546	0.04524704902876068
DLBCL11434	0.35349300444500226	0.26841787598183975	0.10512487272046336	0.19777806246298654	0.07518618438970806
DLBCL10532	0.15746663279836937	0.3780432980680849	0.15011222346155328	0.18941007094537354	0.12496777472661894
DLBCL10456	0.1683046461687384	0.05485854236532788	0.21536302242338992	0.17563630007334213	0.3858374889692018
DLBCL11573	0.03342532113430819	0.14621418777988035	0.6453711548971712	0.10267772096834518	0.07231161522029506
DLBCL10490	0.13456620066957817	0.4319569422618865	0.07664868280612185	0.13249242503871916	0.22433574922369431
DLBCL10904	0.12291011415455322	0.46881324461107965	0.05220050594870518	0.10666856919590921	0.2494075660897526
DLBCL10914	0.1602409686891044	0.40421305148929465	0.12321207697867012	0.17658937745556297	0.1357445253873678
DLBCL10857	0.16890875258250793	0.15048630195705534	0.09942917346815211	0.1505853320501814	0.4305904399421033
DLBCL10871	0.0829711610628599	0.29221728197180524	0.06702676870260081	0.10556725067787	0.452217537584864
DLBCL10932	0.20745248490656149	0.08308466842657893	0.11720879493855184	0.16419016746930507	0.4280638842590027
DLBCL11516	0.05938560244178532	0.4882237954610319	0.03650966362337074	0.0674332389349613	0.3484476995388508
DLBCL10986	0.17025969202542587	0.4876703656156867	0.0714462758689259	0.139587746946173	0.13103591954378851
DLBCL10487	0.2807793220863282	0.44679450256332404	0.058687948357685996	0.14773645616198633	0.06600177083067532
DLBCL10978	0.05670834075523155	0.4099261837155622	0.27337305664923794	0.14358258442777402	0.11640983445219434
DLBCL10894	0.14177048593731334	0.6510174715576188	0.04185570727937279	0.09804497687979788	0.06731135834589724
DLBCL11455	0.0763225644812114	0.10564932486756558	0.10063206313084748	0.10663787163492189	0.6107581758854537
DLBCL10989	0.05318342906071218	0.5154512763090933	0.044561537685089136	0.07235789656152497	0.31444586038358047
DLBCL_BWH_DLBCL64	0.6710257204106542	0.09919319315839613	0.0578175860649784	0.14631242588301507	0.025651074482956147
DLBCL11679	0.10829859023227656	0.7109627870244916	0.039911366392334335	0.08527136970509869	0.055555886645798885
DLBCL_MC_F139_LJF	0.11740479603709193	0.4787058779751048	0.16711962984006493	0.168846661363411	0.06792303478432725
DLBCL_RICOVER_1106	0.026853113856470445	0.1616312872873678	0.0211528993377947	0.03480032462982518	0.7555623748885418
DLBCL11450	0.02827719244630083	0.17212089042154502	0.023887205367647626	0.03842848473491804	0.7372862270295886
DLBCL10503	0.04853566992161458	0.15487579866248144	0.040015202088587956	0.061133917603329854	0.6954394117239862
DLBCL_RICOVER_134	0.035885884368785384	0.547433696423279	0.03229753393840233	0.05249884442303874	0.3318840408464946
DLBCL_MC_F729_MAN	0.050197164806160766	0.6279438414749964	0.032230648594028584	0.06191970762356488	0.2277086375012494
DLBCL10879	0.031322393948546086	0.06222971382790373	0.7959289804088423	0.08314086211075802	0.02737804970394987
DLBCL10780	0.042691585938911994	0.29429175486952075	0.49043715542570554	0.12081917154863628	0.051760332217225445
DLBCL_LS2328	0.049557643942442296	0.14686894004020043	0.6505703571741864	0.1249785213177725	0.02802453752539833
DLBCL_RICOVER_1293	0.5452049055013208	0.09319654692417505	0.029101158842769093	0.10859833082166409	0.22389905791007095
DLBCL10890	0.04590169044927171	0.16646845779680708	0.021919609756416387	0.043694672401215884	0.722015569596289
DLBCL_RICOVER_408	0.06622296199901345	0.5859056008312782	0.1589821480891455	0.13664523554725488	0.05224405353330803
DLBCL_C_D_1126_NULLPAIR	0.04027533532627952	0.7028522375379266	0.06892676489166424	0.07586545141580121	0.1120802108283284
DLBCL_LS3809	0.7146592680497934	0.05874457421256195	0.040816113653319754	0.11484780744177384	0.07093223664255113
DLBCL11666	0.02366929726028771	0.06799606151127989	0.8103734466579003	0.07394328373307123	0.024017910837460892
DLBCL_RICOVER_978	0.08828522104725545	0.5829308884562949	0.11021106390120916	0.13071162738043252	0.08786119921480795
DLBCL_RICOVER_948	0.0393830650827054	0.7162935358162462	0.08483735841797478	0.07096209963918249	0.0885239410438911
DLBCL10876	0.029767383749068604	0.1271781657079835	0.022062645413687926	0.0366625436757218	0.7843292614535382
DLBCL11542	0.03224261316511316	0.10855451539779651	0.730962086401524	0.10272918419572004	0.02551160083984624
DLBCL10883	0.06358953803568772	0.13993249876523534	0.05795680623565809	0.07808869288418341	0.6604324640792355
DLBCL10453	0.07432509821690564	0.6933757488177528	0.06230992096482439	0.09499838098915121	0.07499085101136604
DLBCL10916	0.02654064355053194	0.11853257104102351	0.02481564361752636	0.035592236987297056	0.7945189048036212
DLBCL11191	0.7098493859497348	0.08220518255862239	0.04738231003205942	0.13047590339188805	0.03008721806769533
DLBCL11206	0.021274418497091076	0.10780064894125303	0.021617690052498962	0.030537294432650883	0.818769948076506
DLBCL_MC_F739_AMA3	0.03236185828787975	0.6834462033579249	0.14110110703112724	0.08003625044353417	0.06305458087953392
DLBCL10782	0.16757799979050922	0.5982912562996464	0.06209053224088503	0.1259907626409625	0.04604944902799683
DLBCL_LS762	0.08466700086878809	0.043265549294901076	0.05708177674193808	0.07610117987180967	0.7388844932225631
DLBCL_RICOVER_361	0.10312824562673067	0.050967280964589225	0.6006288546393521	0.16179325114830767	0.08348236762102026
DLBCL_RICOVER_1329	0.020424698854975554	0.08440391752193557	0.014829267435377155	0.02444043275892797	0.8559016834287837
DLBCL11454	0.8149711530952956	0.04964139704330197	0.023540442907441665	0.08991621412859044	0.02193079282537039
DLBCL10502	0.029421452540908364	0.7954378135176959	0.05855031900981714	0.06052439647732155	0.056066018454256975
DLBCL_RICOVER_945	0.06343233532524291	0.7153280826386228	0.0645400964281862	0.09261633277478185	0.06408315283316628
DLBCL10850	0.044320847508705866	0.8352643594941493	0.0274043633088594	0.04921864374933996	0.043791785938945435
DLBCL10981	0.042184903191480154	0.8076897300294119	0.04527327496048228	0.061237756310680146	0.04361433550794549
DLBCL10547	0.07243008804471661	0.6710871806675408	0.09876841064697572	0.10976444467403029	0.04794987596673649
DLBCL10838	0.018842536274337428	0.06835077190274372	0.012455161676822415	0.021670291384308055	0.8786812387617884
DLBCL10539	0.021118588174963294	0.051670201134147324	0.014732640016131414	0.02413038827978845	0.8883481823949695
DLBCL10988	0.018157391676353843	0.8901574142143606	0.022712870961105205	0.03123154630413594	0.03774077684404448
DLBCL10887	0.0314080843076377	0.057163952574668504	0.04420472975297466	0.04369777095535767	0.8235254624093615
DLBCL10906	0.01764581967614484	0.06817839101726927	0.012611395527278827	0.021054682423749395	0.8805097113555577
DLBCL10515	0.8006682251454302	0.020539721133597037	0.017775092409339843	0.06914700663976557	0.09186995467186727
DLBCL_RICOVER_449	0.8385891916639189	0.020540653524725103	0.01553790947619997	0.06282560401388002	0.062506641321276
DLBCL10566	0.025181431360484112	0.05073802414342616	0.03271508472174903	0.03688830050239717	0.8544771592719436
DLBCL10984	0.020578690552361594	0.8875868659263306	0.022291722222670927	0.031939016590150776	0.03760370470848609
DLBCL11482	0.05446587543544377	0.05487446826199417	0.7275078642172562	0.12397941855994929	0.0391723735253565
DLBCL_C_D_1125_NULLPAIR	0.015495674033015536	0.06605586951657	0.012694443796248251	0.019911959092786233	0.88584205356138
DLBCL11518	0.8705009145118496	0.024097357423919143	0.018953054225329467	0.06316962422397679	0.023279049614924958
DLBCL10450	0.03650269312980984	0.8182890485226213	0.039010165124554096	0.05440823389118186	0.05178985933183292
DLBCL11498	0.027338494959641715	0.8852724140225519	0.020816727170053846	0.034725404327281856	0.03184695952047075
DLBCL_LS2245	0.07004493570419332	0.6952426190963799	0.09151367590077747	0.0905411468575695	0.05265762244107985
DLBCL10983	0.01710647737089878	0.8941556854679225	0.01914754221880137	0.028404477634977415	0.04118581730739996
DLBCL11428	0.00912761316949238	0.013224913243562552	0.940687689237389	0.029977227270709894	0.00698255707884614
DLBCL11536	0.02567108167110351	0.8765687071639681	0.026756705199384192	0.03880560360030731	0.0321979023652369
DLBCL10492	0.8762951910499873	0.022213225580796223	0.01592542767473697	0.057444524292225164	0.02812163140225432
DLBCL10959	0.9031811182014443	0.015070611744180026	0.015239455269308852	0.05012344214231152	0.016385372642755254
DLBCL_LS3245	0.027555481788543976	0.7891221431433584	0.07738859689349267	0.060603800795996865	0.04532997737860812
DLBCL_LS1098	0.013265979067906775	0.007143643588606846	0.9402403831650461	0.03211711505245769	0.007232879125982644
DLBCL11565	0.019900680103498037	0.8883195967862109	0.025370661218524482	0.032793947244121706	0.03361511464764497
DLBCL10842	0.01793016576106634	0.03970311196692024	0.017096442607953243	0.023092473200036937	0.9021778064640232
DLBCL_LS3749	0.024446461972798126	0.8662370942146442	0.03423275278754917	0.04221711354712303	0.03286657747788546
DLBCL10975	0.887229246302926	0.013524625043797053	0.01306669546673088	0.050047553757611274	0.03613187942893478
DLBCL10917	0.017231847105725343	0.9041801768411667	0.018644025282186463	0.027068188192333007	0.03287576257858847
DLBCL10950	0.8872798042530354	0.021576167462134668	0.012811038211803684	0.05189597218218923	0.026437017890836946
DLBCL11662	0.8721099751865894	0.014358949610704837	0.020126741126548216	0.06204988141901134	0.031354452657146176
DLBCL_RICOVER_299	0.016967031064844634	0.8921845244414982	0.02821239389114208	0.03139731189028721	0.031238738712227817
DLBCL_RICOVER_314	0.01621040573978942	0.03269592165363192	0.008412407589930152	0.0157310813463248	0.9269501836703237
DLBCL_MC_F815_BAT	0.01148603855554647	0.020760518223704807	0.9174707597137098	0.04084015696554438	0.009442526541494488
DLBCL10913	0.9136786019610207	0.010067903049996003	0.015384829711400793	0.04924190751372323	0.011626757763859248
DLBCL10853	0.038973768756073175	0.048018404135741016	0.012826837700326997	0.02862638491683205	0.8715546044910267
DLBCL11496	0.9183295380127137	0.0106981865442944	0.011324061581046265	0.04409489139168764	0.015553322470258082
DLBCL_RICOVER_712	0.009830478583083063	0.024807507952109127	0.006890437708366536	0.011485552010546142	0.9469860237458951
DLBCL_DFCI_DLBCL_GOE16	0.012485993309713665	0.005054987507927016	0.9453275193128374	0.03035061752418933	0.006780882345332556
DLBCL11429	0.9336211973622552	0.005828204686465534	0.011438486998988705	0.03686171127519859	0.01225039967709191
DLBCL10836	0.01872239386759834	0.024133171261100823	0.014427813834978594	0.020576870571674243	0.922139750464648
DLBCL11539	0.9301934402281749	0.005123887455569501	0.011737165960517111	0.03889429391235135	0.014051212443387166
DLBCL10462	0.9508976396314138	0.005515217036153876	0.007835037964021636	0.027691477404334718	0.00806062796407595
DLBCL11537	0.9482112393581805	0.0054411833572618655	0.00858602899663249	0.029603955259319255	0.008157593028605843
DLBC_FF_8046_TP_NB	0.008645410087903224	0.004817526912735251	0.9472920910329676	0.02555055819098146	0.013694413775412414
DLBCL10924	0.006723454249911076	0.012829493181645786	0.005052595781921255	0.00770918160738679	0.967685275179135
DLBCL10847	0.0007360930794813444	0.0014865124493321689	0.0005523725391780841	0.0008435574541319197	0.9963814644778765
DLBCL10498	0.0033222324404370554	0.0030623097376860173	0.9807949995647464	0.010524182954007888	0.002296275303122704
DLBCL10471	0.0002838072811960187	0.0005899607292754842	0.00023040114538228852	0.00033079006604457033	0.9985650407781016
DLBC_FF_A7CX_TP_NB	0.2005147718483864	0.33808826061890074	0.12212492207163683	0.18536610076521484	0.15390594469586105
DLBCL11481	0.17939228538764668	0.0357106400153067	0.23469399735138544	0.19708690923732783	0.35311616800833334
DLBCL10472	0.12635801287283863	0.08841059135361605	0.36559298353413827	0.19743057754981577	0.2222078346895913
DLBCL11657	0.1644540322278676	0.1861853771279715	0.3137406540574181	0.22642926646876216	0.10919067011798056
DLBCL10908	0.19601041515215592	0.08210563979695347	0.14870031280473137	0.17834700786582666	0.3948366243803327
DLBCL11208	0.2248079305837812	0.2876385428604543	0.12666502146733274	0.19568809670346865	0.16520040838496303
DLBCL11446	0.3454903638344175	0.12288241502314491	0.19870200019942783	0.23071542806796877	0.10220979287504116
DLBCL_LS3499	0.1871516080021626	0.17800074126086327	0.34976681163859347	0.23647093741329284	0.04860990168508788
DLBCL10513	0.13983127496541864	0.16014710076404504	0.412553711532199	0.21541123000530288	0.07205668273303456
DLBCL11510	0.1542722992880318	0.19383388310502153	0.11676986993894634	0.16463065279033764	0.37049329487766264
DFCIDL009_DT	0.09437894007550224	0.4713675832056266	0.20644768281093132	0.1541996229859021	0.07360617092203779
DLBCL10994	0.2199271970336707	0.06773444655311947	0.39811287539188106	0.23879813976263417	0.07542734125869462
DLBCL10522	0.3734954666890559	0.08009500862043675	0.18847173241789944	0.23280828553130845	0.1251295067412995
DLBCL_RICOVER_173	0.36765314811775746	0.07630707705010988	0.19473594939708683	0.24456374875673847	0.11674007667830734
DLBCL_MC_F927_JHS	0.19564418612336912	0.06352796006658991	0.12405673103993618	0.1596058667780712	0.4571652559920336
DLBCL11196	0.1772906915403906	0.0487879356662795	0.12341973500978771	0.1496263263160191	0.5008753114675231
DLBCL10856	0.17747213692995734	0.47611955129364025	0.10107566620015668	0.1625469679787052	0.0827856775975405
DLBCL11663	0.3760382560267533	0.04762493471126315	0.18829975269549998	0.22652968288008574	0.161507373686398
DLBCL11466	0.38843313652393296	0.0493198550678624	0.17946644972725412	0.21993508658246175	0.1628454720984888
DLBCL_C_D_1140_NULLPAIR	0.3759392127628776	0.05335792187461532	0.19045832413507408	0.22070746086193782	0.15953708036549516
DLBCL11459	0.4683188429695708	0.0313005150105753	0.22481450481265378	0.21130585925952639	0.06426027794767372
DLBCL10548	0.49559244896168947	0.27168501819890156	0.035358281994479414	0.1269360805224246	0.07042817032250501
DLBCL_RICOVER_258	0.1053338446668438	0.07002727289229543	0.39399646386674825	0.16326973828165944	0.26737268029245315
DLBCL11460	0.1352017986453198	0.4217393842142314	0.19270695507102348	0.19217609029975333	0.05817577176967192
DLBCL11202	0.10373378648380459	0.48063041067408196	0.18581259919662432	0.16823425023736646	0.061588953408122614
DLBCL10451	0.43960856453591746	0.03343183996461803	0.3059070452397349	0.1940983012390635	0.026954249020666156
DLBCL11479	0.10647136751996965	0.48513572305668	0.09102153332749072	0.1319111301684046	0.1854602459274551
DLBCL_LS951	0.16295166377410292	0.13833284793782932	0.42604181784631906	0.21949006259462947	0.05318360784711932
DLBCL_LS4054	0.10186850266677247	0.5249186598060248	0.10842247979870306	0.1382475106821009	0.12654284704639873
DLBCL10843	0.46714390975458625	0.07905468915186087	0.02328993992305359	0.09061284317277542	0.3398986179977239
DLBCL_RICOVER_678	0.039583509155007884	0.318481042165057	0.039223727484291905	0.05929898720069082	0.5434127339949524
DLBCL_C_D_1153_NULLPAIR	0.05966238046219318	0.5658573968209879	0.06260645365524081	0.08764358536959002	0.22423018369198802
DLBCL_RICOVER_111	0.13776845770779353	0.0758826497679237	0.11167728042400263	0.14059737477115075	0.5340742373291294
DLBCL10962	0.0817679547007854	0.26310383162027134	0.06803013010615792	0.09433550205318246	0.49276258151960284
DLBCL11449	0.1057077288010618	0.3030415480532881	0.054392765325448136	0.09931412246008194	0.43754383536012015
DLBCL10868	0.08415854460594654	0.5834800771844982	0.0930205865935253	0.1195349843521504	0.1198058072638795
DLBCL10985	0.07056364553175548	0.5818077591693372	0.11627584307615299	0.12122471791265652	0.11012803431009785
DLBCL10925	0.06303525710896062	0.6179419813737325	0.06195157148663018	0.08921523919271816	0.16785595083795868
DLBCL_RICOVER_440	0.04120520927810684	0.22741692651031545	0.553333964948293	0.12345986742105912	0.054584031842225586
DLBCL_RICOVER_1204	0.04094077019704578	0.2245072691213988	0.07508476255739917	0.07295354808863506	0.5865136500355213
DLBCL10939	0.09508613658292953	0.0709328327386922	0.07037230720513088	0.09058009356038933	0.6730286299128581
DLBCL10909	0.09180534041035857	0.05698568886952017	0.07907378475277248	0.09560356102309134	0.6765316249442576
DLBCL10964	0.03887123934366194	0.22927469354193244	0.029263718503309076	0.05019662256037942	0.6523937260507171
DLBCL_RICOVER_826	0.786673317313412	0.06302435348802903	0.024809997475006708	0.09617121681538851	0.029321114908163845
DLBCL_RICOVER_274	0.08427718123095461	0.6130898438494948	0.11619924798947108	0.12688772260326858	0.059546004326810974
DLBCL_MC_F362_MJB1	0.029478641365025902	0.1364985732337877	0.6939450049787601	0.09920134180465594	0.040876438617770405
DLBCL10947	0.10369446562136343	0.20450359965783005	0.01803335204609344	0.05779555790493563	0.6159730247697774
DLBCL_RICOVER_216	0.08582352936317622	0.04253077511659419	0.054408089751346776	0.07633277133382944	0.7409048344350534
DLBCL10895	0.02812085031137948	0.14488880140238905	0.0360883165001282	0.045029818850010714	0.7458722129360926
DLBCL_RICOVER_1046	0.02634261142903306	0.14599295555490757	0.6715620899429767	0.08927639752710428	0.06682594554597833
DLBCL10485	0.025661889023701836	0.12232948165320615	0.021946807513453973	0.034203370939254206	0.7958584508703839
DLBCL11591	0.044437605940531304	0.6144962534043052	0.18804721858994397	0.10356844090506481	0.049450481160154644
DLBCL_C_D_1129_NULLPAIR	0.7820497807953447	0.02841425520024667	0.03893872475555822	0.09399705306465321	0.056600186184197154
DLBCL10846	0.7429485976362793	0.08015890177542771	0.0277597318354331	0.09687645951499824	0.05225630923786161
DLBCL10552	0.835826307515449	0.01993911978645749	0.04038881674506319	0.08658326109154844	0.017262494861481924
DLBCL10897	0.8331399072422156	0.04211608257756264	0.0183740833478293	0.07498396774851968	0.03138595908387271
DLBCL10549	0.04175645327059299	0.641860372503788	0.15259824994254365	0.09937726893544634	0.064407655347629
DLBCL10458	0.8150317747131994	0.04316459203618622	0.027591090253974247	0.08865239618136232	0.0255601468152778
DLBCL11004	0.07155533013687554	0.13297910259220347	0.02924756133751921	0.05783930522623505	0.7083787007071667
DLBCL_RICOVER_1192	0.02160591569220007	0.062448561455083436	0.027060909309757887	0.032254260663083026	0.8566303528798755
DLBC_FF_A7CR_TP_NB	0.029222998781467155	0.014057681086984629	0.8030009713595921	0.07356226482398726	0.08015608394796879
DLBCL10553	0.042296889396663796	0.781253552983905	0.0590756550402124	0.06965429587788441	0.04771960670133435
DLBC_FF_8042_TP_NB	0.018661820149747325	0.049248360513337246	0.052326800073734844	0.03337866627303604	0.8463843529901446
DLBCL10517	0.048724101868153985	0.7702038853569009	0.0574416754407428	0.07463377091434581	0.048996566419856516
DLBCL11500	0.03641693478651057	0.08695929325511222	0.02937143963009285	0.043749639206918635	0.8035026931213657
DLBCL_RICOVER_829	0.8169347064680895	0.04916548792726769	0.020746133335139527	0.08092194426966066	0.03223172799984264
DLBCL_C_D_1157_NULLPAIR	0.13835299279760263	0.013213867648295189	0.6945903975788541	0.13770859777557395	0.0161341441996741
DLBCL_C_D_1117_NULLPAIR	0.03449988903727223	0.8079673195327383	0.05198859507731078	0.05961839493072488	0.04592580142195384
DLBCL10519	0.03553143115561956	0.7890331276056063	0.065226022814123	0.06776477292079988	0.04244464550385128
DLBCL10996	0.8723431647460517	0.011460300160377485	0.02920963307134316	0.0713114723890284	0.01567542963319929
DLBCL10486	0.054204183579192496	0.09964268180303422	0.02283484279530315	0.04714165557132235	0.7761766362511477
DLBCL_LS146	0.021855679419545405	0.8493034755811213	0.0290369537863495	0.0379445217396712	0.06185936947331264
DLBCL11437	0.9195457801878825	0.005556922077086557	0.011666180807384666	0.03869132189204441	0.024539795035601913
DLBCL11478	0.9091303033402727	0.006377549541916501	0.016183666629619762	0.04787290843141418	0.020435572056776832
DLBCL10542	0.9119200119556373	0.007277660671570475	0.015859807098472078	0.04636712999837539	0.018575390275944726
DLBCL_LS1065	0.025188197210210716	0.8621634053554096	0.027524374531189187	0.03903736332143624	0.04608665958175426
DLBCL11677	0.899699244891856	0.014610315228022738	0.012625305646121103	0.04921077381705746	0.02385436041694268
DLBCL10968	0.9292111543681099	0.006248184782563243	0.010170112488646433	0.036624896436580755	0.01774565192409969
DLBCL11470	0.9041126544224896	0.0065334519538504795	0.022132263033322806	0.05640771024348795	0.010813920346849174
DLBCL_RICOVER_288	0.027847396448367284	0.8657225891986606	0.02662780419586797	0.042068871125198776	0.037733339031905316
DLBCL11501	0.892362914933709	0.018360925715322163	0.013470905752291411	0.053741188452762975	0.022064065145914438
DLBCL10878	0.03457370413278477	0.028599576575485862	0.02424868447298872	0.03500859173708455	0.8775694430816561
DLBCL_MC_F089_HCZ	0.01784996855790142	0.8915261928399543	0.02341232562204612	0.03242300697152606	0.03478850600857208
DLBCL_C_D_1135_NULLPAIR	0.037857605271416406	0.844260344018816	0.023174435948954804	0.04166521676215033	0.05304239799866244
DLBCL_RICOVER_583	0.029471186691072838	0.14370392090784034	0.03316427280954792	0.04393426150136703	0.7497263580901719
DLBCL_RICOVER_174	0.018306875649159168	0.9089936411277375	0.018349611013150736	0.027514168330497055	0.026835703879455514
DLBCL10521	0.010874870367483906	0.042748181120115435	0.00804268730306819	0.013409833963217009	0.9249244272461155
DLBCL10454	0.023128539619068855	0.04721713364745803	0.040602697957284696	0.03623138052323497	0.8528202482529534
DLBCL_RICOVER_335	0.015081380892154585	0.9149974815671346	0.018092428079027154	0.02528456310053885	0.02654414636114484
DLBCL10884	0.9260811979368427	0.009515410659445871	0.01104951890391376	0.03896427967398493	0.01438959282581266
DLBCL10900	0.011930606471676004	0.03673737193149499	0.01004666534525034	0.014943018116030795	0.9263423381355479
DLBCL_MC_F132_MLM	0.9375689106657077	0.006362751558389867	0.011284927424520533	0.03478627251127569	0.009997137840106272
DLBCL_C_D_1151_NULLPAIR	0.9095066485741089	0.012987532363829747	0.015220652299541962	0.048902473461901616	0.013382693300617787
DLBCL11507	0.04517056069905931	0.8308605224284772	0.03270914422766739	0.05036780587310204	0.04089196677169409
DLBCL11651	0.03685761495485801	0.01966536112815947	0.7264180648395887	0.08570874034371663	0.1313502187336771
DLBCL10977	0.018269607658971045	0.019243377843847626	0.011797143886167217	0.017846331197006626	0.9328435394140074
DLBCL_RICOVER_522	0.02177404609166817	0.030433080626207212	0.8779063003999565	0.05773786088491442	0.012148711997253644
DLBCL_RICOVER_866	0.012117828531015814	0.015586552094959396	0.9263741584946689	0.03918282475170421	0.006738636127651687
DLBCL_RICOVER_1219	0.0049621243374951335	0.008941713227921116	0.0040308374314484635	0.005771336801060465	0.9762939882020748
DLBCL_MC_F519_ALT	0.004101049661688885	0.008507564397881775	0.002710738721694593	0.004316516402267112	0.9803641308164677
DLBCL_LS1304	0.010841106395250237	0.0064192690713656495	0.9400264823021897	0.028687176298775197	0.01402596593241928
DLBCL10565	0.007555660740153376	0.00882934884413174	0.9526322445618874	0.023822960996004828	0.007159784857822609
DLBCL_C_D_1133_NULLPAIR	0.006952667783225869	0.011037610822089301	0.9495029830029205	0.02477344100036174	0.007733297391402629
DLBCL10881	0.007178745214520759	0.007927942603743462	0.005430896762160825	0.00774352634402898	0.9717188890755459
DLBCL11685	0.01478996895346625	0.006213376875531253	0.9394761554210811	0.032490089660722136	0.007030409089199268
DLBCL11672	0.007554078338373349	0.004450909758522145	0.9614668869268093	0.020123711482703338	0.006404413493591949
DLBCL10860	0.0012319760783337992	0.0022260760888210235	0.0007246813270091785	0.0012389956466739396	0.9945782708591621
DLBCL_MC_F064AB	0.0048500430794759936	0.0031721584471725004	0.9769470243974697	0.012625887082281287	0.002404886993600499
DLBCL11476	0.00047759986921649386	0.0007537915798506695	0.0003783909750184286	0.000527081684794399	0.99786313589112
DLBCL11569	0.0031642659314064367	0.002835004459699219	0.9824127341626804	0.009860435099855444	0.0017275603463585746
DLBCL11683	0.19411111034095338	0.2929630737431791	0.12819799347982253	0.18888754762200363	0.1958402748140413
DLBCL11435	0.19477138919546602	0.17741604392226312	0.1511474276826379	0.20168782857731415	0.2749773106223188
DLBCL_RICOVER_496	0.12722456598190143	0.209408020860653	0.4127796049325103	0.2018608374396932	0.04872697078524204
DLBCL11187	0.14438193639300867	0.3134372464539768	0.15256005479834928	0.1723687507210135	0.2172520116336517
DLBCL10497	0.38015340959341176	0.04867648620484111	0.187802126616416	0.22059626636025215	0.1627717112250789
DLBC_FF_8062_TP_NB	0.3832943402147975	0.04972248906713933	0.18460232445655342	0.21706481114164933	0.16531603511986037
DLBCL11430	0.12318782102655268	0.2836963765548457	0.1895264894332057	0.18327418149892719	0.22031513148646878
DLBCL11509	0.3546940432934676	0.08597881776029519	0.20260106041521989	0.233886012515293	0.1228400660157244
DLBCL11574	0.19167217922747867	0.027242531598397478	0.3998645046937067	0.21193961507224468	0.16928116940817245
DLBCL11658	0.3785389936097387	0.09854884548895318	0.17383015300259438	0.23562553428623606	0.11345647361247772
DLBCL_C_D_1113_NULLPAIR	0.22175670259602	0.09857495039885592	0.36297556730752345	0.25097600596500824	0.06571677373259244
DLBCL10877	0.2273646563136718	0.1387114666597242	0.10699670298887354	0.17933264103420743	0.347594533003523
DLBCL10518	0.15448103266994098	0.09879682271584539	0.44357285893011666	0.21326951976430236	0.08987976591979457
DLBCL_RICOVER_1278	0.0897051851846993	0.34184029548653844	0.21040581017156457	0.16675764283887623	0.1912910663183213
DLBCL10995	0.17835983092297095	0.043306291160189185	0.4288015870499956	0.2096253403710331	0.13990695049581103
DLBCL_RICOVER_985	0.17264604591879795	0.05473407903739254	0.50942915353987	0.22648299454141785	0.03670772696252169
DLBCL11576	0.16761853115412303	0.36447588046730023	0.19236943678752633	0.20433171229402333	0.0712044392970271
DLBCL10863	0.17777217307935955	0.09011761473875277	0.47660265526999424	0.2103699943695659	0.04513756254232755
DLBCL_RICOVER_1045	0.08536085174919943	0.3017225358139524	0.05689888657321687	0.09675955044541946	0.4592581754182119
DLBCL10501	0.03918562250932693	0.21882615755194412	0.5803374333434761	0.11964940724010238	0.042001379355150456
