	0	1	2	3	4
DLBCL11436	0.11578936297711197	0.5095764455687113	0.05322588140917553	0.2564258343201859	0.06498247572481528
DLBCL10873	0.15033690589566454	0.19659776010235389	0.33339279649845227	0.28959018778477014	0.03008234971875913
DLBCL_LS4616	0.012881845415533133	0.30304979516382563	0.5999575181597563	0.056158429986903145	0.027952411273981754
DLBCL10971	0.23501060510917818	0.4147677403539023	0.024354947680758552	0.0727517129435246	0.25311499391263637
DLBCL11473	0.40212455701535144	0.04120387804176659	0.03726717419922779	0.4543024042678256	0.06510198647582859
DLBCL10869	0.46844927429174155	0.08936955318499173	0.3484563709651102	0.05797990566861238	0.03574489588954409
DLBCL10965	0.2739438547113889	0.016502597430520884	0.04766905077632854	0.605472133875887	0.0564123632058747
DLBCL_RICOVER_1287	0.028226742935161482	0.32001753412246947	0.03713369371534854	0.03035829348995608	0.5842637357370645
DLBCL11467	0.0747621313032881	0.056509858639344865	0.1302313925001488	0.5049082572512388	0.2335883603059795
DLBCL10907	0.08899459139721534	0.2117227122774999	0.02783226224313681	0.05370096279170408	0.6177494712904439
DLBCL11471	0.40650125137422766	0.1721395608354137	0.1802284054361623	0.1088754215963597	0.13225536075783675
DLBCL_LS4593	0.0423035854704448	0.229521476560026	0.5676355881854696	0.14073744904340207	0.019801900740657644
DFCIDL004_DT	0.3079485564141357	0.01604885232741191	0.022784538053402317	0.07940499994019345	0.5738130532648567
DLBCL_LS2590	0.046026179449172776	0.018850319350045226	0.07540089278191703	0.35688707128435015	0.5028355371345148
DLBCL11486	0.31729779007285275	0.020543145180389803	0.04111399152674685	0.045199823940883406	0.5758452492791272
DLBCL10993	0.4973772678934693	0.01670737465415244	0.08603623794570013	0.23766727667308343	0.16221184283359455
DLBCL_LS2325	0.06171696819407541	0.6649531290293093	0.23757613605213382	0.021162071594072934	0.014591695130408604
DLBCL11468	0.0612509718326812	0.02552731252580201	0.10865824633199574	0.7838076042280075	0.020755865081513416
DLBCL10980	0.012273116393283707	0.1680943435513387	0.05961946020829855	0.03980675995924998	0.720206319887829
DLBCL_LS1395	0.062029907166201576	0.1931211100899291	0.6848814020098478	0.029690655351576396	0.030276925382445124
DLBCL11469	0.028379171660912503	0.1971954186381312	0.10820412950697765	0.02691937311666565	0.6393019070773129
DLBCL_LS3204	0.08758487927133886	0.7353251371874058	0.08962351979135828	0.07382532261537558	0.013641141134521527
DLBCL_LS1668	0.05170142944798182	0.1506518418978923	0.2780181478662081	0.4656599151636259	0.05396866562429196
DLBCL11652	0.6209101266233777	0.24557446281314796	0.060873601419078834	0.04160388922337077	0.031037919921024622
DLBCL10957	0.9124060934428248	0.010639230862519097	0.03643250393546728	0.03160526370358039	0.008916908055608483
DLBCL_RICOVER_1060	0.0892138004188741	0.594103614716775	0.026515808242596983	0.02470681424427372	0.26545996237748026
DLBCL_RICOVER_773	0.019693189061320473	0.11226250288452747	0.09255405135168131	0.02411723260683727	0.7513730240956334
DLBCL10527	0.02871249826715615	0.019978980003948967	0.08980299483899667	0.8049700650658969	0.05653546182400138
DLBCL11003	0.051754461414236536	0.6043621607370123	0.023451534990456654	0.02965790413033794	0.2907739387279566
DLBCL10915	0.07104191505786094	0.13731777039806387	0.08287655526889462	0.439912239856899	0.2688515194182815
DLBCL10999	0.014590977358606066	0.02352477898923721	0.05349124894220707	0.10456244001811073	0.803830554691839
DLBCL_RICOVER_401	0.04850305404626885	0.5678970906037305	0.34660115046133333	0.023144357212182214	0.013854347676485069
DLBCL10973	0.13938799058263684	0.01939158397538216	0.3383356688953208	0.4157636191018937	0.08712113744476663
DLBCL10969	0.6593688050102254	0.06893752465460135	0.1090697474024911	0.03413354396982609	0.12849037896285603
DLBCL10935	0.6000567316038307	0.275157328772315	0.018821341799307934	0.0406049880194278	0.06535960980511858
DLBCL_C_D_1115_NULLPAIR	0.08139108323068957	0.07739853609494278	0.0679398638560681	0.7359124585244423	0.03735805829385723
DLBCL_RICOVER_320	0.060358917252862514	0.12938466701911813	0.7141454418381511	0.060275818036698285	0.03583515585316999
DLBCL_RICOVER_151	0.118655310247056	0.1763736231481751	0.07208057512181293	0.5781276719978291	0.054762819485126873
DLBCL11480	0.7156568689022285	0.023841859136307444	0.15090411629439288	0.05242968541245179	0.05716747025461938
DLBCL10961	0.008006199484608118	0.03422750531342002	0.01974211202059888	0.03710755002179873	0.9009166331595743
DLBCL11495	0.06746524178189824	0.01048359475764642	0.021457843826948642	0.08123383901813304	0.8193594806153737
DLBCL10885	0.07157628909555984	0.7300577848239698	0.022982463332801177	0.036136511191062766	0.1392469515566065
DLBCL10970	0.04668290884834411	0.13390875631597732	0.11579774497437335	0.6692151135003832	0.03439547636092203
DLBCL11515	0.04032911494423317	0.062421347997117495	0.7275205031578685	0.04014491815834462	0.12958411574243625
DLBCL10899	0.10985442774592256	0.04356621598453768	0.010818104679880815	0.04290522935018553	0.7928560222394734
DLBCL10902	0.009876057555711349	0.027834167237862372	0.025083554608337517	0.021912560197021078	0.9152936604010676
DLBCL11474	0.35174528243485526	0.018836892526632617	0.0360865802059106	0.5356825259652999	0.05764871886730167
DLBCL_RICOVER_1289	0.043984176951561926	0.008927935291801662	0.015180579295191971	0.05481806658898487	0.8770892418724596
DLBCL_C_D_1109_NULLPAIR	0.14610113658509935	0.012145138620882616	0.03932759769225972	0.7635744804492869	0.03885164665247145
DLBCL11525	0.8310382316770853	0.01779691622412162	0.027131703137804313	0.10510912523099289	0.018924023729995843
DLBCL11477	0.9043238564738564	0.007763762885769057	0.01563707373983978	0.04723349047527627	0.02504181642525853
DLBCL10564	0.05783702335555435	0.04667770259810985	0.06256199325075436	0.8006707872946242	0.03225249350095729
DLBCL11195	0.0048787701348621685	0.013844600429946946	0.011506077284654831	0.01451789084404137	0.9552526613064947
DLBCL_RICOVER_338	0.7963748900978961	0.011735914711508344	0.030039157244014927	0.14222662628615468	0.01962341166042603
DLBCL10544	0.04325363588154512	0.01799333693453704	0.05669542745095733	0.6502834681292858	0.23177413160367472
DLBCL_MC_F218_RAP	0.052525882076875086	0.023121815038767687	0.14119261409694064	0.7640194753187836	0.019140213468633024
DLBCL10934	0.03984090414363725	0.7256558916380366	0.020214079347575294	0.03190672805730102	0.18238239681344992
DLBCL11439	0.3257316130761696	0.025249524503913077	0.5540991686193674	0.08107039539390913	0.013849298406640747
DLBCL11566	0.029024578745532468	0.06566264249086416	0.8746001012995581	0.02268459303118957	0.008028084432855633
DLBCL_MAYO_DLBCL_3653	0.8689003028449193	0.014439994000802129	0.02310049289372612	0.05640380174050238	0.03715540852005008
DLBCL_RICOVER_467	0.016176145530002916	0.6247524812320611	0.03390061819817434	0.01616322870238001	0.30900752633738165
DLBCL_RICOVER_850	0.02495240887031693	0.05308653166932932	0.026074682431145663	0.04748011199013118	0.8484062650390769
DLBCL_RICOVER_533	0.028750864919958773	0.9168324209080619	0.031449278295870166	0.01530993445408481	0.007657501422024284
DLBCL_RICOVER_1032	0.009295065412138332	0.043633891415319176	0.008128391436477037	0.011214746050671848	0.9277279056853937
DLBCL10896	0.8516280702583952	0.018670563072816487	0.011191284005134155	0.06255336143950767	0.055956721224146584
DLBCL_RICOVER_1190	0.011012955828821438	0.029849582811798156	0.03977235180482682	0.021835041831268408	0.8975300677232851
DLBCL10927	0.07671219944149078	0.012689131864319853	0.04645207135360812	0.8410694019651301	0.023077195375451123
DLBCL_RICOVER_701	0.05158598884838967	0.012407026074253506	0.03153025515032873	0.8825000546936309	0.02197667523339715
DLBCL11673	0.01747244287466137	0.8789424279061722	0.07655702647917627	0.017044765516328525	0.00998333722366173
DLBCL11512	0.9416601520178044	0.012637583722908333	0.014815341675243138	0.024071458927954606	0.006815463656089483
DLBCL11484	0.012710328853988942	0.9097849285963282	0.033484623687052094	0.01087954535409137	0.033140573508539446
DLBCL11564	0.03324543565039071	0.011578626097634933	0.035037061474715414	0.900319640811815	0.01981923596544389
DLBCL10837	0.08308542868200797	0.048557616229754796	0.024465131553799015	0.05755477928951072	0.7863370442449276
DLBCL11472	0.9539258178917657	0.0037656064671458293	0.009147325989605876	0.023456581179363886	0.00970466847211871
DLBCL11656	0.015793836115512876	0.00857014984248931	0.9320220484067251	0.022314169751347163	0.021299795883925568
DLBCL10457	0.005397352738895757	0.014105102504337913	0.006438918388979586	0.008571532379737368	0.9654870939880493
DLBCL11669	0.027964387037163398	0.01676179589012456	0.9161771671395103	0.03295938564413224	0.006137264289069523
DLBCL10848	0.008754870416487065	0.0069227922008792695	0.012794190576418894	0.021511310796120755	0.950016836010094
DLBCL10495	0.9161756052284865	0.0352772605629186	0.006965977036017829	0.019314589474059847	0.02226656769851726
DLBCL_C_D_1118_NULLPAIR	0.072039210180309	0.8615225198417527	0.023501629522969213	0.02672205489528833	0.016214585559680767
DLBCL_LS3200	0.006250342257120574	0.02047094379442091	0.005903555478179404	0.007255689393790601	0.9601194690764885
DLBCL_MC_F500_ECU	0.006649936200483495	0.9668384358702067	0.011805430652467294	0.006081133697634994	0.008625063579207516
DLBCL10880	0.009376723144801468	0.005756328331521816	0.005517393461715255	0.00492879003259301	0.9744207650293685
DLBCL10554	0.054120210897274354	0.012561019549275373	0.8967571678209741	0.028283840715454187	0.008277761017021983
DLBCL_LS1757	0.9817504069393352	0.003116229545754899	0.00351589970922951	0.008437448708827951	0.003180015096852391
DLBCL10918	0.8812105152771214	0.011619295098182826	0.008951679652331804	0.038653992799578235	0.05956451717278584
DLBCL10781	0.0053614885839049515	0.0052356748843864235	0.004385919828595004	0.010361544079551992	0.9746553726235616
DLBCL_C_D_1141_NULLPAIR	0.008371474557439303	0.024713786953643763	0.9407190043437709	0.013153178202064493	0.01304255594308156
DLBCL10509	0.014798812387819677	0.9514192716391674	0.00929958232078298	0.012433562142137497	0.012048771510092477
DLBCL10889	0.004510630624530303	0.004722367322969267	0.004784254235161198	0.010695978011411493	0.9752867698059278
DLBCL_LS378	0.9807942178481818	0.0029784091321210723	0.006748305539878517	0.006694766583388124	0.0027843008964304927
DLBCL10530	0.0023549905274753784	0.0035029318253350563	0.00184836511314451	0.0029267427692726703	0.9893669697647723
DLBCL10901	0.00448603977911888	0.007003541789748087	0.005174460193112704	0.009401525230176056	0.9739344330078443
DLBCL10862	0.0007569057113132283	0.0009306295539732456	0.0006894315180929869	0.0008896631427180682	0.9967333700739025
DLBCL_RICOVER_417	0.0017610269930037632	0.002396680358986701	0.0014672268875312825	0.0026006134148917137	0.9917744523455866
DLBCL11541	0.007979023433296	0.015628686623269245	0.9537744408987043	0.014122123200214002	0.008495725844516385
DLBCL10550	0.001741883002813107	0.002104938710986623	0.0013519610529599843	0.0019904476213746785	0.9928107696118657
DLBCL10903	0.0059656832338451345	0.9361813853690766	0.04078918095504554	0.006746229680589062	0.010317520761443632
DLBCL_C_D_1130_NULLPAIR	0.9875078677256067	0.0020291599899017704	0.0025784936723199157	0.004450953217506362	0.003433525394665238
DLBCL10864	0.0018216213901917637	0.0023690177403171008	0.002434187725053346	0.0030888154797579425	0.9902863576646799
DLBCL10997	0.9902320652095713	0.0014825819594010915	0.001705361957161201	0.004394044767636019	0.0021859461062303915
DLBCL10954	0.005486661364141164	0.9709262030740013	0.009487715156664127	0.004452510932787851	0.009646909472405492
DLBCL10849	0.019541619160733596	0.908680892858948	0.01122732419905211	0.00801876231258683	0.0525314014686794
DLBCL10459	0.006928051237705176	0.013267170586244756	0.9601338793103863	0.014667679034056778	0.005003219831607044
DLBCL11458	0.009781311595310285	0.009735270147376044	0.9636690830464346	0.013088623004340782	0.003725712206538238
DLBCL11670	0.005996378860640153	0.011911635015911302	0.9560640312912827	0.020078768407593692	0.005949186424572134
DLBCL11203	0.0026040125161539826	0.9826639644179552	0.0063280979990848075	0.004165491677165483	0.004238433389640496
DLBCL10480	0.0014703696575079403	0.99368362112168	0.002223287549249999	0.0009624761053195531	0.001660245566242583
DLBCL11188	0.0007598357211851104	0.9960176083002091	0.0016006467123001423	0.0006183881542467536	0.0010035211120588436
DLBCL_C_D_1136_NULLPAIR	0.0	1.0	0.0	0.0	0.0
DLBCL10834	3.805895003615368e-05	0.9998313991935939	6.106747737011439e-05	2.796396529331616e-05	4.151041370649754e-05
DLBCL_LS2089	0.005900227434882374	0.9620443318489651	0.009007608623467576	0.0037273241517354824	0.019320507940949458
DLBCL11433	0.20289369960485562	0.01735172376487085	0.2244774670401802	0.3281165754758466	0.22716053411424666
DLBCL_MAYO_DLBCL_234	0.269294619535273	0.012909460739718054	0.3984094503747436	0.29145149936924003	0.027934969981025366
DLBCL11590	0.25895064206760526	0.019747111431920965	0.5377193970146211	0.16025889028237308	0.02332395920347955
DLBCL10532	0.055637929631470545	0.021772356083769123	0.22618872197272805	0.20640335817931252	0.48999763413271974
DLBCL10914	0.6068863694218046	0.19037158474342375	0.1409762103464473	0.043355449828642756	0.01841038565968162
DLBCL10894	0.22643262438403572	0.6192012675870779	0.051632418975734964	0.07698733422242121	0.025746354830730178
DLBCL10871	0.09047010416770394	0.670958035034627	0.05711542099467991	0.026383804242485577	0.15507263556050357
DLBCL10959	0.6420188192091735	0.05298011278331288	0.026887784250406725	0.1983849664456757	0.07972831731143123
DLBCL11441	0.30279782710493797	0.01406239288260305	0.08436807370785158	0.38844277845356584	0.2103289278510417
DLBCL10986	0.7819805962509748	0.031046862964838922	0.09542513346894968	0.07782931434068811	0.013718092974548521
DLBCL10974	0.05402914812870876	0.027077815995545977	0.06150238730628178	0.37021073401776433	0.4871799145516992
DLBCL_MC_F739_AMA3	0.014955821232017457	0.771565794940232	0.17759928525927107	0.021287713946322413	0.01459138462215706
DLBCL10487	0.02981190727199803	0.7990929362199517	0.07727783630942649	0.07460325663675052	0.01921406356187324
DLBCL11206	0.02648825719680856	0.6505484260082364	0.056458372850763244	0.01486306043642172	0.25164188350777017
DLBCL11662	0.6398757917003365	0.015480485236853882	0.029079809766736353	0.07734084544649017	0.23822306784958314
DLBCL_RICOVER_408	0.05013371557785076	0.7863702081091318	0.12821704778197063	0.019555618420021587	0.01572341011102517
DLBCL10503	0.05259988592196116	0.5667976550152563	0.3063280446665797	0.040425375356861776	0.0338490390393412
DLBCL10981	0.03790419142448497	0.7836193190634931	0.08268969416654251	0.06219886298884492	0.03358793235663454
DLBC_FF_8046_TP_NB	0.6294925067586084	0.06359390019657106	0.07439293772227189	0.07155955479273178	0.1609611005298169
DLBCL11455	0.17101986897597599	0.015864339668363158	0.05007492346219884	0.7183508016856014	0.04469006620786059
DLBCL_BWH_DLBCL64	0.07750207948686166	0.1970915643606429	0.16721911955839727	0.5415357982250593	0.016651438369038835
DLBCL10539	0.06330764399083193	0.21156938519788868	0.0862837143071767	0.47608024735107646	0.16275900915302619
DLBCL10780	0.028830278180834328	0.7729166554114574	0.14580479924717332	0.03919301947111487	0.013255247689420093
DLBCL_RICOVER_978	0.8204812750671341	0.02258477335633724	0.09018485961535386	0.05770113235823138	0.009047959602943391
DLBCL_C_D_1112_NULLPAIR	0.04185611539113434	0.09424310262800631	0.7657025949172527	0.07470183133686807	0.023496355726738534
DLBCL11504	0.2830664905495731	0.032433637473020166	0.029302739388689224	0.08781641404866786	0.5673807185400497
DLBCL_MC_F815_BAT	0.032705066037803765	0.05109519292724738	0.7517626888020127	0.1500931417206051	0.014343910512331082
DLBCL11536	0.06015273302041856	0.3373411007369898	0.09874114133456036	0.4558017425684996	0.0479632823395318
DLBCL10492	0.36953574080188695	0.02410269179599616	0.021855296246838938	0.08437818910231493	0.500128082052963
DLBCL10906	0.048080941593608206	0.6366638714521552	0.02189487507383318	0.01744584012021814	0.27591447176018524
DLBCL_C_D_1103_NULLPAIR	0.04561038970309288	0.03260658710931442	0.1729127749764649	0.7287900693697106	0.02008017884141725
DLBCL11429	0.866446069913598	0.007212421670472943	0.02031825328883743	0.05389766838398032	0.0521255867431113
DLBCL11516	0.042761924101120244	0.8565218370405808	0.038772855647288364	0.027373417494760563	0.03456996571624998
DLBCL11496	0.18072929771253637	0.030120379140976428	0.09037521885065175	0.049809097417115075	0.6489660068787204
DLBCL10566	0.05092887496652634	0.11506668958565675	0.021166614307719298	0.01644020844621143	0.7963976126938862
DLBCL_LS2328	0.12017897774184413	0.27478809849324626	0.5495045398923041	0.04515949798270732	0.010368885889898262
DLBCL10450	0.7758276617330783	0.034179418776143035	0.012030361943856302	0.07306591506586668	0.10489664248105567
DLBCL11518	0.05047298680764845	0.06168331264949297	0.8460479398634302	0.029005427237038136	0.012790333442390228
DLBCL_LS762	0.027624430763529557	0.02856002525430333	0.12623395005091442	0.03901195460378802	0.7785696393274647
DLBCL_RICOVER_1329	0.039704699093316254	0.20143963991984443	0.014621311141136498	0.017104784458678107	0.7271295653870248
DLBCL10498	0.03478793091358649	0.017369151327067824	0.8856024058136895	0.056781782115870795	0.005458729829785358
DLBCL10782	0.08760403369648456	0.02759211405932393	0.04858367541735069	0.8163378674576212	0.019882309369219635
DLBCL10453	0.017894898270128218	0.1262408786520558	0.022651605413457676	0.030425162783929267	0.802787454880429
DLBCL10904	0.057273148116387375	0.05909985400875875	0.06834445027260894	0.04047921065422867	0.7748033369480163
DLBCL_C_D_1126_NULLPAIR	0.09257570478250687	0.8160485073934288	0.028362055331963745	0.025640557779503158	0.0373731747125974
DLBCL_LS3809	0.8314612956041245	0.03239046038999014	0.03519370407867903	0.022436316483509675	0.0785182234436966
DLBCL10456	0.04857185058164072	0.017279562087512697	0.0928590045713667	0.7842794939215718	0.05701008883790801
DLBCL10879	0.03284967796259033	0.02059881991329512	0.8679726132809401	0.055169339847831386	0.023409548995343022
DLBCL10984	0.02900115206477464	0.18962958036010438	0.015937385163132048	0.04162947635224482	0.7238024060597441
DLBCL_RICOVER_314	0.01297917607793656	0.09392312082654385	0.03277422040775683	0.024729167252235902	0.8355943154355269
DLBCL11454	0.8892316772458502	0.016228349165723237	0.011445966059798045	0.06888233274534424	0.01421167478328438
DLBCL10950	0.8396688170936399	0.01574295984642361	0.04007350961024541	0.07354048509582732	0.030974228353863726
DLBCL11542	0.02291631643536368	0.08672806257026203	0.8211603854218713	0.061588031084836514	0.007607204487666433
DLBCL_RICOVER_299	0.015363992312933944	0.8439544441904854	0.11536073326744829	0.010673939819128592	0.01464689041000379
DLBCL10836	0.046555611640148764	0.0074266394671594314	0.019262171792329877	0.02605637051371904	0.9006992065866429
DLBCL11573	0.026165252233057833	0.06377336550339024	0.8587105450978539	0.03863286082773238	0.012717976337965625
DLBCL_RICOVER_950	0.0354855835210477	0.01825401203973966	0.11797222771225958	0.804994606325408	0.02329357040154507
DLBCL10989	0.007969828439200508	0.9360582618487132	0.02137148801997188	0.009201190117128267	0.025399231574986157
DLBCL_LS1098	0.012045342261909299	0.0075416158605306925	0.9598741313675221	0.017061806319792205	0.0034771041902457744
DLBCL10857	0.0343482158733753	0.01013589686834487	0.009547614955595017	0.036464123957938764	0.909504148344746
DLBCL11539	0.9502680576304515	0.004829898901899226	0.010605751231090409	0.02846582254030162	0.0058304696962571895
DLBCL10547	0.04722688748025118	0.013724593965861663	0.036962738274709715	0.8811559553714949	0.020929824907682516
DLBCL_MC_F139_LJF	0.04265998704709951	0.010452903175989429	0.035252934708452505	0.8928821628530808	0.018752012215377804
DLBCL10975	0.9563148998769567	0.004224498496954681	0.00623992439467083	0.02315983253105521	0.010060844700362599
DLBCL_RICOVER_1106	0.009449473974624232	0.03694454666709238	0.013162377821972819	0.027796150048223875	0.9126474514880867
DLBCL10838	0.021748017798730073	0.14343340122450002	0.013624101126414354	0.016699578072360652	0.8044949017779949
DLBCL10854	0.008512951688643392	0.009005292688962042	0.009061556534157812	0.024901973913408374	0.9485182251748284
DLBCL10978	0.03741367567589708	0.013128239958492178	0.042439152201415274	0.8849611343582072	0.022057797805988176
DLBCL_LS3245	0.004397983282589355	0.9650812324783137	0.0201139938277487	0.004887947664750988	0.005518842746597331
DLBCL11666	0.0065117740630878254	0.010015558656596047	0.9690323859576283	0.011524868150838785	0.0029154131718490727
DLBCL10916	0.005785409373928868	0.020195266077902417	0.011244808415857661	0.012585088954085753	0.9501894271782253
DLBCL_RICOVER_134	0.005934460555793811	0.018755918936301772	0.0071682745917266985	0.012278437414262884	0.9558629085019148
DLBCL11537	0.9537579659468093	0.004647154673524463	0.007206604259618911	0.014699667848009917	0.019688607272037466
DLBCL10490	0.9071849886229225	0.016128892684606756	0.010005626052357061	0.03885983932360788	0.027820653316505822
DLBCL11191	0.9662407374530806	0.003934195499901753	0.007167861190356282	0.017239432219473643	0.005417773637187736
DLBCL_RICOVER_361	0.031178132691829067	0.012083126658832216	0.04287499747901704	0.8890102282171315	0.024853514953190194
DLBCL10932	0.039362448930040136	0.013045170519153005	0.03269319520219184	0.8931793538684336	0.02171983148018135
DLBCL10890	0.008669300083845711	0.015300877696622008	0.006891452641097585	0.01612552077414989	0.9530128488042848
DLBCL10502	0.0090262300446299	0.9376926412648227	0.03639299946062623	0.009145284576549345	0.007742844653371927
DLBCL10462	0.9231609206438475	0.00488662156564703	0.018667980115050473	0.03689375351332852	0.0163907241621265
DLBCL10515	0.9614401076392053	0.006019880031887445	0.0059674418455943675	0.01851565755949289	0.008056912923820037
DLBCL_LS2245	0.014155238514715337	0.8961629248645377	0.06338284460882201	0.012680163021869884	0.013618828990055051
DLBCL_LS3749	0.0037112020751170907	0.979056966264915	0.00935721968259455	0.004718161598122094	0.0031564503792513125
DLBCL_RICOVER_945	0.9765261889954061	0.004346593163367324	0.0037178468058101204	0.01069236866709239	0.0047170023683240775
DLBCL11450	0.003243829684904236	0.005314618681156879	0.002967882721347298	0.006216817672795295	0.9822568512397963
DLBCL_DFCI_DLBCL_GOE16	0.006690286438168224	0.006935308350266623	0.9698878531837871	0.012923629734266508	0.003562922293511565
DLBCL10913	0.9775485988347609	0.002873686557041142	0.004193121943144441	0.009103763855909006	0.006280828809144545
DLBCL11428	0.013593564851112828	0.009068338186044082	0.96074462931278	0.012089199132643554	0.00450426851741944
DLBCL11434	0.9892909068375169	0.0018809326494182144	0.002230568367692073	0.004900710379565602	0.0016968817658072589
DLBCL11482	0.9875655300572392	0.0016236940260144974	0.0023724735415134447	0.005315246530094285	0.0031230558451385768
DLBCL11679	0.03102055832375568	0.9298696066396624	0.020123965345008803	0.01063902458889924	0.008346845102673785
DLBCL10983	0.01961440625672514	0.933483997125014	0.012299485920065818	0.008904004722697345	0.025698105975497744
DLBCL10876	0.003014623784474931	0.006280135431344203	0.0024188490322322397	0.004259446005302405	0.9840269457466462
DLBCL10924	0.002403453486730046	0.0025081055633334576	0.0017169946165019644	0.0034978183077868756	0.9898736280256477
DLBCL11498	0.024713716483148417	0.9450094883420191	0.011942598119184347	0.008101461821388772	0.010232735234259271
DLBCL10847	0.010732249778897326	0.015312597224074931	0.0042964088656874755	0.0055916305263303875	0.9640671136050099
DLBCL11565	0.0028381394474878627	0.9836127932708593	0.005970192366354966	0.003460026213979329	0.004118848701318522
DLBCL10917	0.005066990245795315	0.9824934914579245	0.005290909321055576	0.0033764646901272215	0.003772144285097315
DLBCL_RICOVER_712	0.0025823345260235085	0.004476331035555933	0.0018940139293558034	0.003858895681889948	0.9871884248271748
DLBCL10853	0.004393405971236746	0.0032014902591072504	0.0023732602527369332	0.004556342973914279	0.9854755005430048
DLBCL_MC_F729_MAN	0.0011285801539251874	0.9942703754636187	0.0020431923481627817	0.0008149484115892643	0.0017429036227040147
DLBCL10883	0.004812589040544145	0.0031149043144898286	0.002670765281429006	0.0037443102803201914	0.9856574310832168
DLBCL10850	0.0011345345332353647	0.9947048541787565	0.0022931744402351875	0.0007033393380555464	0.001164097509717385
DLBCL_RICOVER_948	0.0006010201150398357	0.9970236929599587	0.0012282233700173031	0.0004272650761527036	0.0007197984788313616
DLBCL10988	0.0004336094555051076	0.9977914899063907	0.0008814219289071091	0.00039023553357379865	0.0005032431756232882
DLBCL10887	0.002578456752082996	0.0028135007623007365	0.0029255658092581993	0.0037597931976805967	0.9879226834786775
DLBCL_RICOVER_449	0.0022180953026352335	0.0023088159613708983	0.0021521007739821172	0.003356426760320309	0.9899645612016914
DLBCL10842	0.002062283577766901	0.002092104524845545	0.0021370265929784686	0.0030174145360232123	0.9906911707683859
DLBCL_RICOVER_1293	0.0010490515838173016	0.0010661815038643656	0.000634272980513452	0.0011974751830421558	0.9960530187487627
DLBCL10471	0.002416326172068323	0.003337038787340436	0.0013923832772325692	0.0020098853383907116	0.990844366424968
DLBCL_C_D_1125_NULLPAIR	0.0019628705710233417	0.0028077754840760702	0.00143872400645857	0.002241756057568656	0.9915488738808733
DLBCL11446	0.2813193162279562	0.38387536549119133	0.07960276421101647	0.20535603806560912	0.04984651600422686
DLBCL_MC_F927_JHS	0.10257656619899598	0.25394808881870135	0.12840513836365755	0.0755753286437461	0.4394948779748989
DLBCL10985	0.08776245823947303	0.5790115424689759	0.03501731460311473	0.25447174148420787	0.04373694320422844
DLBCL10962	0.06110672735070642	0.40623758795578313	0.3504505335950669	0.04258210708534243	0.1396230440131012
DLBCL10454	0.19666539888607343	0.5059588884692293	0.07832318932915683	0.01591589171425692	0.20313663160128356
DLBCL_C_D_1117_NULLPAIR	0.2570823962570186	0.48688241329374565	0.03062265244117088	0.1970437078143988	0.028368830193665973
DLBCL_RICOVER_111	0.21576932396426737	0.02880851654214147	0.39613444138439446	0.07984006786445154	0.2794476502447452
DLBCL_RICOVER_216	0.06628509675995226	0.12533466700487103	0.350553699039115	0.05275435952247797	0.40507217767358383
DLBCL10868	0.12060299847103513	0.016118506053585734	0.03597181400198025	0.6308377186748982	0.1964689627985007
DLBCL11202	0.31168393297284497	0.06456435257408234	0.4946458599435455	0.1203370182792311	0.00876883623029622
DLBCL11466	0.06748474859254888	0.3217965373450913	0.0979586167972491	0.43616622092471874	0.07659387634039205
DLBCL_MC_F064AB	0.062418830314012116	0.023276396026900195	0.48875656744805185	0.37904150132599784	0.04650670488503807
DLBCL10486	0.5249919938687504	0.1697466662763217	0.021421649214232563	0.08652683813021837	0.19731285251047695
DLBCL11507	0.020116866648477415	0.8636900779120802	0.0877586036191409	0.014465911276730255	0.013968540543571264
DLBCL10549	0.06891998061710422	0.4050512248054593	0.47438387290494644	0.03692181098530214	0.014723110687188009
DLBCL_MC_F362_MJB1	0.043578277263687	0.3843188690545556	0.4603472459844578	0.02853200756164317	0.08322360013565645
DLBCL10548	0.5813742431350934	0.13540988166200257	0.026265511408560736	0.19979393140693014	0.0571564323874131
DLBCL11510	0.594102170483979	0.16231073350432515	0.037318469816111706	0.04565178397166887	0.16061684222391528
DLBCL_C_D_1140_NULLPAIR	0.08972989572194878	0.04387606793080193	0.10082290578531315	0.11746784416741671	0.6481032863945194
DLBCL10517	0.013553940101925876	0.6412591099663991	0.2914026485401007	0.03290502666651535	0.020879274725059006
DLBCL_RICOVER_258	0.5582918834063375	0.02068768207907614	0.04605482265836484	0.04649226694950658	0.3284733449067149
DLBCL10553	0.04882037055586177	0.03133851009431503	0.4090593069563618	0.4821808150575925	0.028600997335868815
DLBCL10909	0.0837393593381661	0.02091887174191971	0.05193633719619494	0.5766929176481878	0.26671251407553154
DLBCL10513	0.22609076250664878	0.07784347224105798	0.09297971175387137	0.585753649081492	0.017332404416929882
DLBCL11479	0.05592393933435086	0.7325164788299275	0.14766436927752302	0.026153893263506096	0.03774131929469254
DLBCL10565	0.197730861386582	0.06097489322166949	0.5166331381782565	0.20035586783955103	0.024305239373941037
DLBCL_RICOVER_274	0.05131127273937105	0.07145756953228097	0.0460953829041108	0.7646064757151988	0.06652929910903838
DLBC_FF_A7CX_TP_NB	0.7259460754498237	0.03369056937171333	0.05535285473313564	0.0392558300599998	0.1457546703853275
DLBCL_RICOVER_866	0.04227909914695306	0.024513997436746964	0.49323623524455434	0.4233513362237515	0.01661933194799406
DLBCL11478	0.13391897611533035	0.042829180282924255	0.7795095246350544	0.03401420896972877	0.009728109996962237
DLBCL_LS3499	0.15910557100955305	0.05956293922503326	0.08088153206799738	0.6672147975878316	0.03323516010958472
DLBCL_RICOVER_440	0.013101070681586	0.8913802356313948	0.07564132854221187	0.008083409054946807	0.011793956089860532
DLBCL10881	0.2701624775260211	0.017837843145833664	0.018822611780100574	0.05341043845104369	0.6397666290970009
DLBCL10908	0.05494430150795414	0.07122909594687979	0.7558707608491169	0.046282962452566086	0.07167287924348308
DLBCL10878	0.20510438484347399	0.015050372111151095	0.021131294831829434	0.07661719820270045	0.682096750010845
DLBCL10856	0.11614627488607479	0.0561895521716958	0.42046563456085456	0.04769794685780923	0.35950059152356567
DLBCL_RICOVER_335	0.01101243179146716	0.9564163171132973	0.010951764018356654	0.013902660901703374	0.0077168261751754605
DLBCL10968	0.23151556658868336	0.012740031076560304	0.03226985486187137	0.6111258559553233	0.11234869151756163
DLBCL_C_D_1153_NULLPAIR	0.08913038587246974	0.0603024380718766	0.031406517925589836	0.3636918379660921	0.4554688201639718
DLBCL11501	0.032915763898022934	0.7599659952713679	0.10148678965295166	0.03451047823489151	0.07112097294276601
DLBCL10964	0.02677050167807028	0.0431375243259561	0.01989206433958376	0.11935525438486252	0.7908446552715274
DLBCL_RICOVER_522	0.18853837267400014	0.041529335116203984	0.2153238848807815	0.5405929174716704	0.014015489857343971
DLBCL11663	0.7922637477188478	0.03732033949646686	0.05634160216691542	0.08304587020633222	0.031028440411437784
DLBCL10552	0.24808380028876728	0.023205915749536298	0.11040529573458223	0.5982686965162484	0.020036291710865836
DLBCL_RICOVER_583	0.018318478734803977	0.7238908038048795	0.02931930481782728	0.015600175486925915	0.21287123715556333
DLBCL_RICOVER_1046	0.006790194900491703	0.90156863472983	0.062270081790131104	0.011997932151223384	0.017373156428323884
DLBCL_LS4054	0.014376773652144298	0.92471921573666	0.021245992786189553	0.024135485600814282	0.015522532224191785
DLBCL_RICOVER_1204	0.033988405337807136	0.05253040739009487	0.13460987313549205	0.5147432044434015	0.26412810969320444
DLBCL11437	0.03799388451559993	0.014498842907489328	0.06680131694516252	0.7488763200220893	0.13182963560965902
DLBCL11657	0.029871591552301346	0.044179011132802	0.8231675052755951	0.08995322576840509	0.012828666270896377
DLBCL10542	0.8580555052897166	0.006970673935191503	0.022814249607255047	0.027076971322668623	0.08508259984516822
DLBCL10843	0.8543652230454409	0.012494587721943305	0.024650902229655512	0.08602283440943835	0.022466452593521907
DLBCL11651	0.03249943199611672	0.03771216104264681	0.7140213127038407	0.0911877813525045	0.12457931290489124
DLBCL_C_D_1151_NULLPAIR	0.036556291718775086	0.015095589856192918	0.04343298682669312	0.8880050742851836	0.016910057313155265
DLBCL11470	0.9445255098850514	0.0041886643577147345	0.010855011561940076	0.03143758524979058	0.008993228945503213
DLBCL10519	0.00947346998769153	0.9479859558523709	0.02592215789768	0.010712593620459778	0.00590582264179777
DLBCL_RICOVER_173	0.016866199641258666	0.010792076084918292	0.014199358776136848	0.03971371431537043	0.9184286511823158
DLBCL10521	0.017405323038457415	0.132145328239878	0.01259287541409794	0.013729419762314857	0.8241270535452518
DLBCL11449	0.05042171149455655	0.7223967931185196	0.034385862304857504	0.01809238351115287	0.17470324957091357
DLBCL_RICOVER_288	0.011908701927079521	0.9665634967379328	0.008508958037966887	0.007211927056042105	0.00580691624097865
DLBCL11004	0.006047050028511962	0.006705590449650077	0.005398334715457273	0.015562756577153971	0.9662862682292267
DLBC_FF_A7CR_TP_NB	0.04170546432267498	0.008983248365910352	0.012275794113113225	0.02974234758599044	0.907293145612311
DLBCL11196	0.03276303762531779	0.010243810987423078	0.035327079592653014	0.8924040683075042	0.029262003487101944
DLBCL11460	0.0355858989834252	0.013378712675402074	0.03380512622712189	0.8993299669158361	0.017900295198214764
DLBCL10939	0.04770288312994131	0.01141956109113673	0.03509852278431733	0.8777436718934165	0.028035361101188132
DLBCL11208	0.011789485926255451	0.939724880071176	0.025727364551809927	0.010073487541472807	0.012684781909285752
DLBCL11459	0.03475620839344881	0.011079317942405633	0.03995407243571513	0.8931997870879919	0.02101061414043858
DLBCL10846	0.01103026387196167	0.9205798305829347	0.02496579950252951	0.020085319989889244	0.023338786052684943
DLBCL10895	0.018241397482269918	0.13255407275629766	0.03794926474400904	0.01864313625412043	0.7926121287633029
DLBCL11591	0.012075645820320864	0.8689981469423426	0.09641531569272557	0.009852530953050019	0.01265836059156098
DLBCL10994	0.8949258057495122	0.024122297445061266	0.014592467641321933	0.024378678061476127	0.041980751102628514
DLBCL10900	0.009038944050935032	0.0044599804200709334	0.004179486233798069	0.010924619819805064	0.9713969694753909
DLBCL11672	0.024091210746483308	0.011124118516239371	0.915055479667957	0.03976080061452612	0.009968390454794222
DLBCL10925	0.039404626911506646	0.026330289945442377	0.008169171003191185	0.028258051662697015	0.8978378604771627
DLBCL_LS1304	0.009725061760907231	0.015623274785368088	0.007412538529055239	0.008663669083344233	0.9585754558413252
DLBCL10472	0.02213308047469714	0.01598849754956579	0.8667515732910434	0.08566778064616756	0.009459068038526199
DLBCL10947	0.006326214781944033	0.9518781097474642	0.013067584306644241	0.004369113087636376	0.0243589780763111
DLBCL_MC_F089_HCZ	0.0043615077797360445	0.9458188577969342	0.028177155385881565	0.009666653356026908	0.011975825681421285
DLBC_FF_8042_TP_NB	0.011072403697476089	0.05666629412776294	0.01904931466496854	0.02664812917875967	0.8865638583310328
DLBCL_C_D_1129_NULLPAIR	0.9313124486929613	0.006939622190594855	0.011995337594598567	0.018492191946991716	0.03126039957485357
DLBCL11476	0.011511282849785417	0.022735688883204697	0.0055129363188207835	0.007402690683565408	0.9528374012646237
DLBCL10485	0.02600757956319332	0.11470311993670593	0.017212229925011202	0.012902797838572762	0.8291742727365168
DFCIDL009_DT	0.016141906640563655	0.056690981412441964	0.8979415777879564	0.019492670211449754	0.009732863947588271
DLBCL_LS1065	0.0020420602086370396	0.9915040063820112	0.0030064644595109383	0.0014964310214091573	0.0019510379284316526
DLBCL10522	0.017469706099480443	0.007563908286906563	0.9535182233026748	0.014435917002388991	0.007012245308549281
DLBCL10884	0.9569819214682904	0.004384579734840266	0.010194522877051778	0.02235982428527589	0.006079151634541595
DLBCL10451	0.8848749083112764	0.01615073970272181	0.06771012849046484	0.021963974444730562	0.009300249050806408
DLBCL_C_D_1135_NULLPAIR	0.0012174742018037877	0.9941130396730214	0.0022828976762043463	0.0010460903261447238	0.0013404981228256696
DLBCL_C_D_1133_NULLPAIR	0.029551805901576536	0.046281382437740284	0.8943471498092517	0.0194010820742547	0.010418579777176829
DLBCL_RICOVER_174	0.00292459621753633	0.9898543715883676	0.0036056055364109127	0.001739465421576086	0.0018759612361089791
DLBCL11685	0.008460009474217801	0.007366216054278422	0.9567828313028578	0.015038546523273993	0.01235239664537199
DLBCL_RICOVER_678	0.002273835060609451	0.9894743457986492	0.002906407478836615	0.0016087684003652167	0.003736643261539472
DLBCL_C_D_1157_NULLPAIR	0.011591054595119624	0.008199728282931433	0.9503647998317415	0.022446459598990602	0.007397957691216817
DLBCL_RICOVER_826	0.9752100649974297	0.00338828737936512	0.0035596692362572795	0.011808486226332675	0.006033492160615287
DLBCL_LS146	0.0008252009326168592	0.9957242685723122	0.0018117644731944877	0.000601934020190668	0.00103683200168575
DLBCL11500	0.010058001192737	0.005964503301263187	0.008928961145203135	0.011481724392359607	0.963566809968437
DLBCL_RICOVER_829	0.948105131803092	0.009026185578538931	0.0067560294576710575	0.02328929910587884	0.01282335405481921
DLBCL_RICOVER_1219	0.0021144480857434615	0.00322631283644122	0.00212211974051454	0.004005237069232638	0.9885318822680681
DLBCL_LS951	0.9545736258379024	0.009688356455975548	0.011885361641254389	0.01829073557147046	0.005561920493397265
DLBCL10977	0.00535106308643633	0.003286625573706166	0.003758954139048463	0.004188017298213456	0.9834153399025956
DLBCL10860	0.0035105474574353497	0.005041153300701256	0.004999875242659279	0.00586688280275776	0.9805815411964464
DLBCL_RICOVER_1192	0.005020128659778681	0.006949024195326011	0.004486894280938801	0.0036415220222474768	0.979902430841709
DLBCL_MC_F519_ALT	0.000960936109333804	0.0015193697314778466	0.0007222502988000955	0.0010871896952075963	0.9957102541651807
DLBCL11569	0.015297020954454541	0.030603240705295194	0.9300010853142012	0.019032812166883906	0.0050658408591651724
DLBCL11481	0.9716965140553003	0.003381495362836888	0.009966579963964845	0.008856116899029886	0.006099293718868096
DLBCL10897	0.9658459804888428	0.00638106271327421	0.00457853532791878	0.012888331266471126	0.010306090203493008
DLBCL_MC_F132_MLM	0.9780963374951664	0.002872206929545427	0.002970520474954259	0.010202842012242228	0.005858093088091649
DLBCL11677	0.9836529429425881	0.0017118988629562053	0.003763158548046812	0.0070155103864787335	0.0038564892599301857
DLBCL10458	0.9936194329974136	0.0009703835880824869	0.0015481123736047944	0.002650650524705747	0.0012114205161933953
DLBCL10996	0.9908614832581057	0.00115821167140812	0.002247877866909582	0.0034095136169008155	0.0023229135866757104
DLBCL_LS3820	0.01433389408391437	0.18526011736088205	0.6579735263570079	0.08565707839674212	0.05677538380145366
DLBCL11194	0.07087029794877296	0.01323233191965036	0.025771413518267183	0.17148534554664574	0.7186406110666638
DLBCL11432	0.5976669649453141	0.009872439019973513	0.12639096946259568	0.20297794100363115	0.06309168556848552
DLBCL_C_D_1138_NULLPAIR	0.03597413305864513	0.43093492089107877	0.2998730157464839	0.10455659890217295	0.1286613314016193
DLBCL10874	0.09177581739255745	0.25144800630282954	0.05015346894351051	0.24289169347277154	0.36373101388833096
DLBCL10955	0.23741475292221575	0.09605042703302927	0.22169328432707475	0.27050888933309447	0.1743326463845858
DLBCL10501	0.012729781861889347	0.3565332209638256	0.5656798830192831	0.03569194024629173	0.02936517390871024
DLBCL_RICOVER_1278	0.25067384487600214	0.02492830592217587	0.04765795030805098	0.27619305886710516	0.40054684002666585
DLBCL11205	0.31663552047152516	0.06955460695435507	0.5375094269621253	0.06516812094878242	0.011132324663211974
DLBCL_RICOVER_506	0.021765225477436572	0.3001794537496479	0.038229442222789296	0.02293949147658753	0.6168863870735387
DLBCL_LS155	0.05044453757595934	0.014980556044109201	0.34043220239643246	0.5000900291932938	0.09405267479020529
DLBCL_RICOVER_720	0.018720955951428527	0.5215212884995689	0.047962581076277606	0.017307966138495147	0.39448720833422984
DLBCL10867	0.04784048464329325	0.2409817452961524	0.026745083310441845	0.05069130059580108	0.6337413861543114
DLBCL11448	0.036342622171390525	0.05242863988930511	0.12535826905363487	0.1843629465991516	0.6015075222865178
DLBCL_MC_F606_DMJ	0.021096355056583034	0.6064641613364224	0.33069144453708693	0.02227796447649598	0.019470074593411588
DLBCL_RICOVER_711	0.15976110938344598	0.19536421821712133	0.05311927780920618	0.5625168420277307	0.02923855256249578
DLBCL10555	0.19005201932041796	0.04849993240361222	0.7037449009890159	0.04772019905743331	0.009982948229520556
