	0	1	2	3	4
DLBCL11491	0.20877450450771617	0.10359453239146478	0.14448068340123804	0.4397992625296706	0.10335101716991049
DLBCL10981	0.12945522681754776	0.1765286775230632	0.07572614926424683	0.21179671348738435	0.4064932329077579
DLBCL11534	0.04062699777935166	0.3480633164052694	0.23359651431585396	0.10744674703313534	0.2702664244663896
DLBCL11476	0.14905801336331043	0.28084653107499563	0.04054267787368089	0.062049283595153486	0.46750349409285963
DLBCL10847	0.3801781457954606	0.22313850323595813	0.04565060062618483	0.03720739398942972	0.3138253563529667
DLBCL10894	0.39022367874623665	0.31997893521518445	0.05987874148992065	0.2027499781385753	0.027168666410082903
DLBCL10914	0.6036565578535195	0.1731782934584662	0.13649777192370927	0.04670726182528146	0.039960114939023614
DLBCL_MAYO_DLBCL_3653	0.41132237376503994	0.21937122624355654	0.07065897018068742	0.08476547065606892	0.21388195915464717
DLBCL_RICOVER_787	0.4575756694217934	0.11047330961216138	0.05896582300072174	0.2753375360546412	0.09764766191068236
DLBCL10983	0.13929692600789917	0.25460605396477554	0.031291303789822644	0.0424314206266253	0.5323742956108773
DLBCL11479	0.12475199257919574	0.3062879368329218	0.3859134925625075	0.05690468385460517	0.12614189417076963
DLBCL_MC_F500_ECU	0.0642337333331172	0.3276926679983749	0.07685977114621997	0.10460481764434108	0.42660900987794675
DLBCL10915	0.10197707570723964	0.1699430842906239	0.055241948056187956	0.40616740918629474	0.2666704827596538
DLBCL10986	0.5206456976667783	0.15143531054236015	0.1567407436439052	0.04880905581292016	0.12236919233403618
DLBCL_LS3749	0.11237555331956225	0.4685189489376502	0.08302885784937537	0.29958877978364645	0.03648786010976565
DLBCL10513	0.2679855626857074	0.17268953654526895	0.0794902737783936	0.45756954445606285	0.022265082534567247
DLBCL_LS1395	0.039380497126574564	0.5424549776390395	0.298437656828823	0.015191434637947919	0.10453543376761497
DLBC_FF_8046_TP_NB	0.32137357861226157	0.4380618398550008	0.08327809172259797	0.08687327288434399	0.07041321692579557
DLBCL11565	0.02183684668277818	0.15151570580592713	0.04846257691605993	0.22403489895293682	0.554149971642298
DLBCL10491	0.03979605603429522	0.5822547270534634	0.05562634729804866	0.2971719331495653	0.025150936464627398
DLBCL10846	0.03673942224413114	0.1900736352740094	0.052826509713222475	0.10594028699823202	0.6144201457704049
DLBCL10874	0.07150959192028393	0.09254684204296149	0.06240658436912498	0.5550466621788046	0.21849031948882497
DLBCL_RICOVER_1045	0.2978520278754075	0.08532947101689647	0.04188761359841189	0.5208474880531765	0.05408339945610759
DLBCL_RICOVER_111	0.06769859972195662	0.09546365659176843	0.1036169723819148	0.038225800946137305	0.6949949703582228
DLBCL11203	0.03712216516205813	0.3735241362868013	0.058790355834942916	0.4911944613591197	0.039368881357077994
DLBCL10510	0.16670125795971125	0.4190170426004261	0.034957477564305	0.05271571223757545	0.32660850963798216
DLBCL_C_D_1159_NULLPAIR	0.1525801592799029	0.10749765530679008	0.030713292771496568	0.6689611981420078	0.040247694499802616
DLBCL10461	0.023716675648472234	0.13646481493769372	0.15328146627746286	0.028409475395945398	0.6581275677404258
DLBCL10521	0.028066435552452473	0.27378185380579484	0.019469994051967737	0.021754419810728776	0.6569272967790561
DLBCL_BWH_DLBCL64	0.056217344992367045	0.15782377589939522	0.09136048598294526	0.6627822082128855	0.031816184912407064
DLBCL_RICOVER_478	0.652963032207971	0.12688222450904119	0.034030762996590976	0.03507125218023877	0.151052728106158
DLBCL_RICOVER_711	0.09433210014989174	0.14432811405094734	0.03447128292358812	0.6837906183466379	0.04307788452893483
DLBCL11652	0.6541636811164093	0.21153678059757447	0.0645455220644794	0.04088418311736908	0.028869833104167797
DLBCL10950	0.5914167976151361	0.06867998069018544	0.08005135153125502	0.1115279308864219	0.14832393927700155
DLBCL_MC_F089_HCZ	0.008769527956645715	0.5361874480510365	0.25019438414205863	0.06928282887698901	0.13556581097327017
DLBCL10466	0.010549598964999681	0.600947066434324	0.2597879947776811	0.05070902740804695	0.0780063124149482
DLBCL11662	0.5479899235309701	0.17218797994452492	0.039780713972174885	0.10769462442171159	0.13234675813061852
DLBCL10878	0.5962655806038987	0.07710239489049829	0.027076030232371543	0.09205321193589736	0.2075027823373341
DFCIDL004_DT	0.46013528259608105	0.11137202525093898	0.022857205900455237	0.0855075833967918	0.320127902855733
DLBCL_LS1304	0.028159808856916272	0.16489489486642656	0.02568649655727266	0.024950543555709786	0.7563082561636748
DLBCL_RICOVER_985	0.027454407566357916	0.11405614762246882	0.08244301284410324	0.710065720882288	0.0659807110847819
DLBCL11431	0.07044714671009283	0.6352407050949388	0.1069056766081731	0.0543939075428041	0.13301256404399114
DLBCL_C_D_PAIR13	0.07188534398589337	0.6298965891244153	0.10813487879750619	0.05559150907374292	0.13449167901844228
DLBCL_RICOVER_440	0.01837534013161881	0.5875767442365599	0.34072150646054084	0.018177144708375313	0.03514926446290504
DLBCL_RICOVER_1046	0.013075459442474194	0.2765807332889683	0.6463365751817256	0.027488535944577192	0.03651869614225465
DLBCL_MC_F606_DMJ	0.019511090529144483	0.19056210562195774	0.7265885106959076	0.020396834421222552	0.042941458731767586
DLBCL_LS2325	0.07660315652050682	0.1411359914714966	0.7354140749733822	0.031983112303960545	0.01486366473065384
DLBCL10868	0.10327482773166424	0.07025627524493319	0.028640500382983176	0.6629605103005749	0.13486788633984445
DLBCL10536	0.03519885136941079	0.14068422834703984	0.687651292072637	0.05481583215733756	0.08164979605357489
DLBCL_C_D_1148_NULLPAIR	0.1489284594846468	0.07037646479051206	0.05195815951991839	0.6934796582829372	0.035257257921985426
DLBCL10555	0.19064223817936077	0.10127798196651948	0.6517673855401476	0.028991450606726574	0.027320943707245596
DLBCL_RICOVER_950	0.0341376895409411	0.12190616192609482	0.08911156985126556	0.7266765723629074	0.028168006318791086
DLBCL11520	0.7241341335480637	0.05077345271192117	0.017230887729097238	0.04540034932889603	0.16246117668202192
DLBCL11429	0.8030910556636329	0.0556327399975854	0.024877887539017256	0.06097478685414926	0.05542352994561518
DLBCL10891	0.0129103759606677	0.03906192539585268	0.048462549535882624	0.04192215842000157	0.8576429906875954
DLBCL10836	0.018046616359735663	0.016934410357873353	0.010770643503170802	0.014531120669766459	0.9397172091094537
DLBCL_RICOVER_1287	0.019573533886687252	0.09890977660405618	0.029492967461324463	0.02997647548514666	0.8220472465627854
DLBCL_C_D_1108_NULLPAIR	0.032732816103398725	0.6735072010644056	0.029609716838488953	0.036116452610798856	0.22803381338290787
DLBCL_MC_F815_BAT	0.06378619405282875	0.09741359970026359	0.5955837307437497	0.18016308096498732	0.06305339453817053
DLBCL11537	0.6173108739251172	0.06175302118971622	0.027417571054043886	0.0298179001115731	0.2637006337195496
DLBCL10456	0.037201567208504156	0.09414852908921457	0.04053991941715531	0.7672060931025694	0.060903891182556506
DLBCL_LS1921	0.04596960752264131	0.0876902732622872	0.042758900621642164	0.7950762434289038	0.028504975164525503
DLBCL10494	0.031125928861925542	0.14593358755610245	0.7640143301076625	0.03778944172039563	0.021136711753913826
DLBCL10544	0.03569934186944178	0.06255481597745517	0.039224822291806176	0.7872277723687501	0.07529324749254687
DLBCL10879	0.03682640884446676	0.09153570514007627	0.6377515075169169	0.045164868048296496	0.1887215104502435
DLBCL11672	0.035071393063796745	0.06714217471593259	0.816090611787033	0.04389731323883434	0.03779850719440336
DLBCL10547	0.04326366463959241	0.0479433959346352	0.030948655111576115	0.8397969859543865	0.038047298359809814
DLBCL10835	0.021862692463327022	0.05738327892928061	0.015174637424150483	0.09615160826976873	0.8094277829134732
DLBCL11564	0.03288084635923118	0.049934651004778355	0.028984398069274726	0.8625661403201637	0.025633964246552073
DLBCL11459	0.029965955190324696	0.055418921875686346	0.02575471644736738	0.8623892833242072	0.02647112316241442
DLBCL11539	0.85556044675878	0.03965817871440731	0.03782704122736538	0.05638984703325634	0.010564486266191034
DLBCL11462	0.8804605333942525	0.04044777387769813	0.02435380543217667	0.01808388137011472	0.036654005925758
DLBCL11507	0.021989315518269666	0.13244632313517576	0.7920339251513847	0.025684858996261557	0.02784557719890824
DLBC_FF_A7CQ_TP_NB	0.05171271411476962	0.04455787006870838	0.017932004166943794	0.07017641021145632	0.8156210014381219
DLBCL10529	0.013506379620278565	0.046147541523171284	0.030309661786722203	0.027656290513807344	0.8823801265560206
DLBCL10867	0.011190510960971246	0.05850251189421822	0.007637220152226239	0.018030437827323085	0.9046393191652612
DLBCL11685	0.010387791632265332	0.07260867564381393	0.8615071104015735	0.014419254249766486	0.041077168072580814
DLBCL10515	0.8933689375775619	0.051548623577765976	0.014363855594393871	0.029846889431234876	0.010871693819043458
DLBCL_C_D_1129_NULLPAIR	0.8773934484676453	0.035392946702806495	0.0206278369290744	0.025749965714464664	0.040835802186009136
DLBCL_LS3200	0.009466567560438201	0.040980105198787156	0.013698644897485748	0.015731805526254194	0.9201228768170348
DLBCL11558	0.017689010541649553	0.039559487747731915	0.9163589019601636	0.01584270936756511	0.010549890382889842
DLBCL11461	0.9226210958248442	0.03246723372454188	0.015257521201664013	0.022039353567497484	0.0076147956814523665
DLBCL_MC_F519_ALT	0.013831561847938205	0.03488167137471331	0.008726481111864335	0.012042875128028648	0.9305174105374555
DLBCL10945	0.865436815048056	0.034223961784649315	0.01565909941685801	0.027572001640954066	0.05710812210948262
DLBCL11481	0.9312940806474793	0.0308096494548009	0.013153824681724715	0.013777026984488294	0.010965418231506745
DLBCL10992	0.0015813216097418307	0.003433572696037939	0.0014321596641008875	0.002067437637899214	0.9914855083922202
DLBCL_LS1065	0.04882829864300536	0.8730406098456078	0.030743343384097458	0.027245123934148328	0.020142624193141
DLBCL_LS951	0.9517110703153069	0.019321913592065008	0.006674799724028304	0.014855428191971044	0.0074367881766287565
DLBCL_RICOVER_829	0.9195955294953394	0.03553916847385433	0.008099679761308593	0.020186865901839664	0.01657875636765802
DLBCL11680	0.0698238521080872	0.10778633332383665	0.7883903597841553	0.019283485130990718	0.014715969652930167
DLBCL10853	0.014066374634751288	0.017508631015351637	0.005787439475923709	0.01253038075719363	0.9501071741167797
DLBCL_C_D_1136_NULLPAIR	0.02845140237595756	0.8873686943797392	0.015536880941635106	0.029539309503024882	0.039103712799643225
DLBCL10550	0.007385122545006717	0.0180223762048339	0.01127167795737391	0.008105516685504893	0.9552153066072806
DLBCL_DFCI_DLBCL_GOE16	0.011998777003995304	0.06426528379501563	0.8986077285929196	0.013969710056762362	0.01115850055130711
DLBCL10866	0.015969664523896497	0.022740364602042776	0.012878225329338633	0.027678839926675625	0.9207329056180464
DLBCL10858	0.01852861305763271	0.033252195874089424	0.011210664212961002	0.054439360068420456	0.8825691667868965
DLBCL10912	0.9440508613597111	0.02273962675767128	0.012763764861158768	0.0126865224746843	0.007759224546774553
DLBCL10833	0.04244743089988499	0.03342236824196977	0.01038602652803635	0.04168200274874271	0.8720621715813662
DLBCL10900	0.00783667585211764	0.011768947470475234	0.004374161306822209	0.013667600693301757	0.9623526146772832
DLBCL11661	0.024356636749857573	0.8742688822383297	0.02945626348650505	0.05596037617795135	0.01595784134735636
DLBCL_LS297	0.010879994056071004	0.04161668625524486	0.9206451107372128	0.01946769763037563	0.007390511321095782
DLBCL11428	0.01305126534141813	0.039597173750128146	0.9286677486994812	0.010394692738636545	0.008289119470335922
DLBCL_C_D_1114_NULLPAIR	0.973926465528943	0.009458611629656801	0.003747594355745507	0.008365937940512377	0.004501390545142251
DLBCL10997	0.983600798877835	0.005663957137710516	0.0025044344165293217	0.004524938932950961	0.0037058706349742156
DLBCL_C_D_1130_NULLPAIR	0.973261056366281	0.01073821037245019	0.004775031900561519	0.00614979715312468	0.0050759042075826195
DLBCL_MC_F729_MAN	0.009097810397508573	0.9461554707276827	0.022959207739480365	0.009840150745405295	0.01194736038992312
DLBCL_RICOVER_417	0.0042135764055746166	0.0177584377530363	0.005056589102723226	0.009510619023865604	0.9634607777148002
DLBCL10887	0.001631219091948703	0.006365654810082042	0.002675676226873821	0.002740591248521548	0.9865868586225739
DLBCL10911	0.008048105426325645	0.9550371156804937	0.014609813099903656	0.008452133972611344	0.013852831820665667
DLBCL_RICOVER_449	0.0010206421752977952	0.004068434719908075	0.0014789403671226459	0.001753343393361509	0.99167863934431
DLBCL_C_D_1163_NULLPAIR	0.0013864909454652278	0.004441404575552227	0.0013756555132860308	0.0029985742798942115	0.9897978746858023
DLBC_FF_8042_TP_NB	0.05709229211539958	0.24729119626438362	0.17722689651008366	0.3348923057057769	0.1834973094043563
DLBCL_LS762	0.03405603547002058	0.2806129840963462	0.281359173218981	0.035616145861584125	0.3683556613530681
DLBCL10856	0.06419577499497038	0.3235971107642855	0.1637274077234617	0.016139296084329176	0.4323404104329532
DLBCL_RICOVER_1278	0.1091753865755786	0.11301945169777061	0.022544535845497444	0.208483534493541	0.5467770913876123
DLBCL11202	0.3189679144575744	0.13639922574487862	0.40270608100270516	0.12601684635403676	0.01590993244080499
DLBCL11436	0.12242550102214121	0.286157281077639	0.06687415882951063	0.44868377543376736	0.07585928363694179
DLBCL_LS3499	0.2789283249635099	0.2044362599237133	0.047819603860948544	0.38196778074605797	0.0868480305057703
DLBCL10962	0.16389353537463786	0.25151335589362295	0.3559294509328384	0.0973240893202108	0.13133956847869005
DLBCL_RICOVER_1106	0.04737781031900819	0.17007222823393803	0.04274483689968092	0.28556503809620504	0.4542400864511678
DLBCL_RICOVER_910	0.05858212695650156	0.3501598341913059	0.07136709476492108	0.4538934200604766	0.06599752402679475
DLBCL10927	0.08112452021994833	0.12387961512224194	0.036207617342316444	0.7330229372629987	0.025765310052494626
DLBCL10452	0.03305595038419418	0.2675184240512712	0.565660483011685	0.0469329825647468	0.08683215998810274
DLBCL_RICOVER_533	0.47783125345911887	0.16718904971919743	0.1642733122759988	0.16109353438058868	0.029612850165096266
DLBCL10974	0.057048859112567935	0.17987921651784175	0.04154745463315184	0.18647799942135163	0.5350464703150868
DLBCL10552	0.15487778704613692	0.07918055305482265	0.06472411330202676	0.675874961636983	0.025342584960030706
DLBCL11456	0.05646559645536936	0.44288979129062556	0.18041328066112683	0.281834778975097	0.03839655261778106
DLBCL11496	0.08087406218464006	0.08002216272898345	0.06254781337282554	0.03151090614327093	0.74504505557028
DLBCL10549	0.1759969236365372	0.19803549824731922	0.5531475448552862	0.04765655207918666	0.025163481181670826
DLBCL_RICOVER_274	0.05131442026345703	0.33847293926332755	0.03150128549543646	0.4884165726365855	0.09029478234119336
DLBCL_LS2208	0.04781917597877963	0.28120422891504354	0.07433009661266354	0.05525697587323119	0.5413895226202822
DLBCL_LS4054	0.0426179166378139	0.5180150637918516	0.10515328582631121	0.1937871038335871	0.14042662991043622
DLBCL_LS4616	0.01054099925992222	0.566777538921406	0.33599226375932506	0.041493519872208534	0.045195678187138155
DLBCL10512	0.03038893223294247	0.20881996810840717	0.5427322129299983	0.04101957140576238	0.17703931532288966
DLBCL_C_D_1156_NULLPAIR	0.10572827007462468	0.5452733178140114	0.07486587683815918	0.22162781346029042	0.05250472181291428
DLBCL10781	0.03130838041264691	0.04322901341834462	0.018944056875337144	0.07302598723084412	0.8334925620628272
DLBCL10517	0.012032069623973428	0.40163734628492376	0.5046570471059998	0.033805621738269405	0.04786791524683356
DLBCL_RICOVER_467	0.01582685146007753	0.35197053837218334	0.07919749905898775	0.02746642176226668	0.5255386893464847
DLBCL_RICOVER_408	0.5471699229011323	0.1580950998378334	0.15156920667223994	0.04345599430867864	0.09970977628011576
DLBCL11590	0.11012467466438214	0.07493596429629548	0.6992388712957617	0.06849386354760092	0.047206626195959785
DLBCL_C_D_1117_NULLPAIR	0.17140679640939466	0.3347471963999709	0.02577126690979	0.4376436525396092	0.030431087741235176
DLBCL_LS3245	0.013341156771682974	0.5114437536893609	0.39347176217293717	0.04716517116947364	0.03457815619654535
DLBCL_LS2089	0.025386911421010665	0.5561729666756177	0.026442823983737405	0.02212469048279652	0.3698726074368377
DLBCL10994	0.27947668675149073	0.5529706656271491	0.03330593563753551	0.04145682322593708	0.09278988875788746
DLBCL10880	0.054937725780198676	0.08368162052439715	0.033394395043162675	0.013957525982240137	0.8140287326700013
DLBCL11500	0.026913826159636386	0.043663789854133314	0.03121903305792722	0.022959865476869644	0.8752434854514335
DLBCL_DFCI_DLBCL_GOE07	0.07511783130057725	0.6034972753962561	0.11573541924542269	0.059543714523453396	0.14610575953429053
DLBCL10936	0.07313280783530574	0.6232887848976175	0.10541145025398294	0.057087409008456	0.14107954800463773
DLBCL11430	0.7265192796857998	0.05956841942811253	0.07543126970502197	0.12035594864748152	0.018125082533584254
DLBCL11478	0.1703643227875269	0.5171412612851799	0.259416652864542	0.03507205751169497	0.01800570555105626
DLBCL10935	0.2889804986016363	0.6064043997840943	0.030311353368230806	0.04608191250664908	0.02822183573938948
DLBCL11671	0.7527127123063467	0.14710817037807755	0.024378027179002903	0.06041869908271719	0.015382391053855601
DLBCL11576	0.03436076844325265	0.3077159660455811	0.089309724445248	0.516976809845948	0.05163673121997023
DLBCL11528	0.6163856483849259	0.11347794760370404	0.2102183911220651	0.03895172320558266	0.020966289683722196
DLBCL11204	0.1449465960005742	0.6724490937813067	0.057277895834637466	0.02835820964269582	0.09696820474078581
DLBCL10565	0.1539240260504832	0.18059968142698085	0.5090351748333672	0.133156711497666	0.02328440619150267
DLBCL10910	0.01373786023917403	0.7951304899493481	0.13787695438985043	0.030595219051908373	0.022659476369719083
DLBCL_C_D_1118_NULLPAIR	0.5341188436994005	0.1978412082003141	0.03075384225690249	0.07947694865450422	0.1578091571888786
DLBCL10495	0.766320752094213	0.16350573331656407	0.017758484233396165	0.03257644860144473	0.019838581754382034
DLBCL10503	0.038387201419731905	0.13132734928919548	0.6994827583159554	0.05783080655404387	0.0729718844210733
DLBCL10909	0.05721793190266086	0.1029393891798003	0.06757671567059624	0.6928047670952878	0.07946119615165473
DLBCL11566	0.025570925130545773	0.24022107118740652	0.6930265330958744	0.02516554338069166	0.01601592720548172
DLBCL10535	0.02701173909895962	0.09329649052885067	0.044973037740919264	0.01620165619902366	0.8185170764322468
DLBCL_DFCI_DLBCL_GOE05	0.016517844313991815	0.6667578778925721	0.05505332171906405	0.01787228544410807	0.24379867063026386
DLBCL11515	0.02056963176295256	0.08016090206704647	0.08153645035212556	0.017558044110826114	0.8001749717070492
DLBCL11519	0.6729907808594311	0.09188867121309964	0.037704720398611266	0.18127713363412434	0.016138693894733668
DLBCL_C_D_1144_NULLPAIR	0.03739712142539921	0.6922380021175485	0.023190699351142954	0.030692019105831442	0.21648215800007797
DLBCL10553	0.061392680760525176	0.09675070508652116	0.6030281096909551	0.19740878994688693	0.041419714515111616
DLBCL10885	0.019902980106837685	0.026001487851751815	0.008458466687489907	0.019860011460880712	0.9257770538930399
DLBCL_RICOVER_314	0.021550343492199968	0.688657909625675	0.05995082460722571	0.061392807658004075	0.16844811461689524
DLBCL10921	0.023387216518964984	0.06082218963834918	0.013519834118383584	0.01928636250202203	0.8829843972222803
DLBC_FF_8043_TP_NB	0.1156276750722572	0.7644608634532043	0.05435087914404812	0.020125428805117064	0.04543515352537334
DLBCL10890	0.012762092032655895	0.040059309657129616	0.023109036459075215	0.012453784441864747	0.9116157774092745
DLBCL11536	0.047579671310220124	0.07688992795174605	0.04594739494732978	0.7641286368637543	0.06545436892694974
DLBCL10993	0.4485849867396715	0.1709949435766855	0.05304701271176363	0.1392534692500232	0.18811958772185627
DLBCL10564	0.05070860992627082	0.07542706729638263	0.041908408762321145	0.7845260066322819	0.047429907382743525
DLBCL10903	0.01391106544003525	0.864659355695624	0.08711676297564692	0.011373743975349923	0.02293907191334387
DLBCL11450	0.008486707891012874	0.01731723250813101	0.0059494757158475315	0.018461042723665923	0.9497855411613426
DLBCL11437	0.03483794354087706	0.08786850393908113	0.06171298808881991	0.7435120911436698	0.07206847328755217
DLBCL10852	0.008616008367440467	0.014786480423110333	0.005441973144726457	0.014688782016538754	0.956466756048184
DLBCL_RICOVER_1018	0.04560542982669134	0.06800197254056368	0.02762996263239434	0.8348767376213748	0.023885897378975826
DLBCL10472	0.02463661343022167	0.060750787404653304	0.8163814531724638	0.08032151548074948	0.01790963051191173
DLBCL10871	0.08123176146599384	0.8139056775508791	0.049544925163206605	0.024296292322907566	0.031021343497012945
DLBCL10782	0.04000953835266864	0.05678959591945739	0.033189292127154636	0.8492068786322033	0.020804694968516002
DLBCL_LS2357	0.029467947146837776	0.05856712075626483	0.028870928051304524	0.8557734866285163	0.02732051741707666
DLBCL11658	0.03769653553028246	0.06292593821036341	0.03759603074271661	0.8107796106493791	0.051001884867258394
DLBCL10895	0.0193132485828239	0.05687590555865741	0.038109748831940675	0.01549175536890857	0.8702093416576694
DLBCL10883	0.0060581390495998136	0.011134307339207616	0.0035074425221684343	0.0040363799024095	0.9752637311866147
DLBCL11195	0.008182075248845185	0.09427211331930006	0.021064001761722986	0.024393206916322723	0.852088602753809
DLBCL_LS2599	0.0421146059886945	0.05254324407025486	0.839502542955713	0.048736931646593144	0.017102675338744436
DLBCL10922	0.03895746413632926	0.8574924232450921	0.04864767073725025	0.020964386913171065	0.03393805496815735
DLBCL_RICOVER_221	0.010020896189123267	0.04309984528236421	0.026080357382133074	0.024302785058292163	0.8964961160880873
DLBCL_C_D_1128_NULLPAIR	0.8708074984742888	0.05401026908265253	0.021584210866259584	0.026634085664171362	0.026963935912627673
DLBCL_RICOVER_850	0.003073328044339393	0.007976422419086956	0.001929104718617181	0.004089823591816579	0.9829313212261399
DLBCL11673	0.017742016900242956	0.8920559049966458	0.051695258081637295	0.024575456093391755	0.01393136392808222
DLBCL_LS2245	0.032220870668853055	0.052004668285560454	0.8686916618551598	0.02831869460141896	0.018764104589007756
DLBCL11353	0.0072883464947007095	0.036493290412202284	0.036222396597566944	0.011928033800299652	0.9080679326952305
DLBCL_RICOVER_1248	0.002236377761590568	0.005090701923666711	0.0015072891519986547	0.0031125046550895016	0.9880531265076545
DLBCL10951	0.006288373692212343	0.0159930020865702	0.0049698744772595045	0.007144045049954257	0.9656047046940037
DLBCL11488	0.5442015710881697	0.07341049074689272	0.018474758912536797	0.05846934441063415	0.3054438348417666
DLBCL_RICOVER_1289	0.0039016498945234493	0.010079193223737409	0.002889034680734701	0.006083258976591461	0.977046863224413
DLBCL_LS146	0.048110768900228425	0.8722252446254064	0.038619822419028796	0.025764062047365612	0.015280102007970742
DLBCL_RICOVER_577	0.016818327925324224	0.04951175725339542	0.9104593705400509	0.01314156327370395	0.010068981007525539
DLBCL11670	0.009070477376184244	0.05115229125039449	0.8861196126660601	0.037728242934085096	0.015929375773276126
DLBCL10844	0.8609892117565949	0.045902462633456334	0.0174530627024889	0.026944389865726566	0.048710873041733285
DLBCL11656	0.007734204119150627	0.03767732400826258	0.926211870879453	0.011559039083818003	0.016817561909315798
DLBCL_RICOVER_978	0.9128205392711071	0.02588927193459119	0.021406745419732604	0.02968094602296657	0.01020249735160253
DLBCL10465	0.008144448188879987	0.04552244223613825	0.9214923124399044	0.013376136541949551	0.011464660593127837
DLBCL11188	0.00892931104400929	0.9523662082105733	0.015920058347529808	0.008283961948096365	0.014500460449791313
DLBCL10862	0.005471053041434439	0.02579300930711363	0.012378757942780155	0.007648498674688196	0.9487086810339836
DLBCL11667	0.00971670635532283	0.03608327246685785	0.9368846514550455	0.010335365275368356	0.006980004447405419
DLBCL11470	0.8213541249871178	0.04170087046593281	0.02637740629796916	0.09218529037261201	0.018382307876368183
DLBCL10884	0.9435130649131761	0.023777755424810296	0.010773270314382605	0.014339368267776965	0.007596541079854041
DLBCL10530	0.0002895104153418444	0.0007972204197270773	0.0002954417975692722	0.0003884093392621753	0.9982294180280996
DLBCL_C_D_1125_NULLPAIR	0.0026899054799322452	0.01110729342760901	0.0034195491745490267	0.004817532673021691	0.9779657192448881
DLBCL10534	0.00016242491256432574	0.0004237097024417186	0.00013375029798797511	0.0001974926674770966	0.9990826224195288
DLBCL10931	0.9230951414937671	0.0187349064079846	0.01182383274291618	0.025190484112490686	0.02115563524284141
DLBCL_RICOVER_945	0.9648643397347526	0.012473119482616783	0.0049247449004703025	0.012204339686427026	0.005533456195733309
DLBCL_RICOVER_451	0.9857286964548909	0.005524985150901207	0.0024902347137198268	0.003847210108555044	0.0024088735719329842
DLBCL_LS1757	0.9617596046104517	0.01195931671207022	0.006761787658729805	0.011081862009823373	0.008437429008924873
DLBCL_RICOVER_977	0.9434324399105568	0.01570711719172512	0.006857815677832035	0.016567957694143848	0.01743466952574222
DLBCL10525	0.9779429312598653	0.00790021571830739	0.00400455627015246	0.005689608654228601	0.004462688097446292
DLBCL_MC_F064AB	0.06324727338969455	0.18467855712870046	0.48505373301265486	0.2014755914022095	0.06554484506674058
DLBCL10906	0.25791801595579594	0.36676987326556615	0.043510865780526646	0.09135809438540578	0.24044315061270544
DLBCL11003	0.3032312017715224	0.2103438133740688	0.09055733017025282	0.1510942033113324	0.24477345137282377
DLBCL_RICOVER_522	0.23476889112528265	0.12437903337656336	0.36411792984562075	0.25616282764192005	0.02057131801061315
DLBCL10863	0.178938173166907	0.10622204171806351	0.025258079667163848	0.24374791769802606	0.44583378774983956
DLBCL_LS2154	0.4446541704841636	0.3175909939604299	0.09279311540972167	0.08982649420015516	0.05513522594552972
DLBCL_RICOVER_1060	0.48843718186791824	0.27971308106339476	0.09097501390324515	0.09020370946400535	0.0506710137014365
DLBCL_C_D_1119_NULLPAIR	0.230381644064033	0.48332196842792485	0.0810319194468767	0.049472351096674784	0.15579211696449066
DLBCL11484	0.06761408202806436	0.4897081622793997	0.09806779196437197	0.06205200547510902	0.28255795825305496
DLBCL_RICOVER_216	0.07505233095617268	0.46381742079649524	0.3286920527459637	0.05187313766289804	0.08056505783847034
DLBCL_C_D_1126_NULLPAIR	0.2924878198718068	0.5486969513355465	0.030744256439342366	0.06309095563923887	0.0649800167140654
DLBCL_LS155	0.05656469374583377	0.1696173228447355	0.4478352175680647	0.2823330681433592	0.043649697698006897
DLBCL_RICOVER_1210	0.01404919378368955	0.5330579907420087	0.3760371823292716	0.04268621184495442	0.03416942130007579
DLBC_FF_A7CX_TP_NB	0.30496928406188883	0.15453667300906743	0.05295479411237218	0.03154983435817085	0.4559894144585007
DLBCL11205	0.3401777257286648	0.15249932707476263	0.40722503847751274	0.0814933018053391	0.01860460691372065
DLBCL11002	0.16341433812890493	0.15027750611350885	0.07581541917876625	0.5837135693902538	0.026779167188566284
DLBCL11538	0.029201967998432332	0.11159052833483987	0.6481698852509348	0.13426793905167048	0.07676967936412261
DLBCL11681	0.5169183725594777	0.06359410269987878	0.2688289167593086	0.07578692426910377	0.07487168371223121
DLBCL_MC_F307_JPS	0.041528164438128325	0.5367612717460878	0.09881580208424391	0.18983234763705442	0.13306241409448555
DLBCL_RICOVER_773	0.032998488711467225	0.12144282451170378	0.24030609805407877	0.020938861619631155	0.584313727103119
DLBCL10972	0.22282606617645628	0.09611274420733476	0.08425353010151823	0.10917099177039312	0.48763666774429754
DLBCL_C_D_1112_NULLPAIR	0.18379116475588603	0.26354371184638625	0.33494580744817404	0.06264862793795531	0.1550706880115984
DLBCL10980	0.017018010608356247	0.16772082753622441	0.14206271085901076	0.0814502827307718	0.5917481682656367
DLBCL10985	0.11583743117204223	0.482595698671117	0.032525490585889966	0.3346381852401909	0.03440319433075981
DLBCL_LS2590	0.03748692167695304	0.0918431414553916	0.07943308453508574	0.4642708794662658	0.3269659728663039
DLBCL_RICOVER_496	0.07580141533985438	0.6001622704623238	0.11490743023826326	0.05817018792792622	0.15095869603163228
DLBCL10502	0.12385402399389465	0.16615526805870173	0.5475710136697118	0.13626200206264913	0.026157692215042643
DLBCL11527	0.06389077586770461	0.08276271082542336	0.04912122226165122	0.5973107154096702	0.2069145756355506
DLBCL11480	0.6393793922382144	0.12045783535105453	0.1451569400060215	0.05995256705482465	0.03505326534988486
DLBCL10483	0.1280041260921876	0.2953616874396096	0.46365145756898873	0.03373893079208117	0.07924379810713295
DLBCL11474	0.3878895776949513	0.25850669893964995	0.026854367078600026	0.27294788452130425	0.05380147176549453
DLBCL10963	0.0861888175672788	0.1325916120011273	0.05576808475491208	0.6026641688960079	0.12278731678067394
DLBC_FF_8062_TP_NB	0.07490448191458712	0.1469506012482843	0.11164441064274448	0.6312369228229974	0.03526358337138672
DLBCL10908	0.04339312905623833	0.3669597703463324	0.4655316886551639	0.03268518297333026	0.09143022896893507
DLBCL11447	0.07765984441661809	0.08345141650905838	0.033947068611660164	0.5537642655426313	0.2511774049200321
DLBCL_C_D_1105_NULLPAIR	0.7932599854421458	0.11060989737014945	0.02837725202054064	0.03590585989265737	0.03184700527450668
DLBCL11441	0.1231110874149955	0.12657229743316456	0.052383393211626654	0.1841152936941979	0.5138179282460154
DLBCL10934	0.0588621887464929	0.15351330821139114	0.011846937181264066	0.07716408580283429	0.6986134800580176
DLBCL11206	0.08634226805558498	0.1945656143636804	0.551191502033572	0.02984739713533928	0.13805321841182341
DLBCL_RICOVER_1165	0.05201825986653627	0.6845051606282266	0.07157314021595518	0.016781972686829124	0.1751214666024528
DLBCL_LS1668	0.03680108900219973	0.5557292123526397	0.12896426834838468	0.2195836881561395	0.05892174214063634
DLBCL11449	0.0800712211860061	0.1782282133728445	0.02094037043605081	0.03895824520507313	0.6818019498000255
DLBCL10486	0.6482285782074809	0.144552881784498	0.03310403012654362	0.120924395869185	0.05319011401229252
DLBCL11504	0.14917000239029546	0.0795142073001375	0.027829858478590996	0.0815787822429611	0.6619071495880149
DLBCL_RICOVER_701	0.04544546492446698	0.06710221592372326	0.029000004380945337	0.8337603042127081	0.024692010558156396
DLBCL10850	0.026369450044797387	0.8009632581313895	0.05599590339101956	0.010960005526681365	0.10571138290611216
DLBCL10999	0.012326613477740292	0.0712573912704474	0.040852967376652484	0.08849003594711986	0.7870729919280399
DLBCL10451	0.7324638646197157	0.08458254993812206	0.13596677705507007	0.02783318087002663	0.01915362751706548
DLBCL_C_D_1131_NULLPAIR	0.025905743948820677	0.8022511238839681	0.06708234529491935	0.009695292285032507	0.09506549458725932
DLBCL11433	0.04118568811464814	0.06042502902649741	0.04212707805309639	0.132221001772226	0.724041203033532
DLBCL_RICOVER_174	0.18082359439866152	0.7328979145959013	0.03041874737558626	0.03114339172354688	0.02471635190630411
DLBCL10968	0.16753489829236348	0.06115500819779118	0.03839649354404299	0.6221063219128363	0.110807278052966
DLBCL_MC_F218_RAP	0.06932394551327448	0.14115333923390094	0.079528150885562	0.6755414233488829	0.034453141018379714
DLBCL10780	0.030255939971499713	0.6988996082211802	0.21265700151906006	0.04103152219644597	0.017155928091814054
DLBCL10539	0.04297586824114718	0.10682055016994489	0.04864564839032585	0.7731380056935948	0.028419927504987345
DLBCL10925	0.05140271683526962	0.07401259624324821	0.012000507409447761	0.04454071522119043	0.818043464290844
DLBCL11460	0.0332725572474476	0.05457444460395449	0.02616176954063791	0.8588697068276816	0.027121521780278445
DLBCL10898	0.017078659474909743	0.171062501888427	0.01812376856741004	0.03006962957033284	0.7636654404989204
DLBCL10930	0.14152858587603537	0.049862480902597664	0.052246153890730784	0.0456334278601269	0.7107293514705093
DLBCL10965	0.13903363132616237	0.05593591873604139	0.04903161053106769	0.7159756569628793	0.04002318244384919
DLBCL_C_D_1109_NULLPAIR	0.13393066425419609	0.07858816676866819	0.02691416914862503	0.7111897132323282	0.049377286596182526
DLBCL10498	0.037537741311364343	0.11136998468708573	0.8079247763501	0.03340141601884169	0.009766081632608257
DLBCL_RICOVER_253	0.012419809762958806	0.8851724884280667	0.06611900264298001	0.012386148674387332	0.023902550491607093
DLBCL_RICOVER_956	0.01848843771631876	0.097613828720232	0.028223387837514848	0.02849905775500126	0.8271752879709331
DLBCL_RICOVER_744	0.08917976676070304	0.09289783158482554	0.7810122771992304	0.016368246393210717	0.020541878062030356
DLBCL_RICOVER_1061	0.05861124228501078	0.05929020948030025	0.04116829047788728	0.8211095154210574	0.019820742335744296
DLBCL10490	0.784244013654694	0.07681409863902848	0.02298428536634649	0.08224398490684195	0.03371361743308908
DLBCL10532	0.03440249467175229	0.08254212489549978	0.15802440471442422	0.04390221634413867	0.681128759374185
DLBCL10954	0.0348233744480888	0.8584186603494963	0.0352413635772036	0.031155772069727874	0.040360829555483355
DLBCL_C_D_1133_NULLPAIR	0.06186975586441948	0.0936188270504512	0.7959777583485811	0.027544900924617276	0.020988757811930967
DLBCL10969	0.7096244120991662	0.14473442881940726	0.09136723920004583	0.030965501063847056	0.023308418817533663
DLBCL11435	0.9190585556394834	0.02187158910830896	0.010181171943469928	0.033530904020488465	0.01535777928824934
DLBCL10460	0.022308493730610255	0.9061203714503808	0.045711380944533635	0.009819988045932655	0.016039765828542576
DLBCL_C_D_1113_NULLPAIR	0.022654940361591866	0.08921312076798008	0.8516153907916554	0.01673587353266505	0.01978067454610763
DLBCL_RICOVER_712	0.018269962814263616	0.038505485012558904	0.012017792653944946	0.029234812907190592	0.9019719466120419
DLBCL10957	0.8261281522689158	0.0820222440674749	0.032605728647333874	0.04497721996667338	0.014266655049601994
DLBCL11486	0.035872256042648	0.03254287590524688	0.023165491666206947	0.014009083473251676	0.8944102929126465
DLBCL10459	0.008417870616200918	0.07815543921806319	0.8813518215108952	0.01663751136479061	0.015437357290050104
DLBCL_MC_F139_LJF	0.04696767866637245	0.04597092441945644	0.031086977585423822	0.8479146887205156	0.02805973060823177
DLBCL10902	0.01208526451765283	0.10515890134491084	0.018752544278278577	0.01390806887422917	0.8500952209849286
DLBCL11512	0.7721981513786281	0.0954789594457518	0.042645451407974565	0.07325089426157845	0.016426543506067055
DLBCL11675	0.018802243034684193	0.038722673418307936	0.8631254352852518	0.032727288692319646	0.04662235956943654
DLBCL_RICOVER_299	0.012669281490708851	0.09717766240660551	0.8442229239859405	0.013737211530014242	0.03219292058673092
DLBCL10834	0.029809337963730427	0.9036017433008632	0.03906958452453697	0.012363031308348748	0.015156302902520617
DLBCL10990	0.010243950186261444	0.0357455319117753	0.011341482563768147	0.01542008881840566	0.9272489465197895
DLBCL10482	0.8863670234868647	0.03813675703733596	0.011631352686161833	0.020453982217719945	0.04341088457191753
DLBCL_RICOVER_473	0.8657440415505225	0.06740519032341075	0.022965156204725525	0.02797116045078592	0.015914451470555268
DLBCL11526	0.01082584580866582	0.03685145516619772	0.9321984857506229	0.012941245090334433	0.007182968184179128
DLBCL11472	0.9098049218423804	0.02767455790208809	0.014043193827808213	0.03413637863633288	0.014340947791390474
DLBCL10523	0.01423388448049943	0.029185329766416447	0.9263375938602366	0.022438597637127442	0.007804594255720122
DLBCL11458	0.019434876045307543	0.0508484186679425	0.9022648111258992	0.011452022719316895	0.015999871441533937
DLBCL_MC_F349_BJJ	0.011537868026581383	0.07322694631447219	0.8747077677137761	0.013399103770987356	0.027128314174183012
DLBCL_C_D_1141_NULLPAIR	0.013990284579358756	0.04774761561088605	0.9119716034583358	0.010491489888126352	0.015799006463292985
DLBCL10857	0.007613416326911025	0.015413918292973625	0.004293512957692875	0.01199261735255271	0.9606865350698698
DLBCL_LS1098	0.010983971391621468	0.02429426797083309	0.9459046917315308	0.012392778623322906	0.0064242902826917156
DLBCL_RICOVER_1032	0.008794730814569137	0.039590596695887714	0.005278968272574172	0.014951116362633746	0.9313845878543352
DLBCL_LS378	0.9356559899991648	0.025084858874653955	0.01692736593574981	0.013961290527591357	0.008370494662840093
DLBCL10860	0.005377962005375285	0.029605573151959587	0.014307865405102661	0.009678902435615337	0.9410296970019472
DLBCL11666	0.005868981473342536	0.02056875868155096	0.9589542035645366	0.009305546350420812	0.0053025099301490485
DLBCL_MC_F262_WLC	0.952903159834249	0.01796308208073505	0.006036311525184905	0.01384393665405654	0.009253509905774558
DLBCL11457	0.9401718572008816	0.018169930172100862	0.011957306160641255	0.020113901321802234	0.00958700514457405
DLBCL_RICOVER_506	0.004773546285147542	0.016857524517336582	0.0053783969275978775	0.005022958083049137	0.9679675741868689
DLBCL_RICOVER_720	0.005473641158725441	0.025958380520288357	0.007451689733074252	0.006572015884962193	0.9545442727029497
DLBCL10977	0.006527948801064472	0.01388705565338367	0.00632824657152567	0.0047454868127871815	0.968511262161239
DLBCL_RICOVER_1192	0.0045831198727447646	0.015551626590505277	0.006077172307727857	0.00434284516456136	0.9694452360644608
DLBCL10458	0.9900112813865171	0.0037512455685981935	0.0016965087581322404	0.0028197771525440662	0.0017211871342084856
DLBCL11000	0.0021857253591154174	0.009648073887224703	0.0034168918608656297	0.005147856966888824	0.9796014519259054
DLBCL10842	0.0018556048531869658	0.004714496608788221	0.0021190085738297436	0.002930505759434559	0.9883803842047605
DLBCL10901	0.0005021233445050097	0.0017441185029240577	0.0005867699161928561	0.001026461424629599	0.9961405268117485
DLBCL10889	0.0006676412575138159	0.0025287407644116787	0.0007014049591355306	0.0012551544692576291	0.9948470585496814
DLBCL10454	0.5420195270354821	0.23734587003435315	0.07509010354840925	0.03232223274131322	0.11322226664044234
DLBCL10971	0.3981098555845353	0.18476313092999597	0.06443968705377669	0.24926317000305434	0.10342415642863767
DLBCL_LS2367	0.47593937271035636	0.12620211421401992	0.03084034092106449	0.22210332933327712	0.14491484282128214
DLBC_FF_A7CW_TP_NB	0.0328929939835712	0.33741362394913627	0.23308084959873657	0.2698927092422635	0.12671982322629244
DLBCL10484	0.1177025270492684	0.42579441166797305	0.26429833568727906	0.14427498953204124	0.04792973606343838
DLBCL_MAYO_DLBCL_234	0.15750141082236904	0.1273800134350338	0.5118246354058569	0.15439286814309547	0.048901072193644916
DLBCL10450	0.5407783710941547	0.09080145730367262	0.018170800883488034	0.15273966855036836	0.19750970216831637
DLBCL10548	0.5107094247671182	0.18341915570140235	0.02925496666619831	0.2415777272103554	0.03503872565492578
DLBCL11473	0.08821909797245733	0.47223914863109745	0.059394844660122556	0.3045576537592276	0.07558925497709504
DLBCL10519	0.13029033589342978	0.25738860408904	0.20089171773451273	0.37461698816270894	0.03681235412030852
DLBCL_RICOVER_120	0.29594515251841425	0.09270884628259905	0.10262019999531481	0.04338907765548974	0.4653367235481822
DLBCL_RICOVER_617	0.5103729740633713	0.12081506649743358	0.048842179572567195	0.3006023112084263	0.019367468658201693
DLBCL_RICOVER_320	0.07534641223073138	0.47880824663162735	0.3166363221821147	0.05135799403439277	0.07785102492113381
DLBCL_LS4619	0.02446891803262764	0.17324849422032504	0.19878667666667632	0.09002952918866873	0.5134663818917022
DLBCL_RICOVER_1190	0.03447831376487516	0.28172178329470104	0.36370826857145466	0.0369305441433817	0.28316109022558744
DLBCL10907	0.10303860379420804	0.4663352485875145	0.026906910217914585	0.1023735112341186	0.3013457261662443
DLBCL_C_D_1106_NULLPAIR	0.44544267923030906	0.3199004864658748	0.041783660241494845	0.14310120470458843	0.04977196935773284
DLBCL11535	0.0602138451800302	0.13891355918599646	0.04195509467101285	0.33539962011484237	0.42351788084811814
DLBCL11683	0.09230289473016316	0.13002287969503853	0.5715647943506074	0.18114432541341471	0.02496510581077619
