	0	1	2	3	4
DLBCL11534	0.036383206284535154	0.2577688900611348	0.21786685166658187	0.115933663640316	0.37204738834743234
DLBCL10986	0.5180818742191378	0.13722018365455796	0.14542909846187974	0.07114214422668051	0.12812669943774393
DLBCL_BWH_DLBCL64	0.1926205253480429	0.20074918644297704	0.04175748722239234	0.5349697035354757	0.02990309745111213
DFCIDL004_DT	0.24063141333939314	0.09741701368946001	0.021618464880926808	0.10699360933057178	0.5333394987596484
DLBCL_MAYO_DLBCL_3653	0.46567572852218697	0.196009466405489	0.049444922597655254	0.09171823660964783	0.19715164586502096
DLBCL11476	0.10712406203447464	0.2671021448503216	0.034573098071385464	0.06861464661087158	0.5225860484329468
DLBCL11565	0.02403174361552697	0.12705414115653263	0.044362920132925907	0.26416487828986795	0.5403863168051466
DLBCL11479	0.09397132513611417	0.27764443587142984	0.3913669498799283	0.06118021670514185	0.17583707240738575
DLBCL_RICOVER_478	0.5384481159558151	0.17517430653030577	0.09058862547533214	0.041173098920436385	0.1546158531181106
DLBCL_RICOVER_711	0.20372877362329317	0.15547686245132022	0.021907111577304187	0.5666119264887413	0.05227532585934114
DLBCL_MC_F500_ECU	0.05904027808880776	0.31538101186984585	0.06577976545433595	0.12778432988431823	0.43201461470269215
DLBCL_LS3749	0.0813404819374278	0.5276765436796234	0.05695428065512932	0.2897980578077973	0.04423063592002214
DLBCL_LS1395	0.028401753951326693	0.34473708841564893	0.5518328491271738	0.015513228057393061	0.059515080448457505
DLBCL_RICOVER_1045	0.5543509853892609	0.08317415019053895	0.026816605451430584	0.28950619174104797	0.04615206722772165
DLBCL10833	0.10501627407330891	0.051971138764233066	0.014135640717425213	0.0735741293296331	0.7553028171153997
DLBCL_RICOVER_787	0.37948735140772094	0.10993357645462686	0.055285467062717746	0.32334388771676903	0.1319497173581655
DLBCL10981	0.08918282226278702	0.17287718072234107	0.045074152269082374	0.22154297105819953	0.47132287368758996
DLBCL10846	0.4224795186739754	0.25376246589669854	0.029804410806244967	0.1099882136618407	0.18396539096124054
DLBCL11652	0.6238343821163883	0.2241943836454466	0.076661733722878	0.047753284854363885	0.027556215660923148
DLBC_FF_8046_TP_NB	0.04306110388443132	0.24534095619072538	0.6451822477999336	0.03777197363104154	0.02864371849386811
DLBCL10510	0.16745790543560446	0.4003221215055795	0.030433479823668817	0.06179720836750505	0.3399892848676422
DLBCL_LS1304	0.017127246525892762	0.27776373321943143	0.44052127358330617	0.027841747649383217	0.2367459990219864
DLBCL_C_D_1159_NULLPAIR	0.22693768907654527	0.11731094422200916	0.021856801133332413	0.5941241505473798	0.03977041502073342
DLBCL10879	0.02383010667585503	0.08159077178955879	0.6344605714381342	0.05628039998087027	0.2038381501155817
DLBCL11203	0.03746011203814219	0.4879819326585715	0.0506548371669975	0.38383325482165676	0.04006986331463204
DLBCL10466	0.01052580693069575	0.35929393820156746	0.5461176860978885	0.03598969033839178	0.048072878431456495
DLBCL11491	0.1509042558409581	0.1172056312094197	0.07467950752773891	0.5650611015767197	0.09214950384516359
DLBCL_C_D_1148_NULLPAIR	0.5416726229088746	0.08539055857955652	0.07825560742378784	0.2648109945010672	0.029870216586713825
DLBCL10521	0.020390831145398042	0.23770063346134523	0.020905138025005023	0.0250206790582127	0.695982718310039
DLBCL10915	0.07925209067735776	0.1351597627177003	0.04935872301549644	0.4842559563523048	0.2519734672371406
DLBCL_LS1921	0.04641372910667946	0.15817087674720381	0.09294495817322362	0.6702205945496752	0.032249841423217955
DLBCL10894	0.6685219755611309	0.18318441429908663	0.0204240550494706	0.10760626430506401	0.020263290785247853
DLBCL_RICOVER_440	0.014543001628242482	0.3653707683025967	0.5715263217462954	0.01974489897780751	0.028815009345057964
DLBCL11431	0.07252685476561649	0.6107496629933938	0.1047406700558266	0.06695285308056877	0.14502995910459435
DLBCL_C_D_PAIR13	0.07035796455813349	0.6164015973738807	0.10497659633645072	0.06394703241592724	0.14431680931560784
DLBCL10513	0.1433265091723593	0.1522524356224438	0.07565548478472545	0.6045656743413013	0.024199896079170204
DLBCL10878	0.2463717129530538	0.0612004450815917	0.024721478473701458	0.0918616009992883	0.5758447624923647
DLBCL10515	0.9133875956907194	0.04378063340086848	0.00843006999088595	0.024802143170071882	0.009599557747454277
DLBCL11662	0.8072832401252992	0.0954042263433844	0.012372084015959645	0.04389418705656792	0.04104626245878888
DLBCL_C_D_1108_NULLPAIR	0.04040243581323006	0.6607048535557115	0.02473914347972049	0.04404538427908535	0.23010818287225257
DLBCL10536	0.04020701032619331	0.1622281310471324	0.593066185411104	0.07643764800599223	0.12806102520957804
DLBCL10461	0.014108596565547905	0.11462166130301535	0.14101945700478305	0.033844431406677616	0.6964058537199761
DLBCL11507	0.13911890654697823	0.2655361524900565	0.5027284984060171	0.04633233460229099	0.04628410795465716
DLBCL10914	0.7072107963660978	0.16560139781620034	0.06365302283124107	0.03412556465874793	0.02940921832771284
DLBCL_MC_F606_DMJ	0.013561394005306223	0.10611714186261614	0.8396632003759149	0.01599909125234077	0.02465917250382198
DLBCL_RICOVER_1046	0.010631353908877032	0.17843852513406663	0.7643048569907348	0.020410951462952423	0.02621431250336911
DLBCL10874	0.061881915061418005	0.08053329578289609	0.04613705729461127	0.5914694500924154	0.21997828176865933
DLBCL11537	0.6994102549535898	0.049279888423478566	0.024576064017241262	0.03360907616803235	0.19312471643765805
DLBCL_RICOVER_985	0.02699431279532058	0.10609221051496978	0.06343978303638527	0.7306249716500487	0.0728487220032757
DLBCL_MC_F089_HCZ	0.009638130833011566	0.5840952038708308	0.17261399344335648	0.0931448148891625	0.14050785696363866
DLBCL10983	0.09839812987142275	0.2089070972999739	0.02624537518821549	0.051833054504467	0.6146163431359208
DLBCL11462	0.8579349697255549	0.043855917407252476	0.026002455502659033	0.0235447578391639	0.048661899525369715
DLBCL_RICOVER_111	0.03917512389567729	0.06257565893924556	0.06972509906571307	0.0339730337990497	0.7945510843003144
DLBCL10950	0.81306618981498	0.04931803517449806	0.025334509811772984	0.05544520168138447	0.05683606351736448
DLBCL10847	0.08096451716395958	0.08487440801940777	0.024073083749392044	0.028029921118717424	0.7820580699485232
DLBCL_RICOVER_1287	0.019783822359322807	0.08871875064079214	0.027579394964850595	0.03488415874247216	0.8290338732925623
DLBCL_MC_F815_BAT	0.029963808261448906	0.061820359042868554	0.8015088779936999	0.07390443986393834	0.032802514838044326
DLBCL_RICOVER_950	0.032253016409188213	0.1361930004560986	0.06800123111696223	0.7288560337724439	0.034696718245307116
DLBCL10544	0.033629538707434	0.06898560431865629	0.029654713967302987	0.7808250397339707	0.08690510327263604
DLBCL10494	0.02575562070850828	0.2150918872588834	0.6876530071646658	0.0416428098609301	0.02985667500701244
DLBCL10835	0.016099051929405736	0.05389009620236522	0.014714669153737306	0.09493693213086798	0.8203592505836238
DLBCL10868	0.07867858577014102	0.0657283540571009	0.02426522898067635	0.6834662753382508	0.14786155585383093
DLBCL10891	0.008062524544555697	0.023479519903364308	0.021133823031027905	0.03139207639981862	0.9159320561212334
DLBCL10858	0.011045761453152244	0.020819823954676974	0.00832900564922541	0.03573946001997927	0.9240659489229661
DLBCL10456	0.03577001474287228	0.08193504724074348	0.03135048340540308	0.7798727015620989	0.07107175304888233
DLBCL11685	0.007896203369218553	0.0594037042475912	0.8939196565681388	0.011007158323938006	0.027773277491113472
DLBCL_LS951	0.9254197444254638	0.030270312163870182	0.00865868816821878	0.023637353999287857	0.012013901243159382
DLBCL10491	0.02849761797825349	0.7023057483352249	0.053214830040715914	0.1938489719803685	0.022132831665437214
DLBCL_C_D_1136_NULLPAIR	0.01940761575745446	0.8891074312323763	0.0163366652285065	0.03592159708229631	0.03922669069936643
DLBCL11481	0.8826499839038335	0.050026242026124566	0.02408230520078006	0.022681804322972808	0.020559664546289064
DLBCL11459	0.02840491502982513	0.05563711578051407	0.020791446201878512	0.8636704236132305	0.03149609937455178
DLBCL11429	0.9020600450868819	0.03804432697727865	0.00946955405491413	0.028884753637227065	0.0215413202436983
DLBCL_MC_F519_ALT	0.01230679139032373	0.028078301073499602	0.007688401841476447	0.012667735265670126	0.93925877042903
DLBCL11564	0.03298418469604009	0.051049876023940705	0.021394748327683445	0.8659003261950908	0.028670864757244948
DLBCL11672	0.01612596108829763	0.04250281032660545	0.8963219708930223	0.02851769706097166	0.01653156063110285
DLBCL10867	0.006433007221576547	0.026597447432427562	0.004905468053091367	0.01189393354598995	0.9501701437469146
DLBCL10547	0.0396019792596592	0.05134426735622604	0.028728757042542297	0.8319837655517375	0.04834123078983502
DLBCL11461	0.9290575221063563	0.03205973597769034	0.010115361353551204	0.021698730646752196	0.007068649915649961
DLBC_FF_A7CQ_TP_NB	0.02964994993633165	0.03299787309854514	0.018603206430777997	0.07293959979096655	0.8458093707433787
DLBCL_LS3200	0.008440308107744057	0.033498188534165765	0.010967501645138511	0.01694835892982534	0.9301456427831263
DLBCL10529	0.01054782487325063	0.037119727590501896	0.02004237186546611	0.027658464296978946	0.9046316113738024
DLBCL_LS2325	0.015738029570583633	0.05897613298047656	0.8986733103539086	0.017095958359956333	0.00951656873507481
DLBCL11520	0.9207935938578261	0.027144487418387216	0.0078970380399402	0.017029950201943575	0.027134930481902853
DLBCL_C_D_1129_NULLPAIR	0.9102684955082668	0.032839823428670534	0.015536071128371309	0.01998013327184323	0.021375476662848107
DLBCL11428	0.011672830344561768	0.05648145428973462	0.9076179677257548	0.012561571665166622	0.011666175974782223
DLBCL10555	0.037432518087086065	0.051314849614017555	0.8768547474002819	0.01706861183235298	0.017329273066261485
DLBCL_RICOVER_829	0.9431396310520817	0.025202386986950005	0.0055850694983609565	0.015894265447742504	0.01017864701486491
DLBCL_DFCI_DLBCL_GOE16	0.00874133009379878	0.06695513351670952	0.8992003992553927	0.013761320264097439	0.011341816870001523
DLBCL10997	0.9647380552571929	0.012012999251847171	0.0047466871736093095	0.010746597040081334	0.0077556612772692315
DLBCL10912	0.9591285742407608	0.018030731501201394	0.005333677675137101	0.011254177621033574	0.006252838961867096
DLBCL10945	0.9337432461057626	0.023039104889069583	0.0074150887371785615	0.01612196215589601	0.019680598112093158
DLBCL10900	0.007713427174251177	0.008956680688287737	0.00515870303912183	0.012708035667741853	0.9654631534305974
DLBCL10853	0.010235460508553876	0.012272216412751656	0.005375631522096598	0.009993151386423222	0.9621235401701747
DLBCL_LS1065	0.02842022552147786	0.9071857823507626	0.020513803387998172	0.02598220884099637	0.017897979898764984
DLBCL10887	0.003114636067091027	0.014581322835610871	0.008237463007003393	0.006770058077100672	0.967296520013194
DLBCL11680	0.02718952137151598	0.08030359587314283	0.8662691508050065	0.014424778940771576	0.01181295300956302
DLBCL11558	0.009488269524837115	0.03264109779255452	0.9363636623865398	0.013204103300540037	0.008302866995528579
DLBCL11539	0.9186066841148233	0.02870066417565399	0.015061201621154924	0.029815808010871227	0.007815642077496621
DLBCL_C_D_1130_NULLPAIR	0.9666738890232072	0.013493608113335569	0.004723042335332662	0.009129178114507445	0.005980282413617116
DLBCL_RICOVER_417	0.0031231919822800125	0.013571837503229017	0.0051523372476630636	0.008730505463705775	0.9694221278031221
DLBCL_LS297	0.010238622751477033	0.053105125247337154	0.9084979722353238	0.01982217545617711	0.008336104309684908
DLBCL_C_D_1114_NULLPAIR	0.9669461586531539	0.012670259923162355	0.0038237935139651944	0.011325850134203447	0.0052339377755151375
DLBCL10550	0.006281337653125976	0.013706802601182129	0.011856123021696438	0.010216715432576464	0.957939021291419
DLBCL11661	0.01872425632257941	0.8860422895398699	0.03161945328876239	0.05097367567593193	0.012640325172856362
DLBCL10866	0.011075790233288241	0.018694976683417214	0.010812076958761763	0.03109634741437075	0.928320808710162
DLBCL_MC_F729_MAN	0.009654708947667472	0.9469651789933357	0.018806533490971968	0.013415658643648189	0.011157919924376702
DLBCL10911	0.00976446292769711	0.9533330074465138	0.013659987697912622	0.009457846666724973	0.013784695261151425
DLBCL10836	0.004292368411811235	0.0064701979698753645	0.004036100491733641	0.0065743339320486205	0.9786269991945311
DLBCL_RICOVER_449	0.0027041720688981597	0.007198663647304479	0.0022702758426098616	0.0037422758919905966	0.9840846125491969
DLBCL_C_D_1163_NULLPAIR	0.0014923941615396959	0.004796616383124899	0.0017263819547551885	0.0038735311800890183	0.9881110763204912
DLBCL10992	0.0008551967065340608	0.0019121298636336481	0.001020601897893676	0.0014871001901612503	0.9947249713417774
DLBCL10962	0.17171642641549292	0.35090432491444373	0.17052202307698403	0.1519341413676631	0.15492308422541615
DLBCL11456	0.041219019895922096	0.503593562766462	0.1683358887976349	0.24607754658293815	0.040773981957042814
DLBCL_LS4054	0.04889976211509737	0.49072794748113713	0.0902592628091989	0.22016034016392166	0.1499526874306449
DLBCL_RICOVER_533	0.4663349777406091	0.1617468906356781	0.14480473057581839	0.1899971279177679	0.03711627313012646
DLBCL10553	0.042383770144660333	0.13824641274764268	0.2956989541485392	0.42652807889279515	0.09714278406636287
DLBCL_C_D_1156_NULLPAIR	0.3416347574707889	0.4478280854545703	0.031095987549616958	0.1482096311170284	0.031231538407995516
DLBCL11430	0.4844236008996238	0.08927822084784279	0.08936506748260419	0.30831337908296186	0.028619731686967312
DLBCL_RICOVER_1106	0.02691847521066095	0.15912823443400761	0.03557379674374881	0.26304054049216313	0.5153389531194195
DLBCL_LS2208	0.03223246038220759	0.5331815537490857	0.19042730384322926	0.050681683688384764	0.19347699833709278
DLBCL11519	0.4531856317382054	0.11998454134376038	0.03427630684805091	0.3686816334151083	0.0238718866548749
DLBCL11528	0.3262235597985747	0.12940411960926715	0.4635418084164235	0.04816200073241059	0.03266851144332407
DLBCL10512	0.029896529542528003	0.22337681741419912	0.48952483059390234	0.05804444566260733	0.19915737678676315
DLBCL10452	0.03275794206057207	0.30319297488548796	0.5246418437795473	0.04975154191750581	0.08965569735688685
DLBC_FF_8042_TP_NB	0.02648547296684444	0.19961546354914236	0.5495453988964768	0.139797124589982	0.0845565399975545
DLBCL_RICOVER_408	0.5210566043386105	0.1567772752311585	0.12849634164741228	0.050747834255022974	0.1429219445277956
DLBCL11496	0.5529170833834274	0.10979169483625643	0.04757342731267598	0.039246957559300195	0.25047083690833993
DLBCL_RICOVER_910	0.05689614603417948	0.5999101279017689	0.0435926314675338	0.2582042486820142	0.041396845914503606
DLBCL_LS3499	0.19489161122044807	0.19766471155511656	0.03908737002733742	0.46931676507127457	0.09903954212582343
DLBCL11478	0.303244803261643	0.5143795136975956	0.12850453576821694	0.03587471792919202	0.017996429343352473
DLBCL10517	0.012121905417937309	0.5441683214230509	0.3623178794968143	0.03716496694464065	0.044226926717556785
DLBCL_DFCI_DLBCL_GOE07	0.06884354963248332	0.6158511128814693	0.10566464136143222	0.06145343645790391	0.1481872596667112
DLBCL10936	0.06972940966236621	0.6214413929988062	0.09896708167837108	0.06242492625684822	0.1474371894036083
DLBCL11436	0.1426350339347315	0.26146898086120796	0.04716518741667976	0.47346395009175474	0.07526684769562601
DLBCL_LS762	0.03334892863540877	0.28764589818136926	0.2312037172062562	0.03972583746359986	0.408075618513366
DLBCL10994	0.3159223216540289	0.5228547949621422	0.025518602862257628	0.04815108872888031	0.08755319179269108
DLBCL_DFCI_DLBCL_GOE05	0.01558441619983674	0.6789512785993209	0.05847611635715971	0.022186989239478996	0.22480119960420358
DLBCL_C_D_1117_NULLPAIR	0.12831986330249884	0.29304457138136925	0.021957915295947438	0.5243792846960468	0.03229836532413768
DLBCL11515	0.022951533877760895	0.11656558730771188	0.17052644522362154	0.028167224672352224	0.6617892089185534
DLBCL_RICOVER_274	0.039153499447332776	0.3375854666140176	0.02777841286184073	0.5155770596817671	0.07990556139504178
DLBCL_RICOVER_1278	0.06730739947247631	0.08578143260719802	0.021324902141071817	0.2105114791580528	0.6150747866212011
DLBCL10503	0.05683002798582933	0.3122675479319788	0.4730448882670616	0.08587034560389342	0.07198719021123673
DLBCL10856	0.03318302108733477	0.26304544986420264	0.13266916380628932	0.017732563412186573	0.5533698018299866
DLBCL10549	0.055359962124744026	0.22362212122631847	0.6628126146383956	0.03656882723408162	0.021636474776460374
DLBCL10974	0.046495108741076895	0.1697049785482974	0.028645159332523245	0.18381955984757237	0.5713351935305301
DLBCL11204	0.125369444167599	0.7196970397586324	0.045805516530712256	0.03081277480303315	0.07831522474002317
DLBCL11488	0.7326302655493153	0.06888379633693117	0.013848521671477553	0.04768815141015025	0.13694926503212568
DLBCL_LS2089	0.020734034680369877	0.5117580184672134	0.02957972572886011	0.026991237896481484	0.41093698322707517
DLBCL10935	0.5439182693472179	0.36371614297399	0.01900478156068949	0.047261510330004	0.02609929578809859
DLBCL10910	0.00938900423385949	0.909396814324223	0.04826691134834312	0.019916510460184427	0.013030759633389889
DLBCL10552	0.37724881528019194	0.09077978951065845	0.054784811271968034	0.45159254062685655	0.025594043310325006
DLBCL11590	0.10879857975690628	0.0902428105940062	0.6228499727179886	0.11564444101397028	0.062464195917128665
DLBCL_RICOVER_467	0.015895090728574184	0.38232773538780496	0.065998616156726	0.030803785330213107	0.5049747723966818
DLBCL_LS3245	0.012122730015190757	0.2639237485429693	0.6609574378602097	0.037276956761112146	0.025719126820518183
DLBCL_RICOVER_314	0.02867891080969939	0.6301560029012735	0.0553025707852993	0.08528216806683693	0.20058034743689088
DLBCL_LS4616	0.010757794611653328	0.33478297889389846	0.5901603319113218	0.03229239962551191	0.03200649495761446
DLBCL11576	0.037566310445434264	0.4994576626780763	0.062418534176480384	0.3562740424172078	0.044283450282801326
DLBCL_RICOVER_978	0.7848990103169602	0.060361819349714546	0.04868419715454229	0.08668487167323861	0.019370101505544385
DLBCL10909	0.05315471040095351	0.09651991115591864	0.05304936126428778	0.6873539839883879	0.10992203319045223
DLBCL11671	0.6906773689659743	0.1740787369976882	0.02550575399984414	0.09319192631290253	0.01654621372359079
DLBCL_C_D_1144_NULLPAIR	0.040774612468668585	0.6620421125040571	0.024217054940670276	0.04018630843032105	0.232779911656283
DLBC_FF_8043_TP_NB	0.08393520515709585	0.8152664322923893	0.037884172573827056	0.018678412639715845	0.044235777336972
DLBCL11202	0.17152476590617405	0.12917665083418262	0.5343625631791052	0.14852038106213553	0.016415639018402556
DLBCL10564	0.05396459406144959	0.10714826507852446	0.06724797246444628	0.7200730757153987	0.051566092680181023
DLBCL10844	0.8297991678436025	0.05145524044932176	0.019672306787525507	0.032682706201861506	0.06639057871768866
DLBCL11536	0.04351355078324474	0.08318161663487146	0.03269084925876058	0.7646600626143082	0.075953920708815
DLBCL_C_D_1118_NULLPAIR	0.7815534958627788	0.12322468963896897	0.013330762850100111	0.03913483479097408	0.042756216857178043
DLBCL10993	0.7521358137724174	0.10340794801632709	0.02335212056679369	0.06518125640472265	0.05592286123973911
DLBCL11437	0.061096770061125016	0.08994898203123125	0.03484427688708003	0.7459345178878836	0.06817545313268021
DLBCL11470	0.8349333715589766	0.03970410220266309	0.018305041203324896	0.08372960503908407	0.02332787999595136
DLBCL11566	0.018703025713687704	0.189212680669347	0.7527583676945754	0.023909882702547573	0.01541604321984226
DLBCL10472	0.03860321697061983	0.11974689572824078	0.6865033753507137	0.13586811162708276	0.019278400323343017
DLBCL10565	0.05772958835517362	0.12168226365231	0.7398460272855346	0.0660231855899473	0.014718935117034447
DLBCL10927	0.0853695252416356	0.1250472862684134	0.02701206799808582	0.7324160940526977	0.030155026439167412
DLBCL11353	0.0066727822534962756	0.02959434366779837	0.036670031425767705	0.015273138298341066	0.9117897043545966
DLBCL11658	0.033803102535211835	0.06297624686194624	0.03177319154283992	0.8095650644044837	0.06188239465551825
DLBCL10495	0.8212651719030954	0.12183035832029446	0.011650991963672537	0.02878324521946121	0.016470232593476377
DLBCL10871	0.0691327470597406	0.8314532085979512	0.04469748993076158	0.023556192275896844	0.031160362135649756
DLBCL10922	0.042634953011402826	0.870030248021889	0.03386080493149153	0.02733866304405961	0.026135330991157002
DLBCL_LS2245	0.05980920028533335	0.06992111086453782	0.8177788435157551	0.0327033690928639	0.019787476241509748
DLBCL_LS146	0.03331163757843585	0.9001555448981758	0.028821837596877804	0.02419043347574854	0.013520546450762016
DLBCL_LS2357	0.03111612532442631	0.07845276042963147	0.02557440908612313	0.8309453316052524	0.03391137355456669
DLBCL_RICOVER_1018	0.04495190212589264	0.07197939056314653	0.022349608174062056	0.8296809127649427	0.03103818637195609
DLBCL_RICOVER_945	0.9061153102068192	0.03254561532348614	0.009338990929456052	0.03620110385102588	0.01579897968921268
DLBCL10782	0.04708584566566417	0.0578105017568854	0.022573483195314718	0.8448367747421861	0.0276933946399496
DLBCL10535	0.015926872319483556	0.07232131552041675	0.03930392155216643	0.01764511158606052	0.8548027790218727
DLBCL10880	0.03021645553850264	0.05562437106995419	0.02439989968853778	0.01391077892578199	0.8758484947772234
DLBCL10781	0.031054156410059215	0.041436765807134734	0.017509983725353697	0.09048914195841089	0.8195099520990414
DLBCL_RICOVER_577	0.015247927895377971	0.08365926750606831	0.8682054249586146	0.018876180781764326	0.014011198858174723
DLBCL10903	0.01200459886836545	0.8932508949776878	0.0646446260808068	0.011079591859967151	0.019020288213172778
DLBCL_LS2599	0.011863234635699361	0.03148176639705247	0.9257050715475705	0.019719592381959195	0.011230335037718434
DLBCL11670	0.007602925425966809	0.0400191287522131	0.9180617044673358	0.022517392964807963	0.011798848389676247
DLBCL10895	0.01802299102178137	0.049492885216677385	0.03788693778940914	0.018366467792447768	0.8762307181796843
DLBCL10921	0.014586764084400836	0.04522220627701692	0.011731647553231805	0.017696551502898207	0.9107628305824522
DLBCL10465	0.0062191489550383556	0.04916270126524931	0.9184174275463322	0.014124644865740195	0.012076077367639966
DLBCL_C_D_1128_NULLPAIR	0.9292807325583393	0.03307928024334511	0.008644962750000798	0.016554306143494377	0.012440718304820448
DLBCL_RICOVER_221	0.009050655512691174	0.04248846088641814	0.02204291808534103	0.03366654713720642	0.8927514183783433
DLBCL10885	0.019491952399413103	0.025156858440931455	0.009032955113110724	0.028076906489334988	0.9182413275572098
DLBCL11656	0.007378436017408346	0.04324098711586982	0.9119802820858695	0.013961374562992342	0.023438920217860034
DLBCL10890	0.008067005185099346	0.028644145961458117	0.016906841695294585	0.012762554005038737	0.9336194531531092
DLBCL11667	0.0074244106007176	0.04062351391660912	0.9291008672552887	0.011354278234679046	0.011496929992705473
DLBCL11450	0.007660698954764316	0.01616391869273787	0.0061659308051479665	0.020690026535007903	0.9493194250123419
DLBCL11673	0.013407648757143485	0.9082662733124679	0.044147084827816166	0.021930487427198837	0.012248505675373656
DLBCL10931	0.9508367364284656	0.016247547951476697	0.005930451714420446	0.01643297926767321	0.01055228463796413
DLBCL10884	0.9413775852403218	0.027497708279889718	0.00653337406348932	0.016394722414602728	0.008196610001696435
DLBCL11195	0.007406215741494294	0.08779483350827555	0.017198790950195206	0.0258770200302607	0.8617231397697742
DLBCL_RICOVER_1289	0.0044376123909195065	0.01386581227834719	0.004817206856638534	0.012679466856683207	0.9641999016174115
DLBCL11500	0.011459210161866231	0.031480428045394526	0.017573220219005713	0.019333100599190998	0.9201540409745426
DLBCL_LS1757	0.9703775486881514	0.011206237818568037	0.0038080523370521663	0.00887527736480183	0.0057328837914265305
DLBCL11188	0.009857565601847678	0.9524823988088397	0.014694073622207553	0.009845379410356377	0.01312058255674872
DLBCL_RICOVER_451	0.9626863995539755	0.01472978374312593	0.0059341853894372435	0.010884603900867951	0.005765027412593337
DLBCL_RICOVER_977	0.9605369778049058	0.01438955608672703	0.004250220587930469	0.011940468003477752	0.008882777516959019
DLBCL10951	0.006004601750224479	0.014224243694200766	0.005251364667063642	0.008268012374085046	0.966251777514426
DLBCL10525	0.9637946349340982	0.015385428539016527	0.004597970173542498	0.009632290096337285	0.00658967625700543
DLBCL10862	0.0023706784675396634	0.009878226025527386	0.0048221756932970445	0.004516829764942147	0.9784120900486938
DLBCL10852	0.011141010776022002	0.015936094058571323	0.007613648738656695	0.022451188192536827	0.9428580582342132
DLBCL_RICOVER_1248	0.005376636370321116	0.009530918447638132	0.0030337749178549257	0.007409141721124487	0.9746495285430613
DLBCL10883	0.0027429787953429023	0.004875693056858898	0.0020465564927762254	0.002844201454376971	0.987490570200645
DLBCL_C_D_1125_NULLPAIR	0.001847806724216948	0.007772297404616393	0.002572985269252186	0.004482627233636391	0.983324283368278
DLBCL_RICOVER_850	0.0018103238609572	0.004675254885349576	0.0014605638443457305	0.0030340412887833574	0.9890198161205641
DLBCL10530	0.0006825317525300502	0.0019415311186122683	0.0007744355716562018	0.001221673863251434	0.9953798276939501
DLBCL10534	0.0	0.0	0.0	0.0	1.0
DLBCL10906	0.16660871712107345	0.3067512961968895	0.03926568761725858	0.13223440333975298	0.3551398957250255
DLBCL11484	0.06259531924286088	0.4586220624496032	0.0933999383431062	0.06774451272283936	0.31763816724159033
DLBCL11681	0.3982292124945007	0.0774774653640502	0.314455988349198	0.08928662116412804	0.12055071262812306
DLBCL11447	0.06649113643933052	0.10224323649719799	0.028473147364220606	0.5539537117407773	0.24883876795847362
DLBCL_C_D_1112_NULLPAIR	0.17213387507568514	0.2506200195439052	0.28795024677118825	0.07151785561176704	0.2177780029974544
DLBCL11003	0.31275225951864755	0.17366940394264133	0.09046492996046414	0.17970050678630184	0.24341289979194525
DLBCL_LS2154	0.4044328974817316	0.32769905423202667	0.09667645296725773	0.10001661761726088	0.071174977701723
DLBCL_RICOVER_1060	0.4406392754390995	0.29593533218376405	0.09543798780358669	0.10083787081470186	0.06714953375884794
DLBCL10863	0.15455042834404248	0.13969012543560708	0.018240400414671423	0.30289365931051687	0.38462538649516215
DLBCL10451	0.6911012420251312	0.09014392237632826	0.164312895486586	0.029571480590064217	0.024870459521890355
DLBCL_MC_F218_RAP	0.18704490307046784	0.2778413812705371	0.046181623027727735	0.4604503315458001	0.0284817610854673
DLBCL_RICOVER_216	0.0553837485583131	0.44005757847596827	0.35513894140021746	0.05454497342441197	0.0948747581410892
DLBCL_RICOVER_773	0.02571697284330512	0.10138998689416645	0.23412524386493463	0.02121318723497754	0.6175546091626163
DLBCL_C_D_1126_NULLPAIR	0.34045057729145595	0.5363602163536172	0.02285213018394658	0.05476788571951106	0.04556919045146921
DLBCL_MC_F307_JPS	0.3202686388267199	0.4701388365928621	0.03677476950522434	0.12344993505377672	0.04936782002141696
DLBCL_RICOVER_1210	0.012580619187222196	0.679340305990108	0.22844203261559312	0.05339175797302572	0.026245284234050932
DLBCL10963	0.08272075710675904	0.13783450381555243	0.039841404521008005	0.605522372350353	0.13408096220632756
DLBC_FF_8062_TP_NB	0.0786783937897555	0.13341957879893834	0.0954347751847601	0.6541451922666178	0.038322059959928295
DLBCL11480	0.6155626259783761	0.13177997608112224	0.12359381113409823	0.08948769210275036	0.03957589470365301
DLBCL11206	0.08271573509405887	0.23294726818759062	0.46777163216890455	0.03797838156083918	0.17858698298860673
DLBCL10908	0.04188848599573743	0.48946031381139166	0.33918572842286776	0.03550084857716194	0.09396462319284125
DLBCL_LS1668	0.034402872878274586	0.7102535883882123	0.10209103590226351	0.12407820833191657	0.02917429449933303
DLBCL10985	0.11054030434096906	0.5480239588466601	0.027580376114960822	0.284009229154859	0.029846131542550933
DLBCL11002	0.16197397069164585	0.1522199152061488	0.04734989617689675	0.6082470503939927	0.030209167531315858
DLBCL11474	0.44669392225485494	0.22670881261207187	0.01658008283369971	0.23645983029912504	0.07355735200024847
DLBCL_RICOVER_496	0.041020426137559844	0.5728122535205685	0.23580024892274007	0.04803358720442252	0.10233348421470899
DLBCL_C_D_1109_NULLPAIR	0.10013310111475786	0.07214883745872365	0.022588202187370454	0.7508034871651239	0.054326372074024194
DLBCL11486	0.3095432438152106	0.07824830768086227	0.03635662490494731	0.04076623206816164	0.5350855915308181
DLBCL10780	0.029554713858407723	0.6422129344478663	0.2545277904268043	0.0557909306438021	0.017913630623119643
DLBCL10965	0.14760040169869032	0.06619972106138326	0.041227159464611876	0.6989997036191493	0.04597301415616532
DLBCL_RICOVER_522	0.1412078079448465	0.13506496118046268	0.4737552885045186	0.22854439027885065	0.021427552091321616
DLBCL_C_D_1105_NULLPAIR	0.6853153197191912	0.16403153745842994	0.03232017263178281	0.06355796509403225	0.05477500509656374
DLBCL10486	0.5305942325959924	0.16373500213604567	0.035929404979810994	0.19928889696068314	0.07045246332746785
DLBCL11441	0.0734157676641542	0.0966868786770416	0.03449985589027844	0.13913641926811596	0.6562610785004098
DLBCL10969	0.6032983049041123	0.173368240465975	0.12570528973945583	0.04252528122610574	0.055102883664351156
DLBCL_RICOVER_701	0.0506420020337019	0.07238055349798486	0.021163186787088662	0.8244883026449239	0.03132595503630068
DLBCL_LS2590	0.025685472285165115	0.0644874821600644	0.048712779511140496	0.2656842561833518	0.5954300098602782
DLBCL10980	0.0163815138838568	0.1494188770774615	0.11454102705972108	0.08979675799043177	0.6298618239885289
DLBCL10502	0.07649530720989901	0.13479175129151044	0.6349012232646196	0.1222444442207352	0.03156727401323569
DLBCL10539	0.04626893278854257	0.10054691796269365	0.03350332450102376	0.7877061619472531	0.03197466280048695
DLBCL11527	0.05710896483629294	0.07436173347556352	0.059958221753036015	0.6391422218522967	0.16942885808281086
DLBCL_C_D_1131_NULLPAIR	0.021181485418218054	0.7921254954910916	0.07305391002972499	0.012002328027915106	0.10163678103305024
DLBC_FF_A7CX_TP_NB	0.19620299278107123	0.10904364780457079	0.06320817855496608	0.03535440143060103	0.5961907794287908
DLBCL11205	0.7922379484632015	0.10934575012279357	0.04781772034693248	0.03811645956791474	0.012482121499157678
DLBCL10934	0.06809140745313695	0.14488092581945056	0.012836988999938773	0.10791463485662205	0.6662760428708516
DLBCL10482	0.7427552167213409	0.06285509539261773	0.018903922413770372	0.03553351109122344	0.13995225438104764
DLBCL10957	0.6506247778795073	0.15783886070892533	0.05422662190021771	0.11105784487032952	0.02625189464102007
DLBCL11504	0.11866499352796935	0.06680334663268643	0.024316821530558367	0.07769429973237393	0.712520538576412
DLBCL11538	0.026322299126765106	0.08811009596423593	0.5266930590951708	0.1575207349180285	0.2013538108957996
DLBCL_MC_F139_LJF	0.04834250401390638	0.04719221849919235	0.024073622943805138	0.8473050701383302	0.033086584404765876
DLBCL_LS155	0.016855648446245656	0.12482958824574228	0.7541431664836856	0.07990691605764454	0.02426468076668188
DLBCL_RICOVER_1061	0.04737335567082475	0.05431832628522824	0.031580000853081	0.840874134142942	0.02585418304792407
DLBCL11460	0.037754451546022756	0.056536315447872076	0.02378956115717247	0.8497680038155181	0.03215166803341459
DLBCL11457	0.8117043132001338	0.04035002650983431	0.02430463301534748	0.07963982725379452	0.04400120002088992
DLBCL_C_D_1119_NULLPAIR	0.7632018291939101	0.15110934368647008	0.022920147344262173	0.031369515254402104	0.03139916452095547
DLBCL10930	0.6838598387212554	0.058583278183517086	0.03601314596058758	0.04753566812960448	0.1740080690050355
DLBCL10834	0.12871160364075807	0.8039838122328224	0.026231358608620726	0.020811095572459734	0.02026212994533904
DLBCL10532	0.01776994034367788	0.06346989164527476	0.10813991991309897	0.060113912461828276	0.7505063356361201
DLBCL10898	0.020922463817857676	0.1741520196960824	0.016310311305307097	0.03891505408376929	0.7497001510969835
DLBCL_RICOVER_174	0.13083326464726078	0.7910825916105283	0.024167601310404532	0.030890147312893447	0.023026395118912964
DLBCL11433	0.02561753654067142	0.047222235592026984	0.03222215470663389	0.10920931756829569	0.785728755592372
DLBCL_RICOVER_1165	0.03982759860705114	0.7309912199925399	0.10814963921094076	0.01676325291501627	0.10426828927445192
DLBCL_MC_F064AB	0.016416651097294555	0.09984254037988921	0.8062481751439077	0.05212019461665564	0.025372438762252987
DLBCL_RICOVER_473	0.7725237886368551	0.12259569236573324	0.02793110730593013	0.0527854772009071	0.02416393449057444
DLBCL10972	0.6716707908964838	0.07717123922147169	0.03991672304310125	0.06835406627218077	0.1428871805667625
DLBCL11458	0.05424417842761821	0.09083537946970506	0.8091355103453652	0.014575746728692461	0.031209185028619062
DLBCL10850	0.1282144024434435	0.7535914709253909	0.03587647251420319	0.016665392221660986	0.0656522618953014
DLBCL11472	0.860097504015234	0.04180802033754596	0.015389538790869257	0.05538885439362187	0.02731608246272895
DLBCL10954	0.029693284010599577	0.8520222818507025	0.03583372480437449	0.044853366040467385	0.03759734329385605
DLBCL10490	0.8492606773073118	0.06801503082278396	0.012228816068956708	0.04821683301044066	0.022278642790506908
DLBCL11435	0.8480292875365467	0.03818490333683054	0.013369046556981675	0.06963845116157176	0.03077831140806936
DLBCL11449	0.0365286041186562	0.12092372410107469	0.01659626030807433	0.03568644346855533	0.7902649680036394
DLBCL_RICOVER_744	0.029347640556941623	0.0570856089915177	0.8874484581369756	0.013064730532926075	0.013053561781638988
DLBCL_RICOVER_956	0.018983964964264497	0.08630458672745824	0.027930191739271772	0.033049372463166186	0.8337318841058393
DLBCL11675	0.013659873452913692	0.035369430140331615	0.8877906172780788	0.02611289505276534	0.03706718407591053
DLBCL10857	0.012766692070217063	0.02388610387290038	0.00549451437680878	0.01975345978585928	0.9380992298942145
DLBCL10483	0.01672352614821454	0.09600849067761422	0.8387724944478135	0.014748492405708944	0.03374699632064878
DLBCL_RICOVER_253	0.05138375106811594	0.884047884223863	0.03392896510793152	0.013806753360329514	0.016832646239759948
DLBCL_C_D_1113_NULLPAIR	0.015553836121838313	0.11074796984367515	0.8276158252401103	0.01991240760209332	0.026169961192282817
DLBCL11526	0.02761568698040548	0.07998509123208945	0.8558468279101803	0.023844874314697197	0.012707519562627542
DLBCL10968	0.6312505862659845	0.06511704312443252	0.021550446353346128	0.21970993760566604	0.06237198665057084
DLBCL_C_D_1133_NULLPAIR	0.02239267050921891	0.05963314786411404	0.8856797844919271	0.018468715810858235	0.013825681323881723
DLBCL10902	0.009602755992981011	0.09535546309377922	0.015224323854210879	0.01645838747470634	0.8633590695843225
DLBCL10460	0.020145780613925773	0.9238667836336117	0.0322252641357354	0.010317853907549709	0.013444317709177405
DLBCL_RICOVER_712	0.021543483689740253	0.0374178780161492	0.012601881033220469	0.04208196868436812	0.886354788576522
DLBCL10990	0.01666876073288164	0.04247512080030848	0.012266279576505635	0.0205389481403373	0.9080508907499669
DLBCL10523	0.023489640996690226	0.04906182759273527	0.8799813892202806	0.034465685222922364	0.01300145696737157
DLBCL10999	0.009363479680478936	0.06611254159856689	0.0394012684836101	0.10445169606435009	0.780671014172994
DLBCL10925	0.025141970256239363	0.054931365312127334	0.00922333667981296	0.039215077513020155	0.8714882502388002
DLBCL_RICOVER_1032	0.00721843794161182	0.03664817751547059	0.006171246077023873	0.016903298719856442	0.9330588397460373
DLBCL_RICOVER_720	0.015687259469710366	0.04089048775176044	0.014383806685292625	0.012064719176702722	0.9169737269165339
DLBCL_LS378	0.95523169451898	0.01964912785714936	0.007868220291684543	0.011305529389210351	0.005945427942975677
DLBCL10498	0.01545278698503023	0.07921169959416692	0.8706573929847137	0.02578277568500706	0.008895344751082083
DLBCL_RICOVER_299	0.009682729450775493	0.0892213545357906	0.8619100843033972	0.01332944268015704	0.025856389029879683
DLBCL10459	0.00903477896993909	0.08573992241678792	0.872679322525341	0.017079839768296263	0.015466136319635716
DLBCL11666	0.006061274236156377	0.024796713478477075	0.9519986330369085	0.011100350091364253	0.006043029157093797
DLBCL11512	0.8352198436888274	0.07089251584055854	0.017397472388056997	0.06142977291438704	0.015060395168169987
DLBCL_LS1098	0.007328694580072871	0.02178729335149526	0.9525172995256586	0.01172273552181118	0.006643977020962173
DLBCL_MC_F349_BJJ	0.008093170423593896	0.05496041713162417	0.9095734537881481	0.010987423801781734	0.0163855348548521
DLBCL_C_D_1141_NULLPAIR	0.008505339894684428	0.03791738778702915	0.9312321560451785	0.010140900091560727	0.012204216181547206
DLBCL_MC_F262_WLC	0.9563418455851365	0.0192325540661918	0.004699098739473445	0.012322998179469712	0.007403503429728566
DLBCL_RICOVER_1192	0.0026381344865871073	0.008988613456237199	0.004916663653996512	0.004157381585274521	0.9792992068179046
DLBCL10458	0.9755508257927967	0.009897438907670272	0.003590429517775939	0.006903198027067678	0.004058107754689351
DLBCL10860	0.004526294618311319	0.0262065647944823	0.012308657763693108	0.01142826276623638	0.9455302200572769
DLBCL_RICOVER_506	0.0034124049615320887	0.012710317007115333	0.004943030749820284	0.005152722686105369	0.9737815245954269
DLBCL10977	0.004875911173001691	0.01063943073043146	0.006192362067451005	0.004788876199255121	0.9735034198298608
DLBCL11000	0.002378852742607056	0.009788554209523724	0.004161595165499132	0.0080211289196986	0.9756498689626715
DLBCL10901	0.0007053054256170385	0.0020109114111569975	0.0008452275568114415	0.001524702025600982	0.9949138535808135
DLBCL10842	0.0015043491193239753	0.0042147429340860364	0.002287758093107981	0.0034205473345529677	0.9885726025189291
DLBCL10889	0.0006740345606492932	0.00241652552700505	0.0009393168614026408	0.0017031988456113264	0.9942669242053317
DLBCL_RICOVER_258	0.1405194887939329	0.16042878463102056	0.1672276393715322	0.03699789277327227	0.494826194430242
DLBCL10907	0.30141682227815336	0.37557160107754034	0.015263562605507125	0.09233145148440587	0.21541656255439337
DLBCL11467	0.044577631019949236	0.41761521750523073	0.08171724114384511	0.21090067854868372	0.24518923178229124
DLBCL_MAYO_DLBCL_234	0.22627276174859032	0.22635226295807956	0.26648467649347546	0.22357964013170556	0.05731065866814921
DLBCL10519	0.11274744562640664	0.2782767831737828	0.14602759442298197	0.4198873752767286	0.04306080150009998
DLBCL10971	0.4293698670073506	0.1572860063105673	0.048211092216700134	0.24340675646516366	0.1217262780002185
DLBC_FF_A7CW_TP_NB	0.03620658732699454	0.3000245149079675	0.12236099213937307	0.41439740444359896	0.127010501182066
DLBCL_RICOVER_320	0.05370963975869509	0.44984048060378906	0.3453383261500043	0.05374440578310607	0.0973671477044054
DLBCL11001	0.2496970250542569	0.0805033624078924	0.0408411945978734	0.1137720921509238	0.5151863257890534
DLBCL10988	0.05932554192832639	0.4841194031691172	0.0694809911157755	0.22905202194910695	0.15802204183767385
DLBCL11535	0.06227094892368118	0.12640880701093815	0.03112551087737382	0.44289114235220706	0.3373035908357998
DLBCL10454	0.46694907622096365	0.2869170624541009	0.06484754085278933	0.0405540688651677	0.1407322516069784
DLBCL_RICOVER_1190	0.3229146177294806	0.4269703821727579	0.1063809833677678	0.04018607113147611	0.10354794559851765
DLBCL11473	0.22061202595540796	0.3756709855478003	0.0267905857457002	0.30310871831385133	0.07381768443724011
DLBCL_C_D_1140_NULLPAIR	0.04627619894483743	0.2719983404186843	0.07007809640823504	0.06233895991543937	0.5493084043128038
DLBCL_RICOVER_335	0.05622513731167834	0.47609961479297164	0.03155644776397051	0.3906621116390342	0.045456688492345285
DLBCL10501	0.013914933208828594	0.5132957198289358	0.41429843158389723	0.026453301522201447	0.03203761385613695
DLBCL11683	0.05560517625348219	0.13602439421873241	0.5813125047616909	0.19380145321136372	0.033256471554730764
DLBCL11678	0.04115224735614745	0.24895126867776976	0.4192970687361361	0.2557778980987405	0.034821517131206146
