	0	1	2	3	4
DLBCL10513	0.18675557608647825	0.2239500851482684	0.21960326032747246	0.2974955247770457	0.07219555366073531
DLBCL10536	0.18809770759281041	0.35802277328146953	0.163634640614704	0.21897454465982974	0.07127033385118639
DLBCL10914	0.15785679162018865	0.36222865206583466	0.1351928960043758	0.19623219311633772	0.14848946719326314
DLBCL_RICOVER_950	0.3698528182100184	0.07912666991115551	0.19942902166329807	0.22632611845047962	0.12526537176504837
DLBCL_MAYO_DLBCL_3653	0.3762127450763582	0.05933801680040892	0.1905891292714146	0.21728604439304697	0.15657406445877126
DLBCL_RICOVER_111	0.2987260183336213	0.0854230960951953	0.18688540261865758	0.20837588499335405	0.22058959795917193
DLBCL10858	0.18115202169245162	0.04392851856496955	0.13463180850860282	0.15871332906215257	0.4815743221718235
DLBCL11431	0.18552593129066236	0.048296122531021966	0.1406249787043422	0.15619454858593262	0.4693584188880408
DFCIDL004_DT	0.18175869493376334	0.047506307846078635	0.14099835292887783	0.1539118853556271	0.475824758935653
DLBCL_C_D_PAIR13	0.18362748256526754	0.04621436608112143	0.1405734736402497	0.1636716814268251	0.4659129962865362
DLBCL11462	0.181757720647602	0.05546364982648364	0.13503386558963373	0.1600014537595489	0.4677433101767317
DLBCL10456	0.298798398901202	0.07027342431945514	0.20565149617788006	0.21028142359906082	0.21499525700240193
DLBCL11534	0.37812863658559764	0.04812794363561629	0.1917435017009603	0.2163854500488813	0.16561446802894458
DLBCL11564	0.16997867620737914	0.4043581588917824	0.14980559104196106	0.19709355376892465	0.07876402008995267
DLBCL10544	0.12627870956481535	0.09453781035569914	0.18694558046472723	0.16549701547207946	0.42674088414267874
DLBCL11479	0.10806326896317642	0.4554413033044628	0.09636800633904404	0.14599775268345266	0.19412966870986417
DLBCL10986	0.22759972538423606	0.39531258423729354	0.09454750482122623	0.18976139156079086	0.09277879399645327
DLBCL10997	0.1496493429746078	0.3888573612710769	0.1313240289425169	0.18355412773930074	0.14661513907249765
DLBCL_RICOVER_478	0.0439133333133671	0.4986717478502493	0.0735293160145947	0.08263496730425497	0.30125063551753395
DLBCL11459	0.5316279172626159	0.0408387080564499	0.14671497927400676	0.19606927581920233	0.0847491195877251
DLBCL_LS951	0.2037505259266384	0.13855811929818676	0.3642086162162356	0.23884445037585203	0.05463828818308707
DLBCL11481	0.18153337507775782	0.03818931507957727	0.22721537204619763	0.18283575300547128	0.3702261847909959
DLBCL_MC_F729_MAN	0.04900537393814388	0.5301343553078983	0.037444863017130924	0.06898264966829343	0.31443275806853344
DLBCL10874	0.04393773328851994	0.6101027971413561	0.04570876667608283	0.07092470318931758	0.22932599970472356
DLBCL10547	0.07131928461705032	0.6859860821313238	0.08368895232863284	0.1114733323010452	0.04753234862194783
DLBCL10866	0.05646334705308568	0.2990310506393731	0.08690242645707498	0.09822509885451676	0.45937807699594946
DLBCL11491	0.06471377046554079	0.17573322473260047	0.10392273597517476	0.10203686352718322	0.5535934052995007
DLBCL_C_D_1148_NULLPAIR	0.2737903304666198	0.013636140681350672	0.5304093775570035	0.1603004170716856	0.02186373422334044
DLBCL10868	0.08678849894786309	0.567670260193497	0.09062942900884322	0.12264581872670978	0.1322659931230869
DLBCL_RICOVER_985	0.18642412959592425	0.10383373200585347	0.4228408207274994	0.23365295892981505	0.05324835874090785
DLBCL_RICOVER_1045	0.07731696077467608	0.23757312837587952	0.05888486659166446	0.0976720638937732	0.5285529803640068
DLBCL10894	0.13325502666288896	0.66753077070661	0.038742142191143546	0.09834713343139102	0.06212492700796636
DLBCL10915	0.0550358264076766	0.5519489379302266	0.07901644665768555	0.10125303396672021	0.2127457550376911
DLBCL_LS1921	0.04472238583539446	0.6995830496784115	0.11787772597796593	0.09478622492716594	0.04303061358106217
DLBCL_LS2325	0.04048072853171394	0.2342010001858548	0.5471308665764948	0.12177104369388403	0.056416361012052475
DLBCL_RICOVER_711	0.5301584303637378	0.19633959556727412	0.06778171536167939	0.16747397674911882	0.038246281958189986
DLBCL11661	0.06445345541171285	0.6253677452825621	0.12645007298939806	0.12184074739138184	0.06188797892494509
DLBCL10491	0.055968798354865054	0.6437795805513236	0.12193755215309518	0.11229328927123375	0.06602077966948247
DLBCL_RICOVER_1287	0.06433397630068889	0.15103638114113882	0.060379784808176164	0.08567657377012877	0.6385732839798673
DLBCL_RICOVER_440	0.048490366524951846	0.3195020829208678	0.44260603514073565	0.12616832507427164	0.06323319033917307
DLBCL10835	0.03300349980368412	0.6202610003819256	0.04212111088386584	0.061067499227683036	0.2435468897028414
DLBCL_RICOVER_787	0.08817347022212989	0.6684961637103799	0.07038616544399676	0.11749758449712734	0.055446616126366095
DLBCL10833	0.49058992852194816	0.08923086598000088	0.054237033303285255	0.12355658001613636	0.24238559217862946
DLBCL11652	0.051903836878881636	0.09709857569366276	0.04324397480473842	0.06286074602351008	0.7448928665992071
DLBCL11507	0.05074577900447551	0.8098656327382509	0.03499778958019575	0.06299484532360959	0.04139595335346832
DLBCL_BWH_DLBCL64	0.6643763885145009	0.09031482746587267	0.059810203662319254	0.1585386817151766	0.026959898642130564
DLBCL_C_D_1108_NULLPAIR	0.027154648059262564	0.7241936141332771	0.029238021717356476	0.0466956126984003	0.1727181033917035
DLBCL10992	0.022540892813551695	0.021929001440522528	0.03828930622697439	0.03035722225732753	0.8868835772616238
DLBCL10891	0.04186140409146546	0.037112879532305694	0.03379477724803	0.043466647552256925	0.8437642915759419
DLBCL10878	0.03786842600874564	0.026607840305967346	0.0309315389990489	0.039465510762195254	0.8651266839240429
DLBCL10555	0.02656568607508349	0.0342707580505357	0.8529957844744579	0.0727764096482773	0.013391361751645644
DLBCL10887	0.028376175619196666	0.04832571780776684	0.043855039496562574	0.04320580465179064	0.8362372624246832
DLBCL10529	0.02076996988046838	0.11154865886282868	0.020230019522345714	0.03263806789793609	0.8148132838364212
DLBCL10494	0.031186200410105693	0.8073840132783376	0.048579163246011185	0.06060872744528413	0.052241895620261346
DLBCL_MC_F500_ECU	0.06667381474877816	0.6847418535999918	0.062488030836579014	0.10041879212512632	0.08567750868952469
DLBCL10853	0.061797486609922736	0.052512130370323894	0.023155759538620504	0.04728422317654875	0.8152504003045842
DLBCL10879	0.019108615635801223	0.025238100593639696	0.8879821361651209	0.053590268731398355	0.01408087887403983
DLBCL_RICOVER_1046	0.02280633564914232	0.1042391985941277	0.7298568944731968	0.08163787570218614	0.061459695581346986
DLBCL_C_D_1129_NULLPAIR	0.7704761398146316	0.03186593899588163	0.04156711837848219	0.10233672784043446	0.053754074970570116
DLBCL10515	0.7668449185076096	0.024274650088521112	0.02073786178645362	0.08039028183716826	0.1077522877802474
DLBCL_LS3749	0.023764858707983186	0.8713684350197627	0.02859368582714799	0.04407047533825304	0.03220254510685311
DLBCL10510	0.025787808789162044	0.8467629389977055	0.026522765844970538	0.04373344078295733	0.05719304558520459
DLBCL_MC_F606_DMJ	0.01591048681543907	0.02956016701444954	0.8878921236673698	0.05219263656800116	0.014444585934740394
DLBCL_RICOVER_449	0.7999484789023498	0.024437774229319753	0.018666152621625253	0.07478104639728078	0.0821665478494245
DLBCL11558	0.011329532062532127	0.011921202149872023	0.9394144525644298	0.03140550985700562	0.0059293033661603906
DLBCL10846	0.7295864983644144	0.07657895591550663	0.0274577349404908	0.10823324521891098	0.05814356556067724
DLBCL10981	0.036770648384216356	0.8073692383185473	0.04314909230002754	0.06664067060370253	0.04607035039350621
DLBCL10867	0.02642496931734269	0.8524274386304235	0.030730071988264763	0.045694858165353916	0.04472266189861519
DLBCL10945	0.7798704680709653	0.032822543392082994	0.02000717434663537	0.08439741571077852	0.08290239847953781
DLBCL10911	0.038556101655366715	0.8187051947252438	0.03221243122663216	0.05830654777416154	0.052219724618595816
DLBCL_LS1304	0.009061320992738856	0.005439484889208631	0.9460702013805502	0.024140649874111523	0.015288342863390772
DLBCL_LS1395	0.011820273072387918	0.016552876155928077	0.9250160032179766	0.03728184645571987	0.009329001097987528
DLBCL_MC_F815_BAT	0.012925232942533345	0.030796003489211132	0.8926976315237395	0.04977178692119207	0.013809345123323968
DLBCL11520	0.8324431101290358	0.01378915446615942	0.019600098220959733	0.06715482429678665	0.06701281288705836
DLBCL_DFCI_DLBCL_GOE16	0.011014831034780051	0.004285052407790178	0.9545581049799146	0.024070733148340896	0.006071278429174313
DLBCL11685	0.009807749469998342	0.004255178309048237	0.956551816058923	0.023584907835178717	0.005800348326851666
DLBCL_LS1065	0.026250680853453053	0.8611025873512719	0.02740679259507949	0.04437384823733689	0.04086609096285873
DLBCL10836	0.01923565979982253	0.021931424123017566	0.016677427747499255	0.021560138736300753	0.9205953495933599
DLBCL10466	0.004784454473666544	0.005548320470865406	0.970881853516315	0.015520617269477895	0.0032647542696752573
DLBC_FF_8046_TP_NB	0.0049255328169611635	0.0027384368616355584	0.9737336120174456	0.013234088738825232	0.005368329565132521
DLBCL11672	0.008020396790382054	0.005837887783963237	0.9539957958306163	0.023114134461766727	0.00903178513327162
DLBCL11428	0.011624929722890483	0.012769085600718563	0.9348926334991133	0.03325528562036244	0.0074580655569151996
DLBCL10521	0.013033545354953296	0.056404731334339216	0.009538823000084302	0.01767683811832277	0.9033460621923004
DLBCL_RICOVER_829	0.7835311078052072	0.059365098487587205	0.022359034277334613	0.09473783894881313	0.04000692048105787
DLBCL11662	0.8453441842423142	0.017991517216364453	0.02480627032675322	0.07426323564183229	0.03759479257273588
DLBCL11680	0.0038493233565907894	0.0024357588949235442	0.9800705396745325	0.0103233490440389	0.0033210290299142925
DLBCL11565	0.01741240856961017	0.9007175299040524	0.020242440044079112	0.031374740023037015	0.030252881459221278
DLBCL_MC_F089_HCZ	0.017598122708079155	0.8959126795094856	0.02204793481000234	0.03287353321573601	0.03156772975669688
DLBCL_C_D_1130_NULLPAIR	0.8281806059526592	0.02892949221391024	0.01615455444900536	0.0707048727647346	0.05603047461969056
DLBCL_C_D_1136_NULLPAIR	0.02026054684513989	0.8970280335735858	0.01950665322557572	0.034133548922577577	0.02907121743312093
DLBCL10912	0.8736535929390994	0.019384794222587244	0.019399478670935347	0.07206470131805141	0.015497432849326637
DLBCL10461	0.017329950110158646	0.8869035401927319	0.018673101999995154	0.03048021046520324	0.04661319723191109
DLBCL_C_D_1159_NULLPAIR	0.8863074016452086	0.009934821419668005	0.01842966290194537	0.0606638117304227	0.0246643023027553
DLBCL_LS297	0.0042189392640544585	0.00322640526884703	0.9784631531509455	0.010979617543938147	0.0031118847722149258
DLBCL11203	0.01864252456592637	0.8759362405497337	0.022811010822911267	0.03483594441069007	0.04777427965073851
DLBC_FF_A7CQ_TP_NB	0.011030821228024297	0.016646079750378476	0.008978194464078134	0.012448933543216852	0.9508959710143022
DLBCL10983	0.015851623491279478	0.9027713927611065	0.018797046461366842	0.029084529916642007	0.033495407369605164
DLBCL10900	0.011221167110985412	0.032931632035762375	0.01088123835081381	0.015641910935916055	0.9293240515665223
DLBCL11539	0.9204721532053355	0.006041710546787107	0.014069547791073602	0.045066970112468484	0.01434961834433535
DLBCL10550	0.011527444982786147	0.02603568404634824	0.008392013287071245	0.013829329750931912	0.9402155279328624
DLBCL_RICOVER_417	0.008607491988034205	0.0189242480054352	0.0068185577394964	0.010417065384981064	0.9552326368820532
DLBCL10950	0.8617483343802914	0.02527100308261588	0.015223893896333489	0.06712284297941248	0.030633925661346692
DLBCL11429	0.9211831204452092	0.006988388623862497	0.013552112713988186	0.04382808485808145	0.014448293358858642
DLBCL11461	0.9158401076802896	0.00966343011904801	0.014117747282911248	0.04790839215585598	0.01247032276189517
DLBCL_C_D_1163_NULLPAIR	0.004979906872955981	0.008347811298890931	0.004517387668600436	0.005929310647260178	0.9762255835122925
DLBCL11476	0.004692045191201381	0.00647543215409446	0.003859265429621213	0.005331980338630875	0.9796412768864521
DLBCL_LS3200	0.0061006186240308135	0.02055476446963024	0.006387808454185335	0.008734083105626416	0.9582227253465272
DLBCL11537	0.9339707525128489	0.007275418310111967	0.010582094723106939	0.038347892900686326	0.009823841553245841
DLBCL_MC_F519_ALT	0.004442099606315586	0.00940923067909002	0.003701790420547785	0.0054469970394785605	0.976999882254568
DLBCL_C_D_1114_NULLPAIR	0.9288432676807916	0.007614593530261383	0.010810942110787317	0.0411183415047621	0.011612855173397626
DLBCL10847	0.001046972780867371	0.0019164732166204752	0.0008453202290837742	0.0012384365424183373	0.99495279723101
DLBCL11673	0.1286100982034007	0.46840811164418644	0.14471125618268485	0.17631470289822737	0.08195583107150056
DLBCL11590	0.20235143295476218	0.15939485814103965	0.14432325716004474	0.20481893964775286	0.2891115120964007
DLBCL10856	0.1854206665744539	0.4243822937168767	0.10726285064819943	0.18491560882057453	0.0980185802398954
DLBCL11430	0.1200469101831019	0.19858869817297226	0.19342207727535962	0.18576258941472312	0.30217972495384315
DLBCL11202	0.10546649140508879	0.48136053950120167	0.17451009065198078	0.17719217588468053	0.06147070255704813
DLBCL_LS2357	0.3789534283943408	0.048202624535801444	0.1937487646985185	0.21374821197821683	0.16534697039312232
DLBCL_RICOVER_1289	0.2024212229413536	0.11381789816754337	0.14595620923522795	0.19380858095591025	0.3439960886999649
DLBCL10936	0.3598548085262037	0.07996151394977327	0.19791050268148372	0.23346549967234562	0.12880767517019373
DLBCL10974	0.3648617148635976	0.07688879873499896	0.19864850383405108	0.23423518605506216	0.12536579651229013
DLBCL11658	0.3742011988517131	0.08972109390166333	0.18553449141782247	0.23186039091303673	0.11868282491576432
DLBCL_RICOVER_451	0.21390176142686299	0.14507622459509073	0.19612629687170602	0.29524374200959774	0.14965197509674247
DLBCL11576	0.14333582955584356	0.4900712270209629	0.11245683706045104	0.1698127835552816	0.08432332280746084
DLBCL_RICOVER_850	0.09332213218300141	0.6142889998870361	0.09207539853859353	0.13148149336067447	0.0688319760306945
DLBCL11528	0.08804321805761767	0.47217719671436453	0.15999420199163117	0.1587553627151558	0.12103002052123085
DLBCL_RICOVER_408	0.04731233929615954	0.729074574696925	0.07909660680744529	0.09333111420685901	0.05118536499261115
DLBCL11436	0.09289593772889475	0.3738055861540935	0.12609074936064368	0.14801286803487076	0.2591948587214973
DLBCL10910	0.17383923083813577	0.09683342886578511	0.15139201572938446	0.18127119012412368	0.39666413444257104
DLBCL_RICOVER_1278	0.07836137583826062	0.46669981071077005	0.10705087803171622	0.12765095391410225	0.22023698150515075
DLBCL_DFCI_DLBCL_GOE07	0.08190135327792718	0.5766400593867316	0.048729782496391275	0.09540413464392485	0.19732467019502511
DLBCL_LS4054	0.10755392208990326	0.5217432779013341	0.09221045169762539	0.14595778560629674	0.13253456270484057
DLBCL11515	0.0835210677100711	0.46738535210964555	0.19956044728169298	0.15410847313988954	0.09542465975870087
DLBCL11519	0.11955603554593644	0.5381357132653678	0.10777296126646975	0.1524113600019347	0.0821239299202915
DLBCL10994	0.198752747874003	0.05872586338204546	0.4225745606511502	0.2443089613076579	0.07563786678514353
DLBCL10512	0.05416401949454918	0.30464497017945025	0.11102938374413543	0.10657360649222317	0.4235880200896419
DLBCL_RICOVER_274	0.06952486856649819	0.6795863489412775	0.07835658996239918	0.10953069327764979	0.06300149925217541
DLBCL11671	0.47047882943109826	0.06257145061199243	0.1683854491516532	0.22179659625061654	0.07676767455463945
DLBCL10903	0.05772048866532434	0.6591737139598864	0.07955476861197987	0.10206869836344062	0.1014823303993687
DLBCL11204	0.1079184587425829	0.6372408479822796	0.06009571973306294	0.11874168855939522	0.07600328498267932
DLBCL_RICOVER_910	0.5237660129304806	0.050396516146017784	0.11133873325660382	0.19380383725737854	0.12069490040951926
DLBCL10871	0.07714799931801382	0.2539781379053509	0.0733419864383623	0.10576100177660579	0.48977087456166724
DLBCL10472	0.156975049156353	0.08913154127099712	0.4242408198907298	0.2284752509908196	0.10117733869110057
DLBCL10852	0.0834378450134732	0.4619722778242318	0.057432295372990966	0.10401656868324662	0.29314101310605745
DLBCL_LS3499	0.1673804539564421	0.16097293273153762	0.3897834380590293	0.23110882793724719	0.050754347315743874
DLBCL_C_D_1118_NULLPAIR	0.4593250497130777	0.2624691719130304	0.06206043408918725	0.16932846972368407	0.04681687456102064
DLBCL11188	0.04415583469491236	0.7732407069268383	0.042897645188484206	0.06986228145353876	0.06984353173622639
DLBCL10962	0.08813178836029431	0.29045666821110877	0.0819492267317911	0.1147244915445885	0.42473782515221736
DLBCL_RICOVER_978	0.07369664779543372	0.6688177940243895	0.06868920352823397	0.10519021469676453	0.0836061399551783
DLBCL11667	0.08668037752265477	0.18379486890403085	0.4739750200376427	0.1837236829041827	0.071826050631489
DLBC_FF_8042_TP_NB	0.021288818814762352	0.04152605230781794	0.08634184502391308	0.04196738215958616	0.8088759016939205
DLBCL_LS3245	0.02774663929838813	0.7956112631574543	0.0720039285826393	0.06131575553674922	0.043322413424769016
DLBCL10909	0.08758097836944155	0.049561867543253944	0.08347525538387426	0.0933563688639286	0.6860255298395016
DLBCL10549	0.033904734974206034	0.7387258748874096	0.0848625752484573	0.0806279075595335	0.06187890733039347
DLBCL_C_D_1144_NULLPAIR	0.09833249261687184	0.07916911971591922	0.075686355840447	0.1035485826984666	0.6432634491282954
DLBCL10922	0.043750415857609325	0.7640693179909641	0.04592368504575578	0.07281159603562608	0.07344498507004472
DLBCL_DFCI_DLBCL_GOE05	0.07359697525609989	0.27498077847875313	0.07059675524283308	0.10289160657660495	0.4779338844457089
DLBCL_LS2208	0.05097235236872589	0.06984981517924053	0.10047864699203968	0.07986653877578292	0.698832646684211
DLBCL10844	0.0919918855029308	0.15797134382336098	0.044570058821080574	0.0889807973740637	0.6164859144785639
DLBCL_LS762	0.08669418327741753	0.038437627927892196	0.06604199414559997	0.0818272866333756	0.7269989080157147
DLBCL10452	0.0270929923784439	0.7731240373414396	0.0309538388060533	0.04958401684421134	0.1192451146298518
DLBCL11456	0.07759978616868302	0.6975475598902876	0.06484789596004156	0.10821686475029905	0.05178789323068877
DLBCL10530	0.0296536956141089	0.24123735059849774	0.027870457559311675	0.046577958699265475	0.6546605375288161
DLBCL_RICOVER_945	0.059057960970166905	0.7307926180188764	0.05808456022719429	0.0904175831855587	0.06164727759820378
DLBCL10553	0.04340845423578246	0.7482168739364808	0.07027402661144191	0.08371325244332004	0.05438739277297479
DLBCL10535	0.06445607370617702	0.11711149455581829	0.05424848642436493	0.07864421997727343	0.6855397253363663
DLBCL10921	0.04123986011751745	0.2515152472362357	0.04075827757928292	0.06354931480834232	0.6029373002586216
DLBC_FF_8043_TP_NB	0.03944869111673348	0.7873191158214595	0.04170571935899277	0.06606714713189024	0.06545932657092396
DLBCL10883	0.053596575248714216	0.10571872226006718	0.05273243332989828	0.07219261089801172	0.7157596582633087
DLBCL10495	0.7506438642974931	0.038559442869502754	0.02150753464430058	0.08517300842620978	0.10411614976249381
DLBCL10782	0.13636710624529455	0.6533099914470196	0.05270870494943454	0.11424783981414167	0.04336635754410958
DLBCL10552	0.7855772723822412	0.03373086860950502	0.04498225237356335	0.10879744613820086	0.026912160496489555
DLBCL_LS146	0.02371290368717818	0.8449387813407558	0.029790027797506367	0.04486303044643256	0.05669525672812698
DLBCL10935	0.7917092393107171	0.03134856664219244	0.017684010241535486	0.07788415632419134	0.08137402748136366
DLBCL_LS2089	0.028514393616740963	0.7757005345164458	0.03358294491273571	0.049230241894015106	0.11297188506006241
DLBCL10517	0.04213805452378251	0.7773308843877328	0.05543044381574931	0.07411623669291274	0.05098438057982262
DLBCL_LS2245	0.06763954377885602	0.6780706723622782	0.10613559284074672	0.09952256434292892	0.04863162667519015
DLBCL11450	0.02810243979215171	0.1859946546781669	0.025530114768514193	0.04188622001618524	0.718486570744982
DLBCL10503	0.045595944967547083	0.13196728653041884	0.03983391760482852	0.06099997097543147	0.7216028799217741
DLBCL_RICOVER_577	0.026206776002193514	0.050239675391494265	0.058453893491209434	0.04560902065848595	0.8194906344566169
DLBCL_LS2599	0.06815406847856062	0.15867003223418927	0.58820680879397	0.15041082519533383	0.03455826529794622
DLBCL10895	0.022880397555109643	0.10762413652866419	0.037285886758532956	0.041095115655489886	0.7911144635022034
DLBCL11353	0.024660527406572333	0.14500722137995004	0.020041560958861806	0.03490092000165451	0.7753897702529613
DLBCL10525	0.8240240128958144	0.012134988770056742	0.02061202075115326	0.06908920760698306	0.07413976997599259
DLBCL_RICOVER_467	0.013955754773639618	0.07084731650394638	0.012321799632631867	0.019565394650558232	0.8833097344392239
DLBCL_RICOVER_533	0.022760164206861316	0.8767538839556012	0.02668282673109872	0.04092543632361674	0.032877688782822094
DLBCL_RICOVER_1018	0.015859066479607112	0.8946295890086731	0.022452392836269288	0.03134604296050101	0.03571290871494948
DLBCL11500	0.03160351471669179	0.07002527071956444	0.02647650290330739	0.03998139620607946	0.8319133154543569
DLBCL_C_D_1117_NULLPAIR	0.03617509626547549	0.7974937077916994	0.05257204198501747	0.0662228697023015	0.04753628425550622
DLBCL_LS1757	0.7606062515054381	0.06873316470606798	0.02966402763267968	0.11358149988233218	0.027415056273482032
DLBCL_RICOVER_1106	0.020047086422247538	0.10852558399058224	0.017634272550767653	0.029194733324923124	0.8245983237114795
DLBCL10885	0.019630645013224347	0.8908157965358936	0.020489251090733244	0.032962048297296	0.036102259062852866
DLBCL11478	0.8851221773222299	0.008240916593449827	0.019431286905954862	0.061913287324939496	0.02529233185342595
DLBCL10927	0.8901417188800914	0.01357223650034061	0.01945736711539128	0.060358621124936326	0.016470056379240334
DLBCL10890	0.03342499546466981	0.12240393494861072	0.019992456928353997	0.03940674293860546	0.78477186971976
DLBCL11437	0.9053315968372501	0.007026520817501039	0.012909222735197541	0.045707888430268996	0.029024771179782388
DLBCL11488	0.8987025887857337	0.007746381472045951	0.015285951966157793	0.04941306276667344	0.028852015009389068
DLBCL10884	0.8999372542362953	0.012261979178412947	0.01567153240842044	0.052208895043099106	0.01992033913377219
DLBCL11536	0.021794692578164816	0.8827138349687198	0.025210637566646554	0.037729396959981794	0.03255143792648705
DLBCL11496	0.9007720992336984	0.014483672762873273	0.014017626134050647	0.05252285315935545	0.018203748710022213
DLBCL_C_D_1128_NULLPAIR	0.9063662624073502	0.008425006659673124	0.013206001155629895	0.04885844698414978	0.023144282793196972
DLBCL11195	0.017632771195932637	0.06223113502009802	0.013946393372085968	0.023300502449536718	0.8828891979623467
DLBCL_RICOVER_314	0.040859969715746944	0.07784178652767165	0.022566506450830134	0.04201989504398714	0.8167118422617642
DLBCL_C_D_1156_NULLPAIR	0.9150982516895274	0.0064819329636039685	0.014533731728844465	0.04739944169393749	0.016486641924086647
DLBCL_RICOVER_977	0.9179335855994348	0.0061944966516048975	0.014338706409860244	0.04573048172935404	0.015802729609746023
DLBCL10931	0.9151111259870146	0.006422831136723136	0.015050676765227408	0.04728984499819974	0.016125521112835123
DLBCL11656	0.031142421299148647	0.007908048284422696	0.8820160408726072	0.05421605334471272	0.02471743619910877
DLBCL10993	0.9191648322486211	0.007112091316494859	0.013733641754088097	0.04673424414746685	0.013255190533329133
DLBCL_C_D_1125_NULLPAIR	0.012269770368135598	0.04846469852555587	0.01062435624759746	0.01636276488824309	0.9122784099704679
DLBCL10534	0.010158817254173686	0.021529141865292617	0.011377082916289296	0.013777551447841598	0.9431574065164028
DLBCL10781	0.012580434020412945	0.036888240032033504	0.015063610308991535	0.018786020988926344	0.9166816946496357
DLBCL11470	0.9092174351697835	0.008340477397465735	0.016986982027683076	0.05336306308355485	0.01209204232151282
DLBCL10564	0.046132060828625365	0.15789873403191412	0.6444452068344948	0.11840775355043334	0.03311624475453238
DLBCL10880	0.005905069108249456	0.006805456123697982	0.005580363630852689	0.006956720217584143	0.9747523909196157
DLBCL11670	0.020126158248691392	0.047658574337243124	0.8345986883039338	0.06615112262405079	0.031465456486080845
DLBCL_RICOVER_221	0.0040232757041902024	0.00915752935667537	0.004163712624289022	0.005512201664125631	0.9771432806507198
DLBCL10862	0.005205171179606209	0.009065621350498059	0.0046198981029161755	0.006470599570021574	0.974638709796958
DLBCL_RICOVER_1248	0.031148147734922495	0.059378640244494976	0.009233327726681657	0.024093495044238227	0.8761463892496626
DLBCL10951	0.004189679663899591	0.010022090992150949	0.0035958730205354677	0.005139040355041445	0.9770533159683725
DLBCL11566	0.015094761962852655	0.038196128710660276	0.8732735202477316	0.05204193125858159	0.021393657820173828
DLBCL_LS4616	0.014573440317651615	0.0375451202160181	0.8814543055081553	0.05020018519823718	0.016226948759937816
DLBCL10565	0.006114588833164752	0.006613041626407474	0.9634705495962288	0.017708806297920435	0.006093013646278515
DLBCL10465	0.006225210084714593	0.00949429044768757	0.9559801231366187	0.021489801216538516	0.006810575114440576
DLBCL11435	0.19386950001897768	0.16218285446158193	0.15347869618132406	0.20481052226168756	0.28565842707642874
DLBCL11504	0.18762362429028973	0.178636845801072	0.15441890319259602	0.20138430368473675	0.27793632303130533
DLBC_FF_A7CX_TP_NB	0.32152978212313543	0.18586130671673384	0.16371144062223203	0.23841806514163905	0.09047940539625955
DLBCL10523	0.12642146641198654	0.1450472235932218	0.47039914506057917	0.2190495878546791	0.03908257707953328
DLBCL10863	0.19089752334840063	0.12608053335202	0.39303831627618424	0.22517071536788025	0.06481291165551474
DLBCL10957	0.2163686339676864	0.10487912289449089	0.35622872737509576	0.24610047858909673	0.07642303717363015
DLBCL10908	0.19965790218234564	0.07685340879236499	0.1466050635615417	0.18274190897442627	0.3941417164893214
DLBCL_LS2154	0.2324630425044817	0.19337091134004578	0.18487103812452663	0.3032827904591534	0.08601221757179243
DLBCL_C_D_1109_NULLPAIR	0.22309773873232555	0.06918048677785775	0.3858896743233075	0.2475065938724446	0.07432550629406452
DLBCL_C_D_1113_NULLPAIR	0.22720270130228545	0.09869626762035778	0.34971478709294895	0.2566129596582181	0.06777328432618966
DLBCL10490	0.13134869736594948	0.23713486721465876	0.09585940934519141	0.1469407082906356	0.38871631778356475
DLBCL_LS2590	0.118306168182621	0.2085783373244909	0.10416662805459612	0.1413164879984966	0.42763237843979535
DLBCL11002	0.38463518938784924	0.067410368602462	0.2513431494978257	0.24853013870449844	0.04808115380736455
DLBCL_RICOVER_1061	0.2652717790911448	0.04311875750452247	0.35786348821738795	0.22256958636412286	0.11117638882282184
DLBCL_RICOVER_496	0.13016607142728956	0.36607714656795975	0.24404008778955885	0.20390745267369467	0.05580924154149713
DLBCL10889	0.36550507112242475	0.09046087182216031	0.18979318062971978	0.24073082439538226	0.11351005203031295
DLBCL11457	0.4972864758314053	0.0750242721053545	0.11119719397561374	0.20459222956441211	0.11189982852321433
DLBCL11433	0.34415325793242607	0.12833687782989103	0.1932941306203056	0.23200122481865487	0.10221450879872261
DLBCL_C_D_1112_NULLPAIR	0.14721530068194746	0.33307758467659754	0.13470357274935174	0.18423336716751068	0.2007701747245926
DLBCL10857	0.15105376734434608	0.12714536508560662	0.1106611073448645	0.15265177892578718	0.45848798129939555
DLBCL11472	0.3691653522411379	0.0495659667120877	0.19698206267374854	0.22165938281940958	0.1626272355536163
DLBCL11441	0.38636696768455703	0.05080089550066958	0.18367564368232875	0.2163232670808483	0.16283322605159628
DLBC_FF_8062_TP_NB	0.3781044419912486	0.04702245093249088	0.19860832579557514	0.21165021348929555	0.16461456779138978
DLBCL11538	0.38197168013168364	0.04488174753699256	0.19251262472082153	0.21924570582101863	0.16138824178948366
DLBCL_RICOVER_720	0.10141649891810059	0.5025101293944597	0.02745341962548591	0.07864899808499379	0.28997095397695993
DLBCL_LS1668	0.032003920808361105	0.17737689961803832	0.63821891206807	0.10243535264586622	0.04996491485966435
DLBCL11512	0.5266590600328374	0.22391240197721426	0.04612344622093631	0.15708746187093134	0.04621762989808083
DLBCL11449	0.11596673307434742	0.42513533851214	0.05900204157385017	0.11679679696774804	0.2830990898719143
DLBCL10532	0.15677216779838668	0.3684135028309708	0.1456784232635949	0.19599709475165594	0.13313881135539168
DLBCL10482	0.10610859397484367	0.22866804105370592	0.10274591038824894	0.1405991937967935	0.421878260786408
DLBCL_RICOVER_473	0.20356590155839346	0.4112577304059946	0.05939848274215976	0.15022716381076862	0.17555072148268352
DLBCL11681	0.5294985180213269	0.04801284383738288	0.10913602751026438	0.19502736933767537	0.11832524129335045
DLBCL11460	0.1366159446732956	0.432609651180652	0.18126299922138112	0.19066001576094352	0.0588513891637279
DLBCL11447	0.13999981147290344	0.37108883444573876	0.15663882110413951	0.187933372480076	0.1443391604971423
DLBCL_C_D_1119_NULLPAIR	0.25315737339614963	0.5050169117106499	0.044152616322737766	0.13676125031849198	0.060911848251970824
DLBCL10902	0.13247217388564372	0.47460655393786744	0.0999208801955969	0.1573491197913427	0.13565127218954914
DLBCL10780	0.04080443439379274	0.23353256134847528	0.5531918276302508	0.12326462439135806	0.049206552236123226
DLBCL10934	0.03483667067734322	0.6502778971502617	0.039838943439937435	0.06056018592737036	0.21448630280508724
DLBCL_RICOVER_522	0.029206198873442574	0.06292626957430981	0.806012488188101	0.08021227499435422	0.021642768369792335
DLBCL11484	0.08333414883561753	0.4017547655521095	0.254046333157174	0.16818035614930577	0.09268439630579318
DLBCL10925	0.06976681096690435	0.5619731265476502	0.06705958917405094	0.10377596740886241	0.19742450590253224
DLBCL10901	0.11322664004187562	0.5251032424223044	0.10343703424897786	0.14438601322913752	0.1138470700577046
DLBCL_MC_F139_LJF	0.11203441921401015	0.49894053018915174	0.1494883913695148	0.16721519498995524	0.07232146423736799
DLBCL10451	0.2911981018133852	0.025758867063066505	0.4681926912959828	0.1927809068046863	0.022069433022879354
DLBCL10954	0.04072744802921918	0.6156241613626435	0.05873618216137483	0.07765965116629917	0.20725255728046335
DLBCL10985	0.06918530846823774	0.49791658722336546	0.1502920040033639	0.13944142627908676	0.14316467402594613
DLBCL10965	0.11430539971601389	0.17967936168433105	0.08380332106119104	0.1240060590756456	0.49820585846281845
DLBCL_C_D_1141_NULLPAIR	0.015661564831001187	0.04288350231584341	0.8485780595433271	0.057461035372328446	0.03541583793749989
DLBCL_RICOVER_1165	0.04893577278256782	0.6819132855697295	0.08532128552023933	0.09476060595292349	0.08906905017453985
DLBCL10969	0.0540152556958622	0.19640352789761673	0.0744302998336572	0.08750703852844222	0.5876438780444218
DLBCL11458	0.800078775877846	0.04691024927555491	0.02541235873358392	0.09454463081065975	0.033053985302355364
DLBCL10458	0.7809601452631969	0.046452848171898715	0.03602105878088081	0.1126977981350051	0.02386814964901841
DLBCL_RICOVER_506	0.024649898658639792	0.7607305237400492	0.03718758043412252	0.05148008066405557	0.1259519165031329
DLBCL10483	0.024767317451635632	0.7275719756308794	0.10878523688913759	0.0658928263165353	0.07298264371181205
DLBCL10999	0.06262665869779428	0.12226346777158294	0.05712746948150266	0.08026695232205765	0.6777154517270625
DLBCL_RICOVER_956	0.052831280949832665	0.21507298889714946	0.03918078286446539	0.06733406484332051	0.625580882445232
DLBCL_RICOVER_773	0.042895197524137604	0.7376325278629324	0.04228010476207128	0.07008937714944595	0.10710279270141279
DLBCL_C_D_1126_NULLPAIR	0.037231514964266445	0.7505134477834872	0.055360809205776705	0.07133498845599677	0.08555923959047296
DLBCL_RICOVER_1210	0.029544481307595183	0.8497812146427502	0.028248951525841354	0.04774995304089756	0.04467539948291563
DLBCL10972	0.8190464891240876	0.040570936552848574	0.019980717984869667	0.08308879529705535	0.037313061041138795
DLBCL11666	0.020423057482760437	0.05892700982968685	0.8303167591197423	0.0659866750268537	0.024346498540956666
DLBCL_C_D_1105_NULLPAIR	0.033772210791402725	0.8225542271506622	0.032620773214274854	0.05584901111282246	0.05520377773083776
DLBCL10460	0.04237196263896477	0.766747614160771	0.05280218321303353	0.0749785657809495	0.06309967420628122
DLBCL10898	0.04804392630983367	0.13893142800001584	0.024588795083723997	0.05132948344748033	0.7371063671589462
DLBCL10850	0.05604610240303484	0.8059544522416758	0.03153841676818224	0.06331159766337269	0.043149430923734425
DLBCL_RICOVER_216	0.08424231886754965	0.03934463829955704	0.06350575722867896	0.07881448427303349	0.7340928013311808
DLBCL_C_D_1131_NULLPAIR	0.037175637913753654	0.8182518568813241	0.0417892973762418	0.06290020946140358	0.039882998367276934
DLBCL_RICOVER_701	0.08075308615341122	0.043014858226750295	0.060085344444145754	0.07440607507542144	0.7417406361002713
DLBCL11205	0.8400389456464374	0.03286602131701253	0.018671558087824516	0.07529787947385355	0.03312559547487201
DLBCL_LS378	0.8538207197294126	0.019606165183523972	0.02832294584914465	0.08089865554532588	0.017351513692592878
DLBCL_RICOVER_253	0.02430571770957612	0.8826456143412741	0.018134245512684836	0.03524031214601687	0.039674110290448046
DLBCL10834	0.02890818580379275	0.8748701961208558	0.021773563543992378	0.04091261797684174	0.03353543655451735
DLBCL10502	0.02788337284639974	0.8094152116339658	0.051450234447409766	0.06186224894030095	0.049388932131923725
DLBCL_C_D_1133_NULLPAIR	0.008912469924167754	0.013516997465907706	0.9410039800346782	0.028115605192627454	0.008450947382618918
DLBCL_RICOVER_1192	0.02930094521921535	0.11729565342554168	0.03365139830066786	0.04473889864545686	0.7750131044091183
DLBCL_RICOVER_1032	0.025801851998426644	0.22593791641375854	0.026909715079101993	0.04287892393898739	0.6784715925697254
DLBCL11480	0.02919922920587275	0.04779781666833046	0.026483769132152012	0.03500705870838154	0.8615121262852632
DLBCL_RICOVER_174	0.013865381029243543	0.9222651830343775	0.01541401473340747	0.02447981561410307	0.02397560558886837
DLBCL_RICOVER_299	0.01948063969365932	0.886080959846417	0.027565708588690407	0.03631600906004827	0.030556682811185048
DLBCL_LS1098	0.012496577458090631	0.007386386926414801	0.9407304161553907	0.030973843010686886	0.008412776449417061
DLBCL11486	0.9285792071130196	0.010706795776178652	0.008768870728382706	0.039558742873043354	0.012386383509375742
DLBCL10486	0.039274611637938335	0.06316739651122444	0.019922299564641647	0.037940599162708054	0.8396950931234876
DLBCL11526	0.8863552768183153	0.017500569802090585	0.018542183648492205	0.06339940212555503	0.014202567605546914
DLBCL10980	0.030448633613093128	0.10786638457999304	0.019653864075934613	0.03644777279244888	0.8055833449385303
DLBCL11003	0.019855525638672863	0.08205119914469221	0.016545607092917854	0.027881332379491103	0.853666335744226
DLBCL11206	0.0154546159846745	0.07480210960320857	0.014339761029317428	0.022418606912717902	0.8729849064700815
DLBCL10906	0.012548157376594328	0.04465730317217977	0.00923257900216154	0.01598459960832602	0.9175773608407384
DLBCL10968	0.910622251734952	0.00825347550377982	0.013316468437833373	0.04535655475692894	0.022451249566505797
DLBCL_MC_F262_WLC	0.9117156704825351	0.007974822259660527	0.013506505897938333	0.045352264175211834	0.021450737184654234
DLBCL10459	0.00829452907887987	0.010805211374018598	0.947764229415917	0.026393936775063725	0.006742093356120876
DLBCL11527	0.004076872151397534	0.004100056376624496	0.9780922968786702	0.01134646537764581	0.0023843092156619946
DLBCL10930	0.04931812589073321	0.02602578280668261	0.010855758040291855	0.02714435732300349	0.8866559759392888
DLBCL_RICOVER_1060	0.016918238722718124	0.03929742161825311	0.016125678064287052	0.02253135607044885	0.9051273055242929
DLBCL11474	0.9190645394390417	0.008578906674526297	0.013130970428947362	0.04655875102225248	0.01266683243523217
DLBCL_MC_F218_RAP	0.9310217374802836	0.006619447245229197	0.012666170870275207	0.03853468686330554	0.011157957540906411
DLBCL_MC_F307_JPS	0.9161489951891726	0.006754075537374527	0.01552316510847104	0.04532970419060738	0.01624405997437441
DLBCL10498	0.004822983128062288	0.005980526651718455	0.969559829322916	0.015494149653537504	0.004142511243765784
DLBCL_RICOVER_712	0.012631660777097866	0.03315376789050542	0.01034856603393693	0.01591078920570741	0.9279552160927523
DLBCL10539	0.0116649884239577	0.027640154935870156	0.009028598185177268	0.013890236565102965	0.937776021889892
DLBCL_MC_F349_BJJ	0.005520754048964601	0.0032627158159126714	0.9741812359206049	0.014126311909732115	0.0029089823047856686
DLBCL10842	0.01670022079700193	0.033230257765489046	0.018051617765214623	0.022160507137357087	0.9098573965349374
DLBCL11675	0.007961323604450964	0.004416649073334492	0.960380634522363	0.02040283114503003	0.006838561654821473
DLBCL_RICOVER_744	0.004216768394896709	0.0032355038720512687	0.9783093788121577	0.01105661204342902	0.0031817368774652564
DLBCL10977	0.01913080532884879	0.017266445604223538	0.015040751712865372	0.02039358432938534	0.928168413024677
DLBCL_LS155	0.004468498382303583	0.0023953646177594886	0.9769350445669449	0.011303414814524003	0.004897677618468013
DLBCL11000	0.004883479455779412	0.010375834092479047	0.0043894629516094165	0.006236570529391055	0.9741146529707411
DLBCL10963	0.004171523266573162	0.007977818895145957	0.0028888227617458293	0.004702783172316591	0.9802590519042185
DLBCL_MC_F064AB	0.0028791858878778466	0.0019455840614444966	0.9857467062657904	0.0077590473174568905	0.0016694764674303848
DLBCL10860	0.0021088362768346483	0.0038962612317309034	0.001594424979105642	0.0023484722837143228	0.9900520052286145
DLBCL10990	0.0	0.0	0.0	0.0	1.0
DLBCL11683	0.18935365292724643	0.19829749386038273	0.1446729357012139	0.2014363300624615	0.2662395874486956
DLBCL10875	0.20106434541545826	0.33582118473421513	0.1618348068329847	0.22438460632285004	0.07689505669449198
DLBCL11657	0.15911470576574002	0.3064132529954856	0.20723433725743187	0.21203167732133021	0.11520602666001219
DLBCL10518	0.180218324998756	0.0875513568498485	0.4180278775758307	0.22001128925778032	0.09419115131778451
DLBCL10888	0.1999732724021568	0.09538587138704853	0.14406325205572795	0.1852848991719246	0.3752927049831421
DLBCL_RICOVER_575	0.21924473315321524	0.11488968014252747	0.2075010118333269	0.28587813885712815	0.1724864360138024
DLBCL11448	0.11366495000670758	0.38081773903667504	0.102161580596171	0.14713723737962514	0.25621849298082117
DLBCL10907	0.16396613262418738	0.24035608155086122	0.031597866114203836	0.09382512935439719	0.4702547903563503
DLBCL10932	0.19783298141450487	0.06237882470423861	0.1280640305984851	0.1624915467222649	0.4492326165605065
DLBCL_RICOVER_617	0.15802726993763686	0.12371875031421802	0.44475206218871427	0.22380150631026605	0.04970041124916478
DLBCL10877	0.20165130863979136	0.09373118612893716	0.13345042697776419	0.1851831478153567	0.3859839304381505
DLBCL11483	0.19063150863222547	0.07469133264137476	0.15225715522358946	0.1777762073422677	0.40464379616054263
DLBCL11509	0.36312149714811	0.07548458837785839	0.19841006438546685	0.2366406945555905	0.12634315553297426
DLBCL10522	0.3729749728199314	0.07873451610049798	0.19137674461533397	0.23351423664666016	0.12339952981757649
DLBCL10527	0.19017027751648513	0.20266448408280344	0.23935844370966602	0.3089107232617756	0.05889607142926978
DLBCL10501	0.03908530103278772	0.24328005406879136	0.5366806666184528	0.12611763217629757	0.05483634610367049
DLBCL11208	0.33574613845786955	0.14911741510730625	0.17946847052429402	0.23666932874346386	0.09899864716706624
DLBCL_MC_F927_JHS	0.189901905697757	0.05428390594352022	0.13114343114827742	0.163352044233763	0.4613187129766823
DLBCL10947	0.12182536046038948	0.26212132253663595	0.02522253022268057	0.07937144272395778	0.5114593440563362
DLBCL10497	0.377477032169606	0.0492367145308136	0.1955471459310114	0.2148912929285149	0.16284781444005422
DLBCL11467	0.37869489050571364	0.04645298131776208	0.1952664568973168	0.21276304207767238	0.16682262920153507
