	0	1	2	3	4
DLBCL10981	0.05082527331405768	0.6557385961164028	0.10791433536052752	0.12149769997828397	0.06402409523072788
DLBCL11491	0.22005557484113722	0.016950693811486922	0.17926867524863538	0.46785394180545115	0.11587111429328927
DLBCL11534	0.07300315417484707	0.03515601353963282	0.41468041344904005	0.172637177165337	0.30452324167114314
DLBCL10874	0.09994139352902671	0.39034183837363057	0.0546171458833455	0.17368493259661322	0.281414689617384
DLBCL_RICOVER_711	0.08640886845123859	0.5331799616293506	0.05437058287940464	0.30121033507270917	0.024830251967297167
DLBCL_RICOVER_111	0.15655924673411922	0.024529656474365787	0.307199068938977	0.06328012192954156	0.4484319059229964
DLBCL_RICOVER_1046	0.016826854017677504	0.5593953976391313	0.35393829706067875	0.021509312526549963	0.04833013875596242
DLBCL10915	0.08803799815589745	0.19609482482973598	0.06473613049155183	0.24528268727744765	0.40584835924536716
DLBCL11431	0.1382379427051159	0.14542327106282185	0.13418242970343736	0.07705254385308984	0.5051038126755351
DLBCL_C_D_PAIR13	0.13583548703644152	0.14202689237839158	0.13710107298526455	0.07973543780631379	0.5053011097935887
DLBCL10491	0.06657754181130132	0.23538853806921184	0.09636311733380976	0.5821477540035674	0.01952304878210958
DFCIDL004_DT	0.5302824612950493	0.01634752639631428	0.024450166887718828	0.10360726338734964	0.32531258203356794
DLBCL10513	0.29166168683337784	0.05985811048954136	0.12205801164887398	0.5145526877060759	0.011869503322131002
DLBCL10986	0.7095849285999595	0.032781978344851075	0.15683203244978056	0.07427675896408782	0.026524301641321094
DLBCL10867	0.04330604517677834	0.5598281097734982	0.02788341281916995	0.03850441091958309	0.3304780213109704
DLBCL_BWH_DLBCL64	0.07815903362497638	0.23009790232871846	0.15042213532820986	0.5252973228468247	0.016023605871270455
DLBCL10858	0.0638055459295222	0.015383456066690648	0.03109267799687113	0.2243151138693404	0.6654032061375756
DLBCL_C_D_1159_NULLPAIR	0.19794953939995735	0.018325658997614302	0.03279397868779658	0.7269352151268755	0.02399560778775611
DLBCL10868	0.11493818240945473	0.01622453420215532	0.032460653902374056	0.6951031516340578	0.14127347785195812
DLBCL10914	0.5888672622232726	0.1988958129267327	0.13970022911267288	0.05129372993309132	0.021242965804230622
DLBCL_MC_F606_DMJ	0.018789810147688792	0.5382699810047787	0.3937438807316556	0.02279820523288011	0.02639812288299679
DLBCL10846	0.02101978361162857	0.8239725935659925	0.04390871158353962	0.0464445602844475	0.06465435095439175
DLBCL11507	0.02128386248034363	0.7852171467246367	0.1569319429473536	0.016923016549609832	0.019644031298056235
DLBCL10878	0.5094110271655643	0.02056843477413326	0.024802030930319668	0.0804241872220474	0.3647943199079354
DLBCL_RICOVER_478	0.12310173494728702	0.701601016534894	0.02233151991887646	0.019987782053884243	0.13297794654505826
DLBCL_C_D_1148_NULLPAIR	0.15573208011552397	0.015206475528203157	0.062078695247527446	0.7431940271230071	0.02378872198573837
DLBCL10456	0.05625533762427891	0.01707377460157655	0.059950669244867194	0.8136967470062489	0.05302347152302844
DLBCL_RICOVER_985	0.040596970095931134	0.03054478903976098	0.15390618730774175	0.7444218144551623	0.030530239101403782
DLBCL11479	0.04428614657728273	0.7739761472039998	0.11333022243868349	0.020962740389518918	0.04744474339051516
DLBCL10544	0.052362107483111583	0.01588763064898204	0.042034223181570615	0.7989192835952188	0.09079675509111694
DLBCL10891	0.01872258725663147	0.011663390050180708	0.057843470826825845	0.04776395786961239	0.8640065939967496
DLBCL_RICOVER_787	0.4737562428994748	0.18863780949339481	0.06275501839437361	0.2472157579913865	0.027635171221370287
DLBCL10950	0.7282894320422357	0.020622199942576025	0.0506919285835546	0.09936581156335114	0.10103062786828249
DLBC_FF_8046_TP_NB	0.7442568025164509	0.05514599110279905	0.04715449028977365	0.08862831365844309	0.06481440243253327
DLBCL11662	0.6643065469677529	0.018874594668738615	0.04210356805644187	0.13301788261048303	0.1416974076965835
DLBCL11520	0.7049969551046983	0.01315820286843783	0.017086286515748287	0.0570674842951186	0.20769107121599698
DLBCL10494	0.013551853796908347	0.8679817323564032	0.09038791862773905	0.01455093961280652	0.013527555606142898
DLBCL10547	0.05486872797195181	0.01774895703917136	0.03764145010572556	0.8691863724355208	0.020554492447630492
DLBCL11652	0.6094983343266958	0.23422763263917684	0.07385206045473387	0.04356680767839929	0.038855164900994325
DLBCL_RICOVER_950	0.045409138919914056	0.015858200001057796	0.056182716016195844	0.8667230208126532	0.015826924250179092
DLBCL_LS2325	0.047418761750106904	0.7437594768180747	0.17361028502951736	0.019315149876253872	0.01589632652604722
DLBCL10836	0.029351583435860643	0.007299566279492508	0.019653432058628365	0.027528547162158776	0.9161668710638597
DLBCL_MC_F815_BAT	0.04213027644781966	0.09741611383405796	0.7093303412205374	0.12663501170853234	0.02448825678905264
DLBCL11459	0.04357730760180729	0.012004914779456618	0.031219710334992996	0.893881888306025	0.01931617897771807
DLBCL11564	0.04515581634388903	0.013850459218622494	0.03179891925235012	0.8911340944239423	0.01806071076119607
DLBCL_LS1395	0.053745162501042415	0.15606378895276624	0.7290913768867495	0.02395992730812316	0.03713974435131877
DLBCL10555	0.1684925674456743	0.04642812479301317	0.7323678959373816	0.04118279288084312	0.011528618943087744
DLBCL11661	0.014641417091234368	0.9239651622500382	0.02697063925051054	0.025165032044802946	0.009257749363413888
DLBCL_MAYO_DLBCL_3653	0.8146263635870701	0.01906439813604186	0.03341038376618387	0.07213468041780129	0.06076417409290291
DLBCL_MC_F500_ECU	0.005757964510414085	0.9646150977984942	0.012798600683386683	0.007493232104194354	0.009335104903510647
DLBCL11429	0.8449882578727124	0.007842967707595912	0.027564101199478778	0.07907830590135796	0.04052636731885502
DLBCL_C_D_1129_NULLPAIR	0.8791761997416753	0.009810240801228266	0.020367390737522948	0.03040466356465213	0.06024150515492144
DLBCL11672	0.03546805875042134	0.015817020292876696	0.8792546174071231	0.04948684767191295	0.01997345587766593
DLBCL10521	0.01662126553518422	0.09491724235456521	0.012974739329476903	0.0126646327775506	0.862822120003223
DLBCL10466	0.013440929775280174	0.07772115598021886	0.8095881473966955	0.07116346669158148	0.02808630015622403
DLBCL11203	0.00323313300165898	0.9797836882182751	0.007011162974306802	0.005087306832223786	0.004884708973535306
DLBCL_LS1921	0.016870355445141413	0.920003665971853	0.018989603785775314	0.03312082733494533	0.01101554746228495
DLBCL_MC_F089_HCZ	0.0047147253357119655	0.9437926801105797	0.030023792334372426	0.008436702103978644	0.01303210011535727
DLBCL10894	0.06189994626441588	0.8524076923625297	0.029887722955728675	0.03978342141552168	0.016021217001804033
DLBCL10866	0.01825413410092479	0.009927620673445306	0.0170682209139094	0.03811945209391138	0.9166305722178091
DLBCL11537	0.9368847966724987	0.0058285952465191	0.010002797786428534	0.01668896912239779	0.030594841172155857
DLBCL10833	0.030989468798493992	0.011188770018934195	0.008562115620118094	0.027664090180679696	0.9215955553817741
DLBCL11462	0.9548794906264965	0.004660205867629092	0.010267706928517738	0.013833347757032046	0.016359248820324707
DLBCL10900	0.011519979253740957	0.0063700561537208605	0.005437355490407099	0.014483641538745005	0.9621889675633861
DLBCL10847	0.02616788325348466	0.03351514356585466	0.010726180955832974	0.008306650026596973	0.9212841421982307
DLBCL_RICOVER_1045	0.6204228116340708	0.03344817905517709	0.02775525912201026	0.2805913658837116	0.03778238430503034
DLBCL10879	0.020078063407422624	0.01584490018980523	0.8899215477702919	0.043532985503574144	0.030622503128906107
DLBCL11680	0.04363772562226487	0.014516523060253448	0.9127929672099664	0.02054463882502063	0.008508145282494644
DLBCL_RICOVER_440	0.008665570557690374	0.9167763145814299	0.05639188830299279	0.006593884518548568	0.011572342039338273
DLBCL_RICOVER_1287	0.013772287658928857	0.057364967348885694	0.018437351128590934	0.017760599571709286	0.8926647942918853
DLBCL10536	0.02839736652326675	0.07628567222923183	0.8358333734782815	0.04529752100756978	0.014186066761650183
DLBCL10912	0.9543479571118018	0.0066591314994095315	0.013708598205930579	0.020162465437993285	0.005121847744864836
DLBCL10835	0.0164505967413208	0.048411612801949756	0.012243477007657674	0.0386172930006395	0.8842770204484323
DLBCL10945	0.8938421394067346	0.009400252962784838	0.012610207776760191	0.026019223942740536	0.05812817591097981
DLBCL_LS1304	0.008473982837464186	0.011859659134951323	0.007966416697662106	0.006873828722586907	0.9648261126073355
DLBCL11685	0.007698986192070173	0.005538865931107246	0.9648049419979309	0.011085996918392606	0.010871208960499128
DLBCL_LS3749	0.004501070476060169	0.9766952635514042	0.010187099592161068	0.005020303159026073	0.0035962632213484337
DLBCL10983	0.010774373441996523	0.956198516804387	0.011144997164309573	0.007026324355159411	0.014855788234147379
DLBCL11481	0.9685217881215166	0.003404694800032009	0.010788342357430945	0.010146227478892152	0.007138947242128273
DLBC_FF_A7CQ_TP_NB	0.010237584657558982	0.005600272289619257	0.005183405649970762	0.011822021534680078	0.9671567158681709
DLBCL11476	0.008141414769813676	0.009059541599431403	0.003968136256156564	0.0046672166547350544	0.9741636907198633
DLBCL11539	0.9109680822819497	0.007170748716892408	0.02496113284618657	0.049582227259563544	0.007317808895407745
DLBCL10992	0.0040432672342845775	0.0029712388782069856	0.004374277035674698	0.005027728285367056	0.9835834885664667
DLBCL10853	0.007849528826361281	0.004744034236521042	0.004348797294473281	0.0064350690510837074	0.9766225705915607
DLBCL10510	0.008010318956703294	0.9725617020651497	0.00646209105582862	0.0045555020845871675	0.00841038583773117
DLBCL_LS951	0.9222286106096291	0.019975801669968124	0.017625656410157682	0.032891183205371495	0.007278748104873538
DLBCL_C_D_1108_NULLPAIR	0.004672117751255882	0.9715039924960991	0.007864043341707042	0.003399226729247536	0.012560619681690494
DLBCL_RICOVER_829	0.942948080808648	0.008956321374381774	0.007648852499088572	0.026798743240058407	0.013648002077823209
DLBCL_MC_F729_MAN	0.0016339704935156663	0.9916431935734671	0.0029429720738590346	0.0011852101797630822	0.0025946536793951553
DLBCL10887	0.0015956015008315603	0.0021484013438660223	0.0027698989556786376	0.0024989450870798856	0.9909871531125439
DLBCL10550	0.0027341768309567566	0.0031218671025932546	0.0031594598339613495	0.003032906071291769	0.9879515901611968
DLBCL10529	0.005044992439131176	0.016058267837134193	0.009516721230658462	0.00900697075270397	0.9603730477403722
DLBCL_C_D_1163_NULLPAIR	0.0021864062008186587	0.0021839536745180046	0.002077765891385494	0.0035973932037641322	0.9899544810295137
DLBCL10461	0.0023935501311784222	0.9829310341475449	0.007020781951001765	0.0023676836566594696	0.005286950113615486
DLBCL_LS3200	0.006695938208834081	0.025010605870638015	0.007518542344153771	0.007048249042610473	0.9537266645337636
DLBCL10515	0.9595761903229143	0.007263761830245795	0.007046028398308294	0.019597017902219443	0.0065170015463121575
DLBCL11565	0.0017432079290909462	0.9904123494645456	0.0035376864963048964	0.0020718665553626976	0.0022348895546958855
DLBCL_LS1065	0.0033888148918699706	0.9873042231693309	0.0043169579986741735	0.0021510976236311934	0.0028389063164938042
DLBCL10911	0.0	1.0	0.0	0.0	0.0
DLBCL11461	0.9617031236802123	0.004646732188701443	0.010383088159319336	0.01948016769581583	0.0037868882759511595
DLBCL_MC_F519_ALT	0.0009929085290738971	0.0013167086132233159	0.0008037000100061309	0.000812318705870151	0.9960743641418265
DLBCL_C_D_1136_NULLPAIR	0.0008021762698371458	0.9962719204918322	0.001216746298344278	0.0007986545650981348	0.0009105023748882365
DLBCL_C_D_1130_NULLPAIR	0.9920508682218134	0.0013916241618206757	0.0017574797761923725	0.0029659708900695047	0.0018340569501040353
DLBCL_RICOVER_449	0.0010577441200481802	0.0012595171841403175	0.0013215016926083627	0.0015944172240644635	0.9947668197791387
DLBCL_LS297	0.009054665624589288	0.006828383169508467	0.9625799757574919	0.017558836325792526	0.003978139122617816
DLBCL_RICOVER_417	0.0003102771705808153	0.00048409457743068076	0.0002784964194662531	0.0004544400824279296	0.9984726917500943
DLBCL_C_D_1114_NULLPAIR	0.9838670235138501	0.0020780533946960877	0.00276815686544352	0.00852810096278687	0.0027586652632234252
DLBCL11558	0.012757036287667	0.01120718370581737	0.9556350437529526	0.016827926996637252	0.003572809256925719
DLBCL10997	0.9887480371280641	0.0016489449315931848	0.00223540532028296	0.005077076027316219	0.002290536592743513
DLBCL_DFCI_DLBCL_GOE16	0.004682004602504181	0.0038444018121356963	0.9819288326201934	0.0070143645245673795	0.0025303964405994092
DLBCL11428	0.005202871915585351	0.004376048564122661	0.9817460308887832	0.0066397235546052005	0.0020353250769036112
DLBCL_RICOVER_1278	0.15461774633254807	0.03586701526582302	0.03272874979572888	0.28730706092956243	0.4894794276763376
DLBCL11515	0.03927099626717682	0.10563529724195458	0.48531510399845834	0.03292657610961235	0.3368520263827979
DLBCL10936	0.17118071674563295	0.4381289588229486	0.17245313765122602	0.10822859450723155	0.11000859227296082
DLBCL11528	0.4677194652304064	0.16564974570196211	0.3032401916299836	0.0402230099060392	0.023167587531608642
DLBCL10565	0.2037312931314219	0.04442791047009979	0.5066532096480083	0.22589914216190773	0.01928844458856216
DLBCL_RICOVER_314	0.018913150573660383	0.1264035642485344	0.043113306142731504	0.029005315244873566	0.7825646637902001
DLBCL10503	0.05805445167939816	0.14730311797820572	0.5009250260150064	0.051261733180283854	0.24245567114710592
DLBCL11202	0.34026437175376884	0.05627918074310092	0.4589150192296101	0.13344954021069433	0.011091888062825734
DLBCL_RICOVER_1018	0.08840017973563581	0.1768706348065199	0.03956849510643118	0.6565081585695925	0.03865253178182053
DLBCL10856	0.12713841709074197	0.06558262727756166	0.4184541069794098	0.033451135706165175	0.3553737129461214
DLBCL_LS3499	0.16406433878937687	0.09683670200246987	0.08089809146396865	0.6311755801773103	0.027025287566874303
DLBCL10974	0.09561735949677362	0.02419672762062039	0.0470215313090609	0.5296565241445399	0.3035078574290052
DLBCL11204	0.38784090412446637	0.4559562321413488	0.05483534346828253	0.05279915563929789	0.04856836462660432
DLBCL11536	0.06888902623391217	0.30564874650920093	0.07703008460257055	0.4902348727894805	0.05819726986483582
DLBCL11496	0.1581555289240337	0.030666512477440778	0.09796076161635539	0.052860038000182664	0.6603571589819874
DLBCL10512	0.03126929458046931	0.18553032287666396	0.602325267403159	0.0399673537640656	0.14090776137564215
DLBCL10921	0.03396108632432184	0.21657863560943874	0.019231544397858676	0.019885940457060738	0.71034279321132
DLBCL10517	0.015691000784778416	0.3814826032875033	0.5405315205530973	0.033249995941453205	0.02904487943316783
DLBCL10782	0.08589685891603101	0.035039437594016724	0.048624092597344834	0.8127749397879784	0.017664671104629017
DLBCL10962	0.07777145910935696	0.4379673601049371	0.3299910037180649	0.047837387378819464	0.1064327896888217
DLBCL10553	0.05213034720720265	0.03215044491171892	0.6477675052316247	0.2473855106628244	0.02056619198662926
DLBCL11436	0.13813645849198283	0.5078285889205559	0.05577339509163921	0.23283765515373672	0.06542390234208521
DLBCL_LS4616	0.013592143848779438	0.3644880513156808	0.5506427440220572	0.03938401910496789	0.03189304170851478
DLBCL_DFCI_DLBCL_GOE05	0.01604053522047877	0.5833079033989413	0.10155920898154325	0.01844526111080059	0.28064709128823606
DLBCL_C_D_1117_NULLPAIR	0.2148958666437016	0.5117583940926222	0.029853179478785814	0.21449886798157028	0.02899369180332017
DLBCL10564	0.07950267964675191	0.05211618543220959	0.04075931604841783	0.8037739095569962	0.023847909315624406
DLBCL10552	0.19921882853838763	0.02335310451810351	0.07802529565607923	0.6825233270952044	0.016879444192225177
DLBCL11590	0.24633109953083332	0.020197460145412148	0.5424159640220615	0.15398399516777472	0.037071481133918366
DLBCL_C_D_1156_NULLPAIR	0.1963910097408413	0.05507339521517462	0.08116676775891239	0.6312723601060173	0.03609646717905447
DLBCL10935	0.7192189276481461	0.16183477011848216	0.018788529071195822	0.05551988856673998	0.04463788459543587
DLBCL_LS762	0.032912978120335834	0.027912705000906743	0.15947987516151002	0.033612138596894076	0.7460823031203534
DLBCL_RICOVER_850	0.018423317478941208	0.04312868597969603	0.016788834201787537	0.0374309639087494	0.8842281984308258
DLBCL10871	0.07794537601910305	0.8005677395773093	0.041298666340663086	0.020631429915915822	0.059556788147008745
DLBCL_LS2599	0.06672890040317413	0.06882309822433211	0.7653177460041014	0.08839172623155785	0.010738529136834565
DLBCL_RICOVER_1106	0.012985174091621764	0.0427239597288379	0.011687223980857678	0.02869498603335839	0.9039086561653242
DLBC_FF_8042_TP_NB	0.015862172365117055	0.09477424618983162	0.03454188977695	0.03230733183816617	0.8225143598299351
DLBCL10909	0.08879402180585505	0.01824826047246976	0.0654754667204434	0.6470559135236773	0.18042633747755457
DLBCL_RICOVER_467	0.018636424944959762	0.6773174202359487	0.04058467240915716	0.01324515980901352	0.25021632260092097
DLBCL11430	0.8297468232744495	0.011537238945928171	0.043657092140888774	0.10319497498281413	0.011863870655919432
DLBCL_RICOVER_274	0.06737796000260092	0.08022181663007241	0.03588461810964305	0.7605019184244572	0.056013686833226335
DLBCL11488	0.6664176239706602	0.011486819935935175	0.01895538930638184	0.07016251465474307	0.2329776521322798
DLBCL_RICOVER_910	0.14140962363472417	0.04326225411270395	0.06289334703519556	0.7226654488525637	0.02976932636481266
DLBCL11478	0.20144963678073471	0.04468783694822942	0.7000164612289452	0.03952864607683527	0.014317418965255383
DLBCL10993	0.536849962378963	0.017914293431939194	0.057231259613694976	0.2522568291904749	0.135747655384928
DLBCL_C_D_1144_NULLPAIR	0.030832378939201793	0.03919391496753416	0.00991837610999554	0.01755155977856828	0.9025037702047002
DLBCL11576	0.05481869482292983	0.07563927803941504	0.09880908929294233	0.7418665975093426	0.028866340335370184
DLBCL11519	0.732278741748593	0.028816024632056847	0.03140461905304704	0.19443911856025628	0.013061496006046832
DLBCL11437	0.05100696670267863	0.014304162116473415	0.05857556093100746	0.7802894713590818	0.09582383889075875
DLBCL11470	0.8622691458458402	0.008180347533622134	0.022782661333947404	0.09365934519491663	0.013108500091673593
DLBCL_C_D_1118_NULLPAIR	0.08213080556561313	0.8480100383252838	0.023340914218138532	0.029717569369627654	0.016800672521336917
DLBCL10495	0.9042890790547278	0.038236001684456906	0.009432935060534749	0.028494004998866704	0.019547979201413792
DLBCL10927	0.07682927271798784	0.014667649637201286	0.035088074415633635	0.8554492716554271	0.017965731573750168
DLBCL10852	0.00955712666861482	0.009096567539893725	0.0066624141701557	0.017443953655541862	0.9572399379657939
DLBCL10903	0.008972974209028758	0.9023758392364408	0.0653421267945408	0.008872572552455747	0.01443648720753382
DLBC_FF_8043_TP_NB	0.016011021151717927	0.9515633738952127	0.01514285176409129	0.006955962759600692	0.01032679042937734
DLBCL10994	0.894014960707997	0.019205919678718975	0.016786100258834927	0.036131784411415124	0.033861234943034
DLBCL_LS2208	0.013116817299491898	0.030192371554338293	0.01969365015010746	0.014599325928503434	0.9223978350675589
DLBCL10895	0.010725945777379032	0.03508770540326142	0.024840952791072006	0.009015367830332115	0.9203300281979554
DLBCL10890	0.005251037922745915	0.0071117274954555195	0.006147045361430594	0.004680107516937563	0.9768100817034304
DLBCL11671	0.9536625478309954	0.006723856484928808	0.009153013339010013	0.02553880937891865	0.004921772966147133
DLBCL_RICOVER_1289	0.02634121511159452	0.009842626664047309	0.012076372896138941	0.04103690813438787	0.9107028771938314
DLBCL10931	0.9131590783353593	0.005205729020040183	0.014671340961239053	0.04077445017375974	0.026189401509601792
DLBCL11658	0.050048206535907136	0.012982351080991992	0.04139095925465379	0.8577943487002433	0.0377841344282038
DLBCL10781	0.006195494224054604	0.0055231988120058905	0.004159525113661217	0.010009980726119137	0.9741118011241592
DLBCL10535	0.014918695732506777	0.013934224408641643	0.017308826276938687	0.00843307512123658	0.9454051784606763
DLBCL10472	0.01900602791552347	0.011845713148518079	0.9075568058216583	0.0520598984426192	0.009531554671680917
DLBCL10549	0.04620481327297187	0.7637717514509968	0.15297411322447946	0.02132881128638547	0.015720510765166378
DLBCL_LS2357	0.03845707597876862	0.011853987463781827	0.029083033793676476	0.9026178970715213	0.017988005692251747
DLBCL11673	0.010621575257095813	0.9319937378201487	0.037141381096062014	0.012173260976024999	0.008070044850668466
DLBCL_LS4054	0.009728243200883812	0.9496175140563125	0.014173473586987914	0.014102302567433136	0.01237846658838271
DLBCL_C_D_1128_NULLPAIR	0.9574362413613652	0.006556672033957196	0.008753836347233	0.015191458577971802	0.012061791679472857
DLBCL_LS2089	0.007947185513078466	0.9495161543631221	0.011619922190901992	0.0050266449735789625	0.02589009295931851
DLBCL10844	0.9226732690164459	0.016205157835249923	0.009421414975075596	0.019380112920504625	0.03232004525272399
DLBCL10885	0.043219188878147435	0.8346932497511913	0.020251489960732002	0.02901014314064552	0.07282592826928377
DLBCL11456	0.023067422257014285	0.8714648808753571	0.049247929876936256	0.04554872981883136	0.01067103717186097
DLBCL11500	0.016541313613546174	0.006991896797150391	0.01317822157667567	0.014871405906895275	0.9484171621057325
DLBCL_RICOVER_978	0.921027200128579	0.008708826566783255	0.02266083453535632	0.04035853010983096	0.007244608659450509
DLBCL_RICOVER_408	0.018773633606901687	0.9198326700955852	0.04083530734753044	0.009944255883026387	0.01061413306695621
DLBCL_RICOVER_945	0.9421403572518734	0.012570587880576058	0.008763772618559021	0.027806986062438928	0.008718296186552621
DLBCL10922	0.00840634966147378	0.9677945344831422	0.011745060166535462	0.005231832673129152	0.006822223015719424
DLBCL_RICOVER_977	0.9373128534330627	0.004169728985216876	0.008619256479651637	0.028918876722455467	0.02097928437961332
DLBCL10910	0.012843523014710917	0.025567563771782712	0.9160222844426912	0.03411477901647938	0.011451849754335768
DLBCL11450	0.004096318001864917	0.006409781339030735	0.002794725453346542	0.005869810101532637	0.9808293651042251
DLBCL10884	0.9737400192998187	0.003157532278554213	0.006543926190397656	0.01243421271727288	0.004124309513956549
DLBCL11566	0.016753095119528282	0.027444636719597855	0.9320571416350492	0.016055114537726192	0.007690011988098491
DLBCL11195	0.002912176312426218	0.006780998051877982	0.004996756694321942	0.005181926267020523	0.9801281426743533
DLBCL_RICOVER_577	0.007249641514107167	0.005661353360131619	0.97621103986793	0.006617084580993999	0.004260880676837239
DLBCL_DFCI_DLBCL_GOE07	0.005771629700241684	0.9692754402136589	0.01042710842338496	0.004416799213193368	0.010109022449521094
DLBCL10525	0.9769757741260157	0.0020568329546813095	0.005025233441257752	0.008749893866924797	0.007192265611120529
DLBCL_LS1757	0.9774586476430739	0.003714203790632215	0.005175672009148545	0.010433346129893774	0.0032181304272516312
DLBCL11353	0.005210433687558771	0.010829037917931642	0.011641250862101691	0.005724079674700799	0.9665951978577071
DLBCL_RICOVER_451	0.987270695836886	0.0021023447975358866	0.003265012984870486	0.005421442131694646	0.0019405042490129934
DLBCL10883	0.006805882512889979	0.004040149059703584	0.0034277397199466647	0.0043116474718350685	0.9814145812356248
DLBCL_RICOVER_533	0.013323552292997956	0.949332866571802	0.021610466856465203	0.009138323825901308	0.00659479045283347
DLBCL11656	0.011880618097848003	0.008000655987714583	0.9451675815754346	0.016140328634907535	0.018810815704095325
DLBCL10880	0.015199079594098061	0.007528763836295528	0.008026373433828818	0.005597339683231442	0.9636484434525462
DLBCL10452	0.004323747400904072	0.9671163620943262	0.016445851143323472	0.004381033419416174	0.007733005942030094
DLBCL_LS2245	0.013649651797871462	0.8854073797720011	0.07594782593089025	0.012291058701978337	0.01270408379725881
DLBCL10465	0.0034188312251340943	0.004135819141949077	0.9842957715596192	0.005649045995995411	0.0025005320773021774
DLBCL11670	0.006401322320643968	0.01241642653700572	0.9560042332577743	0.01903648013584449	0.006141537748731506
DLBCL11188	0.0011131577901457343	0.993627538555892	0.0027068491876399516	0.001012371738142973	0.001540082728179285
DLBCL_RICOVER_221	0.0019615030632306085	0.0032280203119771362	0.0033266201100565405	0.002791694673635873	0.9886921618410999
DLBCL_LS3245	0.005056471520496099	0.9604089621670407	0.022005583727442945	0.005712902207613118	0.006816080377407081
DLBCL10530	0.001139438368868583	0.0019728361881109283	0.0009622402462577246	0.0011561379060932582	0.9947693472906695
DLBCL_LS146	0.0005447324171472981	0.9971341907718176	0.0011346315285325407	0.0004659225282709589	0.0007205227542315752
DLBCL10862	0.0015793977576637674	0.002571717026778006	0.002596114934767207	0.001951449645214784	0.9913013206355762
DLBCL11667	0.003389236188364053	0.0030694899544357343	0.9876364721210077	0.003994848827556431	0.0019099529086360556
DLBCL10951	0.0005567485602156957	0.0009099646013631317	0.0004709290567215519	0.0005311424742257242	0.9975312153074739
DLBCL_C_D_1125_NULLPAIR	0.0014227004439326396	0.003322248758655204	0.001751741158008972	0.001997314576475832	0.9915059950629274
DLBCL_RICOVER_1248	0.0016194146895257572	0.002444744358830779	0.0012544058883118211	0.001881818553799215	0.9927996165095324
DLBCL10534	0.0002665411325491438	0.00029034741711822943	0.00022332947410557387	0.00027247972754126037	0.9989473022486858
DLBCL_RICOVER_216	0.07443247553050426	0.10518426674091089	0.2998423225686846	0.044876464259875154	0.4756644709000252
DLBCL10972	0.4134420732161763	0.06197214550818703	0.09224497546600652	0.12940616625174725	0.3029346395578828
DLBCL11441	0.22732054866937315	0.01450554649543507	0.05868091350943085	0.27993916839976246	0.4195538229259985
DLBCL11433	0.07749419904592414	0.01818028288251142	0.07408168709028287	0.29960205259824535	0.5306417783830363
DLBCL10486	0.5644789794210875	0.1546332102841194	0.024774671334028175	0.0923541853188959	0.16375895364186902
DLBCL_C_D_1112_NULLPAIR	0.06147296456454156	0.3087531261076376	0.5174767701167775	0.0471715279176511	0.06512561129339225
DLBCL_RICOVER_522	0.29031792548931784	0.06284289524825837	0.2748455735493821	0.3599223189853488	0.012071286727692919
DLBCL_MC_F064AB	0.090370984183259	0.027767372079129566	0.5265602577111245	0.33041455213442633	0.024886833892060718
DLBCL11206	0.033531715457935256	0.5871022598761432	0.08212730627890995	0.014536884965259357	0.28270183342175226
DLBCL11205	0.4917636608217782	0.07076406914831432	0.33749321616142647	0.08650653220628074	0.013472521662200278
DLBCL_LS1668	0.0663280911708541	0.2183358196925085	0.2869203331642488	0.37112006997534486	0.05729568599704372
DLBCL10906	0.053692896765393745	0.5724796767550381	0.026385080309950137	0.022763331569660296	0.3246790145999576
DLBCL_LS2154	0.3047831444063393	0.5054898090519044	0.08133826446884969	0.08456126695602927	0.023827515116877283
DLBCL10539	0.06376065773339883	0.43515375371106735	0.09177013579208164	0.2626503426297554	0.1466651101336969
DLBCL10985	0.13688321958246868	0.2534631829561702	0.0418584650870689	0.5195966718073802	0.04819846056691188
DLBCL11449	0.07153916241034258	0.560387651140329	0.03875882686686121	0.03559783798327358	0.29371652159919365
DLBCL_MC_F307_JPS	0.09964421033887216	0.10035321881151675	0.14665277985448694	0.527282953187678	0.12606683780744607
DLBCL11003	0.05105716718380474	0.5908768499170134	0.028828812164821565	0.028994911254557817	0.3002422594798025
DLBCL11474	0.4144747060063441	0.020413709127170485	0.03442237495637842	0.49340881159648214	0.03728039831362481
DLBCL10968	0.23022777255516952	0.012483135717219498	0.03765773394684153	0.615839417903293	0.10379193987747645
DLBCL_C_D_1126_NULLPAIR	0.0284157770583754	0.919091763574411	0.014171713280028739	0.014899523780996588	0.02342122230618829
DLBCL10934	0.05633636020188044	0.3373675466689907	0.024152095434336614	0.05170660210316122	0.530437395591631
DLBCL11486	0.34512032668886294	0.025298721951959962	0.052318130416210286	0.040406734209140434	0.5368560867338265
DLBCL_LS2590	0.050321217745509614	0.020227906274877007	0.07604627929190552	0.5666875276379065	0.28671706904980127
DLBCL10780	0.029617183407975665	0.7760801925402115	0.14880877124193725	0.03188186990465429	0.013611982905221169
DLBCL_RICOVER_773	0.03892816250596672	0.13168868013639576	0.458716555567773	0.028764863946281746	0.3419017378435828
DLBCL10532	0.0530376264468596	0.020469348658771473	0.22184332416697153	0.07782277974842527	0.6268269209789721
DLBCL10999	0.013799582771869582	0.01848910589358625	0.04717704104974802	0.08626903408884368	0.8342652361959525
DLBCL10965	0.17870246993493433	0.015596887548128966	0.04865476251415214	0.7222166535358481	0.03482922646693648
DLBCL_RICOVER_720	0.022296262972708165	0.4053090847934779	0.0466907454199059	0.017920683484933378	0.5077832233289746
DLBCL11002	0.27855232044736067	0.025158948126070637	0.09299601270584087	0.5864107586444675	0.016881960076260423
DLBCL10863	0.24324523083613517	0.01467468136286064	0.03787351148424241	0.5871365000964559	0.11707007622030592
DLBCL11538	0.043599622538432546	0.017512233328688703	0.7337826651161715	0.1450442625364527	0.06006121648025458
DLBC_FF_A7CX_TP_NB	0.7769792953600289	0.033332899653899614	0.0460481692988619	0.04464471088139728	0.09899492480581243
DLBCL11447	0.07680817558712971	0.017801526134436148	0.034413429189928756	0.7292171583900745	0.14175971069843094
DLBCL11480	0.7748693632982425	0.021699292025342005	0.0847757971419102	0.05361501819677938	0.06504052933772587
DLBC_FF_8062_TP_NB	0.11760351338347323	0.02580322304393788	0.12063078903925406	0.7125357443057001	0.023426730227634786
DLBCL11681	0.678695756524166	0.009876970656770914	0.18216587513343235	0.07709552950678893	0.0521658681788418
DLBCL10451	0.7806718924947812	0.02826239609629217	0.14011449339532994	0.04014578897536068	0.010805429038235935
DLBCL_RICOVER_299	0.013495587758334962	0.8338946425180582	0.12298070387102121	0.011249157124825389	0.018379908727760238
DLBCL_RICOVER_1165	0.02564837501798408	0.8836150392552784	0.03882036524456481	0.010652154172225148	0.041264066309947604
DLBCL_LS155	0.09680757783560842	0.014064002618986047	0.25541636700005327	0.5853024340368096	0.04840961850854268
DLBCL_C_D_1105_NULLPAIR	0.14283404436262057	0.7741509667515578	0.029942027981585947	0.02861404643927991	0.024458914464955805
DLBCL_MC_F218_RAP	0.07829629620881541	0.015031050532932261	0.06460183997890633	0.8232568433454833	0.01881396993386263
DLBCL10908	0.059373797284314404	0.06396905667887416	0.7641187982265941	0.03713659576626502	0.07540175204395227
DLBCL11504	0.19804657512694723	0.026683764603764246	0.029563804689774507	0.11416426148879284	0.6315415940907212
DLBCL_RICOVER_506	0.02001027179670991	0.25492376181283954	0.03843556555744681	0.02085999263557094	0.6657704081974328
DLBCL_RICOVER_744	0.13746506736727504	0.02533824769993977	0.7968754232771714	0.024631216923276578	0.01569004473233722
DLBCL10969	0.6160922770697025	0.15554975062359103	0.16433581127176394	0.03207849980039786	0.03194366123454478
DLBCL10490	0.8299412472383696	0.017713185406249655	0.019312067089820834	0.10165115493021165	0.031382345335348207
DLBCL_RICOVER_1061	0.07812301668131053	0.012792679962908287	0.05341514250322069	0.8408759426051817	0.0147932182473788
DLBCL10957	0.8703207606556753	0.011552631992995027	0.04541209980710564	0.06359372722610909	0.009120780318114953
DLBCL_RICOVER_1060	0.08931338965783704	0.6661490596684985	0.032680593172933314	0.02500091915324799	0.18685603834748318
DLBCL_C_D_1109_NULLPAIR	0.12107856087260316	0.013605589540831587	0.031157398093296873	0.8078262774356516	0.026332174057616804
DLBCL_MC_F139_LJF	0.06393303549407628	0.013513980606214148	0.03284692927588483	0.8708664547157424	0.018839599908082344
DLBCL_RICOVER_956	0.01882600958556641	0.23361863607741656	0.038317874541132294	0.025237513496038554	0.6839999662998462
DLBCL11527	0.06690356023327676	0.0190119465808892	0.0398646942836966	0.8303028758112608	0.04391692309087659
DLBCL_RICOVER_701	0.08612152553271687	0.01810719485787612	0.029427461445865173	0.8391137378028666	0.027230080360675216
DLBCL11484	0.013417384667153833	0.9087076876747521	0.04299381609139131	0.013386884058782654	0.02149422750792012
DLBCL_RICOVER_496	0.025653779418458946	0.9106163477285556	0.03511147045249703	0.01678085468287358	0.011837547717614853
DLBCL10980	0.013089228899674512	0.14227616903554643	0.08267173553572149	0.03466332249645828	0.7272995440325993
DLBCL_RICOVER_1210	0.00942758867583189	0.9030180431919316	0.06257987969864025	0.012320513399931482	0.012653975033664739
DLBCL11460	0.04705630725835903	0.018253011786915255	0.031105060516937143	0.8864523005647583	0.01713331987303026
DLBCL11457	0.9489135912936084	0.003988970570367001	0.011990231056688888	0.02750079768850324	0.007606409390832402
DLBCL11472	0.9382959906106186	0.004575174798145829	0.010596143254831405	0.03444788830598715	0.012084803030417
DLBCL11675	0.04932667268796392	0.011179575106372675	0.7563520577292274	0.07964733616666407	0.10349435830977188
DLBCL10954	0.007580633293759168	0.9610579601599374	0.01133271270081092	0.005753516634833698	0.014275177210658855
DLBCL10482	0.9142858192129327	0.011277918031602625	0.009193021460797838	0.02179762212638091	0.04344561916828592
DLBCL10498	0.022882863265798817	0.01223623297435372	0.9306210506282161	0.028763096382789097	0.005496756748842227
DLBCL10857	0.0244826036197642	0.010105968578780251	0.009454835575574307	0.03602362096757588	0.9199329712583053
DLBCL10502	0.009945426096029586	0.9204007769181597	0.04708680919782708	0.011369691110284639	0.011197296677698958
DLBCL_LS378	0.956581834450587	0.005804198751509997	0.01671109170612114	0.016368282317072283	0.004534592774709603
DLBCL11512	0.8836039894933289	0.021476771654497493	0.03379698705232858	0.052317026357003325	0.008805225442841718
DLBCL11435	0.9484738258898838	0.004330358305233283	0.007671267334891837	0.02954045506240107	0.009984093407590024
DLBCL_RICOVER_473	0.9445066157074256	0.015228337219320346	0.011205841313618273	0.02171695037170777	0.007342255387928009
DLBCL10925	0.06793053078171918	0.04141734892895328	0.010163328765256127	0.04703932587673366	0.8334494656473378
DLBCL_C_D_1131_NULLPAIR	0.006392819763488944	0.9629644383448125	0.019432561388511033	0.004585771968933083	0.006624408534254426
DLBCL_MC_F262_WLC	0.9747226164108083	0.002971699867323909	0.004247202938822142	0.011751663571020813	0.006306817212024904
DLBCL10902	0.0072739238544332055	0.016906796085139283	0.014613435607440996	0.011002098940129688	0.9502037455128568
DLBCL_C_D_1133_NULLPAIR	0.026922344630430653	0.05901452143051594	0.8790540366843455	0.0246648552473989	0.010344242007309047
DLBCL10523	0.019455292905071225	0.00923526970952698	0.9275358123540873	0.037349912490512685	0.006423712540801746
DLBCL_C_D_1141_NULLPAIR	0.010631289134067901	0.02720986449075264	0.9340331803936824	0.011293702217583901	0.016831963763913074
DLBCL_C_D_1119_NULLPAIR	0.008212648606384336	0.9748800674175896	0.007966917096283872	0.003940239237536257	0.005000127642205964
DLBCL10460	0.005180184429830698	0.9708863075627249	0.01525067063222507	0.003250788884382711	0.005432048490836599
DLBCL_C_D_1113_NULLPAIR	0.009951833430176318	0.008123788190451285	0.9676824166639483	0.009815022238399095	0.004426939477025027
DLBCL11458	0.00914860063121695	0.008381760806482294	0.9694960142007263	0.007546324121256143	0.005427300240318331
DLBCL10889	0.00381681652040179	0.004641549013057247	0.004019857248786461	0.00790734586140328	0.9796144313563512
DLBCL_RICOVER_1032	0.01308750453400474	0.05048025936484666	0.008954940122315963	0.013483328738406518	0.9139939672404261
DLBCL_RICOVER_174	0.002924328082908089	0.9885460522322137	0.0038420711292167	0.0022378243486670495	0.0024497242069944146
DLBCL10963	0.015068590385267859	0.02661466364910785	0.015865559042419836	0.029972538454909	0.9124786484682954
DLBCL10458	0.9863777929812516	0.0018898362077845868	0.0037430442028380537	0.005893191320563232	0.0020961352875624923
DLBCL11526	0.005132557329349714	0.0038991148723606147	0.9825486130118453	0.006421260174322436	0.0019984546121219944
DLBCL10898	0.009847628225791587	0.02353375135293696	0.0068650597304905575	0.009994041531487474	0.9497595191592935
DLBCL_MC_F349_BJJ	0.004342251423928621	0.004167146127935975	0.9832484960766324	0.005357067455393823	0.0028850389161091798
DLBCL10930	0.008796178314301144	0.005498887265481317	0.006574922981089442	0.00471944549041154	0.9744105659487166
DLBCL10459	0.003714518499988832	0.0060545297122677295	0.9797897369638191	0.007642463155090131	0.002798751668834187
DLBCL_LS1098	0.007677129163077955	0.006195935182091808	0.9701949143443623	0.011776301509093949	0.004155719801373919
DLBCL_RICOVER_712	0.004476651661888058	0.008339791024969278	0.004211158327078234	0.005981222161573887	0.9769911768244905
DLBCL10977	0.004230754694097455	0.002837335587904505	0.0035934023123425987	0.0030708880039585747	0.9862676194016968
DLBCL10850	0.0018320721168274164	0.9903553832431169	0.004255027265609777	0.0014322483441809436	0.002125269030264994
DLBCL10901	0.002335405191135891	0.0036357284356606148	0.0032752176721424714	0.004409393853585636	0.9863442548474753
DLBCL_RICOVER_1192	0.0042921390861776175	0.007642675565011024	0.005301189263603134	0.003571313511925108	0.9791926825732831
DLBCL10483	0.0015720238235536967	0.9913915549574979	0.0035441399675698545	0.0012105434226324144	0.0022817378287462203
DLBCL10842	0.001634324970082256	0.0016621485474054365	0.0018740861861364683	0.0023064890875016666	0.9925229512088741
DLBCL10860	0.002429351116906731	0.0035343972043742383	0.004152711505362931	0.0030941624618169537	0.9867893777115392
DLBCL11666	0.0034206673100912388	0.004709618522041775	0.9837986942918635	0.00572991206508796	0.002341107810915523
DLBCL10990	0.0011791293258910551	0.002260762805966392	0.0011450901749302542	0.0012606982084099692	0.9941543194848024
DLBCL10834	0.0009263221024288699	0.9954134306778116	0.001852885537149346	0.0006886151750298676	0.0011187465075803316
DLBCL11000	0.00034998756561233183	0.0004474489748480989	0.00037962866392811915	0.0005115069222575405	0.9983114278733539
DLBCL_RICOVER_253	0.00041773725153805585	0.9977615320953999	0.0009218641257566834	0.0003244214268278887	0.0005744451004775134
DLBCL11483	0.13162335524039287	0.3689265140064103	0.13333620803589966	0.07339466980166312	0.2927192529156339
DLBCL11467	0.09154584884409077	0.0625063341870174	0.12890065325164754	0.4473308290086602	0.269716334708584
DLBCL_LS4619	0.022386572576555255	0.33543604071194727	0.17120527519650147	0.06440688951199279	0.40656522200300316
DLBCL10488	0.32672984258442805	0.10229300543553323	0.414046969373257	0.1478545373492246	0.009075645257557104
DLBCL11683	0.08790297632512949	0.031023244754828948	0.6368442268720272	0.22595784234976657	0.018271709698247693
DLBCL11533	0.12606903588468374	0.6639876052562733	0.15018407129829803	0.043553478966925574	0.016205808593819274
DLBCL_MC_F927_JHS	0.12447927525361453	0.22753396756839156	0.16303612853764138	0.08351292823515141	0.4014377004052011
DLBCL_RICOVER_258	0.3275479581509097	0.023735662823985048	0.042167619564124535	0.03939861080225766	0.567150148658723
DLBCL11676	0.6186458198091663	0.025851320874391206	0.13290385662401855	0.21164136697349237	0.01095763571893148
DLBCL11455	0.31687024259303265	0.022058743839526187	0.11852672138819548	0.4941081545947027	0.04843613758454293
DLBCL_LS4593	0.0400990939401347	0.30524791549334374	0.5046682489896974	0.12580380640374775	0.024180935173076356
DLBCL_LS2328	0.06243583522260289	0.5226148554166192	0.37031659597983924	0.030438633752728546	0.01419407962821011
DLBCL_RICOVER_120	0.35316933743985546	0.09293260307087976	0.2363142978262019	0.05451651847873311	0.26306724318432995
DLBCL10454	0.1749022307234351	0.17106859115101677	0.05296550329921158	0.019751468609047057	0.5813122062172894
DLBCL_C_D_1140_NULLPAIR	0.09035673312276606	0.04786563404269248	0.10781331366320746	0.10537091174230796	0.648593407429026
DLBCL11448	0.059374074778129005	0.05590520033769906	0.2177743549627957	0.5044663829084918	0.16247998701288444
