	0	1	2	3	4
DLBCL10986	0.5482387155151471	0.040470060281357675	0.21274661959281485	0.09255458689506267	0.10599001771561765
DLBCL_BWH_DLBCL64	0.16679646460968128	0.40042625255698727	0.05527338239027508	0.3583852840036049	0.019118616439451456
DLBCL_RICOVER_787	0.3367767944828167	0.38838516194705835	0.046436021692286805	0.1964013289452268	0.03200069293261131
DLBCL10491	0.04624681783896647	0.272168905503054	0.07835874444240878	0.5787320544120691	0.024493477803501633
DLBCL11534	0.047430373495094755	0.036043206954779	0.34536042537013084	0.15789673885127822	0.4132692553287171
DLBCL10846	0.5888408612665929	0.1353127401367411	0.028900710242861467	0.15395383684452962	0.09299185150927504
DLBCL11491	0.1883290371285406	0.03030950364368706	0.094700783335984	0.5124181371999351	0.17424253869185316
DLBCL_RICOVER_711	0.20295197818961447	0.42661043117422065	0.018148694139735102	0.3135409787302136	0.03874791776621631
DLBCL10915	0.0839263120639693	0.0607589073514961	0.04899270611092593	0.5136949530916274	0.29262712138198127
DLBCL10981	0.05665923257998385	0.5295966102935425	0.055311532430044955	0.20159260314416133	0.15684002155226737
DLBCL_C_D_1159_NULLPAIR	0.31143955559573777	0.022623767795401373	0.027518859676455485	0.5914112328943382	0.0470065840380672
DLBCL10878	0.3617517656086207	0.016785615704472612	0.03134204084090565	0.12487994178312692	0.46524063606287397
DLBCL10874	0.05842702063966974	0.6353873588249119	0.024898637362517188	0.13504877284902614	0.146238210323875
DLBCL_LS2325	0.04523537572426129	0.40222975423642476	0.5050533205119	0.03191416055504183	0.015567388972372127
DLBCL11662	0.8692519466070449	0.023935922706146674	0.010039669231696137	0.043593324457944956	0.0531791369971674
DLBCL11431	0.07865512050953122	0.11835830722336513	0.09332589604648753	0.05870781205885176	0.6509528641617643
DLBCL_C_D_PAIR13	0.07679242599697814	0.11470899610830222	0.09535412187371764	0.05607159438141688	0.6570728616395851
DLBCL10868	0.06957291360355092	0.02983331673216735	0.027519667033061072	0.6759326701908183	0.1971414324404024
DLBCL_RICOVER_1287	0.03435723349425018	0.26604920762838685	0.04573748421725506	0.06148529340228947	0.5923707812578184
DLBCL_RICOVER_1046	0.011868711834986128	0.16823507712754104	0.763549218289811	0.022305053651406247	0.03404193909625553
DLBCL10513	0.16508535154252268	0.05694927786116455	0.08847946291252173	0.6726909550534645	0.016794952630326505
DLBCL_C_D_1148_NULLPAIR	0.5192420403320357	0.016316891337050294	0.09330655259602375	0.33772171160558184	0.03341280412930831
DLBCL_RICOVER_111	0.095661158517365	0.02041116952660643	0.25449346477053264	0.09536055805839504	0.5340736491271009
DLBCL_LS1304	0.020316187490803883	0.029913524743213096	0.7123227339569289	0.032991770274401554	0.20445578353465257
DLBCL10544	0.037903913599623605	0.01936101486447214	0.035625216628651465	0.751002806297809	0.15610704860944372
DLBCL10536	0.05013435351218303	0.09371819613790239	0.7212925165640707	0.08639573594939173	0.04845919783645219
DLBCL_MC_F815_BAT	0.030835920969570496	0.07490319264174532	0.7460538937635492	0.10247617532804956	0.045730817297085356
DLBCL10914	0.7203774904252678	0.16198390859055653	0.06422025333141687	0.03533034239114401	0.018088005261614724
DLBCL10456	0.038974137503456525	0.019026300520040354	0.0477617258135375	0.7819284044645133	0.11230943169845228
DLBCL11537	0.9001795292294861	0.011201790327470035	0.012198158120604763	0.02087692970055635	0.05554359262188274
DLBCL_MAYO_DLBCL_3653	0.7407972198842038	0.026629040442778237	0.031206993685422624	0.09059802981179829	0.11076871617579709
DLBCL10879	0.013817886463554578	0.014133057401361669	0.8762186665374992	0.03640484244333048	0.05942554715425398
DLBCL11652	0.6363670078045657	0.22765885788636872	0.05989544011160279	0.040702068266656816	0.03537662593080597
DLBCL11479	0.05597241637994884	0.7730612694307291	0.11257888330496256	0.029932452864900986	0.028454978019458545
DLBCL10521	0.01835648279929663	0.1270372910955083	0.014557416596064864	0.017454212584631108	0.8225945969244991
DLBCL10950	0.8903556838173076	0.009840323802815522	0.02130784859325541	0.051572845318222794	0.026923298468398686
DLBCL_RICOVER_1045	0.6971872046988498	0.028154126581463705	0.019670817969474706	0.2242092774526121	0.03077857329759978
DFCIDL004_DT	0.1620903911952824	0.015650583852225643	0.020142234866306615	0.08236423251216327	0.7197525575740221
DLBCL10835	0.009419709333825509	0.04682044756981168	0.009852031235503576	0.037343406189882265	0.896564405670977
DLBCL_RICOVER_478	0.14803788384172425	0.754677100778451	0.028027178607325516	0.017223819435220257	0.05203401733727904
DLBCL10555	0.02990212433486913	0.024663705204477773	0.9204440230380375	0.016666888186850606	0.00832325923576499
DLBCL_RICOVER_829	0.9481234037000711	0.011085660243316666	0.006123157542872551	0.018976938267262673	0.015690840246477048
DLBCL10547	0.04053613066096035	0.02347726366073384	0.03199531842207753	0.8700944867658674	0.03389680049036083
DLBCL11476	0.03050728882294899	0.021005709874802138	0.012045181166479927	0.022065057130889004	0.9143767630048799
DLBCL11672	0.020373772675662448	0.010523085362544303	0.9055640191288731	0.046996981189159896	0.0165421416437603
DLBCL_MC_F606_DMJ	0.010660807061732143	0.04650312757243222	0.9139439702792544	0.013433758346311334	0.015458336740269814
DLBCL_RICOVER_950	0.031983819916810104	0.02027917659243743	0.05255827249086098	0.870652065482345	0.024526665517546568
DLBCL10894	0.1652670388568715	0.7388386901013108	0.012680442759925206	0.052575513303413104	0.030638314978479454
DLBCL11462	0.9551676240954322	0.005350351957295637	0.010194152725848504	0.013101330809778114	0.016186540411645498
DLBCL_RICOVER_985	0.0274878888016064	0.025253679073575834	0.06754383882298512	0.8351388857622449	0.04457570753958766
DLBCL11429	0.9430995086124846	0.005933995874927929	0.009616104740139424	0.027621799392573934	0.013728591379874118
DLBCL10867	0.02231253991972985	0.10701441506690361	0.011127072760093578	0.025679592059506973	0.833866380193766
DLBCL10466	0.007021069205514327	0.05905802343086513	0.8673371068577136	0.03480384340768355	0.03177995709822335
DLBCL11459	0.032314558146613444	0.013485521640245746	0.0263766110022012	0.9004903632802285	0.027332945930711103
DLBCL11564	0.03211623212875857	0.015316159440478002	0.025859138117623057	0.904032147329408	0.02267632298373243
DLBCL_LS951	0.9513827548876026	0.009774622287705247	0.008583839928469455	0.023826139857846367	0.0064326430383763004
DLBCL_LS3200	0.005677099468118581	0.02330855618533658	0.009002733464674154	0.007862887447038079	0.9541487234348326
DLBCL10529	0.0031643646987714207	0.008576487199774288	0.0057861584263374085	0.006998942141853929	0.975474047533263
DLBCL11481	0.9188819576378449	0.00894724692994261	0.02485711533212368	0.02023665056935942	0.027077029530729466
DLBC_FF_8046_TP_NB	0.030370998706817174	0.012970238822788617	0.909532503837948	0.024429146263482752	0.022697112368963417
DLBCL11539	0.9482245149205999	0.005013391716645604	0.013577195157239609	0.02617768831975295	0.007007209885761931
DLBCL11520	0.9537892168729523	0.005450344770005112	0.007072715434075915	0.016289266360848684	0.017398456562118032
DLBCL_MC_F500_ECU	0.017182813410318	0.9349677851350823	0.012403612464467527	0.01914998901977325	0.016295799970359005
DLBCL11661	0.012172963407993828	0.9429385756536942	0.018108007735167932	0.020518471204027434	0.006261981999116628
DLBCL10847	0.02572008140536843	0.019179660176628078	0.007670982048929186	0.00984238308040758	0.9375868932886667
DLBCL10858	0.02391939533883639	0.011655198594049959	0.018191389536794278	0.09629071755189793	0.8499432989784215
DLBCL_LS1395	0.020230536436067457	0.03640884075384802	0.9096885930176818	0.014171893250982849	0.019500136541419858
DLBCL10833	0.09455778856868678	0.015570712667099139	0.01263086590706975	0.0654963784166312	0.8117442544405131
DLBCL10912	0.9750743290699188	0.005714894078684659	0.005317291205199645	0.00941910210822501	0.004474383537971939
DLBCL11461	0.9719067642947762	0.004953060725924379	0.0071797887173262985	0.012289342958063925	0.00367104330390925
DLBCL10515	0.9666439663423505	0.008160185553211461	0.005270697454833779	0.014137382136216578	0.005787768513387676
DLBCL_MC_F519_ALT	0.004780540766728139	0.0046712738991238284	0.0032614445838436428	0.004416327950436852	0.9828704127998675
DLBCL10866	0.007535286993436735	0.00716368750556869	0.00824019922915072	0.02304477330522651	0.9540160529666174
DLBC_FF_A7CQ_TP_NB	0.02286874011533644	0.009871203766239484	0.015136108139882793	0.05155200863076354	0.9005719393477777
DLBCL_RICOVER_449	0.0028196642266303078	0.0033089902773846573	0.003119261145759343	0.004649249213793794	0.9861028351364319
DLBCL_C_D_1130_NULLPAIR	0.9780762451366165	0.004339100893915216	0.0038736348455470537	0.007395446465471809	0.006315572658449402
DLBCL_C_D_1129_NULLPAIR	0.9619489147747745	0.00497207526425045	0.009392135208994479	0.01356255310731616	0.010124321644664373
DLBCL10945	0.9750669140336976	0.003952460001070876	0.004015853974771633	0.00942425061451762	0.007540521375942308
DLBCL10853	0.0270423546213828	0.007977055363008016	0.013786317802424689	0.03029237335577223	0.9209018988574122
DLBCL11558	0.004205829979348053	0.006328075491887475	0.9774809084155541	0.008560949081583615	0.003424237031626727
DLBCL10550	0.00900237098697301	0.006604442338212034	0.016600651827118392	0.013295891511898972	0.9544966433357976
DLBCL11685	0.0034073572818080376	0.0034251178131336165	0.9808445608895568	0.005723887163834881	0.006599076851666615
DLBCL_RICOVER_417	0.002054679920698277	0.0040607761539282845	0.0040422152641914995	0.005231036062465769	0.9846112925987162
DLBCL10891	0.00646617466578941	0.0057263006484732665	0.012983716406054543	0.018227728134557104	0.9565960801451256
DLBCL_C_D_1114_NULLPAIR	0.9811594065282406	0.0029201808251309814	0.002900248724652003	0.009228119487227654	0.003792044434748778
DLBCL10887	0.004501509398632182	0.005880861504996842	0.014034336947931676	0.010697244184570914	0.9648860479638683
DLBCL10836	0.009757474154521351	0.004944721251332375	0.010236776847959423	0.01620348958302243	0.9588575381631644
DLBCL_LS297	0.004216288644334012	0.004734368040156424	0.9780904350620468	0.009750917326369896	0.003207990927092809
DLBCL10997	0.9793476411169413	0.002970441483046572	0.003353615345532807	0.008961729076902358	0.0053665729775769465
DLBCL10900	0.005532713781687658	0.0042185583928262636	0.004683582428472581	0.009934443220823019	0.9756307021761905
DLBCL10992	0.00175489497225611	0.0016958259315056699	0.0020820581571290857	0.002825940546929434	0.9916412803921797
DLBCL_C_D_1163_NULLPAIR	0.0012055748194404474	0.001746107270994051	0.0016526987526750128	0.0027369317804721693	0.9926586873764183
DLBCL11680	0.007882495816617267	0.005695811765187646	0.9755256433824216	0.0063997011527908805	0.004496347882982544
DLBCL_LS1921	0.004789191554798156	0.9756308835511771	0.007423730468256055	0.008375591249856902	0.003780603175911746
DLBCL10510	0.014516530556723991	0.9559726089628903	0.006153525593566886	0.007380929166708229	0.015976405720110567
DLBCL11428	0.002839403900300546	0.004311665755383587	0.9856531318605756	0.004407928522644914	0.00278786996109533
DLBCL_DFCI_DLBCL_GOE16	0.001577832404877838	0.0017838844817927393	0.9918433961420687	0.00306610267072057	0.0017287843005401524
DLBCL10494	0.006248848134268526	0.9454324817208688	0.030555742718587433	0.007364341924102563	0.010398585502172627
DLBCL11203	0.005955337587061404	0.9617408029812073	0.008571243090848986	0.015072044639744353	0.008660571701137963
DLBCL_RICOVER_440	0.006853008706002282	0.9390317264327478	0.03607814406296232	0.005608291822130197	0.012428828976157418
DLBCL11507	0.022309756885408715	0.9030879304868626	0.04863434740089518	0.010527391777543091	0.015440573449290371
DLBCL_MC_F729_MAN	0.00852888726021727	0.9308381967613468	0.012217361638675293	0.008131837146854034	0.04028371719290657
DLBCL10911	0.0012314241393895187	0.9952208117768273	0.0014742201088310699	0.00101120738492956	0.0010623365900225877
DLBCL10983	0.007305130719181606	0.9757408501387038	0.004595872689947558	0.004775801991435343	0.007582344460731654
DLBCL_LS3749	0.0022825967224869375	0.9903904331309367	0.0027791387824369126	0.0027342812023084476	0.0018135501618309975
DLBCL_MC_F089_HCZ	0.001969362557713501	0.9838418785668859	0.005922982352925083	0.0033413015679425568	0.004924474954533025
DLBCL11565	0.0013828907739605882	0.9931796603529323	0.0017745119155106695	0.001681113601178921	0.0019818233564175398
DLBCL_LS1065	0.0028347669929881148	0.9902528015233794	0.0023914754233613136	0.0018544233289444472	0.002666532731326798
DLBCL_C_D_1108_NULLPAIR	0.005913778156134223	0.9711237151315922	0.004959260020714244	0.004262107520442721	0.013741139171116534
DLBCL10461	0.0026970043051488296	0.9831159091789293	0.006290999621122357	0.0024767811629138586	0.005419305731885637
DLBCL_C_D_1136_NULLPAIR	9.769260127016197e-05	0.9995739394871164	0.00010882263442047233	9.569358197332803e-05	0.00012385169521965806
DLBCL11436	0.21255456141578147	0.15600861185893533	0.049777429616133635	0.5441826800330786	0.03747671707607092
DLBCL10564	0.061457829305707465	0.09791719471901918	0.06644996920119119	0.7395637099378664	0.03461129683621588
DLBCL11202	0.1400485892499664	0.12400917345424795	0.6193944059899836	0.10530347532066636	0.01124435598513561
DLBCL11528	0.21909059808105807	0.32510959041747545	0.39269743760887166	0.02833313548177686	0.03476923841081798
DLBCL_RICOVER_1278	0.08469982248918502	0.048669154636944024	0.024722124991970105	0.37085181138512996	0.4710570864967709
DLBCL11515	0.02811544233792985	0.08497708643170392	0.458713814489877	0.038075485282746485	0.39011817145774286
DLBCL10962	0.2503319369947884	0.0933933884702287	0.2648653288139828	0.29548894802187636	0.09592039769912368
DLBCL10974	0.04770235296813121	0.028085564667154832	0.04576735393321665	0.36701743211480714	0.5114272963166901
DLBCL10856	0.058532076455670316	0.03842725642433497	0.26138901355030947	0.027843490479004293	0.613808163090681
DLBCL10782	0.11827681090429991	0.06188585408157822	0.04140271102112436	0.7520238514508986	0.026410772542098993
DLBCL_LS2208	0.04806086585452342	0.0835067244701006	0.5031752572084022	0.09201086600469645	0.2732462864622774
DLBCL_LS3499	0.14817251224270336	0.1559867405430446	0.04139864942165966	0.5984279376373048	0.05601416015528757
DLBCL11576	0.04567678945329186	0.27584134216170847	0.09939185999008933	0.5402478030421279	0.038842205352782336
DLBCL_RICOVER_910	0.0749056419111227	0.2586407390855462	0.044253619754598	0.5771797725920417	0.04502022665669135
DLBCL_LS762	0.04207788368700295	0.03666724996908207	0.38922951299024217	0.061836359550616	0.47018899380305684
DLBCL_RICOVER_467	0.019461335032426343	0.41088650000967	0.03094701327167535	0.016613774327780072	0.5220913773584482
DLBCL10552	0.4043554713341907	0.022376557579035606	0.0628250266444492	0.4856124291797359	0.024830515262588577
DLBCL_RICOVER_1106	0.025818016584658866	0.22598935467299266	0.04180792893632443	0.22069872840373828	0.4856859714022858
DLBCL10936	0.11107616365318	0.5758974194286965	0.11562465359285967	0.08071709322203326	0.11668467010323055
DLBCL10895	0.022690967189366494	0.2705158718949749	0.10908623546463335	0.028793125833897173	0.5689137996171281
DLBCL_LS4616	0.01006614805472349	0.22786777907402322	0.6901583905082416	0.03609412782011499	0.035813554542896676
DLBC_FF_8042_TP_NB	0.022500266466629705	0.08417231624619473	0.230337984603317	0.14088368402499324	0.5221057486588654
DLBCL_DFCI_DLBCL_GOE05	0.015862242043933075	0.40135145721350246	0.09750322609119207	0.027157523258076445	0.458125551393296
DLBCL11496	0.513472096578553	0.05027693924136769	0.0516730320219567	0.03753337408658775	0.34704455807153495
DLBCL_RICOVER_1018	0.059700836111583624	0.092883616532958	0.02399593111456338	0.7876922561522662	0.03572736008862874
DLBCL10909	0.055628455924919794	0.018548053932108746	0.058378728727178295	0.4959388326727194	0.3715059287430738
DLBCL11536	0.05054122218846693	0.445481122224656	0.04251471786243928	0.3902260623146141	0.07123687540982368
DLBCL11204	0.19180064200234825	0.6592652904715078	0.03518293718680806	0.03382613143938534	0.0799249988999506
DLBCL10503	0.03348939240703912	0.7202905371228188	0.1606154388827663	0.040617953652685355	0.044986677934690425
DLBCL11430	0.6140705166743893	0.019092013777441914	0.0670140330895549	0.2717755340136141	0.02804790244499976
DLBCL_C_D_1156_NULLPAIR	0.7204560791400948	0.04738071324691043	0.02267578680029066	0.18268336188610412	0.02680405892660002
DLBCL10921	0.029924197756531407	0.5610810994780988	0.018697314251549586	0.024100934527228966	0.3661964539865912
DLBCL11519	0.4837783439759552	0.08037976540705198	0.03346212810871805	0.38146809402049825	0.02091166848777642
DLBCL11478	0.7529489172286713	0.03472134264777992	0.15845550145924892	0.03453393809884895	0.019340300565451017
DLBCL_C_D_1144_NULLPAIR	0.06375245715945153	0.20592994371458034	0.019237334434284253	0.05201218217630733	0.6590680825153765
DLBCL10553	0.04047054650222987	0.04190172822287981	0.31968124707115125	0.5167212480903615	0.08122523011337757
DLBCL10512	0.01826896738723879	0.09144000216722928	0.3140196533381169	0.02779736488892897	0.5484740122184861
DLBCL10994	0.7514752347925876	0.08449170816600513	0.022829061573464277	0.06276044992093015	0.07844354554701286
DLBCL11590	0.15175765775671257	0.020542152494293957	0.6085343759478843	0.1722084409348583	0.04695737286625086
DLBCL10885	0.06528280809308991	0.6235909430720463	0.013762651294409211	0.03323539549726385	0.26412820204319076
DLBCL10844	0.8728722446872332	0.02817750465809833	0.012455077530266616	0.027972043918177765	0.058523129206224
DLBCL10517	0.01080493032046067	0.7306588915833151	0.19830296785196705	0.025510394379830027	0.03472281586442712
DLBCL_RICOVER_945	0.7774636671227003	0.10938627760336661	0.0124590627184716	0.06359479068855628	0.03709620186690519
DLBCL_RICOVER_274	0.05570899233508955	0.13368590982300121	0.024034108358515938	0.6702557931437481	0.1163151963396452
DLBCL11488	0.7429406454623659	0.01637247209152682	0.015669742919243466	0.059500446693250476	0.1655166928336133
DLBCL11437	0.05740653790677254	0.014888098621333733	0.048357260490231035	0.7970478980399446	0.08230020494171818
DLBCL10935	0.8668636434585991	0.06836786876454654	0.010628496380762804	0.036035857087777526	0.018104134308314045
DLBCL_C_D_1117_NULLPAIR	0.07835267206456054	0.7571148446144484	0.016808310908560862	0.12735012066015594	0.020374051752274157
DLBCL10910	0.01764087845126246	0.08125180963525949	0.7781677221446163	0.09581655729541325	0.027123032473448532
DLBCL_RICOVER_978	0.7221231073120046	0.033836164292029285	0.1097286151986324	0.10704183419754922	0.027270278999784542
DLBCL11658	0.03545023350878939	0.015826072451759467	0.036767669318252955	0.8477420254486177	0.06421399927258052
DLBCL10565	0.06371848625428804	0.028031519810348238	0.8000205807264325	0.0973254899787006	0.010903923230230712
DLBCL10927	0.04891328332809646	0.017640822451681696	0.025099364918761743	0.8841079983488476	0.024238530952612553
DLBCL10472	0.015414724612346371	0.016387526989614584	0.893370434831594	0.06212124700848132	0.012706066557963809
DLBCL10993	0.8381165295880751	0.012885699506766934	0.030866180867209984	0.0726886034005629	0.04544298663738508
DLBCL11456	0.020729402365159817	0.8873930194315559	0.03817331295939537	0.04390602884052648	0.009798236403362491
DLBCL10871	0.05018202620950125	0.8872199236795394	0.030337329998302735	0.01725626124334354	0.015004458869313038
DLBCL_LS2357	0.02870936163318171	0.017515009082318973	0.027745774178417216	0.8992098131976335	0.026820041908448635
DLBCL_DFCI_DLBCL_GOE07	0.027569176378873583	0.87210968022843	0.027140117131149395	0.018496062604304052	0.0546849636572429
DLBCL_RICOVER_314	0.011987263385411416	0.023663935465204462	0.02960459108494805	0.030415354595014543	0.9043288554694215
DLBCL11671	0.9234929365645252	0.015455783581001276	0.013108756038989434	0.03996189107882376	0.007980632736660338
DLBCL11470	0.8162908879233813	0.010712952695084231	0.028290146386877366	0.12062455044807395	0.02408146254658319
DLBCL10852	0.02169999042063215	0.012094897451659424	0.01295294340033442	0.06100064685787157	0.8922515218695025
DLBCL10922	0.01627592461136337	0.9513349145675801	0.011496329891079998	0.009045914035981375	0.0118469168939951
DLBCL10495	0.9565749873010836	0.014026073347505306	0.004624497811761628	0.014607006131327293	0.010167435408322125
DLBCL10903	0.009779974499695362	0.9210352521491069	0.04945850202258319	0.009027671878738071	0.010698599449876495
DLBCL_LS3245	0.004971377151803672	0.9640444360182131	0.018879443907968203	0.006344932215681476	0.00575981070633358
DLBCL11656	0.008206207827163142	0.008391059527197669	0.9330390221882422	0.015652169745419595	0.034711540711977344
DLBCL_C_D_1128_NULLPAIR	0.9735094363537568	0.005264335222344116	0.004441770390141264	0.009463789859728582	0.007320668174029276
DLBCL10549	0.01400940341150452	0.9265618546851347	0.04015941829499806	0.008428578978724552	0.010840744629638174
DLBCL10525	0.975034799991934	0.003311812681164021	0.006292608442176211	0.0082928066640525	0.007067972220673258
DLBCL10535	0.00957364476568062	0.017459672199159094	0.022499711522255956	0.009058987364651293	0.941407984148253
DLBCL_LS1757	0.982067668446951	0.0035048771910137964	0.0031180463638308302	0.007557731572267889	0.0037516764259363914
DLBCL10931	0.9568467297076332	0.004847522693611979	0.007238645406799143	0.019737438353435242	0.011329663838520458
DLBCL_LS2245	0.024693586688945352	0.8761051578031734	0.07244187815334407	0.012071449128838002	0.014687928225699157
DLBCL10884	0.9750841980030187	0.0037861577969566704	0.004914111193690083	0.01171696085801711	0.004498572148317378
DLBCL_LS2599	0.008615661484243383	0.009870424023420706	0.9585548553177067	0.01774232900053564	0.005216730174093582
DLBCL_RICOVER_577	0.0033713056521740958	0.0038426058838195902	0.9844816628288077	0.005123728797982283	0.0031806968372163754
DLBCL_RICOVER_977	0.9778831341213615	0.003146270846788478	0.00349265916834679	0.009486047733153657	0.005991888130349561
DLBCL_RICOVER_451	0.9827312875159491	0.002497324772599191	0.004097843027056173	0.0066502554437829365	0.00402328924061267
DLBCL10951	0.004576037398349925	0.006655479839401645	0.0039445610445561444	0.006218979163951639	0.9786049425537406
DLBCL_RICOVER_850	0.006442036381838476	0.013622368446896219	0.005513564367353034	0.012038776281566915	0.9623832545223454
DLBCL_RICOVER_408	0.024162646910374293	0.9401216087278498	0.01718023486872987	0.009875461154178151	0.008660048338867953
DLBCL10781	0.005724502173193144	0.005482268286223365	0.004888707722186396	0.013669650812820969	0.9702348710055761
DLBCL_RICOVER_1248	0.0054643660912565275	0.006823134877006315	0.003245968725399987	0.006218341682325632	0.9782481886240115
DLBCL11566	0.0037387574282084298	0.006277839513826178	0.9790392396248441	0.0066407386931829565	0.004303424739938402
DLBCL_RICOVER_1289	0.006242769785671139	0.005786459155068867	0.006256225076178574	0.017694190161632525	0.9640203558214488
DLBCL_LS4054	0.007021392757403547	0.962981258522624	0.007512052574779461	0.009022751567369737	0.013462544577823258
DLBCL11667	0.002242444592495003	0.0035808673547829475	0.9865182478706843	0.0044039417692016605	0.0032544984128360247
DLBCL_LS2089	0.006812455179337932	0.9492506385733173	0.010045292822817657	0.0057574100593142325	0.02813420336521293
DLBCL11353	0.004021198561862871	0.009615323027168356	0.012108359350742526	0.0066373077377966955	0.9676178113224295
DLBCL11500	0.004538735307750951	0.005500671546682936	0.00846076693417784	0.009903959982055786	0.9715958662293325
DLBCL10880	0.016349998550599293	0.007343558142306928	0.015885476769513948	0.008013976430945199	0.9524069901066347
DLBCL11450	0.002650787375776949	0.00506629683063669	0.0027534283322812546	0.005360749830145684	0.9841687376311594
DLBCL11670	0.0031613902780555526	0.005224424798973869	0.9759657871295672	0.01094823634696869	0.004700161446434743
DLBCL11673	0.0027369397638974825	0.9855183809145718	0.005691617415328976	0.0032835305183141713	0.002769531387887573
DLBCL11195	0.0031942398824635863	0.01033486817855877	0.007778442315081385	0.009408837077996368	0.9692836125458999
DLBCL10890	0.003720109792360707	0.005382066160823835	0.007423804333703976	0.00574767893319684	0.9777263407799146
DLBCL_RICOVER_533	0.011288320264901064	0.9685724092156843	0.008425138629955965	0.007383617363674883	0.004330514525783732
DLBCL10465	0.0018610716239680026	0.0032329975795700634	0.98775452111829	0.004585518195758826	0.002565891482413137
DLBCL10452	0.0034190173784319337	0.9811925341361062	0.007919748881801575	0.0033362369464833936	0.004132462657176908
DLBCL_C_D_1118_NULLPAIR	0.07020870672208207	0.883734365876238	0.010492576007470247	0.01845730341969963	0.017107047974510015
DLBCL_RICOVER_221	0.002618969639151797	0.004943429817514439	0.004853035764221231	0.0064389214116276705	0.9811456433674849
DLBCL10530	0.0029766888575158434	0.006726599733263598	0.004151268933662373	0.004431135179173165	0.981714307296385
DLBCL_LS146	0.0022538528582597937	0.9922824943157611	0.002438197175996031	0.0015385628750971085	0.0014868927748859261
DLBCL11188	0.0014256318594436806	0.9939370609591729	0.0017615477961800512	0.001156351052728367	0.0017194083324750151
DLBCL_C_D_1125_NULLPAIR	0.0022184383836960993	0.0063901083408364825	0.003750503358193355	0.004780939506349851	0.9828600104109242
DLBC_FF_8043_TP_NB	0.005361561317262201	0.9832732359762194	0.004840973690092305	0.002758928301032426	0.0037653007153936754
DLBCL10862	0.0017129418913187824	0.0025161474924825134	0.0034495299654598503	0.002915600315265414	0.9894057803354734
DLBCL10883	0.0019483888802400461	0.0017762575093565062	0.0018126658082340328	0.0021466924594524144	0.992315995342717
DLBCL10534	4.303266798880521e-05	6.19598642763514e-05	4.703462320801281e-05	6.792735781394095e-05	0.9997800454867128
DLBCL_C_D_1112_NULLPAIR	0.18454315158788873	0.16613966480465364	0.4701571678274488	0.08410120595007876	0.09505880982993006
DLBCL_RICOVER_522	0.20862961414346182	0.08709587235791735	0.323668587933429	0.36812526652787575	0.012480659037316112
DLBC_FF_A7CX_TP_NB	0.5063623464674074	0.038519600699597575	0.07707062768934027	0.04545064512636606	0.33259678001728865
DLBCL11206	0.03892903076049684	0.44171473192723626	0.1390943118939704	0.016483739310654815	0.3637781861076418
DLBCL_RICOVER_773	0.026881175835152826	0.0789674917455454	0.32658253651713726	0.022351062165552743	0.5452177337366118
DLBCL10908	0.041149047093575405	0.14281092835750572	0.5896268230986808	0.0347214560243948	0.1916917454258433
DLBCL10985	0.10051052935665056	0.5031728779953413	0.03524631048279284	0.3354343270270532	0.02563595513816201
DLBCL_LS1668	0.07629080479311201	0.2607649253239963	0.29278864209874705	0.3242941765719637	0.04586145121218094
DLBCL11538	0.03260473609296539	0.01609361952014103	0.6141796617399173	0.1558287487015983	0.1812932339453779
DLBCL_LS155	0.02799670422939987	0.012314420851984623	0.8071814679147115	0.119188231675608	0.03331917532829603
DLBCL10863	0.16818940317664804	0.029510537101951288	0.02566059103088263	0.539049234453523	0.2375902342369951
DLBCL10969	0.553374977741555	0.23061744665026665	0.11446677219148675	0.030446519283899538	0.07109428413279209
DLBCL11441	0.1305525831512331	0.01641535666691742	0.06453945484802219	0.3151470572842326	0.4733455480495948
DLBCL10965	0.1608718418048161	0.019014000976382863	0.04256773496669626	0.7352419174238095	0.042304504828295265
DLBCL_RICOVER_720	0.0370675354453673	0.2608780268215907	0.026359595033711013	0.015720941493005857	0.659973901206325
DLBCL10482	0.8415530521302652	0.020398692704671484	0.013464406664400528	0.028347430998937728	0.09623641750172501
DLBCL11447	0.05780815900445806	0.025027933614139554	0.02749579735596302	0.649932267111583	0.23973584291385633
DLBCL_C_D_1126_NULLPAIR	0.24670668086472583	0.6197927908137199	0.02286833337224177	0.04142830729783088	0.06920388765148172
DLBCL10906	0.06088612247313965	0.5512644130433368	0.014370709313429158	0.03114779063527847	0.3423309645348159
DLBCL10963	0.06846569389794563	0.021806917186214306	0.03998276177601276	0.727737260621026	0.14200736651880136
DLBCL11486	0.5644215679611541	0.037017876497627916	0.02945114955348164	0.03387943639146704	0.33522996959626944
DLBCL_RICOVER_506	0.01815210468127846	0.3097956677816069	0.03267978540642688	0.019765080568080347	0.6196073615626074
DLBCL11681	0.24171846835884073	0.01687983341773138	0.56497833582475	0.09135069703020943	0.0850726653684685
DLBCL_RICOVER_216	0.0670763329865383	0.05870929083262155	0.7349405148723754	0.06370975622757766	0.07556410508088697
DLBCL11480	0.5205082084450968	0.02424761592357321	0.21906688977537747	0.08314011962449401	0.1530371662314585
DLBCL11003	0.07624178818125014	0.6454156351853391	0.023683098313325903	0.03694845706941092	0.21771102125067393
DLBCL10486	0.6137557350504067	0.10710172259985026	0.025426518450344295	0.20398759096084926	0.049728432938549415
DLBCL11474	0.5578610746553315	0.034756707123320275	0.022048596356796936	0.3390095680920983	0.04632405377245291
DLBCL11527	0.055868355935528136	0.026237548099452838	0.045547687746683316	0.7999165461678827	0.07242986205045304
DLBCL_MC_F064AB	0.023398151663853107	0.01804101404687723	0.8632470582310797	0.07825085326090846	0.01706292279728154
DLBCL10968	0.6308127402485072	0.017355291851239397	0.021692174938242804	0.24965607766364145	0.08048371529836916
DLBCL11449	0.042731683751661385	0.17180478159785623	0.02016670301320624	0.05084784938033763	0.7144489822569385
DLBCL_LS2590	0.027273837349000084	0.022135734177907075	0.04593991734699913	0.329771501578621	0.5748790095474727
DLBCL_MC_F218_RAP	0.15274430473134423	0.03409156075650578	0.05033960022487773	0.7362510024968935	0.02657353179037877
DLBCL11675	0.017010258845391358	0.008839355438115742	0.8707048456034757	0.03801599019937259	0.06542954991364465
DLBC_FF_8062_TP_NB	0.0816118793740421	0.033160887292419436	0.13790294791590704	0.7153004844739277	0.03202380094370376
DLBCL_LS2154	0.14025152226359686	0.7423338181024399	0.0493951489295446	0.048106769010247866	0.019912741694170698
DLBCL10451	0.6685377025785229	0.025342917611641366	0.25453272543156186	0.032806706480098015	0.018779947898175855
DLBCL_RICOVER_1060	0.1480044720133463	0.6721340911678171	0.036083233618872786	0.03630432174693665	0.10747388145302725
DLBCL_RICOVER_956	0.02715337841816877	0.08842371029994482	0.035177671326563194	0.05318611298995177	0.7960591269653714
DLBCL_C_D_1109_NULLPAIR	0.0737281125970799	0.017735283208745935	0.025175310512073272	0.8398621678130455	0.04349912586905544
DLBCL_RICOVER_1165	0.05033688228793241	0.7424903020394977	0.11442244998738652	0.018878046176881068	0.07387231950830227
DLBCL11002	0.18100547889693175	0.04162516950369018	0.049042174950389414	0.7051354833808766	0.023191693268111976
DLBCL10980	0.013054089696214962	0.08338128216648702	0.09419936024840583	0.07653318389136173	0.7328320839975304
DLBCL_RICOVER_1061	0.04693651826056236	0.015208477149186644	0.03526988408302595	0.8806752633431443	0.021909857164080726
DLBCL_MC_F307_JPS	0.7298628687740235	0.05451415535301454	0.033418305389533526	0.14671694330361054	0.035487727179817796
DLBCL11435	0.8838299078177634	0.010773639282536879	0.010674256925852341	0.0659613175391266	0.028760878434720825
DLBCL11433	0.04410212495072347	0.02066766177153808	0.06182959861944764	0.3013022970393219	0.5720983176189689
DLBCL_RICOVER_701	0.05780357662610313	0.01848692870567004	0.023454111294119007	0.8665677568405842	0.03368762653352361
DLBCL11484	0.0191031208295786	0.8186371760896128	0.05357685786564792	0.024568635542392622	0.08411420967276802
DLBCL_MC_F139_LJF	0.04134982307603311	0.016283009781900715	0.024949057778059034	0.8918992276306228	0.025518881733384343
DLBCL11504	0.07120204680471616	0.01598366512597725	0.016811383202345518	0.056743819553821975	0.8392590853131391
DLBCL11472	0.890047773104586	0.007830673648097787	0.017028959046738696	0.06492307661997565	0.020169517580601804
DLBCL10925	0.07149262301486176	0.08690713590653748	0.013352520365926494	0.08534894086488629	0.742898779847788
DLBCL10972	0.7646470704152111	0.035665428552128696	0.03904129656750661	0.052873499246035856	0.10777270521911769
DLBCL_C_D_1119_NULLPAIR	0.04222968734670106	0.9240355038335738	0.010652290346170849	0.009211827514352575	0.013870690959201749
DLBCL10539	0.04883503502546146	0.037340982811141135	0.03315434866124964	0.8552074519086891	0.025462181593458682
DLBCL11460	0.035879397414991354	0.020851448695507497	0.026588381913095382	0.8949169553285145	0.02176381664789131
DLBCL_C_D_1105_NULLPAIR	0.057894934617333395	0.8925319596062967	0.015594280370839564	0.016837383961564242	0.017141441443966034
DLBCL11512	0.8525831052187237	0.038211821907386936	0.020333486942177004	0.07248509826369233	0.016386487668019947
DLBCL10490	0.9240164701290868	0.010506591372507701	0.010015456698037186	0.04092345269739775	0.014538029102970534
DLBCL10857	0.024052553553967057	0.009451792875669303	0.010212017628988825	0.04128790412157662	0.9149957318197982
DLBCL11205	0.8614442335397132	0.03620243816896949	0.061236269665132854	0.031558465554387856	0.009558593071796566
DLBCL10523	0.009284994288576098	0.007336131996815543	0.9591552065236955	0.0191488128464918	0.005074854344421116
DLBCL10957	0.8162295831778755	0.02145550147434916	0.05287636940234181	0.09610203702958652	0.013336508915846985
DLBCL_C_D_1113_NULLPAIR	0.006554743850586935	0.012998154136165228	0.9643638267006812	0.009045439037999243	0.007037836274567362
DLBCL10934	0.03343038221647065	0.09468393658542532	0.009955941363896575	0.03854875431294583	0.8233809855212617
DLBCL_RICOVER_299	0.013669372572598365	0.8255232374965686	0.12705343767105906	0.010866911388724079	0.02288704087104982
DLBCL10898	0.016797805126756257	0.041995445161617816	0.011300805769477602	0.03552266850833396	0.8943832754338144
DLBCL10498	0.0058639769037696745	0.006451255930177926	0.9716537568574415	0.012319873817414933	0.0037111364911959674
DLBCL_MC_F262_WLC	0.9786705682915767	0.0036236622785561935	0.0030584080696220172	0.00948377744564399	0.005163583914601055
DLBCL11457	0.8022843646119476	0.007740604682331284	0.04038664561311775	0.10788499913210724	0.041703385960496046
DLBCL_RICOVER_473	0.9344734422742632	0.015751080152390868	0.01276310256211415	0.02813036230157779	0.008882012709654023
DLBCL_RICOVER_712	0.010758908630700349	0.013110228052528716	0.0061158448475879925	0.01899698734160764	0.9510180311275753
DLBCL11526	0.008788465047371121	0.007565309157635448	0.9691783830462612	0.010413828914606132	0.004054013834126085
DLBCL11458	0.02430072808107014	0.0151845776351292	0.9364897346558629	0.011161249265276734	0.012863710362660968
DLBCL10930	0.132242994199305	0.020526689828733014	0.025748202688020704	0.024256307720274296	0.7972258055636671
DLBCL_C_D_1133_NULLPAIR	0.008678116385875335	0.00846323414501746	0.9671657928482136	0.011696848320207986	0.003996008300685645
DLBCL_RICOVER_744	0.014813938026905124	0.007854799114393025	0.9611694931113247	0.008105389925496528	0.008056379821880599
DLBCL10459	0.002518486263192655	0.005983509284734058	0.9815506963892614	0.006130717190339465	0.0038165908724723833
DLBCL_C_D_1141_NULLPAIR	0.0034648988043044816	0.00547351983470716	0.9797671934685375	0.0054293956097937095	0.005864992282657205
DLBCL_LS1098	0.0034013864549452717	0.003167589043664157	0.9840542153307315	0.006390420825564961	0.0029863883450941147
DLBCL_MC_F349_BJJ	0.0018881753921347146	0.0029082529258653723	0.9890391894799948	0.003536364412691338	0.002628017789313732
DLBCL11666	0.0019621720956007663	0.0025864507521466	0.9900120422322054	0.003681608097378028	0.0017577268226691622
DLBCL_RICOVER_496	0.00978436409768309	0.9545212889957556	0.019520756204495854	0.008429452922077906	0.007744137779987545
DLBCL10483	0.007678703340202044	0.9447299203753141	0.03239499530098356	0.006295490171357021	0.00890089081214328
DLBCL10460	0.004106824818771233	0.9820190172740471	0.007283158510982397	0.0022990528594442903	0.004291946536754996
DLBCL_RICOVER_1032	0.007429326489302079	0.029622466371907293	0.00865579247238015	0.01100794624395564	0.9432844684224548
DLBCL10999	0.010028187544061245	0.02581912628155264	0.04008380830030265	0.11268526092183825	0.8113836169522451
DLBCL10954	0.0038639614042073086	0.9822626999032419	0.005024329171467596	0.003957556357579556	0.004891453163503697
DLBCL10780	0.01646322709363463	0.8776927650691406	0.07012285799326823	0.026081658851537758	0.009639490992418754
DLBCL_LS378	0.9761887716720438	0.004184251816040108	0.006237031229544063	0.00928695467996035	0.004102990602411761
DLBCL10502	0.0065465325909244716	0.9633338088203083	0.015981817913794587	0.006860267574233972	0.0072775731007386855
DLBCL_C_D_1131_NULLPAIR	0.002495067043384644	0.9867698256463592	0.004993684705658138	0.0019735080942235804	0.003767914510374487
DLBCL10834	0.0015081993758084748	0.9949132851523129	0.0013957973637581408	0.0008845636492640271	0.001298154458856438
DLBCL_RICOVER_1192	0.0045245406358828035	0.010422364670805042	0.005499794116791575	0.004380122138848447	0.9751731784376722
DLBCL_RICOVER_1210	0.0038897813528948272	0.9692837192370686	0.014203285191247575	0.005548648105894896	0.007074566112894093
DLBCL_RICOVER_253	0.0018850140520072073	0.9922514045092169	0.0021614854769938267	0.00129854810235703	0.0024035478594250314
DLBCL10850	0.0019302571539732158	0.9934700310375278	0.002033530757168405	0.001146087116947785	0.0014200939343827278
DLBCL10532	0.014681662666512506	0.015367588222061933	0.06508980713048916	0.04692290031654139	0.857938041664395
DLBCL_RICOVER_174	0.0015068633570785033	0.9951731848391422	0.001339086668915956	0.0009502251039783841	0.0010306400308849315
DLBCL10842	0.005514144343664373	0.006134267450977674	0.009705949353699225	0.016156439998844713	0.962489198852814
DLBCL10902	0.003552834566980899	0.007774883859966952	0.006551436451505632	0.006237807662383833	0.9758830374591627
DLBCL10990	0.0025901337146608766	0.0034954686416656115	0.002346239915131973	0.0031305997485595104	0.988437557979982
DLBCL10977	0.010148294686204838	0.005086470374775659	0.01238744170241664	0.010061156679962173	0.9623166365566407
DLBCL10860	0.0016995111882888705	0.003022150367405989	0.0036141099824204288	0.0032314715844919736	0.9884327568773927
DLBCL10901	0.0018263364013665552	0.003379696885252935	0.002447893903418582	0.003732623769344925	0.988613449040617
DLBCL10889	0.0017859922875007367	0.0025859008236658264	0.0026895593144540867	0.0045572798549766156	0.9883812677194027
DLBCL11000	0.0009988606109463934	0.0018261018806884004	0.001554070304682367	0.002240620762521532	0.9933803464411614
DLBCL10458	0.9873343392887989	0.0021144945188393024	0.0027784506747372596	0.005218669203841615	0.002554046313782974
DLBCL_MC_F927_JHS	0.17297803786200294	0.22571550828645962	0.2116831471127141	0.1356613568638279	0.25396194987499526
DLBCL11455	0.15312194180820368	0.023016530945819555	0.1833834761866672	0.5095202130153197	0.1309578380439899
DLBCL11483	0.07959341476118895	0.31106961772068786	0.08952034851502934	0.05492946145107151	0.46488715755202237
DLBCL10501	0.01428570588232422	0.5371208982713577	0.38066716374088544	0.0415901411413201	0.02633609096411259
DLBCL_LS2328	0.03346142006916758	0.507945590064577	0.41173284959061063	0.03221581720264194	0.014644323073002875
DLBCL11573	0.012346853289372395	0.07873447602960908	0.8601323589300028	0.02733045173157587	0.02145586001943985
DLBCL_LS4619	0.01594426351561129	0.20736800322408142	0.19391419957074255	0.048614702333414354	0.5341588313561504
DLBCL10488	0.6411536430713103	0.12474743830416449	0.1332502201595789	0.09080527337971657	0.010043425085229788
DLBCL11678	0.07387819133861238	0.03815310043365254	0.2939815911765207	0.5613028784103699	0.03268423864084461
DLBCL10971	0.5336033971321628	0.09133247007119812	0.02928275363562778	0.20961768046797644	0.13616369869303493
DLBCL_MAYO_DLBCL_234	0.15176986896848152	0.018338489722725653	0.5136709262404475	0.26105436256621556	0.05516635250212976
DLBCL10865	0.46066331819990236	0.03247628986951068	0.04134435373655971	0.1039964681282002	0.36151957006582697
DLBCL11664	0.353691454596187	0.5137741286078819	0.03119843283886872	0.07572022970001514	0.02561575425704729
DLBCL10454	0.1231933203555383	0.35082503117755887	0.05735866863709601	0.018484404005406834	0.45013857582440003
DLBCL_C_D_1140_NULLPAIR	0.054300336559624705	0.04767263304850972	0.07856177632965787	0.08463170775551986	0.7348335463066878
DLBCL11467	0.06586472343975537	0.07682367353696876	0.09995608895586486	0.4183069242461762	0.3390485898212348
