	0	1	2	3	4
DLBCL11431	0.2036370411024759	0.16168322975050883	0.2746165918280436	0.1078091247179683	0.2522540126010032
DLBCL_RICOVER_1045	0.5403987705951763	0.033637612095037336	0.06463429655371834	0.2631480532996549	0.09818126745641313
DLBCL_C_D_PAIR13	0.18865775158003276	0.1421844837750853	0.2632728165086768	0.10752814436271521	0.29835680377348983
DLBCL_BWH_DLBCL64	0.34659305580456096	0.32106225893175144	0.03967998871605465	0.2803058163631573	0.012358880184475564
DLBCL11462	0.5633198450863619	0.023577188414080064	0.13365524858935596	0.032499274985413	0.24694844292478899
DLBCL10891	0.05426169225887284	0.004292775732885113	0.20150729534307446	0.3350055143697992	0.4049327222953684
DLBCL10513	0.30423109881271426	0.031171352652573096	0.06398560868981941	0.5865277430311722	0.014084196813721056
DLBCL_C_D_1148_NULLPAIR	0.31618911921636983	0.006673524783842639	0.17843000655495525	0.47922176393804067	0.019485585506791803
DLBCL_LS951	0.39685772305308703	0.1908640983625122	0.08871566551211696	0.3120882635174177	0.01147424955486621
DLBCL_C_D_1159_NULLPAIR	0.5509807652495359	0.008080785381539191	0.018117707823586557	0.37819896678360443	0.044621774761733964
DLBCL10874	0.012535676883457783	0.6039971581700299	0.07441413130716465	0.11158978536765089	0.1974632482716968
DLBCL_RICOVER_111	0.2992545152881149	0.030536619234942896	0.13896002703636443	0.15796832793859825	0.3732805105019795
DLBCL_MAYO_DLBCL_3653	0.6550395477730008	0.07921569661514744	0.04966131886421123	0.0870102928808405	0.1290731438668
DLBCL10997	0.7809325127027025	0.022882158249297242	0.016851793809606587	0.14909352468174758	0.03024001055664613
DLBCL_RICOVER_787	0.11256365752446133	0.6924499892891982	0.0715217652153477	0.1189223713659959	0.004542216604996914
DLBCL11491	0.052007813595095084	0.00913427951592373	0.061213763246946946	0.39912364183198584	0.47852050181004835
DLBCL_RICOVER_440	0.006513839994450049	0.3230282674052551	0.6086271423529755	0.022908721070772093	0.03892202917654728
DLBCL_RICOVER_1046	0.007158869129413507	0.5416417989420707	0.34118507793859953	0.015917579422753462	0.09409667456716282
DLBCL10833	0.1903453217626784	0.011908117085344432	0.016562528927207318	0.14772765909228944	0.6334563731324804
DLBCL10491	0.07339712289414253	0.22024125498537975	0.0955089264760705	0.6055650962456712	0.005287599398735962
DLBCL11661	0.045557963439685205	0.7943098673453085	0.0397174123848012	0.11587727690714303	0.004537479923062103
DLBCL10986	0.706327078601873	0.04293794369968177	0.06848759521928678	0.10961781146019858	0.07262957101895985
DLBCL10915	0.0727558934791673	0.35114495765441467	0.026372635260909834	0.03307545508548928	0.5166510585200188
DLBCL10866	0.032655344425212215	0.008952937539683783	0.04730167937281471	0.40931577510053946	0.5017742635617498
DLBCL11534	0.110277493442844	0.058263102420889314	0.6564557366488699	0.10090621513765297	0.07409745234974378
DLBCL10914	0.7212707891009759	0.061362931986661845	0.08181029566495321	0.053751384233999375	0.08180459901340979
DLBCL_RICOVER_711	0.1393178722253169	0.25042454509794304	0.031621783241040424	0.5672575775711188	0.011378221864580743
DLBCL11652	0.6902772119860291	0.13064901495596898	0.028076913968683292	0.02790157049492048	0.12309528859439817
DLBCL11479	0.03806022896959181	0.7423710581296011	0.08409520390707993	0.02572512466571227	0.1097483843280148
DLBCL_LS1921	0.017614749078211714	0.736292768076982	0.10819058941889541	0.1289193490295958	0.008982544396315104
DLBCL10981	0.02239584179609231	0.9035172423358689	0.013273787114730769	0.05086833985120785	0.009944788902100082
DLBCL10858	0.0671640347636874	0.0057292015341533975	0.02875238423461139	0.3609575512004837	0.5373968282670641
DLBCL_MC_F500_ECU	0.02056990488127591	0.8418990122945617	0.03316655150039484	0.014990140700877322	0.08937439062289022
DFCIDL004_DT	0.6368512195159539	0.007862904618944939	0.02136227322844338	0.13242456696580696	0.20149903567085084
DLBCL11476	0.06479380314250135	0.06605172411854847	0.01014488668014334	0.021796921935677428	0.8372126641231294
DLBCL_RICOVER_950	0.09787366864366644	0.011591056936409591	0.09552116941421832	0.7830551521524599	0.0119589528532457
DLBCL11429	0.6588060512690372	0.0030740745176931748	0.048248523118129244	0.21314653009398066	0.0767248210011597
DLBCL_LS1304	0.014394500154307174	0.04831681903518781	0.7628969610604565	0.02516699440833975	0.14922472534170883
DLBCL10536	0.01079928016796291	0.06881128444876984	0.8134014988957855	0.08537753005305522	0.021610406434426518
DLBCL10950	0.8384893300380707	0.059265739025317114	0.01696235222190648	0.0675650293941611	0.01771754932054458
DLBCL_LS1395	0.011319305539915883	0.09168863596958418	0.859243627329856	0.013512770140785125	0.024235661019858763
DLBCL10868	0.06716939945096367	0.01106314403608899	0.012491310354330853	0.6186314009882704	0.29064474517034605
DLBCL10846	0.051906213765972015	0.8835452804920083	0.013796065147695203	0.02602995465483115	0.02472248593949338
DLBCL10521	0.019835616606976036	0.11763635462446959	0.00977703078413812	0.0071850387101205955	0.8455659592742957
DLBCL_LS2325	0.010769532271547772	0.6730770823262524	0.272025771838332	0.023012159153504356	0.02111545441036337
DLBCL10867	0.010480670437683609	0.7575528617875068	0.0288640458397976	0.012182794418075493	0.19091962751693647
DLBCL10494	0.01598333070891597	0.8697368225032658	0.08055716121524355	0.02740538562876113	0.006317299943813605
DLBCL10529	0.0069238409029896385	0.21461841291325431	0.033097308830969396	0.03142261753775225	0.7139378198150343
DLBCL11520	0.8854342446675875	0.00910594629812903	0.006605701645011875	0.02218102129378531	0.07667308609548631
DLBCL_RICOVER_478	0.037513412042672875	0.824602223428864	0.03280086396076074	0.007625221316731844	0.09745827925097052
DLBCL11481	0.8408098496223991	0.010488536999539447	0.05560898242439364	0.07837850640292161	0.014714124550746145
DLBCL_RICOVER_1287	0.02464244885856789	0.08547453852528764	0.025043047429738556	0.033518601580631274	0.8313213636057746
DLBCL10835	0.010355263089194633	0.09742376442564199	0.00810753184038714	0.033802365059393706	0.8503110755853825
DLBCL11565	0.004828823807095904	0.8557106552698942	0.024082191813493102	0.07461740630006138	0.040760922809455376
DLBCL10879	0.005714761841277786	0.010961990255658747	0.9265064344434722	0.02764941856361824	0.029167394895972917
DLBCL10945	0.8660187102550917	0.016733361060359022	0.003980777982777058	0.0406770861324797	0.07259006456929248
DLBCL10894	0.0203334605392499	0.9497080343341554	0.006891849583615709	0.019150641528201246	0.003916014014777743
DLBCL_MC_F815_BAT	0.005523381117965236	0.019781954527934992	0.9325080176900319	0.03436457485888558	0.007822071805182351
DLBCL_MC_F606_DMJ	0.007032532977109937	0.04141087192488728	0.9244466111485832	0.012650527345911136	0.014459456603508537
DLBCL11672	0.008967776645803716	0.012159595042871651	0.9096481976828706	0.04899713563107418	0.020227294997379762
DLBCL11662	0.873213327833238	0.008599192302509162	0.008141445162766894	0.06737671780390808	0.04266931689757782
DLBCL10847	0.01483074592834424	0.03295141129319428	0.011398506257443038	0.004627255116871111	0.9361920814041473
DLBC_FF_8046_TP_NB	0.016550385270457896	0.01458474095211377	0.931426663372089	0.02067261211283527	0.016765598292504066
DLBCL10456	0.030849833293409856	0.007810814498846003	0.021268244828578736	0.9242928995861057	0.01577820779305967
DLBC_FF_A7CQ_TP_NB	0.028969683105376703	0.013403035188819272	0.005095658921059682	0.0500416002689441	0.9024900225158002
DLBCL11558	0.003830432117939195	0.009438671941367938	0.955602417096597	0.023572084618195686	0.007556394225900235
DLBCL10466	0.003961503804086246	0.02444029037033688	0.9339605976062256	0.029772275544786862	0.007865332674564412
DLBCL10878	0.05098729879560876	0.020884626049850842	0.022534540784374002	0.02218037945087773	0.8834131549192886
DLBCL11537	0.9017318313210553	0.004822045272549061	0.008511017609826955	0.033594622623697355	0.05134048317287139
DLBCL10544	0.02900415079251542	0.004116084008549576	0.01981755348701027	0.881289590796005	0.06577262091591968
DLBCL_C_D_1129_NULLPAIR	0.8705414939539192	0.01712024227081523	0.06456757254611123	0.02801989621185706	0.01975079501729725
DLBCL11459	0.029843528196960022	0.0051688164831062405	0.021677750817662992	0.9277719015345983	0.015538002967672443
DLBCL_RICOVER_985	0.023583221625106048	0.01288193168572131	0.021557560488337325	0.9299992345758032	0.011978051625032026
DLBCL10461	0.0028118371389957556	0.9513398776245958	0.01004741098016386	0.004931217814193874	0.03086965644205066
DLBCL10887	0.0051073234501222515	0.010083129763432454	0.027131600088184337	0.010058914245816217	0.9476190324524447
DLBCL_LS297	0.005938514758506403	0.0055812617772630375	0.9665624285625487	0.016290417426508805	0.005627377475173074
DLBCL_C_D_1108_NULLPAIR	0.004774445486831236	0.95222592034554	0.006596012260511085	0.00486535738287331	0.03153826452424438
DLBCL11564	0.021912877899658893	0.0067967504579698745	0.013195033398547187	0.9404280827459514	0.017667255497872642
DLBCL11507	0.032708818123849154	0.9133197680302346	0.03875967511517828	0.0115936892158573	0.003618049514880629
DLBCL10547	0.025729107128063002	0.0060323480317954585	0.022000707460957968	0.9295110069540585	0.01672683042512501
DLBCL_LS3749	0.006390005995640135	0.9692725541999955	0.008774492051954415	0.012892331720287597	0.002670616032122403
DLBCL10555	0.012155018150116527	0.01520142471537606	0.9555903963407585	0.011364681304007319	0.005688479489741631
DLBCL_LS3200	0.0057141256911812655	0.060200250011197644	0.007208821397858956	0.014473180850819247	0.9124036220489429
DLBCL_DFCI_DLBCL_GOE16	0.004239913119624502	0.005251980866814855	0.9752335442787623	0.010170541339731339	0.005104020395067006
DLBCL_MC_F729_MAN	0.006730221302965489	0.971018676864103	0.0120568445396052	0.005634621623965162	0.004559635669361087
DLBCL11680	0.008343879439234312	0.008357210567753433	0.9661010575696598	0.013953354639912178	0.0032444977834402582
DLBCL10983	0.00291297302447753	0.9649453184036229	0.006986984403011688	0.004435019818670906	0.020719704350216986
DLBCL11685	0.00433224365382097	0.006141875810593313	0.9757587588415482	0.007898039555258116	0.005869082138779383
DLBCL11428	0.0037257249870877632	0.005589547040909072	0.9784842854302788	0.00889168941336487	0.0033087531283595654
DLBCL10853	0.013488756544293648	0.009092494391682875	0.0025708199562446115	0.010908141792964185	0.9639397873148147
DLBCL10912	0.9499166509557784	0.007549406046258515	0.009848904152934953	0.026427469176663762	0.006257569668364427
DLBCL_RICOVER_829	0.9243492738487429	0.017052824141852937	0.0033212009581733643	0.024195894705442984	0.031080806345787873
DLBCL11539	0.9450681253220303	0.0036357808368113523	0.008565080988471224	0.03649314698895107	0.006237865863736024
DLBCL_MC_F089_HCZ	0.0023196294950342594	0.9808710732839727	0.005557010115204034	0.0067576184046472905	0.004494668701141736
DLBCL10836	0.014921632301444748	0.002287213405965167	0.009967697834619607	0.015771397852162545	0.9570520586058079
DLBCL10515	0.943626970260958	0.012107868023824912	0.004956324456369533	0.02828538284531124	0.011023454413536313
DLBCL_LS1065	0.00834848024687483	0.9741870809752016	0.004133141764157354	0.004614447937345637	0.008716849076420568
DLBCL11461	0.9650518613421224	0.003283568507641815	0.00483192408752825	0.022241474546324174	0.00459117151638338
DLBCL10911	0.00513551335776362	0.983220360489111	0.004614782414178279	0.0021578054926375528	0.004871538246309526
DLBCL_C_D_1163_NULLPAIR	0.005141834256863293	0.0031119874967550183	0.004871711709860753	0.020844875956273	0.966029590580248
DLBCL10510	0.00363442917062751	0.987197124470817	0.0023792586086633823	0.0022712345931968914	0.004517953156695263
DLBCL10900	0.014411748623392458	0.002250854533517485	0.005979567431023748	0.019919473029533133	0.9574383563825332
DLBCL11203	0.002350910151079718	0.9854764919735768	0.002710388387501383	0.005200394059796758	0.00426181542804531
DLBCL_C_D_1114_NULLPAIR	0.9680405089197602	0.008167491290038175	0.0032107502619324563	0.010468908990120412	0.010112340538148685
DLBCL_C_D_1130_NULLPAIR	0.9673759255083006	0.006296821699786982	0.002788990257237451	0.01733041994641329	0.006207842588261666
DLBCL_MC_F519_ALT	0.006315289359677419	0.005994828809158938	0.0022743939901275073	0.005500937948991876	0.9799145498920443
DLBCL_C_D_1136_NULLPAIR	0.0007156592358518296	0.9961671871379966	0.000901853963317127	0.0009587516596988794	0.0012565480031356034
DLBCL10992	0.0028521544609766635	0.0014395085281154356	0.0030878231166986798	0.005586532655835231	0.9870339812383739
DLBCL_RICOVER_449	0.0030881950725855775	0.0019682632381594297	0.0013790846914229647	0.003488361503714895	0.9900760954941171
DLBCL_RICOVER_417	0.0011395531858383748	0.0012961015615328272	0.0008512063326976399	0.001288320785234066	0.9954248181346971
DLBCL10550	0.0009198504949879903	0.0012036593589418061	0.0010647955005724996	0.0011720440282525792	0.9956396506172451
DLBCL10936	0.1984033636860242	0.1761591954815469	0.2494472792060833	0.10729323724460546	0.2686969243817401
DLBCL_RICOVER_910	0.23354298880380833	0.1454827079207907	0.2492121319221445	0.23978990847360887	0.13197226287964745
DLBCL10994	0.28644068990651533	0.4457924015466705	0.03776408559295537	0.049885655718855476	0.18011716723500323
DLBCL10856	0.11507131688571409	0.1511183248758595	0.15893965697442886	0.02985397751586438	0.5450167237481331
DLBCL10495	0.6281209657906753	0.29995784530835196	0.015713334396831636	0.0198247418836326	0.036383112620508445
DLBCL11478	0.4820726351602998	0.30913432200655316	0.11857055935233746	0.08458098089693605	0.005641502583873516
DLBCL11488	0.4139214138851974	0.013034187704106614	0.012134030999685543	0.06407393239732284	0.4968364350136877
DLBCL11436	0.1207339271967209	0.5125215384718126	0.0786337399432055	0.15149505850551206	0.1366157358827489
DLBCL10974	0.10915806988203028	0.0065218953741935015	0.07597007637902434	0.5329635324172558	0.27538642594749607
DLBCL11566	0.021985661091063823	0.2113061473846976	0.7080997804927789	0.05107208404397043	0.007536326987489253
DLBCL_RICOVER_467	0.01079390755695751	0.537680600298053	0.018753741475109307	0.009344646750833229	0.42342710391904703
DLBCL10910	0.05490586126743058	0.42508135842760286	0.3797465044161579	0.046384758280311265	0.09388151760849751
DLBCL_RICOVER_1278	0.024839701441395662	0.02001266436990612	0.01217566630127222	0.24827467260886046	0.6946972952785655
DLBCL11671	0.7628520630236926	0.022275247951248914	0.021935726741216865	0.18170665617550388	0.011230306108337714
DLBCL11515	0.03133406986904962	0.40242500769276995	0.301271340018167	0.020902849535871314	0.24406673288414193
DLBC_FF_8042_TP_NB	0.004410958660054495	0.09629682043051237	0.3213597363100519	0.09260589247852445	0.4853265921208568
DLBCL_LS2208	0.02267246437259929	0.1452302507863101	0.20279616028362793	0.04785284951024035	0.5814482750472224
DLBCL10549	0.04989831461444717	0.5904612733884609	0.2916630947243591	0.06249882120129287	0.005478496071440015
DLBCL10883	0.14041949135127582	0.008123569232755408	0.07970558372961406	0.024436725758679632	0.7473146299276751
DLBCL10844	0.6243468183268237	0.036591286629929734	0.03537961270639532	0.05318204428531912	0.25050023805153215
DLBCL_LS762	0.023727858493695537	0.03485708001016894	0.4908634550015333	0.09079553382135926	0.35975607267324305
DLBCL10909	0.07485255272534694	0.014737416962342712	0.06431284514674741	0.3034626464517941	0.5426345387137688
DLBCL_DFCI_DLBCL_GOE05	0.008811622959752392	0.1993951927851671	0.028758898127185576	0.012659562181470718	0.7503747239464242
DLBCL10921	0.013562736876289437	0.22255581542233696	0.01661447182547407	0.016083850962266773	0.7311831249136328
DLBCL_RICOVER_314	0.01111184378900609	0.6148589898558177	0.09929513634758996	0.1287979805869511	0.14593604942063526
DLBCL10895	0.023353149954903896	0.19054385510434613	0.036186024160214436	0.01374769799003028	0.7361692727905053
DLBCL10565	0.04591043175475547	0.04547918847825113	0.6055040677929531	0.2359708970394614	0.06713541493457899
DLBCL11528	0.10258984399987167	0.26094767137026903	0.5443427703116099	0.07821772856633454	0.01390198575191495
DLBCL11202	0.16072888023419907	0.09120331985834117	0.59215202865666	0.15120652140111335	0.004709249849686525
DLBCL11536	0.01522420219373167	0.7371673037496024	0.06106877305291854	0.1677938693257814	0.018745851677966024
DLBCL10553	0.02752027704367622	0.02362702264411004	0.14506332816738432	0.7932152593734925	0.010574112771337027
DLBCL11470	0.6147915914299202	0.00435313345672731	0.01720691099431263	0.3179539381554763	0.04569442596356357
DLBCL10962	0.03994516389677106	0.6673120202935017	0.019937352516591157	0.017759640183210034	0.255045823109926
DLBCL11590	0.06495008570113107	0.018763291297505133	0.7229367836669778	0.09405219429840352	0.09929764503598253
DLBCL_RICOVER_274	0.019236058376941614	0.051623430136723686	0.03322877771873968	0.7350809320503658	0.1608308017172291
DLBCL11195	0.007801245271162934	0.18339686922104223	0.022594138526445484	0.017770450377418583	0.7684372966039308
DLBCL_LS3499	0.07396919976883504	0.11949162477095468	0.07662366747073243	0.7045349585669203	0.025380549422557613
DLBCL_C_D_1117_NULLPAIR	0.1394767823579491	0.18365022471559211	0.02372928329766316	0.6387410980909086	0.014402611537886939
DLBCL_C_D_1144_NULLPAIR	0.07338850416418512	0.16453519296323343	0.012074419291708148	0.018006073379361383	0.7319958102015119
DLBCL_LS4054	0.05852638274174571	0.772390481410723	0.06654144541851839	0.0401815762982105	0.06236011413080246
DLBCL10862	0.013134029511939519	0.04921146223615521	0.017913036603241103	0.005049282622792463	0.9146921890258717
DLBCL11658	0.03866050324110364	0.006842604645804168	0.031025385809874163	0.7946323729228878	0.12883913338033026
DLBCL11673	0.05003833341404932	0.7340277905491173	0.12995284118968833	0.05502474844787871	0.03095628639926633
DLBCL10993	0.8678938454243813	0.0062536449278064584	0.01634088515262766	0.05019634205931994	0.05931528243586466
DLBCL_LS2245	0.09234858631962098	0.2999750930649389	0.5641049956514658	0.025785670092351463	0.017785654871622893
DLBCL10452	0.017863653501893652	0.7479535176892613	0.07807742313408088	0.011567641735663468	0.14453776393910067
DLBCL10782	0.34979344921018124	0.11158787582956516	0.011051172215381084	0.5073347364397911	0.020232766305081397
DLBCL11437	0.3021940283081424	0.007814803572485398	0.020704505754752463	0.6044800021370231	0.06480666022759661
DLBCL10503	0.055719499972266794	0.15997799685304775	0.5817426808237608	0.025074603054887762	0.17748521929603692
DLBCL_C_D_1156_NULLPAIR	0.8819280264949786	0.02490471077880523	0.017752934745835173	0.05421275515002494	0.021201572830356046
DLBCL_RICOVER_408	0.03576995757249881	0.8753631115880599	0.053716431727197984	0.02970969933625055	0.0054407997759927315
DLBCL10517	0.008856535989024085	0.8243946855930213	0.12583255985230765	0.015592337169778257	0.025323881395868716
DLBCL11430	0.6760389862906875	0.01724103210203282	0.09086517746005143	0.20894000396603152	0.006914800181196836
DLBCL10552	0.14950023131892698	0.02688651463132488	0.06034960221126093	0.7585600778369626	0.004703574001524655
DLBCL10935	0.7585714102247315	0.1746467141111442	0.011462258258358565	0.030549872961009184	0.024769744444756568
DLBCL11204	0.12867464960810834	0.7155134018584909	0.07702956907670104	0.01132664462474407	0.06745573483195563
DLBCL_C_D_1118_NULLPAIR	0.2892051482496071	0.6286640573749648	0.010689161923750171	0.05189698055679407	0.019544651894883934
DLBCL10885	0.034838211130744694	0.8816415831849146	0.00760269547440782	0.010964092000658582	0.0649534182092743
DLBCL_LS4616	0.006783157076110841	0.11884058101671614	0.8258653377395738	0.03470217292572698	0.013808751241872225
DLBCL11519	0.15130942890724144	0.020247226339256404	0.02524385590358632	0.79405239713906	0.009147091710855905
DLBCL_RICOVER_1018	0.03581412506205662	0.15098425106498467	0.01652955505074203	0.7604236648613272	0.03624840396088952
DLBCL_C_D_1125_NULLPAIR	0.002247652076871042	0.01242439048950909	0.003790006897699667	0.004607424853883716	0.9769305256820365
DLBCL10927	0.17500299727850993	0.009101087784148698	0.0346416994967846	0.7648312753354124	0.016422940105144397
DLBCL11353	0.004953897562512428	0.04529389491165901	0.034402662175807355	0.007143838367760097	0.9082057069822611
DLBCL_LS2599	0.022268941098630392	0.021555311334653354	0.8908961884443548	0.06008269216924104	0.005196866953120367
DLBCL10871	0.03485441644663099	0.8521666898691226	0.01904567256847581	0.022802240700907448	0.07113098041486314
DLBCL10512	0.024179646479095436	0.11205899513934807	0.7816738337426725	0.03366490375827134	0.04842262088061264
DLBCL11496	0.8375128131496794	0.007903601538926518	0.05259496581057519	0.050151569368866604	0.05183705013195233
DLBCL10472	0.04015447143455651	0.011864245616710442	0.8733702757530565	0.06275945967253557	0.011851547523140975
DLBCL10931	0.9298117929779264	0.005060530794795167	0.005144265739847249	0.039768703199386926	0.020214707288044313
DLBCL11500	0.008759068396828341	0.005200711194863192	0.015213127821194977	0.0057433300083429735	0.9650837625787705
DLBCL_RICOVER_221	0.009032357666851908	0.01943326151647232	0.015008110611466568	0.010935036521202108	0.9455912336840071
DLBCL10781	0.013889794322771268	0.017474661350869496	0.018100445056770553	0.023403791005524803	0.9271313082640639
DLBCL_RICOVER_977	0.9395565882218168	0.003027235370549666	0.0061993639758196216	0.029238201143773356	0.02197861128804063
DLBCL10884	0.9497318292662252	0.009546875161655095	0.004897074012643117	0.02901285912879921	0.006811362430677382
DLBCL11576	0.0910119447232045	0.022658964283227438	0.0975015634659083	0.7731499466001037	0.015677580927556067
DLBCL_RICOVER_1248	0.02126381871531843	0.02717667285340503	0.003354887845566936	0.0066559054452595455	0.94154871514045
DLBCL_RICOVER_945	0.878326936818599	0.03768091915425622	0.0178778019926806	0.04630774933258667	0.019806592701877547
DLBCL11450	0.010358577203298148	0.028024985282854038	0.009529227859993503	0.034221952052652806	0.9178652576012015
DLBCL10564	0.017510673165135725	0.012706452885202434	0.01964062669208228	0.9275930285780625	0.02254921867951704
DLBCL_LS3245	0.0033810103996558647	0.9049272667215648	0.06150404634823	0.013938981467773058	0.016248695062776326
DLBCL_RICOVER_577	0.013803746611789186	0.013952298922281154	0.9220037880792115	0.031588495970179785	0.018651670416538407
DLBCL_C_D_1128_NULLPAIR	0.9608954538426091	0.008930713250640925	0.003924077158589309	0.015728159163838705	0.010521596584321983
DLBCL_RICOVER_850	0.004889742315540859	0.018488530540906385	0.006138671376874334	0.018464262290969605	0.9520187934757088
DLBCL_RICOVER_978	0.8958986105752854	0.003869533164298713	0.031754436458551735	0.05307001838021056	0.015407401421653526
DLBCL_DFCI_DLBCL_GOE07	0.009857360284131566	0.9421033137730632	0.017012810412783935	0.007195335200765652	0.023831180329255585
DLBCL10535	0.012526089879522515	0.014286754318528305	0.014827169001967544	0.009485597020295557	0.9488743897796861
DLBCL10852	0.02621832687721464	0.009757636588931128	0.0070796733675175085	0.06306377036841343	0.8938805927979233
DLBCL_LS1757	0.9623247936308487	0.012515323448903558	0.0044877248086194485	0.012981348905132032	0.007690809206496346
DLBCL_LS2357	0.02207480325338113	0.004511268412780464	0.026605809322149496	0.9285483807168581	0.018259738294830775
DLBCL10530	0.00218929650512612	0.007637525794083935	0.0023811888059623943	0.0031034523293835773	0.984688536565444
DLBCL10525	0.958738087764874	0.0036415848963660853	0.008814832597643308	0.013397143995040352	0.015408350746076292
DLBCL11656	0.005422886145569178	0.005609867997808534	0.9600648196141747	0.01564302523775949	0.013259401004688089
DLBCL10922	0.012407533807923067	0.9418465627573352	0.022600045970882335	0.004650561210142975	0.018495296253716344
DLBCL10465	0.0033495702060564268	0.0059709395473958185	0.9727782792133903	0.012794071399008025	0.00510713963414937
DLBCL11670	0.0033108715488290963	0.010313519042794867	0.9654063708978526	0.012413569876680682	0.008555668633842686
DLBCL_RICOVER_451	0.9674670058506146	0.004564387290247234	0.004215603608560783	0.018965828882134113	0.0047871743684432064
DLBCL_RICOVER_1289	0.0066366397795507475	0.003443380267759103	0.01510611802423452	0.023942321170644737	0.9508715407578109
DLBCL11667	0.004628595575355361	0.007871607831427159	0.9727458642692278	0.011144678620204665	0.0036092537037850036
DLBCL11456	0.01452831358940585	0.9407097280278305	0.022084041348892563	0.014138890020435895	0.008539027013435167
DLBCL_RICOVER_1106	0.002552941115957971	0.006543024110158554	0.0030022174982659937	0.007912882535479136	0.9799889347401384
DLBCL_LS2089	0.0054236059734780444	0.938299412369974	0.008637081106322513	0.0037506283180725277	0.043889272232152866
DLBCL10903	0.005117164547955496	0.9731146035231087	0.01139953481984699	0.003065005631777837	0.007303691477310878
DLBCL10880	0.00624863091371974	0.004350084703221496	0.00243147665270972	0.0040173251617293855	0.9829524825686197
DLBCL10890	0.0051832514480530945	0.006397576987718995	0.004984167872193088	0.005927276246748605	0.9775077274452862
DLBCL10951	0.0013092817361708327	0.0023407555671281868	0.0011502743741092912	0.0018146999863209335	0.9933849883362708
DLBCL10534	0.0012456082501267351	0.001706885891963348	0.0011796267461164937	0.0017658578268363657	0.9941020212849571
DLBCL_RICOVER_533	0.007004259645564592	0.9731428985330053	0.008965195956392665	0.008538481215318547	0.002349164649718886
DLBC_FF_8043_TP_NB	0.008479689964123089	0.9711316308723831	0.00584209590078372	0.004984430140934426	0.009562153121775678
DLBCL11188	0.001152396973530991	0.9956631784214074	0.001068024280191754	0.0010082345093771492	0.0011081658154926792
DLBCL_LS146	0.0005909805114939742	0.9978043113416858	0.0005528917585677662	0.0006177893236507021	0.00043402706460179925
DLBCL_LS2154	0.27038163671710314	0.30398570249245743	0.13702797785923762	0.1482687662278794	0.1403359167033225
DLBCL11441	0.2627910023206287	0.015123386090314616	0.0929145089041387	0.25936701531970846	0.3698040873652095
DLBCL_RICOVER_1060	0.10793107574009987	0.3621727003789581	0.06282536324826302	0.03437293554870067	0.4326979250839783
DLBCL10902	0.023603093296044205	0.26647011866335657	0.11628451328236149	0.016125434141644912	0.5775168406165928
DLBCL10908	0.13001897233410575	0.17371949600891545	0.3688397350707606	0.06133152775584812	0.26609026883037007
DLBCL11435	0.6062377962358595	0.007112699794766793	0.015986664560298975	0.2836832326135439	0.08697960679553088
DLBCL10985	0.1627294224522616	0.45013331223707803	0.018915209913494588	0.3520481420165135	0.016173913380652365
DLBCL10482	0.6055153693582713	0.03444573381129906	0.008060451045385206	0.06834487516015705	0.2836335706248873
DLBCL11504	0.5778405071731547	0.06748665587622342	0.05244208489295525	0.12394485376372755	0.17828589829393907
DLBCL_C_D_1105_NULLPAIR	0.4887747613443314	0.401723030864691	0.02056535915238642	0.033832824822928334	0.05510402381566279
DLBCL10969	0.5077377810814878	0.19541883975797153	0.23337163299148242	0.04513215116294803	0.018339595006110203
DLBCL11480	0.33774437806148605	0.02581604349973319	0.060234756018598186	0.05380106167021081	0.5224037607499719
DLBCL10451	0.5324133516692668	0.06134396619062359	0.35439771269257986	0.033364367107602766	0.018480602339926933
DLBCL10925	0.07927210336611006	0.21522628714889758	0.012828344889878739	0.21019831425778762	0.482474950337326
DLBCL_RICOVER_773	0.015969287763063486	0.1719793530617935	0.23065176435287915	0.013666437108406256	0.5677331577138577
DLBCL11472	0.5117390900082346	0.005621295077090713	0.08054718395321615	0.32521208306319604	0.07688034789826248
DLBCL11003	0.044281878217635004	0.4300622620382174	0.034675012643038725	0.02032996426905985	0.4706508828320489
DLBCL10490	0.6055986413463657	0.046707148552413535	0.009667883777438342	0.12693901260642407	0.2110873137173583
DLBCL10934	0.02448581283948176	0.7296540642226859	0.017389216294493248	0.14485951012113954	0.08361139652219957
DLBCL10906	0.034774657812714306	0.36575331747150425	0.017515230966654857	0.030970090040723562	0.5509867037084031
DLBCL_RICOVER_299	0.006292170051805561	0.6961694679993609	0.24134587253749062	0.012768264838035748	0.043424224573307135
DLBCL10972	0.6064516526741301	0.04228817127945567	0.0383631508403083	0.05831656143624172	0.2545804637698642
DLBCL_LS1668	0.00893179626608269	0.3324952366470721	0.2710798884795387	0.2937681357012932	0.09372494290601331
DLBCL11449	0.04863112419113259	0.5302045120985824	0.01926385299758521	0.05647946134146733	0.3454210493712325
DLBCL_RICOVER_216	0.09878929316456415	0.12135708662609065	0.18236042528105087	0.06416205341368945	0.5333311415146049
DLBCL11681	0.6539962694560298	0.0037768534058191298	0.0953842834420745	0.13288513231544233	0.11395746138063424
DLBCL_C_D_1109_NULLPAIR	0.19108665460872185	0.013214653263930448	0.012017759181189311	0.598483689529562	0.18519724341659638
DLBCL_C_D_1112_NULLPAIR	0.020017803551780317	0.09643477883594923	0.7447890177552727	0.10497773592763175	0.03378066392936598
DLBCL_RICOVER_1210	0.016048262643729633	0.7054136038996562	0.15072532308466277	0.11241711032174048	0.015395700050210851
DLBCL11484	0.06305290487811778	0.7218559430565493	0.08379709920140155	0.02581255350940232	0.10548149935452902
DLBC_FF_A7CX_TP_NB	0.36453553861788285	0.02691564373134881	0.0417945290286825	0.06300078192616528	0.5037535066959206
DLBCL_RICOVER_522	0.020654985619959668	0.025932754684610534	0.5593018303912447	0.377096228682647	0.01701420062153816
DLBCL11205	0.7844521283672884	0.04622278793409697	0.09134251816299789	0.0692188361634846	0.008763729372132155
DLBCL10957	0.6660192650592072	0.03622792404437317	0.13703699595625335	0.15012346663353657	0.010592348306629671
DLBCL11457	0.7381401630404908	0.0035626726937794994	0.03071720353207431	0.18299491945068427	0.04458504128297111
DLBCL11526	0.10327349593174591	0.03849984726330766	0.7935755738241362	0.058743150226541606	0.005907932754268621
DLBCL11458	0.09347878055506062	0.14908991536883484	0.7002667683122601	0.02357123265571659	0.03359330310812781
DLBCL11433	0.09168084149702546	0.006631570259877225	0.0945999983258832	0.6707186203049059	0.13636896961230818
DLBCL_C_D_1119_NULLPAIR	0.2113018216312706	0.7352992885664632	0.021456303139017453	0.020796660730370856	0.01114592593287787
DLBCL10980	0.008870442230796546	0.13532034104400273	0.02698088717376749	0.017975230893391512	0.8108530986580418
DLBCL10965	0.0586995215930077	0.0032768607431695723	0.03521119771315343	0.8565526629826987	0.04625975696797057
DLBCL10863	0.04937345517745192	0.005090532681092602	0.03662999232893133	0.4175388437706098	0.4913671760419144
DLBCL11206	0.01993236428248151	0.6698652493818814	0.04693112691332676	0.009965468765124266	0.25330579065718606
DLBCL10539	0.02409843461142005	0.5203334167251864	0.04157608890690443	0.2851033437630319	0.12888871599345725
DLBCL_LS2590	0.03846030298559112	0.008758771271075693	0.030630153003766408	0.3107364999927265	0.6114142727468402
DLBCL_C_D_1126_NULLPAIR	0.04453923782494167	0.8722828083156916	0.0230348970525154	0.007588283610203684	0.05255477319664763
DLBCL11538	0.05581327613944643	0.009194296098575703	0.461555033742878	0.1957854602516063	0.2776519337674936
DLBCL11460	0.16194325065765866	0.02942653296891874	0.017267424658109043	0.7552595687014448	0.0361032230138687
DLBCL_RICOVER_1165	0.02330169377766685	0.8456753276041246	0.08201861328523553	0.005727965174617349	0.04327640015835577
DLBCL11474	0.6038554262667898	0.006457927770027555	0.02550200468445082	0.3296113995668839	0.03457324171184797
DLBCL_MC_F218_RAP	0.48805569411388783	0.00965498787547322	0.07707827456726443	0.41028554573117043	0.014925497712204115
DLBCL10780	0.01479303411061679	0.6895507268190767	0.219179908961595	0.06462475852193342	0.01185157158677802
DLBCL10486	0.1980391768443074	0.14229598221961642	0.04376327497910436	0.04655477074698633	0.5693467952099855
DLBCL_LS1098	0.018698885751007643	0.014211799883407811	0.8546246262135697	0.10449788009878155	0.007966808053233285
DLBCL10954	0.009696981468146194	0.8392596858267583	0.026694392731709274	0.020491534469617805	0.10385740550376853
DLBCL10930	0.12781219390064102	0.018156870907256345	0.006267684634179003	0.024816038628402374	0.8229472119295212
DLBCL10968	0.8508699893611175	0.004334390001235883	0.011651301922800143	0.09341838349772988	0.039725935217116676
DLBCL10999	0.004145154008984746	0.011310890431648488	0.03333466844352267	0.0411838226343524	0.9100254644814917
DLBCL10532	0.010531617646964912	0.011777043518994822	0.037798631518079655	0.037321477916274146	0.9025712293996865
DLBCL_C_D_1133_NULLPAIR	0.007075805983957569	0.03469984594358304	0.9010651211604858	0.020522490244929536	0.036636736667044124
DLBCL11447	0.03829773348469711	0.007437949305778908	0.0229238402192732	0.710582117944163	0.2207583590460877
DLBC_FF_8062_TP_NB	0.05434483445542263	0.006326699344201033	0.05856469726434692	0.8602948783874513	0.020468890548578016
DLBCL11527	0.024077387016649018	0.009312039364825764	0.0781681121252777	0.8498868559199396	0.038555605573307894
DLBCL10483	0.004063858241753825	0.9131717175245665	0.051701280678378043	0.005560060329478996	0.025503083225822586
DLBCL_RICOVER_720	0.024300785635315483	0.1491896383088456	0.012129437578597637	0.00800050759663889	0.8063796308806024
DLBCL10523	0.022791638706000584	0.011344369257187967	0.8705544085608328	0.08760328616273949	0.007706297313239151
DLBCL_LS155	0.012244581252811738	0.009456314586723375	0.890797700439682	0.07721591499754682	0.010285488723236074
DLBCL11002	0.09791586479692688	0.013462045961780442	0.03772060972627391	0.8414862996774428	0.009415179837575883
DLBCL11512	0.880278378102087	0.046084483874527835	0.018296465792445666	0.05191747683241382	0.003423195398525719
DLBCL_MC_F307_JPS	0.8618487716996474	0.03562603313005007	0.02679561896928556	0.04350048322012088	0.03222909298089614
DLBCL_C_D_1113_NULLPAIR	0.020046492662128775	0.0282455929882066	0.9101473775488239	0.03251331180122008	0.009047224999620638
DLBCL10857	0.012788569236039589	0.003377135211023685	0.009621099945231025	0.02633940532468897	0.9478737902830168
DLBCL_RICOVER_506	0.010910718072888077	0.1590774003126976	0.009468301691141283	0.015536575521313534	0.8050070044019595
DLBCL11486	0.8262570808159524	0.027766930358637393	0.008583293187609746	0.028222025488294382	0.10917067014950613
DLBCL_RICOVER_496	0.015950409787899997	0.8872331353675807	0.0686095496297574	0.018489002904625854	0.00971790231013605
DLBCL10898	0.032377371454424146	0.18478195447168164	0.009185321835095113	0.013049629434346644	0.7606057228044525
DLBCL_RICOVER_701	0.06593477894679593	0.00772672369761942	0.015466180949006663	0.8930252389638929	0.01784707744268509
DLBCL_C_D_1141_NULLPAIR	0.004560847933113692	0.01778544072384434	0.9472328887879738	0.013951149012362515	0.016469673542705645
DLBCL10502	0.00902882050111147	0.9372193525949677	0.03542369656998973	0.012701364825085333	0.005626765508845821
DLBCL10498	0.008831426455196495	0.015486218820343683	0.9426131171104156	0.029661137531064787	0.0034081000829793654
DLBCL10963	0.015202122856993648	0.020319905165062414	0.004104484361076645	0.02183113268915381	0.9385423549277134
DLBCL_MC_F064AB	0.011144510828594462	0.009146312824160431	0.9135288469886208	0.052351003486831374	0.013829325871792987
DLBCL11675	0.010255874372435383	0.006438619223173586	0.8916625270402793	0.04912687386144908	0.0425161055026627
DLBCL_RICOVER_473	0.9493310757600429	0.011049930820772217	0.006026945527194921	0.018483469116351802	0.015108578775638168
DLBCL_MC_F139_LJF	0.03756175972863922	0.006416003803470397	0.032319668901690565	0.9145203024915327	0.009182265074667123
DLBCL10460	0.010851510941376739	0.9607187898283857	0.01785177189697286	0.004514833419347375	0.006063093913917397
DLBCL_RICOVER_956	0.0076382453261634705	0.04921752675591847	0.016118072385615724	0.025696320889614356	0.901329834642688
DLBCL_RICOVER_1061	0.037195333472071004	0.0042485576881721105	0.01833252820183027	0.9276002821281668	0.012623298509759837
DLBCL_LS378	0.9577528994936383	0.012589519981376385	0.01186290073940713	0.01157985204254929	0.006214827743028958
DLBCL_MC_F262_WLC	0.9676706395093475	0.005696348202385866	0.003851241030687424	0.018140726285066033	0.004641044972513184
DLBCL_RICOVER_744	0.00924128639788542	0.007975744438745033	0.967123849230954	0.011168522161915948	0.004490597770499591
DLBCL11666	0.003245140933344161	0.00690364249275155	0.9781952735826422	0.007845737096414085	0.0038102058948479207
DLBCL10459	0.003080858914764816	0.007570138044953591	0.9714254304740543	0.011532728461102024	0.0063908441051252545
DLBCL_MC_F349_BJJ	0.004047049757522263	0.007026831701162111	0.9698717118224132	0.01095196121858028	0.00810244550032214
DLBCL10458	0.9773255667606577	0.00491427387377021	0.0051485496239123026	0.009963703846861956	0.002647905894797754
DLBCL_C_D_1131_NULLPAIR	0.007526696867354226	0.9552278215770511	0.011731229531527816	0.0033684384535428206	0.02214581357052405
DLBCL10860	0.0027630601003410943	0.005859230980448381	0.01112111694150755	0.012903115487784346	0.9673534764899187
DLBCL_RICOVER_1192	0.00139054322478879	0.003773603938972859	0.0014974241858937691	0.0020680659266058337	0.9912703627237387
DLBCL_RICOVER_712	0.00534560931227432	0.018099169199332608	0.007630650051900615	0.014321829163038863	0.9546027422734535
DLBCL10990	0.003862368548670815	0.011547836254060443	0.003977833900829156	0.004411783861864209	0.9762001774345753
DLBCL_RICOVER_1032	0.003981967347214952	0.02609005658194267	0.005490803907511707	0.007647782483817519	0.9567893896795131
DLBCL10977	0.004243737803171132	0.0032791150215720007	0.00733916708722751	0.0043794087497237575	0.9807585713383056
DLBCL11000	0.0008317495806810978	0.0015392003722190498	0.0010782994104563785	0.0017391451619599466	0.9948116054746835
DLBCL10842	0.00215753299359133	0.0027440256345150167	0.0033704209207988485	0.004754821085832038	0.9869731993652627
DLBCL10889	0.002133266962607875	0.0020652330136551877	0.0034992628423170637	0.0029700929097467178	0.9893321442716732
DLBCL10834	0.0030303160620824077	0.9931098465915247	0.001531215997599557	0.00121864190979205	0.0011099794390013107
DLBCL10901	0.00922598111017107	0.010564916078126	0.004788304555951063	0.006638958021871304	0.9687818402338806
DLBCL10850	0.005280488555405575	0.9870408340966169	0.0027217084799321957	0.0012880448404335779	0.0036689240276117493
DLBCL_RICOVER_174	0.0009474224618951134	0.9969375840232851	0.001016497442535238	0.0006086160824662727	0.0004898799898182161
DLBCL_RICOVER_253	0.0	1.0	0.0	0.0	0.0
DLBCL11683	0.32861897440349563	0.07105308545943982	0.25516652120348715	0.23570291000318647	0.10945850893039097
DLBCL11483	0.18669913512069108	0.20432916591182604	0.2271594168424977	0.09951418073658784	0.2822981013883973
DLBCL11467	0.15366053843590208	0.09281736525228104	0.25920334300351827	0.15445191657019763	0.33986683673810103
DLBCL11455	0.4553060592315038	0.06960173219529138	0.16428669609038174	0.264080458874518	0.04672505360830517
DLBCL11473	0.7249971001210808	0.11434478442542204	0.020615079841734517	0.12635961030380644	0.013683425307956252
DLBCL_MC_F927_JHS	0.14602964366615218	0.18115540620735476	0.16667248058480652	0.07645556913467602	0.4296869004070104
DLBCL10971	0.05501217034452213	0.5280173509850083	0.05944170296847125	0.0696790487298591	0.2878497269721392
DLBCL11501	0.45340299892172786	0.2898010032048538	0.04908115291320244	0.027070094271716357	0.18064475068849967
DLBCL11657	0.14443358589032662	0.23948048843856767	0.2962905077639185	0.26135735745395006	0.05843806045323725
DLBCL10450	0.47862026380935685	0.2019191764773235	0.006779044975514239	0.13394603967160854	0.17873547506619683
DLBC_FF_A7CW_TP_NB	0.010052014334814717	0.11286063485328834	0.13742248334542098	0.28266185765414886	0.45700300981232717
DLBCL11664	0.35195763091421206	0.49410215484891085	0.05083831515253602	0.09823269391786281	0.004869205166478259
DLBCL_RICOVER_320	0.15488174375148422	0.1347995323025181	0.5590007977877699	0.10166778059573363	0.04965014556249415
DLBCL10501	0.007662935585243439	0.5514125158671409	0.39246283491319783	0.025448806369499935	0.023012907264917924
DLBCL_RICOVER_1329	0.02771626875381783	0.41396090360339277	0.03634413486052473	0.011373252516945095	0.5106054402653196
DLBCL11208	0.14632012071481218	0.6008571107137298	0.11086793214258962	0.06999577411388648	0.07195906231498193
DLBCL10454	0.20079974637140344	0.5748130849523253	0.020887951970329482	0.04008889833869003	0.1634103183672517
