	0	1	2	3	4
DLBCL11431	0.20363704110247594	0.16168322975050886	0.2746165918280436	0.10780912471796832	0.2522540126010033
DLBCL_RICOVER_1045	0.5403987705951763	0.033637612095037336	0.06463429655371834	0.2631480532996549	0.09818126745641312
DLBCL_C_D_PAIR13	0.18865775158003276	0.1421844837750853	0.2632728165086768	0.10752814436271521	0.2983568037734899
DLBCL_BWH_DLBCL64	0.34659305580456096	0.3210622589317515	0.03967998871605466	0.2803058163631574	0.012358880184475568
DLBCL11462	0.5633198450863619	0.023577188414080068	0.13365524858935598	0.03249927498541301	0.246948442924789
DLBCL10891	0.05426169225887284	0.004292775732885113	0.20150729534307446	0.3350055143697992	0.4049327222953685
DLBCL10513	0.30423109881271415	0.03117135265257309	0.0639856086898194	0.5865277430311723	0.014084196813721054
DLBCL_C_D_1148_NULLPAIR	0.31618911921636966	0.006673524783842637	0.17843000655495517	0.47922176393804067	0.019485585506791792
DLBCL_LS951	0.3968577230530871	0.19086409836251217	0.08871566551211695	0.31208826351741764	0.011474249554866206
DLBCL_C_D_1159_NULLPAIR	0.550980765249536	0.008080785381539193	0.018117707823586553	0.3781989667836044	0.044621774761733964
DLBCL10874	0.012535676883457778	0.60399715817003	0.07441413130716462	0.11158978536765085	0.19746324827169676
DLBCL_RICOVER_111	0.2992545152881149	0.030536619234942896	0.13896002703636443	0.15796832793859825	0.3732805105019795
DLBCL_MAYO_DLBCL_3653	0.6550395477730009	0.07921569661514742	0.04966131886421123	0.0870102928808405	0.12907314386679997
DLBCL10997	0.7809325127027026	0.022882158249297232	0.016851793809606583	0.14909352468174752	0.03024001055664612
DLBCL_RICOVER_787	0.11256365752446124	0.6924499892891983	0.07152176521534764	0.1189223713659958	0.00454221660499691
DLBCL11491	0.05200781359509507	0.009134279515923728	0.06121376324694693	0.39912364183198573	0.4785205018100484
DLBCL_RICOVER_440	0.006513839994450048	0.323028267405255	0.6086271423529755	0.02290872107077209	0.038922029176547274
DLBCL_RICOVER_1046	0.007158869129413506	0.5416417989420707	0.3411850779385995	0.015917579422753462	0.09409667456716281
DLBCL10833	0.19034532176267838	0.011908117085344432	0.016562528927207314	0.14772765909228944	0.6334563731324805
DLBCL10491	0.07339712289414252	0.22024125498537966	0.09550892647607047	0.6055650962456715	0.0052875993987359605
DLBCL11661	0.045557963439685184	0.7943098673453086	0.039717412384801185	0.11587727690714299	0.004537479923062101
DLBCL10986	0.706327078601873	0.04293794369968177	0.06848759521928678	0.10961781146019858	0.07262957101895985
DLBCL10915	0.07275589347916729	0.35114495765441467	0.026372635260909834	0.03307545508548927	0.5166510585200189
DLBCL10866	0.032655344425212215	0.008952937539683781	0.0473016793728147	0.4093157751005394	0.5017742635617499
DLBCL11534	0.11027749344284393	0.05826310242088928	0.6564557366488701	0.10090621513765291	0.07409745234974374
DLBCL10914	0.7212707891009759	0.061362931986661824	0.08181029566495318	0.053751384233999354	0.08180459901340975
DLBCL_RICOVER_711	0.13931787222531689	0.25042454509794304	0.031621783241040424	0.5672575775711189	0.011378221864580741
DLBCL11652	0.6902772119860292	0.13064901495596895	0.02807691396868329	0.02790157049492048	0.12309528859439815
DLBCL11479	0.038060228969591804	0.7423710581296012	0.08409520390707992	0.025725124665712265	0.10974838432801477
DLBCL_LS1921	0.01761474907821171	0.7362927680769821	0.10819058941889538	0.12891934902959573	0.0089825443963151
DLBCL10981	0.02239584179609229	0.903517242335869	0.013273787114730755	0.050868339851207804	0.009944788902100073
DLBCL10858	0.06716403476368739	0.005729201534153397	0.028752384234611388	0.3609575512004836	0.5373968282670641
DLBCL_MC_F500_ECU	0.020569904881275886	0.8418990122945619	0.0331665515003948	0.014990140700877303	0.08937439062289011
DFCIDL004_DT	0.6368512195159539	0.007862904618944937	0.021362273228443373	0.13242456696580693	0.2014990356708508
DLBCL11476	0.06479380314250133	0.06605172411854844	0.010144886680143335	0.021796921935677418	0.8372126641231296
DLBCL_RICOVER_950	0.09787366864366634	0.01159105693640958	0.09552116941421822	0.7830551521524601	0.011958952853245686
DLBCL11429	0.6588060512690374	0.0030740745176931743	0.048248523118129244	0.21314653009398063	0.07672482100115968
DLBCL_LS1304	0.014394500154307164	0.04831681903518777	0.7628969610604567	0.02516699440833973	0.14922472534170872
DLBCL10536	0.010799280167962897	0.06881128444876977	0.8134014988957857	0.08537753005305511	0.02161040643442649
DLBCL10950	0.8384893300380708	0.05926573902531707	0.016962352221906465	0.06756502939416106	0.017717549320544566
DLBCL_LS1395	0.011319305539915874	0.09168863596958413	0.8592436273298562	0.013512770140785117	0.02423566101985875
DLBCL10868	0.06716939945096366	0.011063144036088988	0.01249131035433085	0.6186314009882705	0.29064474517034605
DLBCL10846	0.051906213765971924	0.8835452804920084	0.013796065147695179	0.026029954654831104	0.02472248593949334
DLBCL10521	0.01983561660697604	0.1176363546244696	0.009777030784138122	0.007185038710120598	0.8455659592742957
DLBCL_LS2325	0.010769532271547769	0.6730770823262525	0.272025771838332	0.023012159153504356	0.02111545441036337
DLBCL10867	0.010480670437683606	0.7575528617875069	0.028864045839797587	0.012182794418075486	0.19091962751693636
DLBCL10494	0.015983330708915958	0.8697368225032659	0.08055716121524348	0.0274053856287611	0.0063172999438135995
DLBCL10529	0.006923840902989637	0.2146184129132543	0.03309730883096939	0.031422617537752245	0.7139378198150345
DLBCL11520	0.8854342446675876	0.00910594629812902	0.006605701645011868	0.02218102129378529	0.07667308609548623
DLBCL_RICOVER_478	0.037513412042672854	0.8246022234288641	0.03280086396076073	0.00762522131673184	0.09745827925097048
DLBCL11481	0.8408098496223992	0.01048853699953944	0.055608982424393605	0.07837850640292156	0.014714124550746135
DLBCL_RICOVER_1287	0.024642448858567877	0.0854745385252876	0.025043047429738546	0.03351860158063125	0.8313213636057747
DLBCL10835	0.010355263089194634	0.097423764425642	0.00810753184038714	0.033802365059393706	0.8503110755853825
DLBCL11565	0.0048288238070959034	0.8557106552698942	0.024082191813493106	0.07461740630006138	0.04076092280945537
DLBCL10879	0.005714761841277778	0.010961990255658732	0.9265064344434724	0.027649418563618206	0.02916739489597288
DLBCL10945	0.8660187102550917	0.016733361060359025	0.003980777982777058	0.04067708613247971	0.0725900645692925
DLBCL10894	0.0203334605392499	0.9497080343341554	0.006891849583615709	0.019150641528201246	0.003916014014777743
DLBCL_MC_F815_BAT	0.005523381117965227	0.01978195452793496	0.932508017690032	0.03436457485888553	0.00782207180518234
DLBCL_MC_F606_DMJ	0.007032532977109926	0.04141087192488722	0.9244466111485832	0.012650527345911116	0.014459456603508515
DLBCL11672	0.008967776645803695	0.012159595042871622	0.9096481976828709	0.048997135631074065	0.020227294997379713
DLBCL11662	0.8732133278332381	0.008599192302509155	0.00814144516276689	0.06737671780390803	0.0426693168975778
DLBCL10847	0.014830745928344189	0.03295141129319417	0.011398506257443	0.004627255116871096	0.9361920814041476
DLBC_FF_8046_TP_NB	0.016550385270457872	0.014584740952113748	0.9314266633720891	0.020672612112835238	0.01676559829250404
DLBCL10456	0.030849833293409817	0.0078108144988459915	0.021268244828578708	0.9242928995861058	0.015778207793059648
DLBC_FF_A7CQ_TP_NB	0.028969683105376665	0.013403035188819254	0.005095658921059676	0.050041600268944046	0.9024900225158003
DLBCL11558	0.003830432117939186	0.009438671941367917	0.9556024170965971	0.023572084618195634	0.007556394225900218
DLBCL10466	0.0039615038040862385	0.024440290370336834	0.9339605976062257	0.029772275544786807	0.007865332674564398
DLBCL10878	0.050987298795608725	0.020884626049850828	0.022534540784373985	0.022180379450877714	0.8834131549192887
DLBCL11537	0.9017318313210554	0.004822045272549058	0.008511017609826949	0.03359462262369732	0.05134048317287134
DLBCL10544	0.029004150792515393	0.004116084008549572	0.019817553487010253	0.8812895907960051	0.06577262091591961
DLBCL_C_D_1129_NULLPAIR	0.8705414939539193	0.01712024227081522	0.06456757254611119	0.02801989621185704	0.019750795017297235
DLBCL11459	0.029843528196959977	0.005168816483106233	0.021677750817662957	0.9277719015345984	0.01553800296767242
DLBCL_RICOVER_985	0.023583221625106014	0.012881931685721291	0.021557560488337294	0.9299992345758034	0.011978051625032007
DLBCL10461	0.0028118371389957565	0.9513398776245958	0.010047410980163863	0.004931217814193875	0.03086965644205067
DLBCL10887	0.005107323450122242	0.010083129763432433	0.02713160008818428	0.010058914245816198	0.9476190324524448
DLBCL_LS297	0.005938514758506383	0.005581261777263018	0.9665624285625488	0.01629041742650875	0.005627377475173054
DLBCL_C_D_1108_NULLPAIR	0.004774445486831214	0.9522259203455402	0.006596012260511054	0.004865357382873286	0.031538264524244235
DLBCL11564	0.021912877899658855	0.006796750457969863	0.013195033398547164	0.9404280827459515	0.017667255497872614
DLBCL11507	0.03270881812384912	0.9133197680302347	0.038759675115178235	0.011593689215857288	0.003618049514880625
DLBCL10547	0.025729107128063002	0.0060323480317954585	0.022000707460957968	0.9295110069540585	0.01672683042512501
DLBCL_LS3749	0.00639000599564011	0.9692725541999956	0.00877449205195438	0.012892331720287548	0.0026706160321223926
DLBCL10555	0.012155018150116497	0.015201424715376026	0.9555903963407586	0.011364681304007291	0.005688479489741617
DLBCL_LS3200	0.005714125691181259	0.06020025001119757	0.007208821397858946	0.014473180850819228	0.912403622048943
DLBCL_DFCI_DLBCL_GOE16	0.004239913119624502	0.005251980866814855	0.9752335442787623	0.010170541339731339	0.005104020395067006
DLBCL_MC_F729_MAN	0.0067302213029654355	0.9710186768641033	0.012056844539605103	0.0056346216239651185	0.00455963566936105
DLBCL11680	0.008343879439234257	0.008357210567753376	0.96610105756966	0.013953354639912085	0.0032444977834402366
DLBCL10983	0.0029129730244775204	0.964945318403623	0.0069869844030116665	0.004435019818670892	0.020719704350216916
DLBCL11685	0.00433224365382093	0.006141875810593256	0.9757587588415484	0.007898039555258043	0.005869082138779329
DLBCL11428	0.003725724987087744	0.005589547040909044	0.9784842854302789	0.008891689413364823	0.003308753128359549
DLBCL10853	0.013488756544293606	0.009092494391682847	0.0025708199562446037	0.010908141792964152	0.9639397873148148
DLBCL10912	0.9499166509557785	0.007549406046258499	0.009848904152934934	0.026427469176663703	0.006257569668364414
DLBCL_RICOVER_829	0.924349273848743	0.017052824141852913	0.003321200958173359	0.02419589470544295	0.031080806345787824
DLBCL11539	0.9450681253220303	0.0036357808368113523	0.008565080988471224	0.03649314698895107	0.006237865863736024
DLBCL_MC_F089_HCZ	0.002319629495034232	0.9808710732839729	0.005557010115203969	0.0067576184046472115	0.004494668701141683
DLBCL10836	0.01492163230144471	0.0022872134059651614	0.009967697834619581	0.015771397852162507	0.957052058605808
DLBCL10515	0.9436269702609582	0.012107868023824863	0.004956324456369513	0.028285382845311124	0.01102345441353627
DLBCL_LS1065	0.008348480246874795	0.9741870809752017	0.004133141764157336	0.004614447937345618	0.00871684907642053
DLBCL11461	0.9650518613421225	0.003283568507641804	0.004831924087528233	0.0222414745463241	0.0045911715163833655
DLBCL10911	0.005135513357763587	0.9832203604891111	0.0046147824141782486	0.002157805492637539	0.004871538246309494
DLBCL_C_D_1163_NULLPAIR	0.005141834256863278	0.0031119874967550087	0.004871711709860738	0.020844875956272935	0.9660295905802481
DLBCL10510	0.003634429170627477	0.9871971244708171	0.00237925860866336	0.0022712345931968705	0.004517953156695221
DLBCL10900	0.014411748623392423	0.0022508545335174794	0.005979567431023733	0.019919473029533088	0.9574383563825333
DLBCL11203	0.0023509101510797003	0.9854764919735769	0.002710388387501362	0.0052003940597967185	0.004261815428045278
DLBCL_C_D_1114_NULLPAIR	0.9680405089197603	0.008167491290038147	0.0032107502619324454	0.010468908990120375	0.010112340538148652
DLBCL_C_D_1130_NULLPAIR	0.9673759255083008	0.00629682169978696	0.0027889902572374413	0.017330419946413232	0.006207842588261645
DLBCL_MC_F519_ALT	0.006315289359677384	0.0059948288091589055	0.0022743939901274947	0.005500937948991846	0.9799145498920444
DLBCL_C_D_1136_NULLPAIR	0.0007156592358518082	0.9961671871379967	0.0009018539633171001	0.000958751659698851	0.0012565480031355662
DLBCL10992	0.0028521544609766388	0.0014395085281154233	0.003087823116698653	0.005586532655835183	0.987033981238374
DLBCL_RICOVER_449	0.003088195072585542	0.0019682632381594067	0.0013790846914229487	0.0034883615037148547	0.9900760954941172
DLBCL_RICOVER_417	0.0011395531858383464	0.001296101561532795	0.0008512063326976188	0.001288320785234034	0.9954248181346972
DLBCL10550	0.0009198504949879665	0.001203659358941775	0.0010647955005724718	0.0011720440282525489	0.9956396506172452
DLBCL10936	0.1984033636860242	0.1761591954815469	0.2494472792060833	0.10729323724460546	0.26869692438174014
DLBCL_RICOVER_910	0.23354298880380833	0.1454827079207907	0.24921213192214453	0.23978990847360887	0.13197226287964745
DLBCL10994	0.2864406899065154	0.44579240154667055	0.037764085592955375	0.04988565571885548	0.1801171672350033
DLBCL10856	0.11507131688571408	0.1511183248758595	0.15893965697442883	0.029853977515864376	0.5450167237481333
DLBCL10495	0.6281209657906754	0.29995784530835184	0.015713334396831632	0.019824741883632598	0.03638311262050843
DLBCL11478	0.48207263516029986	0.3091343220065531	0.11857055935233743	0.08458098089693603	0.005641502583873515
DLBCL11488	0.41392141388519743	0.013034187704106618	0.012134030999685545	0.06407393239732286	0.4968364350136877
DLBCL11436	0.12073392719672088	0.5125215384718126	0.07863373994320551	0.15149505850551204	0.1366157358827489
DLBCL10974	0.10915806988203026	0.006521895374193501	0.07597007637902432	0.5329635324172559	0.27538642594749607
DLBCL11566	0.021985661091063816	0.21130614738469752	0.708099780492779	0.05107208404397041	0.00753632698748925
DLBCL_RICOVER_467	0.010793907556957508	0.537680600298053	0.018753741475109303	0.009344646750833227	0.4234271039190469
DLBCL10910	0.05490586126743056	0.425081358427603	0.3797465044161578	0.04638475828031125	0.09388151760849747
DLBCL_RICOVER_1278	0.024839701441395655	0.020012664369906116	0.012175666301272215	0.24827467260886038	0.6946972952785656
DLBCL11671	0.7628520630236927	0.022275247951248908	0.021935726741216854	0.1817066561755038	0.011230306108337711
DLBCL11515	0.03133406986904964	0.40242500769277	0.3012713400181671	0.02090284953587132	0.244066732884142
DLBC_FF_8042_TP_NB	0.004410958660054496	0.0962968204305124	0.32135973631005194	0.09260589247852448	0.4853265921208569
DLBCL_LS2208	0.022672464372599278	0.14523025078631005	0.20279616028362782	0.04785284951024033	0.5814482750472225
DLBCL10549	0.04989831461444716	0.590461273388461	0.29166309472435903	0.06249882120129285	0.005478496071440014
DLBCL10883	0.1404194913512758	0.008123569232755406	0.07970558372961405	0.024436725758679625	0.7473146299276752
DLBCL10844	0.6243468183268237	0.03659128662992973	0.035379612706395315	0.05318204428531912	0.25050023805153215
DLBCL_LS762	0.02372785849369553	0.034857080010168934	0.4908634550015334	0.09079553382135921	0.3597560726732429
DLBCL10909	0.07485255272534692	0.01473741696234271	0.06431284514674743	0.3034626464517941	0.5426345387137689
DLBCL_DFCI_DLBCL_GOE05	0.008811622959752387	0.199395192785167	0.028758898127185562	0.012659562181470711	0.7503747239464243
DLBCL10921	0.013562736876289434	0.2225558154223369	0.016614471825474066	0.01608385096226677	0.7311831249136329
DLBCL_RICOVER_314	0.011111843789006086	0.6148589898558177	0.09929513634758994	0.12879798058695105	0.1459360494206352
DLBCL10895	0.023353149954903875	0.19054385510434596	0.0361860241602144	0.013747697990030268	0.7361692727905055
DLBCL10565	0.04591043175475544	0.04547918847825111	0.6055040677929533	0.23597089703946125	0.06713541493457895
DLBCL11528	0.10258984399987167	0.26094767137026903	0.5443427703116098	0.07821772856633455	0.013901985751914953
DLBCL11202	0.160728880234199	0.09120331985834115	0.59215202865666	0.15120652140111332	0.004709249849686524
DLBCL11536	0.015224202193731667	0.7371673037496025	0.061068773052918524	0.16779386932578136	0.01874585167796602
DLBCL10553	0.027520277043676194	0.023627022644110013	0.14506332816738418	0.7932152593734926	0.010574112771337017
DLBCL11470	0.6147915914299202	0.004353133456727309	0.01720691099431263	0.3179539381554763	0.045694425963563566
DLBCL10962	0.039945163896771066	0.6673120202935017	0.01993735251659116	0.017759640183210038	0.2550458231099261
DLBCL11590	0.06495008570113107	0.01876329129750513	0.7229367836669778	0.09405219429840352	0.09929764503598253
DLBCL_RICOVER_274	0.01923605837694162	0.0516234301367237	0.03322877771873969	0.7350809320503658	0.16083080171722913
DLBCL11195	0.007801245271162928	0.18339686922104206	0.022594138526445463	0.01777045037741857	0.768437296603931
DLBCL_LS3499	0.07396919976883497	0.11949162477095457	0.07662366747073238	0.7045349585669205	0.025380549422557592
DLBCL_C_D_1117_NULLPAIR	0.1394767823579491	0.1836502247155921	0.02372928329766316	0.6387410980909087	0.014402611537886937
DLBCL_C_D_1144_NULLPAIR	0.07338850416418509	0.16453519296323338	0.012074419291708145	0.018006073379361377	0.731995810201512
DLBCL_LS4054	0.05852638274174569	0.772390481410723	0.06654144541851836	0.04018157629821049	0.06236011413080244
DLBCL10862	0.013134029511939503	0.04921146223615515	0.01791303660324108	0.005049282622792456	0.9146921890258718
DLBCL11658	0.03866050324110362	0.006842604645804165	0.031025385809874146	0.7946323729228879	0.12883913338033018
DLBCL11673	0.05003833341404931	0.7340277905491174	0.1299528411896883	0.055024748447878705	0.030956286399266328
DLBCL10993	0.8678938454243815	0.006253644927806448	0.016340885152627632	0.05019634205931986	0.059315282435864564
DLBCL_LS2245	0.09234858631962098	0.29997509306493886	0.5641049956514658	0.025785670092351453	0.01778565487162289
DLBCL10452	0.01786365350189365	0.7479535176892614	0.07807742313408085	0.011567641735663464	0.14453776393910064
DLBCL10782	0.3497934492101812	0.11158787582956517	0.011051172215381084	0.5073347364397912	0.0202327663050814
DLBCL11437	0.3021940283081423	0.007814803572485396	0.020704505754752456	0.6044800021370232	0.06480666022759658
DLBCL10503	0.055719499972266794	0.15997799685304775	0.5817426808237608	0.02507460305488776	0.1774852192960369
DLBCL_C_D_1156_NULLPAIR	0.8819280264949787	0.024904710778805215	0.01775293474583516	0.0542127551500249	0.021201572830356032
DLBCL_RICOVER_408	0.03576995757249878	0.87536311158806	0.05371643172719794	0.02970969933625053	0.005440799775992728
DLBCL10517	0.008856535989024082	0.8243946855930213	0.12583255985230757	0.015592337169778248	0.025323881395868705
DLBCL11430	0.6760389862906875	0.017241032102032813	0.0908651774600514	0.20894000396603143	0.006914800181196833
DLBCL10552	0.14950023131892695	0.026886514631324875	0.06034960221126091	0.7585600778369626	0.004703574001524653
DLBCL10935	0.7585714102247315	0.17464671411114413	0.01146225825835856	0.03054987296100917	0.024769744444756554
DLBCL11204	0.1286746496081083	0.715513401858491	0.07702956907670101	0.011326644624744068	0.06745573483195562
DLBCL_C_D_1118_NULLPAIR	0.289205148249607	0.6286640573749648	0.01068916192375017	0.05189698055679406	0.01954465189488393
DLBCL10885	0.034838211130744666	0.8816415831849147	0.007602695474407814	0.010964092000658576	0.06495341820927425
DLBCL_LS4616	0.006783157076110838	0.11884058101671606	0.8258653377395739	0.034702172925726964	0.013808751241872218
DLBCL11519	0.1513094289072414	0.020247226339256394	0.02524385590358631	0.7940523971390601	0.009147091710855901
DLBCL_RICOVER_1018	0.03581412506205662	0.15098425106498467	0.01652955505074203	0.7604236648613272	0.03624840396088952
DLBCL_C_D_1125_NULLPAIR	0.002247652076871031	0.012424390489509031	0.0037900068976996484	0.0046074248538836935	0.9769305256820366
DLBCL10927	0.17500299727850988	0.009101087784148695	0.03464169949678459	0.7648312753354125	0.016422940105144394
DLBCL11353	0.004953897562512429	0.04529389491165901	0.034402662175807355	0.007143838367760099	0.9082057069822611
DLBCL_LS2599	0.022268941098630368	0.02155531133465333	0.8908961884443549	0.06008269216924097	0.005196866953120362
DLBCL10871	0.03485441644663097	0.8521666898691227	0.0190456725684758	0.022802240700907434	0.0711309804148631
DLBCL10512	0.024179646479095422	0.11205899513934803	0.7816738337426726	0.033664903758271324	0.048422620880612624
DLBCL11496	0.8375128131496794	0.007903601538926514	0.052594965810575156	0.050151569368866576	0.0518370501319523
DLBCL10472	0.04015447143455645	0.011864245616710425	0.8733702757530567	0.06275945967253548	0.011851547523140956
DLBCL10931	0.9298117929779265	0.00506053079479516	0.005144265739847243	0.03976870319938687	0.020214707288044285
DLBCL11500	0.008759068396828313	0.005200711194863176	0.01521312782119493	0.005743330008342956	0.9650837625787706
DLBCL_RICOVER_221	0.00903235766685189	0.019433261516472282	0.015008110611466539	0.010935036521202085	0.9455912336840072
DLBCL10781	0.013889794322771229	0.017474661350869444	0.0181004450567705	0.023403791005524734	0.9271313082640641
DLBCL_RICOVER_977	0.9395565882218169	0.003027235370549661	0.006199363975819611	0.029238201143773304	0.02197861128804059
DLBCL10884	0.9497318292662253	0.009546875161655076	0.0048970740126431074	0.02901285912879915	0.006811362430677368
DLBCL11576	0.09101194472320445	0.022658964283227424	0.09750156346590826	0.7731499466001038	0.01567758092755606
DLBCL_RICOVER_1248	0.02126381871531839	0.027176672853404978	0.0033548878455669294	0.006655905445259534	0.9415487151404501
DLBCL_RICOVER_945	0.8783269368185991	0.0376809191542562	0.017877801992680586	0.046307749332586634	0.019806592701877533
DLBCL11450	0.01035857720329813	0.028024985282854	0.009529227859993489	0.03422195205265276	0.9178652576012016
DLBCL10564	0.01751067316513567	0.012706452885202394	0.01964062669208222	0.9275930285780627	0.02254921867951697
DLBCL_LS3245	0.0033810103996558608	0.9049272667215649	0.061504046348229924	0.013938981467773046	0.016248695062776312
DLBCL_RICOVER_577	0.013803746611789165	0.013952298922281137	0.9220037880792116	0.03158849597017974	0.018651670416538375
DLBCL_C_D_1128_NULLPAIR	0.9608954538426092	0.008930713250640899	0.003924077158589297	0.01572815916383866	0.010521596584321951
DLBCL_RICOVER_850	0.004889742315540836	0.018488530540906295	0.006138671376874305	0.018464262290969514	0.9520187934757091
DLBCL_RICOVER_978	0.8958986105752855	0.003869533164298709	0.0317544364585517	0.05307001838021051	0.015407401421653508
DLBCL_DFCI_DLBCL_GOE07	0.00985736028413153	0.9421033137730634	0.017012810412783873	0.007195335200765624	0.0238311803292555
DLBCL10535	0.012526089879522487	0.014286754318528275	0.014827169001967512	0.009485597020295536	0.9488743897796862
DLBCL10852	0.026218326877214617	0.009757636588931118	0.0070796733675175015	0.06306377036841337	0.8938805927979234
DLBCL_LS1757	0.9623247936308488	0.012515323448903524	0.004487724808619436	0.012981348905131997	0.007690809206496326
DLBCL_LS2357	0.0220748032533811	0.004511268412780459	0.02660580932214946	0.9285483807168582	0.01825973829483075
DLBCL10530	0.0021892965051261205	0.007637525794083936	0.0023811888059623943	0.0031034523293835773	0.984688536565444
DLBCL10525	0.958738087764874	0.0036415848963660858	0.00881483259764331	0.013397143995040354	0.015408350746076294
DLBCL11656	0.005422886145569164	0.005609867997808519	0.9600648196141748	0.01564302523775945	0.013259401004688053
DLBCL10922	0.012407533807923045	0.9418465627573354	0.022600045970882297	0.004650561210142967	0.01849529625371631
DLBCL10465	0.003349570206056412	0.005970939547395792	0.9727782792133904	0.01279407139900797	0.005107139634149348
DLBCL11670	0.003310871548829086	0.010313519042794832	0.9654063708978528	0.01241356987668064	0.008555668633842658
DLBCL_RICOVER_451	0.9674670058506148	0.004564387290247202	0.004215603608560754	0.01896582888213398	0.004787174368443173
DLBCL_RICOVER_1289	0.006636639779550731	0.0034433802677590946	0.015106118024234486	0.023942321170644678	0.950871540757811
DLBCL11667	0.004628595575355343	0.007871607831427128	0.9727458642692279	0.011144678620204617	0.003609253703784989
DLBCL11456	0.014528313589405826	0.9407097280278306	0.022084041348892525	0.01413889002043587	0.008539027013435152
DLBCL_RICOVER_1106	0.0025529411159579563	0.006543024110158516	0.0030022174982659764	0.007912882535479091	0.9799889347401385
DLBCL_LS2089	0.005423605973478035	0.9382994123699742	0.008637081106322497	0.0037506283180725217	0.04388927223215279
DLBCL10903	0.005117164547955497	0.9731146035231087	0.011399534819846995	0.003065005631777838	0.00730369147731088
DLBCL10880	0.0062486309137197	0.004350084703221468	0.002431476652709704	0.0040173251617293595	0.9829524825686198
DLBCL10890	0.005183251448053095	0.0063975769877189954	0.004984167872193089	0.0059272762467486055	0.9775077274452862
DLBCL10951	0.0013092817361708103	0.0023407555671281464	0.0011502743741092713	0.0018146999863209025	0.9933849883362709
DLBCL10534	0.001245608250126711	0.0017068858919633155	0.0011796267461164711	0.0017658578268363323	0.9941020212849572
DLBCL_RICOVER_533	0.007004259645564563	0.9731428985330054	0.00896519595639263	0.008538481215318514	0.0023491646497188763
DLBC_FF_8043_TP_NB	0.008479689964123054	0.9711316308723832	0.005842095900783696	0.004984430140934406	0.00956215312177564
DLBCL11188	0.0011523969735309308	0.9956631784214076	0.001068024280191698	0.0010082345093770965	0.0011081658154926213
DLBCL_LS146	0.0005909805114939435	0.9978043113416859	0.0005528917585677375	0.0006177893236506701	0.00043402706460177664
DLBCL_LS2154	0.270381636717103	0.30398570249245743	0.13702797785923757	0.14826876622787935	0.14033591670332243
DLBCL11441	0.26279100232062863	0.015123386090314614	0.09291450890413869	0.2593670153197084	0.36980408736520953
DLBCL_RICOVER_1060	0.10793107574009987	0.3621727003789581	0.06282536324826303	0.03437293554870067	0.4326979250839783
DLBCL10902	0.023603093296044205	0.26647011866335657	0.11628451328236147	0.016125434141644912	0.5775168406165929
DLBCL10908	0.13001897233410578	0.17371949600891548	0.3688397350707606	0.061331527755848124	0.26609026883037007
DLBCL11435	0.6062377962358595	0.0071126997947667915	0.01598666456029897	0.2836832326135439	0.08697960679553086
DLBCL10985	0.16272942245226157	0.4501333122370781	0.018915209913494584	0.35204814201651347	0.016173913380652362
DLBCL10482	0.6055153693582714	0.034445733811299055	0.008060451045385202	0.06834487516015704	0.2836335706248872
DLBCL11504	0.5778405071731549	0.06748665587622339	0.05244208489295523	0.12394485376372748	0.17828589829393898
DLBCL_C_D_1105_NULLPAIR	0.48877476134433145	0.401723030864691	0.02056535915238642	0.033832824822928334	0.05510402381566279
DLBCL10969	0.5077377810814879	0.1954188397579715	0.2333716329914824	0.045132151162948025	0.0183395950061102
DLBCL11480	0.337744378061486	0.025816043499733182	0.06023475601859817	0.053801061670210794	0.5224037607499719
DLBCL10451	0.5324133516692668	0.061343966190623586	0.3543977126925798	0.03336436710760276	0.01848060233992693
DLBCL10925	0.07927210336611007	0.21522628714889758	0.012828344889878739	0.21019831425778765	0.48247495033732607
DLBCL_RICOVER_773	0.015969287763063483	0.17197935306179343	0.2306517643528791	0.013666437108406251	0.5677331577138577
DLBCL11472	0.5117390900082347	0.0056212950770907115	0.08054718395321614	0.32521208306319593	0.07688034789826247
DLBCL11003	0.044281878217635004	0.4300622620382174	0.034675012643038725	0.02032996426905985	0.470650882832049
DLBCL10490	0.6055986413463658	0.04670714855241353	0.00966788377743834	0.12693901260642407	0.2110873137173583
DLBCL10934	0.024485812839481754	0.729654064222686	0.017389216294493245	0.1448595101211395	0.08361139652219955
DLBCL10906	0.03477465781271429	0.3657533174715042	0.017515230966654857	0.03097009004072356	0.5509867037084032
DLBCL_RICOVER_299	0.00629217005180556	0.696169467999361	0.24134587253749054	0.012768264838035746	0.043424224573307114
DLBCL10972	0.6064516526741301	0.04228817127945565	0.03836315084030828	0.0583165614362417	0.2545804637698641
DLBCL_LS1668	0.008931796266082691	0.33249523664707215	0.27107988847953873	0.29376813570129323	0.09372494290601331
DLBCL11449	0.04863112419113257	0.5302045120985825	0.019263852997585207	0.056479461341467314	0.3454210493712324
DLBCL_RICOVER_216	0.09878929316456414	0.12135708662609064	0.18236042528105084	0.06416205341368945	0.5333311415146049
DLBCL11681	0.65399626945603	0.003776853405819129	0.09538428344207447	0.1328851323154423	0.11395746138063421
DLBCL_C_D_1109_NULLPAIR	0.19108665460872185	0.013214653263930447	0.01201775918118931	0.5984836895295621	0.18519724341659635
DLBCL_C_D_1112_NULLPAIR	0.020017803551780313	0.0964347788359492	0.7447890177552727	0.10497773592763172	0.033780663929365976
DLBCL_RICOVER_1210	0.01604826264372962	0.7054136038996565	0.15072532308466266	0.1124171103217404	0.01539570005021084
DLBCL11484	0.06305290487811775	0.7218559430565494	0.0837970992014015	0.02581255350940231	0.105481499354529
DLBC_FF_A7CX_TP_NB	0.3645355386178829	0.02691564373134881	0.0417945290286825	0.06300078192616529	0.5037535066959206
DLBCL_RICOVER_522	0.020654985619959664	0.02593275468461053	0.5593018303912447	0.377096228682647	0.017014200621538158
DLBCL11205	0.7844521283672885	0.04622278793409695	0.09134251816299785	0.06921883616348458	0.00876372937213215
DLBCL10957	0.6660192650592073	0.036227924044373166	0.13703699595625332	0.1501234666335365	0.010592348306629668
DLBCL11457	0.7381401630404909	0.0035626726937794985	0.0307172035320743	0.18299491945068422	0.0445850412829711
DLBCL11526	0.10327349593174587	0.038499847263307636	0.7935755738241363	0.058743150226541585	0.005907932754268619
DLBCL11458	0.09347878055506059	0.1490899153688348	0.7002667683122602	0.023571232655716583	0.0335933031081278
DLBCL11433	0.09168084149702543	0.006631570259877223	0.09459999832588317	0.670718620304906	0.13636896961230816
DLBCL_C_D_1119_NULLPAIR	0.21130182163127056	0.7352992885664632	0.02145630313901745	0.020796660730370852	0.01114592593287787
DLBCL10980	0.00887044223079654	0.13532034104400265	0.026980887173767478	0.017975230893391505	0.8108530986580418
DLBCL10965	0.058699521593007654	0.003276860743169569	0.035211197713153404	0.8565526629826988	0.046259756967970536
DLBCL10863	0.049373455177451904	0.0050905326810926	0.03662999232893132	0.4175388437706098	0.49136717604191443
DLBCL11206	0.019932364282481508	0.6698652493818814	0.04693112691332675	0.009965468765124266	0.25330579065718606
DLBCL10539	0.024098434611420045	0.5203334167251865	0.04157608890690441	0.28510334376303187	0.12888871599345722
DLBCL_LS2590	0.03846030298559112	0.008758771271075693	0.030630153003766408	0.3107364999927265	0.6114142727468402
DLBCL_C_D_1126_NULLPAIR	0.04453923782494164	0.8722828083156917	0.023034897052515383	0.007588283610203678	0.052554773196647586
DLBCL11538	0.05581327613944643	0.009194296098575703	0.46155503374287804	0.1957854602516063	0.2776519337674936
DLBCL11460	0.16194325065765855	0.029426532968918718	0.01726742465810903	0.7552595687014451	0.036103223013868674
DLBCL_RICOVER_1165	0.023301693777666832	0.8456753276041246	0.08201861328523548	0.0057279651746173455	0.04327640015835573
DLBCL11474	0.6038554262667899	0.006457927770027554	0.02550200468445082	0.32961139956688384	0.03457324171184795
DLBCL_MC_F218_RAP	0.4880556941138879	0.009654987875473219	0.07707827456726442	0.4102855457311703	0.01492549771220411
DLBCL10780	0.014793034110616787	0.6895507268190768	0.21917990896159495	0.0646247585219334	0.011851571586778015
DLBCL10486	0.19803917684430736	0.14229598221961637	0.043763274979104344	0.046554770746986315	0.5693467952099857
DLBCL_LS1098	0.01869888575100763	0.0142117998834078	0.8546246262135698	0.10449788009878148	0.00796680805323328
DLBCL10954	0.009696981468146187	0.8392596858267583	0.026694392731709256	0.02049153446961779	0.10385740550376846
DLBCL10930	0.12781219390064097	0.018156870907256335	0.006267684634178999	0.024816038628402357	0.8229472119295214
DLBCL10968	0.8508699893611174	0.004334390001235888	0.011651301922800153	0.09341838349772996	0.03972593521711671
DLBCL10999	0.004145154008984735	0.011310890431648462	0.03333466844352259	0.0411838226343523	0.9100254644814919
DLBCL10532	0.010531617646964904	0.011777043518994812	0.03779863151807962	0.037321477916274104	0.9025712293996866
DLBCL_C_D_1133_NULLPAIR	0.007075805983957561	0.034699845943582996	0.9010651211604859	0.020522490244929515	0.03663673666704408
DLBCL11447	0.038297733484697116	0.007437949305778909	0.022923840219273205	0.710582117944163	0.22075835904608773
DLBC_FF_8062_TP_NB	0.0543448344554226	0.006326699344201028	0.05856469726434688	0.8602948783874514	0.020468890548578006
DLBCL11527	0.024077387016649004	0.009312039364825758	0.07816811212527766	0.8498868559199397	0.03855560557330787
DLBCL10483	0.004063858241753815	0.9131717175245667	0.05170128067837791	0.005560060329478981	0.02550308322582252
DLBCL_RICOVER_720	0.024300785635315472	0.14918963830884555	0.012129437578597631	0.008000507596638886	0.8063796308806025
DLBCL10523	0.022791638706000563	0.011344369257187957	0.8705544085608329	0.08760328616273942	0.007706297313239144
DLBCL_LS155	0.012244581252811715	0.009456314586723358	0.8907977004396822	0.07721591499754667	0.010285488723236055
DLBCL11002	0.09791586479692675	0.013462045961780425	0.03772060972627386	0.841486299677443	0.009415179837575872
DLBCL11512	0.8802783781020871	0.04608448387452779	0.01829646579244565	0.051917476832413774	0.003423195398525716
DLBCL_MC_F307_JPS	0.8618487716996475	0.03562603313005004	0.02679561896928554	0.04350048322012085	0.03222909298089612
DLBCL_C_D_1113_NULLPAIR	0.020046492662128754	0.02824559298820657	0.910147377548824	0.032513311801220045	0.009047224999620627
DLBCL10857	0.012788569236039559	0.003377135211023677	0.009621099945231002	0.02633940532468891	0.9478737902830169
DLBCL_RICOVER_506	0.010910718072888069	0.1590774003126975	0.009468301691141276	0.015536575521313526	0.8050070044019596
DLBCL11486	0.8262570808159524	0.02776693035863738	0.008583293187609742	0.028222025488294368	0.10917067014950607
DLBCL_RICOVER_496	0.01595040978789998	0.8872331353675807	0.06860954962975732	0.018489002904625833	0.00971790231013604
DLBCL10898	0.032377371454424125	0.18478195447168155	0.00918532183509511	0.013049629434346637	0.7606057228044526
DLBCL_RICOVER_701	0.06593477894679586	0.007726723697619412	0.015466180949006645	0.893025238963893	0.017847077442685072
DLBCL_C_D_1141_NULLPAIR	0.0045608479331136825	0.017785440723844304	0.947232888787974	0.013951149012362486	0.016469673542705607
DLBCL10502	0.009028820501111454	0.9372193525949678	0.035423696569989664	0.01270136482508531	0.0056267655088458116
DLBCL10498	0.00883142645519648	0.015486218820343655	0.9426131171104157	0.029661137531064734	0.0034081000829793593
DLBCL10963	0.01520212285699362	0.02031990516506238	0.004104484361076638	0.021831132689153772	0.9385423549277135
DLBCL_MC_F064AB	0.011144510828594448	0.00914631282416042	0.9135288469886208	0.05235100348683131	0.013829325871792971
DLBCL11675	0.010255874372435374	0.006438619223173581	0.8916625270402794	0.04912687386144904	0.04251610550266267
DLBCL_RICOVER_473	0.9493310757600432	0.011049930820772168	0.006026945527194895	0.018483469116351722	0.015108578775638103
DLBCL_MC_F139_LJF	0.03756175972863917	0.006416003803470389	0.032319668901690524	0.9145203024915328	0.009182265074667111
DLBCL10460	0.010851510941376707	0.9607187898283858	0.017851771896972804	0.004514833419347362	0.00606309391391738
DLBCL_RICOVER_956	0.007638245326163456	0.04921752675591837	0.016118072385615693	0.025696320889614307	0.9013298346426882
DLBCL_RICOVER_1061	0.03719533347207095	0.004248557688172104	0.018332528201830244	0.9276002821281669	0.012623298509759818
DLBCL_LS378	0.9577528994936385	0.012589519981376317	0.011862900739407066	0.01157985204254923	0.006214827743028926
DLBCL_MC_F262_WLC	0.9676706395093476	0.005696348202385847	0.003851241030687411	0.01814072628506597	0.0046410449725131685
DLBCL_RICOVER_744	0.009241286397885391	0.007975744438745005	0.9671238492309541	0.01116852216191591	0.004490597770499576
DLBCL11666	0.003245140933344145	0.006903642492751516	0.9781952735826424	0.007845737096414045	0.0038102058948479003
DLBCL10459	0.0030808589147648035	0.007570138044953561	0.9714254304740544	0.011532728461101979	0.006390844105125229
DLBCL_MC_F349_BJJ	0.004047049757522249	0.007026831701162087	0.9698717118224133	0.01095196121858024	0.008102445500322112
DLBCL10458	0.977325566760658	0.004914273873770161	0.005148549623912251	0.009963703846861858	0.0026479058947977275
DLBCL_C_D_1131_NULLPAIR	0.007526696867354206	0.9552278215770512	0.011731229531527786	0.0033684384535428123	0.022145813570523993
DLBCL10860	0.002763060100341085	0.005859230980448363	0.011121116941507511	0.012903115487784304	0.9673534764899188
DLBCL_RICOVER_1192	0.0013905432247887717	0.0037736039389728096	0.0014974241858937498	0.0020680659266058064	0.9912703627237388
DLBCL_RICOVER_712	0.005345609312274308	0.018099169199332566	0.007630650051900598	0.01432182916303883	0.9546027422734537
DLBCL10990	0.0038623685486707964	0.01154783625406039	0.003977833900829138	0.004411783861864189	0.9762001774345755
DLBCL_RICOVER_1032	0.003981967347214941	0.026090056581942602	0.005490803907511692	0.007647782483817499	0.9567893896795132
DLBCL10977	0.004243737803171132	0.0032791150215720007	0.00733916708722751	0.0043794087497237575	0.9807585713383056
DLBCL11000	0.0008317495806810796	0.0015392003722190161	0.001078299410456355	0.0017391451619599085	0.9948116054746836
DLBCL10842	0.0021575329935912923	0.0027440256345149685	0.00337042092079879	0.0047548210858319555	0.986973199365263
DLBCL10889	0.0021332669626078753	0.002065233013655188	0.0034992628423170646	0.002970092909746718	0.9893321442716732
DLBCL10834	0.003030316062082308	0.9931098465915249	0.0015312159975995067	0.0012186419097920099	0.0011099794390012742
DLBCL10901	0.00922598111017104	0.010564916078125963	0.004788304555951047	0.0066389580218712795	0.9687818402338807
DLBCL10850	0.005280488555405529	0.987040834096617	0.0027217084799321728	0.001288044840433567	0.003668924027611718
DLBCL_RICOVER_174	0.0009474224618950781	0.9969375840232853	0.0010164974425352	0.00060861608246625	0.0004898799898181979
DLBCL_RICOVER_253	0.0	1.0	0.0	0.0	0.0
DLBCL11683	0.32861897440349563	0.07105308545943981	0.2551665212034871	0.2357029100031864	0.10945850893039094
DLBCL11483	0.18669913512069108	0.20432916591182604	0.2271594168424977	0.09951418073658784	0.2822981013883973
DLBCL11467	0.15366053843590205	0.09281736525228101	0.2592033430035182	0.1544519165701976	0.3398668367381011
DLBCL11455	0.45530605923150386	0.06960173219529137	0.1642866960903817	0.26408045887451786	0.04672505360830516
DLBCL11473	0.7249971001210809	0.114344784425422	0.020615079841734513	0.12635961030380638	0.013683425307956248
DLBCL_MC_F927_JHS	0.1460296436661522	0.18115540620735482	0.16667248058480655	0.07645556913467605	0.42968690040701046
DLBCL10971	0.055012170344522125	0.5280173509850085	0.05944170296847123	0.06967904872985907	0.28784972697213906
DLBCL11501	0.4534029989217279	0.2898010032048537	0.04908115291320242	0.027070094271716347	0.1806447506884996
DLBCL11657	0.14443358589032657	0.2394804884385676	0.2962905077639185	0.26135735745394995	0.05843806045323723
DLBCL10450	0.47862026380935696	0.20191917647732346	0.006779044975514238	0.1339460396716085	0.17873547506619678
DLBC_FF_A7CW_TP_NB	0.010052014334814714	0.11286063485328832	0.13742248334542095	0.2826618576541488	0.4570030098123272
DLBCL11664	0.35195763091421206	0.4941021548489109	0.05083831515253602	0.09823269391786281	0.004869205166478259
DLBCL_RICOVER_320	0.1548817437514842	0.1347995323025181	0.5590007977877699	0.10166778059573361	0.04965014556249415
DLBCL10501	0.007662935585243441	0.5514125158671408	0.39246283491319794	0.025448806369499942	0.02301290726491793
DLBCL_RICOVER_1329	0.027716268753817826	0.4139609036033927	0.03634413486052472	0.011373252516945093	0.5106054402653196
DLBCL11208	0.14632012071481215	0.6008571107137298	0.11086793214258961	0.06999577411388648	0.07195906231498192
DLBCL10454	0.2007997463714034	0.5748130849523254	0.02088795197032948	0.04008889833869003	0.16341031836725167
