	0	1	2	3	4
DLBCL10915	0.05616066859047821	0.15205956781096158	0.05496564164603651	0.3372448326669506	0.3995692892855732
DFCIDL004_DT	0.21873949972514994	0.01247063172874623	0.027107213520882335	0.1422727359831214	0.5994099190421001
DLBCL_BWH_DLBCL64	0.2084658146268581	0.2142514009799067	0.05625169437486334	0.5029881064282364	0.018042983590135415
DLBCL10868	0.07503120387583516	0.019618611170160356	0.028259870902876554	0.7334238729302769	0.14366644112085106
DLBCL10867	0.03016601902259476	0.6856440145330077	0.02162661181274737	0.03750448000235507	0.22505887462929508
DLBCL10491	0.06203386043460007	0.2724924962449507	0.10314510613964943	0.5417051524181341	0.020623384762665672
DLBCL10986	0.6645665291017151	0.047749402270365324	0.1396896976996078	0.10861551445082682	0.03937885647748502
DLBCL_LS2325	0.04210621150207136	0.32655325520587625	0.5876231792929155	0.0261041862868105	0.017613167712326416
DLBCL_C_D_1159_NULLPAIR	0.27930737789327015	0.020237201078042166	0.028765599378815152	0.6495588790517086	0.022130942598163977
DLBCL_RICOVER_711	0.27834865247029567	0.3921707119925573	0.022142483000201777	0.2801292330044937	0.027208919532451546
DLBCL10858	0.041726346982875466	0.014243943861406337	0.030814269296566773	0.2064512284983266	0.7067642113608249
DLBCL11491	0.1582929207456485	0.019443215669948534	0.1041324985465997	0.6227837575517013	0.09534760748610198
DLBCL10878	0.3074502999693834	0.018278831975721638	0.024275870878538327	0.08178484340355403	0.5682101537728027
DLBCL11534	0.04801397588560526	0.03245942197004657	0.4058097775699656	0.18924483984696497	0.3244719847274176
DLBCL_LS1304	0.020804475690187545	0.03251560766384374	0.561359417044031	0.03622655478039287	0.3490939448215448
DLBCL_RICOVER_111	0.09026417403291002	0.033498591351964715	0.30848393946414854	0.07071124669099003	0.4970420484599866
DLBCL_RICOVER_478	0.09146299608524941	0.7716798606345329	0.03083381888561614	0.015752366582126462	0.09027095781247506
DLBCL11431	0.14242216610802588	0.1377535611985047	0.13583660476476528	0.0798539861817031	0.504133681747001
DLBCL_C_D_PAIR13	0.1404702782985532	0.13179989811643403	0.13973423962120107	0.0848021631031589	0.5031934208606529
DLBCL_C_D_1148_NULLPAIR	0.39003930589900615	0.013017843577983744	0.1148824167339708	0.4553794575738278	0.0266809762152115
DLBCL_RICOVER_787	0.241853604294168	0.5089189210309096	0.045169514157315856	0.1751075439053448	0.028950416612261644
DLBCL11652	0.49129891779597634	0.3715641788643018	0.047521346899749524	0.04134260588719606	0.04827295055277636
DLBCL_RICOVER_1045	0.7417756208700943	0.027576260952514867	0.01611252534069197	0.18659662389048312	0.027938968946215784
DLBCL_RICOVER_1046	0.013935457884885382	0.26565250774282706	0.6459238073645366	0.025071914838437483	0.049416312169313435
DLBCL10456	0.03736134235026573	0.015592249547535023	0.05295224031984723	0.8350623955698326	0.05903177221251932
DLBCL10544	0.03758980771838437	0.012997976421616965	0.04494065293414284	0.8072321205972872	0.09723944232856858
DLBCL10846	0.1196063813025055	0.7115823566178954	0.021701828692741777	0.07296112065899138	0.07414831272786591
DLBCL10914	0.794138026748467	0.1082482919873102	0.05028897709989891	0.029520592504829773	0.01780411165949406
DLBCL10513	0.1298593733013588	0.04498196420872951	0.10704604467720782	0.7049310467856785	0.013181571027025352
DLBCL10874	0.07392714699763867	0.3196437392527261	0.03039335185824619	0.1476288081334873	0.4284069537579018
DLBCL11520	0.9079785638030655	0.0071500752985371235	0.010157926531028977	0.02958122798649386	0.04513220638087447
DLBCL10833	0.07134337735922548	0.016987462992084666	0.01377895006305619	0.06120846333393335	0.8366817462517003
DLBCL_RICOVER_985	0.03214085337870457	0.021884322433141198	0.07163734538323631	0.8461791337379462	0.028158345066971704
DLBCL_MAYO_DLBCL_3653	0.7995233022781872	0.021490277251026757	0.025160671314227258	0.07345631179457537	0.08036943736198335
DLBCL10981	0.03042824043753275	0.815721840263873	0.04009481710904265	0.06998354674975762	0.04377155543979404
DLBCL10950	0.9266442362254944	0.008391629854236393	0.012748173079759426	0.03342165471963681	0.01879430612087303
DLBCL10891	0.011478256010631157	0.009229785829987252	0.04621625245430957	0.04889365196343051	0.8841820537416415
DLBCL_RICOVER_950	0.03443078766030127	0.012758279689945527	0.047366676807722	0.8884957442214638	0.01694851162056736
DLBCL10547	0.03775227404369686	0.016927867469317584	0.028640370770288193	0.8913146963920859	0.02536479132461144
DLBCL10536	0.022862836845966943	0.09732451854687031	0.7981467963937023	0.06091113156296222	0.02075471665049814
DLBCL_LS951	0.8463088736191187	0.050390857628988796	0.02873428600141284	0.06522193090350988	0.009344051846969854
DLBCL11459	0.03667564546445743	0.012662305640671731	0.02578537842493863	0.9075337230025705	0.017342947467361695
DLBCL11564	0.03368000727945803	0.012544641394190767	0.02649956643113533	0.9079334973921962	0.019342287503019657
DLBCL11479	0.028141254562190115	0.8605762998421391	0.06144902278866298	0.01531390674039428	0.03451951606661351
DLBCL11429	0.923758444465925	0.005115853888883472	0.011241617283363411	0.04262068568771173	0.017263398674116342
DLBCL10866	0.009762660891541266	0.009207531680429485	0.014772290197822929	0.03777052509841633	0.92848699213179
DLBCL10836	0.010310340276127431	0.0057265303162564	0.012838597519728833	0.020064834308124876	0.9510596975797625
DLBC_FF_8046_TP_NB	0.035072597171587755	0.012731433350219203	0.9033660541167311	0.03258023803104736	0.01624967733041463
DLBCL11537	0.9574739752181841	0.003973540364707055	0.007022619166904773	0.01337579327338277	0.018154071976821343
DLBCL_MC_F606_DMJ	0.01006301258463523	0.06964131015967386	0.8897272026315358	0.01781820134060653	0.012750273283548531
DLBCL_MC_F815_BAT	0.017490688155781732	0.02823111958753007	0.8718550308833369	0.06727317016502611	0.015149991208325133
DLBCL10992	0.0025332104891312847	0.002993165776735977	0.005227997675873342	0.005280426319323448	0.9839651997389359
DLBCL10853	0.004261914933433802	0.003658025291665302	0.004437499618684464	0.006454896449267576	0.9811876637069489
DLBCL10900	0.0064837410544587235	0.0050704675109904404	0.0056610412522721705	0.011548681296396308	0.9712360688858823
DLBC_FF_A7CQ_TP_NB	0.0052492448609943124	0.005400822444405722	0.005467016586342608	0.011714518452524266	0.972168397655733
DLBCL11462	0.9357472230366647	0.00688412696219892	0.014680428436170711	0.015302422136891584	0.02738579942807413
DLBCL10887	0.003443371886167756	0.006138350731566004	0.011246379372472573	0.008186638151623325	0.9709852598581703
DLBCL_LS1395	0.012574954569262683	0.0364990746809306	0.916135648398071	0.012969163136047132	0.021821159215688505
DLBCL_C_D_1108_NULLPAIR	0.0035978031020288182	0.9823194086687437	0.004207716842160134	0.002693888844146114	0.007181182542921236
DLBCL10835	0.014169417117894325	0.08221689608764733	0.014594452410925555	0.05117746158867988	0.837841772794853
DLBCL_C_D_1163_NULLPAIR	0.001904556946356125	0.0030905400435616	0.0030591922009610105	0.005374291627165387	0.9865714191819559
DLBCL_RICOVER_1287	0.008693149599660225	0.042765388630076014	0.014119939674425286	0.015321617142076466	0.919099904953762
DLBCL11672	0.009006523069358036	0.006208714529316025	0.9524168281189569	0.021647573126712925	0.010720361155656062
DLBCL10894	0.08814906287127174	0.8334827804027267	0.015242576620559185	0.044310776675294115	0.018814803430148224
DLBCL10550	0.0012009348413399821	0.0019457764429641196	0.0021646034837668007	0.002132992621675053	0.992555692610254
DLBCL10879	0.00809425129249401	0.010181909111994772	0.9270893981643092	0.029110961436809146	0.02552347999439287
DLBCL_MC_F729_MAN	0.003331504729263701	0.9843722746730303	0.004499469660233434	0.0024389614610282996	0.005357789476444219
DLBCL_LS1921	0.017045455654238928	0.9005387523497959	0.03071632801562269	0.04098371560439969	0.010715748375942778
DLBCL_RICOVER_440	0.010000947117520979	0.9267740403343309	0.04466094793675483	0.006572214621841614	0.011991849989551742
DLBCL_MC_F500_ECU	0.005251526936011994	0.9706330032352545	0.009554400750423122	0.006675225231085353	0.007885843847225085
DLBCL_LS3200	0.008743863674560183	0.051060510477076736	0.01137586228329858	0.009439290765961915	0.9193804727991026
DLBCL10847	0.021460962513805297	0.035624669839734904	0.010270216175976876	0.008231280631993961	0.924412870838489
DLBCL10529	0.0039229419478298815	0.02023147399185579	0.008687042204470993	0.009879465483905543	0.9572790763719378
DLBCL10521	0.010656082070928273	0.07556907025930663	0.011012607252690307	0.012186804437015874	0.890575435980059
DLBCL11481	0.9330069390497666	0.00646403885209045	0.026947008694969847	0.020076377013971407	0.013505636389201625
DLBCL10466	0.005088975060339275	0.016130650423903707	0.9462213527223805	0.023163861314076287	0.009395160479300202
DLBCL10945	0.9587683018066492	0.004361223550770535	0.005404896426795349	0.013632470120498553	0.01783310809528641
DLBCL10494	0.006747914490017247	0.9497906659862817	0.027486767176011846	0.007872565420337718	0.00810208692735153
DLBCL11476	0.004059034990020569	0.006198512945691588	0.003449662661043303	0.004193103572862715	0.9820996858303819
DLBCL11507	0.009045446069296678	0.9568168512837344	0.02044141423877024	0.006114975098873586	0.0075813133093251325
DLBCL10510	0.0056267179540537456	0.9790779455154586	0.0047408902174166405	0.003649327157887471	0.006905119155183537
DLBCL11662	0.9645294162165646	0.004833127165157694	0.004203145673436969	0.017098498669403234	0.009335812275437488
DLBCL10983	0.010043630614727888	0.9623288694036429	0.007395340072149789	0.006237886981651118	0.01399427292782832
DLBCL_RICOVER_829	0.9787154338755326	0.003916281851784729	0.00249543485171796	0.010405917567217145	0.004466931853747566
DLBCL11661	0.010833969054494066	0.9359545820497167	0.023480596800692623	0.022195739651401317	0.0075351124436953
DLBCL_LS297	0.0039055406673831005	0.0038688847021781316	0.9806891606932263	0.008980936906559536	0.0025554770306529
DLBCL11685	0.003084802644991736	0.004043888616187152	0.9770962009443821	0.007631147731540122	0.008143960062898924
DLBCL_RICOVER_449	0.0010561250305231402	0.0015636608232008982	0.0012550272007279494	0.00194425611756455	0.9941809308279834
DLBCL10461	0.001498196805338354	0.9911645214091678	0.0033302821388929518	0.0013748636157502297	0.0026321360308507124
DLBCL_RICOVER_417	0.0012039450975303697	0.002202209328840659	0.0018049512929752575	0.002597158432764614	0.9921917358478891
DLBCL_C_D_1129_NULLPAIR	0.9667334955510033	0.0036757046136186833	0.008085918806208353	0.011313633702677127	0.010191247326492495
DLBCL_MC_F519_ALT	0.000987944658709525	0.001979992006974876	0.001039326766362048	0.0013637749654989168	0.9946289616024546
DLBCL10555	0.013906341087167005	0.011286742976869681	0.9578347848250155	0.012644483937632242	0.0043276471733155915
DLBCL_MC_F089_HCZ	0.0023605965173674895	0.9845401871958085	0.005859405118301576	0.00306471555901855	0.004175095609503928
DLBCL11558	0.004076594386786788	0.004887504501831271	0.9795876990749826	0.00893114486068621	0.0025170571757131884
DLBCL11565	0.002041274641757682	0.9911263059491194	0.002465824481620931	0.00194848345503259	0.0024181114724693203
DLBCL10911	0.00178916590932018	0.9930785057947805	0.0022828278658065513	0.0011766680055447587	0.0016728324245480067
DLBCL11203	0.0031704285280025985	0.9831155105633633	0.00476594869186087	0.004857900051594296	0.004090212165178901
DLBCL_LS1065	0.002973612362261694	0.9887332902365709	0.003404096440980088	0.002268778374045803	0.002620222586141541
DLBCL_C_D_1136_NULLPAIR	0.0006665542290835345	0.9970607280055843	0.0008655115711303652	0.0006163572462515263	0.0007908489479502144
DLBCL_LS3749	0.0033652081667789762	0.9827367814382908	0.0057151905211404045	0.004882748252962652	0.003300071620827154
DLBCL11680	0.007212099367810116	0.005561146788739589	0.9775180161273523	0.006221627198941541	0.0034871105171563653
DLBCL11428	0.0027013459391408293	0.003372083801342418	0.9876264334945556	0.00461667760193632	0.0016834591630248855
DLBCL_DFCI_DLBCL_GOE16	0.001602963480275312	0.0017352552948373648	0.9917706164646118	0.0034572019810739417	0.0014339627792015553
DLBCL11539	0.96615865795868	0.003298521933011652	0.009044852874538746	0.017574249212809714	0.003923718020959924
DLBCL10912	0.9974255732506339	0.00042787395324528853	0.0005413170524996908	0.0012133625549747339	0.00039187318864644107
DLBCL10997	0.9949956480405371	0.0008339153041666829	0.0007737379773360172	0.0022883767709229712	0.0011083219070372051
DLBCL10515	0.9878128649937715	0.0023188644663644283	0.0017516634732534014	0.006139297822635416	0.001977309243975243
DLBCL_C_D_1114_NULLPAIR	0.9936748917683578	0.000914036724128095	0.0010184456012818904	0.003283144603631854	0.0011094813026003769
DLBCL11461	0.9852697064121367	0.0022966700100415455	0.00297632284752024	0.007737138285769162	0.0017201624445322885
DLBCL_C_D_1130_NULLPAIR	0.9989380598043047	0.00018262262724596634	0.0001949878804316793	0.00044222882911320677	0.00024210085890438693
DLBCL10936	0.18453594975888984	0.43210814782510676	0.15061746977155577	0.10985068374805121	0.12288774889639645
DLBCL10503	0.04056327292567991	0.1477897605240964	0.28070065990630433	0.049187830278254546	0.4817584763656648
DLBCL11528	0.2979600201713636	0.35209749887842445	0.2903281679271784	0.032689317688857	0.02692499533417658
DLBCL11202	0.2105994191859155	0.07913591610384858	0.5679243406682397	0.1320529085106377	0.010287415531358573
DLBCL10512	0.021641330550368713	0.24554917563908213	0.3983749758744837	0.044001902401731054	0.2904326155343344
DLBCL_LS3499	0.10590534353386326	0.12633145975528573	0.05589063892861118	0.6772148294396918	0.03465772834254809
DLBCL_RICOVER_1278	0.05683522583190512	0.029845391620141985	0.03243906430421015	0.27926021823912905	0.6016201000046136
DLBC_FF_8042_TP_NB	0.014462589127752534	0.1608166376287104	0.1255656810159495	0.059467362847852305	0.6396877293797353
DLBCL10856	0.033656663865969175	0.058318037706335465	0.2507861800045519	0.03976987892471439	0.617469239498429
DLBCL11436	0.1600406768223145	0.5205553145234055	0.03409766905775505	0.2260241004668443	0.05928223912968055
DLBCL_RICOVER_467	0.019173749156683816	0.6453665895613561	0.03238505826369258	0.014944225271057683	0.28813037774720984
DLBCL11519	0.6316396284258367	0.03136844319554656	0.025792282357953146	0.29736230278616044	0.01383734323450316
DLBCL_RICOVER_978	0.7560078824471039	0.017321556197723863	0.06060946143151896	0.15001354876389483	0.01604755115975842
DLBCL10553	0.03986784564939486	0.03291855969239396	0.3507920994448609	0.530734168228737	0.04568732698461333
DLBCL11590	0.1517759398899824	0.017100274062547764	0.5233487361976088	0.2552749964924393	0.05250005335742179
DLBCL10517	0.012794956000671985	0.6837294628030302	0.24475498880479338	0.029418987875421323	0.029301604516083123
DLBCL10962	0.04409674781166857	0.7419341026308829	0.12252271658975321	0.036684748760898014	0.05476168420679729
DLBCL_RICOVER_1018	0.06965700908789374	0.21797050303982318	0.03395450203294954	0.6297657006933056	0.04865228514602795
DLBCL_DFCI_DLBCL_GOE05	0.012329535572636467	0.5375775187761548	0.10940841666728053	0.022325749186995866	0.31835877979693233
DLBCL11430	0.6756523951726916	0.01846733635097983	0.0517373212298999	0.23785598889951684	0.01628695834691183
DLBCL10974	0.053862981035877645	0.023202563267240964	0.05350048525047402	0.5565094469794747	0.31292452346693267
DLBCL11204	0.2630749567514091	0.595497704984998	0.03530364639335259	0.048778177013609814	0.057345514856630565
DLBCL_RICOVER_274	0.04301641832160353	0.06860425242041232	0.027433636890329474	0.8103407395323091	0.05060495283534561
DLBCL_LS2245	0.060289179177561894	0.7061662946279234	0.1906313884748267	0.021072580143558926	0.021840557576129148
DLBCL11536	0.045432502065568044	0.5048881641153833	0.04241595708556017	0.33895165509773434	0.06831172163575415
DLBCL_RICOVER_910	0.18947448924705437	0.04695666203403013	0.04107473721050974	0.6937482611698063	0.028745850338599496
DLBCL10909	0.06321246877955836	0.01830968526627132	0.060833402262268785	0.7247797499595634	0.13286469373233817
DLBCL10921	0.03397294707891521	0.29959679130566724	0.01840365727055224	0.020109836118205108	0.6279167682266602
DLBCL_C_D_1117_NULLPAIR	0.15817387650554818	0.5477925433608988	0.021367181489832982	0.24362619290302395	0.02904020574069614
DLBCL_RICOVER_314	0.012251011486496424	0.10440889300485821	0.038034939416011514	0.032618543953112936	0.8126866121395209
DLBCL10910	0.015153141996181703	0.09071909879781946	0.7735815347178892	0.09312207380074035	0.027424150687369368
DLBCL10564	0.040387183757212675	0.024204008489128914	0.05422348906975046	0.8608388839415748	0.020346434742333143
DLBCL11496	0.7205589219771973	0.02270967442974265	0.03605277379039851	0.04606655258333117	0.1746120772193303
DLBCL_LS2208	0.01718330450632547	0.08468337583722425	0.1733327607717723	0.03873189244687584	0.6860686664378022
DLBCL10552	0.39654761789728804	0.02345605837404996	0.06164963557963646	0.5021926789240881	0.01615400922493742
DLBCL10782	0.15323918265995598	0.07749155491895202	0.03845475348783156	0.7077510694173662	0.023063439515894242
DLBCL11437	0.06229450300106374	0.010777486702840068	0.03850282726412051	0.8278413863584082	0.06058379667356748
DLBCL10885	0.053889007604627094	0.6947351513401798	0.019445872053445643	0.044898356218181	0.1870316127835664
DLBCL10472	0.020791715062814613	0.0140546075288699	0.8836734241662367	0.07177352459295186	0.009706728649126944
DLBCL11576	0.0471069965932478	0.09149693921427332	0.07298795693896566	0.7580289771669585	0.03037913008655475
DLBCL11515	0.02114596556209888	0.08679972184951852	0.7198796609079073	0.033399654017209096	0.13877499766326612
DLBCL_RICOVER_945	0.9351920391095092	0.019346995323556913	0.006141198009933062	0.02965942994776256	0.009660337609238267
DLBCL_C_D_1118_NULLPAIR	0.3924527778380818	0.5094773377504839	0.01876257346572503	0.0460871365552094	0.03322017439049982
DLBCL11456	0.02095617237789236	0.8782289521395786	0.04241507902766575	0.046928705076211205	0.011471091378652001
DLBCL10844	0.869557307614864	0.025035910284384993	0.011991793187814292	0.025717718172548847	0.06769727074038787
DLBCL_LS762	0.020249935928721464	0.02733247456083552	0.12519053592537135	0.03407078949847303	0.7931562640865987
DLBCL10994	0.8439150657653813	0.039556497772562364	0.01579401981347348	0.04288199378951248	0.05785242285907035
DLBCL_C_D_1156_NULLPAIR	0.8024377395758769	0.02490106825725083	0.01742014292078375	0.13929887973380312	0.015942169512285363
DLBCL10993	0.8631606069471424	0.00798305464545991	0.021501780634797855	0.08033678495625833	0.027017772816341525
DLBCL10565	0.033000987184554124	0.017626594797991026	0.8728105993629258	0.0657443696104247	0.010817449044104298
DLBCL10871	0.04908380513021209	0.8428612717783966	0.030503807230307493	0.018058752198794402	0.05949236366228941
DLBCL11478	0.6682505636780357	0.048630820429838524	0.22892980918689138	0.04139985769571547	0.012788949009518914
DLBCL11658	0.035365161228707614	0.0103171588392383	0.034115049882906305	0.8798738226132548	0.04032880743589305
DLBCL10549	0.016624203403465928	0.8928161250829474	0.06602823616949682	0.01320864021230745	0.011322795131782387
DLBCL11470	0.8935886233110667	0.006855104475188085	0.015763986465585824	0.07351457381703498	0.01027771193112438
DLBCL11488	0.743528447342254	0.011486927053857727	0.01376719493269762	0.07062867168038232	0.16058875899080835
DLBCL10927	0.05873753632621874	0.012825829114740383	0.02678924027577791	0.8846239935926484	0.01702340069061452
DLBCL_RICOVER_408	0.012023557876054749	0.9480493469705792	0.02320632822236531	0.007306000013850985	0.009414766917149766
DLBCL_LS2357	0.033449941828825304	0.009642718105276437	0.026185990122787342	0.9099964899581652	0.02072485998494574
DLBCL_RICOVER_1106	0.008965619011252157	0.038476716058102774	0.014464481260621822	0.034380728352406055	0.9037124553176172
DLBCL_LS3245	0.004688938172081924	0.9647504236082052	0.01810594399507562	0.00596831518383305	0.00648637904080419
DLBCL_LS4616	0.009951851798020828	0.10691239794303468	0.8386521867539222	0.02719731644629157	0.0172862470587308
DLBCL_RICOVER_1289	0.015553426314072284	0.011810353171979017	0.016112660824580027	0.06238787725063557	0.8941356824387331
DLBCL_C_D_1144_NULLPAIR	0.0183805581431743	0.04178488472201667	0.009192441815018706	0.01892008494203204	0.9117220303777582
DLBCL11671	0.9417556781804389	0.010083809111526664	0.009963115430436069	0.033361885659704923	0.004835511617893409
DLBCL_LS4054	0.017756485748542234	0.9288041697455804	0.014206870088404355	0.020072280056365667	0.01916019436110732
DLBCL10895	0.005951892577270343	0.026684957828718426	0.016570531879760667	0.00941516554218333	0.9413774521720673
DLBCL10935	0.9297127235751602	0.028538649055232353	0.005564335751214147	0.02224290803932671	0.013941383579066597
DLBCL10903	0.004298350486225772	0.9693278221715822	0.0158170918692416	0.004355102675900651	0.006201632797049724
DLBCL11673	0.00680746888838735	0.9622878707448236	0.017640488233580255	0.007368559867575966	0.005895612265632802
DLBCL_RICOVER_850	0.007245416634801173	0.028765934797386077	0.012550784221177384	0.023452201245781484	0.9279856631008538
DLBCL_LS2599	0.011051830554056907	0.015002964427487836	0.9475592898946655	0.021110672021850716	0.005275243101938984
DLBCL10465	0.001999252066898814	0.0036095650067599606	0.9868934352797635	0.005097754886242591	0.002399992760335182
DLBCL10922	0.007878300140112253	0.9705104354432229	0.008571044215025733	0.005605128018999075	0.007435092182640069
DLBCL10452	0.0037118357405497003	0.9730663753299831	0.01068642338394344	0.004321449242040786	0.008213916303483003
DLBCL11656	0.00353162771278917	0.004077557826615927	0.9775557498799211	0.007363990066084441	0.007471074514589324
DLBCL11566	0.0070739710835878745	0.016921347792981226	0.9577776971363775	0.012752788990237783	0.005474194996815575
DLBCL_DFCI_DLBCL_GOE07	0.005420079127097038	0.9777522437131555	0.006865380728587495	0.0033833173285669183	0.006578979102593075
DLBCL11500	0.004730853149400145	0.005020805766255374	0.00939067593824452	0.011135913302311048	0.969721751843789
DLBCL10931	0.9603994703786831	0.003426141868280016	0.0065973119366397924	0.019900078785203525	0.009676997031193601
DLBCL10495	0.9745350157983996	0.008295304248026776	0.0027064487301403047	0.009195818802702422	0.005267412420730919
DLBCL11670	0.0036596679547037194	0.007849223430039765	0.9686057319550505	0.014087856102839507	0.005797520557366542
DLBCL10525	0.9924849351338061	0.0008631419306431461	0.0017139539181267127	0.0029801371719031344	0.0019578318455209004
DLBCL10535	0.006453784554085181	0.012120328909971027	0.013697625033087421	0.008690845784270282	0.9590374157185861
DLBCL_RICOVER_577	0.003977866320462615	0.0048621863816215565	0.9800827873179053	0.006156538640961935	0.004920621339048587
DLBCL_RICOVER_977	0.9773007660540527	0.0022491624281468976	0.0033715031413234895	0.011075152744015614	0.00600341563246135
DLBCL11667	0.0021378068723374864	0.0028613576269563403	0.9899312967383372	0.0035643065836405453	0.00150523217872838
DLBCL_RICOVER_451	0.9863453056910313	0.0022959854659762922	0.003896493076521096	0.005620077478484452	0.0018421382879868818
DLBCL10852	0.005380046190016099	0.007709090589490696	0.007083666768823785	0.01752973437569648	0.962297462075973
DLBCL_LS2089	0.008411380884901848	0.943293245636881	0.011653499200628461	0.0062702738035420496	0.03037160047404667
DLBCL11188	0.000960044455567065	0.9953278121092483	0.0016895560937441466	0.0008348187361588673	0.0011877686052816304
DLBCL11353	0.003229280489259174	0.010477912042287119	0.01005980531121611	0.006433352861691901	0.9697996492955457
DLBC_FF_8043_TP_NB	0.008640600481619106	0.9724831560275147	0.007992197087004937	0.004156046084518235	0.0067280003193430134
DLBCL10890	0.002142911929896648	0.004578511120297897	0.00480509247458958	0.0039560552816659015	0.98451742919355
DLBCL_LS1757	1.0	0.0	0.0	0.0	0.0
DLBCL10884	0.9890820464518015	0.0015006955435853987	0.0019379560410145856	0.005760297509386	0.0017190044542124592
DLBCL_C_D_1128_NULLPAIR	0.9939715914619599	0.0009835945003734985	0.0011149460358129276	0.0025650404654957333	0.0013648275363579568
DLBCL_RICOVER_533	0.003381244259483162	0.9874306461656246	0.004172691029044797	0.002541029475312074	0.00247438907053536
DLBCL10781	0.003355186938082807	0.005203613618986328	0.0045356497064050014	0.009503946250077036	0.9774016034864488
DLBCL_LS146	0.0009392879319561874	0.9953713905792361	0.0015371176201835557	0.0009223752828940271	0.0012298285857301403
DLBCL_RICOVER_221	0.0015993189023841977	0.004204106424700709	0.0031949604477630234	0.0036881514323983374	0.9873134627927538
DLBCL11195	0.0023577156896992134	0.010541006189870772	0.006342945059606133	0.0072724440391620775	0.9734858890216618
DLBCL10530	0.0014192530993174077	0.0038179901986534277	0.0027098630147093447	0.0026082285494856148	0.9894446651378342
DLBCL11450	0.0036197362023899448	0.008324333468008272	0.0040643844887090705	0.008388316944952281	0.9756032288959404
DLBCL10880	0.004986248520111035	0.0040126840182158514	0.005074313384560161	0.0038509288238873195	0.9820758252532257
DLBCL10862	0.001371067401651725	0.003161943866858546	0.003143145679585867	0.002854043488245205	0.9894697995636587
DLBCL10883	0.0016829066319926013	0.0017050779508322091	0.0018795238496544405	0.0024191192287271006	0.9923133723387937
DLBCL_RICOVER_1248	0.0015280714473346133	0.0026636849438613484	0.0013562166107178113	0.002010552583550804	0.9924414744145355
DLBCL_C_D_1125_NULLPAIR	0.0014866567299756013	0.004928483809548304	0.0028159252965806797	0.0029827450598830956	0.9877861891040123
DLBCL10951	0.0009958528936337963	0.002234833463240472	0.001350502858721642	0.0016013121928631982	0.9938174985915409
DLBCL10534	0.0002479362180367754	0.0004425759734845034	0.00034972077823011835	0.0004077797139276621	0.9985519873163209
DLBCL10969	0.4753615401965088	0.2766375969122573	0.17167045893169156	0.0327839065976195	0.04354649736192277
DLBCL_RICOVER_216	0.05520186714873666	0.08831587742889974	0.4491461092647442	0.04723595784186079	0.3601001883157587
DLBCL10985	0.11731791973265072	0.25137467116014034	0.03318626908744055	0.5541408377792257	0.04398030224054254
DLBCL_RICOVER_522	0.1694318053505929	0.046454824600902014	0.4648528881414216	0.3076393205243489	0.011621161382734493
DLBCL_LS2154	0.32064412061740394	0.5109003979867196	0.07197580589340431	0.07512058649247591	0.021359089009996175
DLBCL10539	0.05856941673303304	0.43514595576062737	0.06262132880275385	0.2990940372588517	0.14456926144473406
DLBCL11681	0.5127116181100175	0.011372953097582043	0.289482028508929	0.11051460836629895	0.07591879191717249
DLBCL10486	0.45865967141769404	0.189338293898126	0.02386246615392399	0.12920688989403592	0.19893267863622
DLBCL11433	0.03959560297113189	0.021102873915041908	0.08016874271878803	0.35461691193372213	0.504515868461316
DLBCL_C_D_1112_NULLPAIR	0.03807311946205475	0.30962346818432346	0.5322494058673469	0.04645927611503905	0.07359473037123582
DLBCL_LS1668	0.047735396272377405	0.4069579648137307	0.2107630822322837	0.27730244670253107	0.05724110997907718
DLBCL_RICOVER_1060	0.09963643773052391	0.6163630571468851	0.040200560057156096	0.02464134919808752	0.2191585958673474
DLBCL11003	0.05947436132921084	0.5909574514206036	0.026274360972206295	0.028851421813083266	0.294442404464896
DLBC_FF_A7CX_TP_NB	0.48682096506561023	0.05159988256050365	0.09555464435544296	0.07144596191476217	0.29457854610368095
DLBCL11474	0.6924586124961984	0.018935517583596233	0.01816878671495088	0.24491813784456115	0.025518945360693247
DLBCL11441	0.09261488075123754	0.01531264821361205	0.06617126590407514	0.36862407699827743	0.45727712813279797
DLBCL11449	0.04715387966618359	0.5525743036463436	0.039234162809859814	0.04242610466558255	0.3186115492120304
DLBCL10906	0.048399301452815485	0.5245923229315561	0.02663316507345689	0.022785850404508912	0.3775893601376626
DLBCL_LS155	0.038937729469965696	0.012553893063967975	0.71071179345154	0.2029506688199428	0.0348459151945835
DLBCL11480	0.6939927544772302	0.023969356737057617	0.08721243120756898	0.08150102155748291	0.11332443602066028
DLBCL10482	0.8259099534574232	0.022765878687203027	0.014301229282861089	0.031958262737525826	0.10506467583498677
DLBCL_LS2590	0.031032981838911695	0.02376401158341818	0.0672002359101767	0.5350002981234069	0.34300247254408656
DLBCL10968	0.6825106037197023	0.01265855017084632	0.02098376677335569	0.22976489282145163	0.054082186514644026
DLBCL11206	0.02713682583620518	0.6350982346063149	0.052297245523675095	0.012430152746420198	0.2730375412873846
DLBCL10957	0.6929650048079758	0.020494903309378327	0.0925517894007336	0.18123804198110044	0.012750260500811763
DLBCL_RICOVER_506	0.01956075482516276	0.3440103409873677	0.03530518629709291	0.020564939354962206	0.5805587785354144
DLBCL10908	0.04525885176004204	0.0868729352818679	0.7186521096807253	0.041931408619094966	0.10728469465826981
DLBC_FF_8062_TP_NB	0.09681968010818504	0.02213369076992126	0.11100044230383144	0.7462377200720763	0.023808466745985923
DLBCL_RICOVER_773	0.02104076121968662	0.22610820696292738	0.32964383774277534	0.02440014800014656	0.39880704607446404
DLBCL11002	0.23256522497126905	0.02771388013617704	0.05533663784186189	0.6674547401032932	0.016929516947398814
DLBCL10857	0.018556953957440333	0.009062547417303939	0.00897627749326547	0.03312270806952843	0.9302815130624619
DLBCL_RICOVER_720	0.03154082684868303	0.5485982044728359	0.04163680015361401	0.016521644620011	0.36170252390485597
DLBCL10451	0.7012475902583333	0.03298720486599793	0.21003810519639568	0.04326563479583672	0.01246146488343634
DLBCL11538	0.02786666832548293	0.014801274345796556	0.750443732873292	0.14717923579220873	0.059709088663219764
DLBCL10965	0.1691088639392724	0.014033711972929002	0.04465320875144807	0.7352159960281613	0.036988219308189185
DLBCL10980	0.009821371565975248	0.16173210058092596	0.059808994889706764	0.03882864987069297	0.7298088830926991
DLBCL_MC_F218_RAP	0.15590822195636758	0.014462045158459676	0.04515749247308194	0.763987998418715	0.020484241993375826
DLBCL11675	0.027431134403432953	0.010188783258172796	0.7745909795029187	0.07189588521297868	0.11589321762249695
DLBCL10934	0.034402096493888694	0.33577286856181454	0.025167745976784308	0.05623990677790789	0.5484173821896046
DLBCL11504	0.08427383195263975	0.027419952833783734	0.028464382800335832	0.10375891064542571	0.756082921767815
DLBCL10863	0.10031206294235465	0.017432519212277228	0.03080890839019315	0.7458115267033472	0.10563498275182781
DLBCL11447	0.04976611454711789	0.020103966978647806	0.033851054036151164	0.75823372425501	0.13804514018307318
DLBCL10972	0.8400516005052149	0.022581391414277084	0.023177723592321103	0.053855645545826294	0.060333638942360664
DLBCL11457	0.8872717790388522	0.006283960382539154	0.022118964926957797	0.07030427995977352	0.014021015691877267
DLBCL10490	0.8677796464459783	0.02044498859763383	0.012082405363437704	0.07242828719882348	0.027264672394126725
DLBCL_MC_F307_JPS	0.8430036859185879	0.024833535488355808	0.019608073927855615	0.09335056451059577	0.01920414015460496
DLBCL10999	0.011691701264311906	0.021064367582959737	0.046863443424971556	0.11652281366195617	0.8038576740658007
DLBCL10532	0.02780241321816175	0.015896817816565264	0.18817503051920334	0.10930737117537385	0.6588183672706959
DLBCL_C_D_1126_NULLPAIR	0.05719152683132785	0.8838986491744765	0.012251735484231023	0.020245609721015613	0.02641247878894901
DLBCL_RICOVER_701	0.07647993411449021	0.018419768377380057	0.024246975244504632	0.8526923540926776	0.028160968170947424
DLBCL_RICOVER_956	0.012645571748659042	0.19125818068301656	0.029584142586944733	0.025744976185966332	0.7407671287954134
DLBCL11472	0.9021360515337085	0.005307443521586898	0.01429530796447909	0.0600514319251916	0.01820976505503395
DLBCL10780	0.01957570581949925	0.8257049601633267	0.09805623874521921	0.04194767151661943	0.014715423755335385
DLBCL11458	0.02593464622286721	0.01804026937083725	0.9337447757485763	0.011875839300815249	0.01040446935690402
DLBCL_MC_F064AB	0.013695788603078619	0.01119958382918571	0.9127017591636017	0.05196456363139362	0.010438304772740345
DLBCL11527	0.04671649827963407	0.017060785956128314	0.050589136499746896	0.8298020428464888	0.055831536418001884
DLBCL_C_D_1109_NULLPAIR	0.05780716917877836	0.01069369529955484	0.02478717608145974	0.8847982111311038	0.021913748309103247
DLBCL10925	0.023931528878849116	0.03866172140257052	0.009446068395051924	0.044896028365400166	0.8830646529581283
DLBCL10523	0.017662698693008606	0.009389629646331122	0.9215234823297387	0.04436065728415351	0.007063532046768137
DLBCL11526	0.014579674083106908	0.008843877580807673	0.9541168273375205	0.018019307811315464	0.004440313187249485
DLBCL_RICOVER_496	0.015420962634014075	0.9345246601580492	0.030223723537092396	0.011999176004060582	0.007831477666783661
DLBCL_C_D_1119_NULLPAIR	0.04576466098419956	0.9170114889374807	0.013412594681106279	0.010999393824611754	0.01281186157260168
DLBCL_C_D_1105_NULLPAIR	0.091639472012214	0.8439365178051395	0.018381420068426968	0.024239377866495347	0.021803212247724267
DLBCL_MC_F139_LJF	0.04610011500631589	0.013293946431430366	0.02658399119364894	0.8953956900454293	0.018626257323175494
DLBCL_RICOVER_1061	0.05430939579114183	0.010881135701652342	0.041264365234063446	0.8765075436996996	0.017037559573442686
DLBCL11435	0.8894595124328165	0.007699231086612025	0.010163106657446217	0.07236580117762574	0.020312348645499495
DLBCL_RICOVER_1032	0.008081581011505109	0.04689655520672258	0.009877411916197112	0.013549516259695957	0.9215949356058792
DLBCL_RICOVER_1165	0.01686559184185017	0.8793306706684785	0.05326842874724677	0.011178253887184858	0.039357054855239715
DLBCL11460	0.034491355694193204	0.01751382172445731	0.02485748162447499	0.9028275051545376	0.020309835802336872
DLBCL11205	0.9376061429050536	0.014009954175779379	0.024288294190868805	0.01932431613976841	0.0047712925885297994
DLBCL10930	0.043508322183567864	0.017542828399357405	0.018227508709436006	0.012721795867683863	0.9079995448399548
DLBCL_C_D_1113_NULLPAIR	0.005439868155422813	0.00854724589806335	0.9722077585091218	0.009178432882030824	0.004626694555361213
DLBCL11484	0.008557230250984428	0.949694431536468	0.01971856195620065	0.00892727417315725	0.013102502083189622
DLBCL_RICOVER_473	0.9129619882486926	0.027124480923708453	0.01297830455957797	0.03647869507843943	0.010456531189581533
DLBCL11486	0.8195947255814183	0.01597881498231568	0.019188895945494753	0.028934090716566524	0.11630347277420472
DLBCL10954	0.010809787409538727	0.9335371598248683	0.014416363900742427	0.010590472251711917	0.03064621661313859
DLBCL_C_D_1133_NULLPAIR	0.003857718543372802	0.006299489737142813	0.9804097061273942	0.006459754023373	0.0029733315687172014
DLBCL_C_D_1141_NULLPAIR	0.0027060323210247356	0.005537640849918136	0.982126864836842	0.00450056446256707	0.005128897529648096
DLBCL_RICOVER_1210	0.0051923913964862746	0.9602218808878704	0.01993165765598866	0.007359102717684343	0.007294967341970304
DLBCL_RICOVER_744	0.017376862976236175	0.008307387677124455	0.9591426420413521	0.008998321541088037	0.006174785764199189
DLBCL10498	0.004281074139539893	0.004436897881232901	0.980266007433924	0.008697091314303258	0.002318929230999985
DLBCL_RICOVER_299	0.012192776912556786	0.8717962732754363	0.08735321573549383	0.010801506183921419	0.01785622789259162
DLBCL_MC_F349_BJJ	0.0015040178883936881	0.0021779424863600447	0.9911227734276025	0.0032624765534313266	0.0019327896442124571
DLBCL10459	0.0017783444341284062	0.002857321167939766	0.9889822045481964	0.0042427726509208655	0.0021393571988145184
DLBCL11666	0.0014429958236354336	0.002152530180140871	0.9922830461768001	0.0028399096402186787	0.0012815181792049065
DLBCL_LS1098	0.0033016073792566853	0.003365181999193111	0.9839158943022461	0.006943519265565866	0.0024737970537382433
DLBCL10483	0.004675712851573403	0.9728687361034083	0.013097544634239991	0.0033363690708881743	0.0060216373398901376
DLBCL10902	0.004516036779468154	0.019486319506316532	0.01568773626021089	0.013344145401870533	0.9469657620521339
DLBCL_C_D_1131_NULLPAIR	0.0035748144581116133	0.9795487878152415	0.008846750246415288	0.002993259922166339	0.0050363875580652934
DLBCL10502	0.006960192043379356	0.9568453683665268	0.021835969761476323	0.0070938382499785195	0.007264631578639005
DLBCL10898	0.007425415238923577	0.026887077164486812	0.007068979745499971	0.011228370804817254	0.9473901570462724
DLBCL10460	0.0017389828820440136	0.9916271746817974	0.003340392420802063	0.0013003138399153515	0.0019931361754411997
DLBCL10834	0.0022432040954713482	0.9926173511676429	0.0020444193955806056	0.0013877120255121936	0.0017073133157929558
DLBCL10850	0.00203553455446298	0.9920957154902889	0.002644012290720351	0.0012167832042227849	0.002007954460304995
DLBCL11512	0.9531335446209385	0.009434843981710607	0.007580750363251717	0.024982704737620525	0.0048681562964786535
DLBCL_RICOVER_253	0.0008054480635399076	0.9966386452073478	0.0010111631836690392	0.0006265474962571213	0.0009181960491861367
DLBCL_RICOVER_174	0.0016164329102903217	0.9941462157756202	0.001871001765257652	0.00114720402819621	0.0012191455206355308
DLBCL10963	0.01458137108302558	0.024809185375431603	0.02162159894575888	0.04441268436649544	0.8945751602292885
DLBCL_RICOVER_1192	0.0026960023677755026	0.0071918200004729834	0.004435234636095038	0.0036110195072892536	0.9820659234883672
DLBCL10889	0.0021158241778975887	0.004357092389169847	0.004160595647305311	0.0071550886384208374	0.9822113991472065
DLBCL_MC_F262_WLC	0.9915429936235847	0.001344674423669182	0.00119657204196182	0.004216314120172649	0.0016994457906117251
DLBCL10842	0.002232956201185453	0.0035957550484521936	0.004459330014091594	0.005682274422732127	0.9840296843135387
DLBCL10901	0.0011391818564591095	0.002394199757320817	0.002004888239378121	0.0025995892611060754	0.9918621408857359
DLBCL10977	0.0023875594455492403	0.0023498490992462625	0.003555450745251929	0.003092136421150272	0.9886150042888023
DLBCL_RICOVER_712	0.0023608063256161022	0.006032860939778824	0.003448483850025392	0.004423237163823069	0.9837346117207566
DLBCL11000	0.0009335884549401329	0.001879681837005634	0.001502697820788833	0.0020960401482275595	0.9935879917390379
DLBCL_LS378	0.9869707118641019	0.002302138215095842	0.003453419229900133	0.005645414451280803	0.0016283162396212823
DLBCL10860	0.001638217610361243	0.003753959254693828	0.004543318328512672	0.003775227047583828	0.9862892777588484
DLBCL10990	0.0013987715102819636	0.003360568076184423	0.002067911272718647	0.0020003063197603413	0.9911724428210547
DLBCL10458	0.9988838944743763	0.00018776138159454922	0.00022946172792648241	0.0005199606966466163	0.00017892171945601458
DLBCL11483	0.14568140462159715	0.30808931912052373	0.1150877851621184	0.07243024486391735	0.35871124623184325
DLBCL11448	0.03470364336809929	0.08577515080203435	0.16434061480210435	0.5081977085924518	0.20698288243531013
DLBCL_MC_F927_JHS	0.11937003945598339	0.21333894069557796	0.16003471891323792	0.08856842715026773	0.41868787378493305
DLBCL_RICOVER_1190	0.14094019274292868	0.06283490105116504	0.1142781202521228	0.027113424092662698	0.6548333618611207
DLBCL11473	0.5862053107928488	0.0946707258037413	0.021117969416980912	0.2673047323692079	0.030701261617221202
DLBCL11467	0.08152800163376077	0.061773356896575336	0.09914449578825435	0.47541650837223653	0.2821376373091731
DLBCL10454	0.14371068183960164	0.15087650241439077	0.034102085074680016	0.01793164369112067	0.653379086980207
DLBCL_RICOVER_258	0.20590815998383058	0.017765114866586065	0.13369957382773254	0.055197083205201954	0.5874300681166489
DLBCL10501	0.012293253850339506	0.42522505188252546	0.4864541394675891	0.045041411673907704	0.030986143125638268
DLBCL10971	0.14592158269247685	0.2475180929217961	0.02527328701229201	0.07343821345154193	0.5078488239218932
DLBCL11455	0.15719086070484323	0.01782897630588306	0.1675931805383198	0.5988676234661765	0.05851935898477739
DLBCL_LS4619	0.017167408464321084	0.11022458334212518	0.5075674104123106	0.07587122629251433	0.2891693714887289
DLBCL11657	0.02822407842471957	0.058798121367310274	0.7430278997478957	0.14152060179469445	0.02842929866537997
DLBCL10984	0.023636248820878517	0.2558763379269826	0.018036340922728482	0.04074106858172619	0.6617100037476842
DLBCL_MAYO_DLBCL_234	0.17969131456283605	0.013975986956467921	0.333164915156901	0.4362173802413654	0.03695040308242963
