	0	1	2	3	4
DLBCL10969	0.5261598513448827	0.11414979183805396	0.1072844337271404	0.03975909488577157	0.2126468282041513
DLBCL10973	0.11094849044545668	0.017152574533631032	0.18901350005769643	0.5622252531476198	0.12066018181559603
DLBCL_LS1668	0.04197598083412389	0.2117920578101845	0.23697084930995732	0.4450531963470078	0.06420791569872654
DLBCL11471	0.24574262636891547	0.3398269006661755	0.09399287466274003	0.1370008968528538	0.18343670144931518
DLBCL_RICOVER_151	0.08238995804196009	0.22260265928905804	0.06166401396360616	0.577212635939532	0.05613073276584367
DLBCL11468	0.05003953279745355	0.02461165140950195	0.12889269434756664	0.772988366457902	0.023467754987575862
DLBCL11467	0.06669578744065204	0.05439500794072668	0.102167833799352	0.5478822277945146	0.2288591430247547
DLBCL10980	0.009610630333342165	0.25765528293489187	0.03707207464999996	0.04035134535160051	0.6553106667301655
DLBCL_RICOVER_1287	0.02450256282286501	0.30364778938912673	0.03128543208562582	0.031153818138615695	0.6094103975637668
DLBCL10869	0.3068878742005249	0.10922860300694467	0.4928085573213484	0.05796232863484696	0.03311263683633504
DLBCL_C_D_1118_NULLPAIR	0.32832722844816	0.5721208863346054	0.026618367796757306	0.04349034211917233	0.029443175301304948
DLBCL_RICOVER_401	0.04052696268327575	0.34729597645996385	0.5724726047324794	0.026298174638907316	0.013406281485373683
DLBCL10564	0.03880030867040222	0.0618382874866126	0.14717119266723683	0.7118816753972238	0.040308535778524536
DLBCL10965	0.21344499947099627	0.016209239512408366	0.048675867373632116	0.648273169794178	0.0733967238487852
DLBCL_RICOVER_467	0.013696119890104214	0.6125667625901875	0.028865209572314397	0.01590482717299667	0.3289670807743972
DFCIDL004_DT	0.1704943408427341	0.01359431366751172	0.01773188361304648	0.08820511631847304	0.7099743455582347
DLBCL11652	0.5535946288485243	0.31754627567359334	0.05177627716101882	0.04267527234338394	0.03440754597347955
DLBCL_C_D_1109_NULLPAIR	0.07169141280384962	0.011435916405935926	0.03276082455515218	0.8518561577819764	0.032255688453085796
DLBCL10915	0.05205754232267382	0.1423117319164428	0.06514186768621723	0.48840289193982567	0.2520859661348404
DLBCL_C_D_1115_NULLPAIR	0.08188781398469486	0.0950534258670959	0.0532357518098217	0.7246835144304777	0.04513949390790975
DLBCL10970	0.041680173890741884	0.15239645480409425	0.0851399091750051	0.684909000289245	0.03587446184091385
DLBCL10971	0.2108920293573296	0.42183927296540297	0.023164476082112872	0.07353194793326351	0.27057227366189107
DLBCL_RICOVER_773	0.011467209675854316	0.09887967608593289	0.05150183659092787	0.02630884706526398	0.811842430582021
DLBCL10907	0.16912757683615484	0.2587752546257884	0.020342431677379848	0.06573923431013529	0.4860155025505418
DLBCL10957	0.8457355257962004	0.01756928188752926	0.06011783792800256	0.06559995113869317	0.010977403249574583
DLBCL10509	0.20746515656321143	0.6851914568916389	0.013728228014787264	0.052079064460696864	0.04153609406966554
DLBCL_RICOVER_1060	0.09248181222764057	0.5799167734143318	0.02565058179342718	0.024889419931390936	0.2770614126332095
DLBCL10873	0.07975129814136372	0.4164839254827935	0.1510334255865364	0.30540748376887833	0.04732386702042802
DLBCL10899	0.04470203439576722	0.044279599496905964	0.009424318706499341	0.044070227654172796	0.8575238197466547
DLBCL10544	0.03541926372166361	0.014585925573993349	0.04719592078200848	0.6595875030507541	0.24321138687158048
DLBCL11469	0.01848035646677265	0.059891397679383826	0.7279435918361028	0.02768067351677553	0.1660039805009652
DLBCL11480	0.6638597148471728	0.02707563425142286	0.1398490012749681	0.07117792859623244	0.09803772103020376
DLBCL_LS2325	0.045625827881342715	0.24452722557630793	0.6668284366233889	0.02958482614172736	0.013433683777233125
DLBCL11474	0.5809131038119763	0.016748996077392313	0.02482066850808615	0.33341876249576075	0.04409846910678453
DLBCL_RICOVER_320	0.04260767620583564	0.10599271597380751	0.76441311977507	0.05767672772480889	0.02930976032047802
DLBCL10837	0.026537537972751966	0.03729271230838413	0.01593596552532109	0.04218963547351236	0.8780441487200304
DLBCL_MC_F218_RAP	0.11839313436425825	0.019140737153845084	0.0799640438461806	0.7601463386125389	0.02235574602317714
DLBCL11525	0.19598647405724354	0.021550259287322657	0.6416435749820456	0.12559425220764656	0.015225439465741666
DLBCL_RICOVER_1032	0.007975985596060506	0.04868900560691811	0.0076878732907938886	0.01556103450301328	0.9200861010032142
DLBCL_RICOVER_850	0.008835381779378338	0.03348391993160925	0.0155756488719732	0.03461398848437229	0.907491060932667
DLBCL_LS2590	0.03269154215275006	0.01669847438653291	0.05369498276917762	0.32694600303487903	0.5699689976566603
DLBCL11003	0.0528617356712597	0.5769310278736831	0.021038151866020368	0.031153867500681446	0.31801521708835534
DLBCL10527	0.023894171342590993	0.017150356185821586	0.06671760784615065	0.8181021483142179	0.0741357163112189
DLBCL_LS3204	0.02740530519007168	0.8807801911689197	0.03871890448986087	0.04276556376873629	0.010330035382411456
DLBCL_RICOVER_1190	0.054945269902236304	0.033774715750967584	0.020882372141024355	0.025633737423027297	0.8647639047827445
DLBCL11436	0.10432599006822663	0.564021711080307	0.04162357197316454	0.22837672529685185	0.06165200158145
DLBCL10902	0.006215079603101895	0.030919951224388106	0.01758446699305229	0.022259631468531323	0.9230208707109264
DLBCL10927	0.07181038475481505	0.013760569549896707	0.0392611338407471	0.8507092651811409	0.024458646673400315
DLBCL11473	0.7461815059975093	0.02919174835383619	0.014768708080234498	0.1695823086127586	0.04027572895566134
DLBCL11486	0.7120170275828472	0.019486968663618168	0.02263086706083464	0.04539101039812722	0.20047412629457276
DLBCL_RICOVER_701	0.04851512768752032	0.014104366722694568	0.028493798735169367	0.8836955930299937	0.025191113824622094
DLBCL11439	0.15273469258742053	0.01822584098727976	0.7354248203515552	0.08135898272640438	0.012255663347340103
DLBCL10935	0.8926872802356641	0.05155122028228682	0.007759206242512298	0.02447998153184652	0.023522311707690206
DLBCL10999	0.012206845405640524	0.02002101045616931	0.041439197988995854	0.11345678592131134	0.812876160227883
DLBCL11564	0.03242537412536645	0.013472481825102828	0.028901272217573104	0.8993861580566901	0.025814713775267485
DLBCL_RICOVER_1289	0.025383298547863652	0.00972024369444521	0.013609057021318965	0.06103535674441917	0.890252043991953
DLBCL11495	0.03502002837529155	0.00895241006227622	0.016431346370646232	0.0734398619388097	0.8661563532529762
DLBCL_MAYO_DLBCL_3653	0.8354227732571405	0.018187377836686155	0.02411222675862552	0.06888013569450717	0.05339748645304063
DLBCL_LS3200	0.004003973651470048	0.017576847396381993	0.005601712070199293	0.006792339805646029	0.9660251270763026
DLBCL11673	0.015526528559645807	0.8759060275475269	0.0781127201852386	0.019880812400954104	0.010573911306634588
DLBCL_LS1395	0.022205792236607565	0.081821084360191	0.8555795043210133	0.018227884583014085	0.022165734499174045
DLBCL_LS4593	0.014849115652075638	0.06580764693426248	0.8461830970035312	0.06047232773030268	0.01268781267982801
DLBCL11566	0.012939098111556085	0.034421009035843275	0.9282789759054867	0.01790816003031819	0.006452756916795731
DLBCL10880	0.0059239024427427765	0.004671932834992446	0.004414721965780131	0.004812104982617982	0.9801773377738666
DLBCL_LS4616	0.009124192204202249	0.05224478644810919	0.9012647437202198	0.026104016338095132	0.01126226128937364
DLBCL10885	0.05415453547188762	0.7598962430726273	0.016862553286691794	0.038770516853646464	0.13031615131514684
DLBCL10961	0.006433636192669958	0.03363215001560252	0.015534422837700424	0.033198864606680936	0.9112009263473462
DLBCL10848	0.013832361558079221	0.006248585971235955	0.01372925521294858	0.026794250144176364	0.9393955471135599
DLBCL_RICOVER_338	0.568781152560825	0.016292837108003513	0.05456330819406947	0.3306712670894641	0.029691435047638
DLBCL10530	0.001985579669931464	0.004444129565654963	0.002488093650676998	0.0041409624060885705	0.986941234707648
DLBCL10457	0.0040572183095655655	0.013405366639630498	0.005449724320595069	0.008622915020161288	0.9684647757100476
DLBCL11484	0.010710071439033731	0.9205099450074073	0.026375508709005596	0.010675058008970685	0.031729416835582676
DLBCL11656	0.007969586938474762	0.006634518803523076	0.9541080677051554	0.015433413512286444	0.0158544130405603
DLBCL11458	0.020417765647753893	0.018043203534756296	0.9316300588555555	0.023154037719710245	0.006754934242224105
DLBCL10781	0.003928746119328951	0.005615371166344472	0.004387871845888437	0.011059215256814612	0.9750087956116236
DLBCL10889	0.004006232389644793	0.005517257584171444	0.0060077869093599825	0.013394761171354257	0.9710739619454696
DLBCL11195	0.004054366580499342	0.015709193422515477	0.010608119565300991	0.016193884676136118	0.9534344357555481
DLBCL10903	0.003294226023411536	0.9743355879302892	0.012918243472956815	0.0037315254319349404	0.005720417141407578
DLBCL10864	0.0015009842660587422	0.002309816171497225	0.0017983211991513047	0.003189141663546274	0.9912017366997464
DLBCL10901	0.0033121054630706913	0.006156721950349352	0.004548242534500815	0.00915200827728408	0.976830921774795
DLBCL10480	0.007135367842154367	0.9792577787201249	0.004458084660011631	0.0033939023489801367	0.005754866428729029
DLBCL10993	0.8776589555554589	0.006212665712567962	0.026188319036088023	0.06114348984792309	0.02879656984796207
DLBCL11515	0.017060279498657047	0.04567677992505922	0.8417518164250584	0.033782233890664246	0.06172889026056116
DLBCL11472	0.9166604953310868	0.005001861435640812	0.015888864315670263	0.04601802555321689	0.01643075336438524
DLBCL11541	0.008767527388580618	0.039746619253921256	0.9056310370060576	0.02235159151273874	0.02350322483870175
DLBCL10934	0.02917459058354155	0.7183365671414619	0.018784052052775654	0.03588299322292518	0.19782179699929578
DLBCL10849	0.013898688606527222	0.919204121511706	0.009740337445923748	0.009009382638354574	0.04814746979748838
DLBCL10550	0.001924523508142445	0.0030049336035469134	0.00195409350648445	0.0033776957526086625	0.9897387536292175
DLBCL10862	0.0017955526637691462	0.0027287264721618768	0.0019432737531183705	0.003172638977791313	0.9903598081331593
DLBCL10554	0.013127316727169878	0.007290223835883144	0.9590552478962393	0.01596187699802829	0.004565334542679434
DLBCL_RICOVER_533	0.008444852768693837	0.9703703766558264	0.010894564293833167	0.0059495193237225465	0.0043406869579241175
DLBCL_MC_F500_ECU	0.004576511687572257	0.9705401900318806	0.010234915993186752	0.005807857093666335	0.008840525193694004
DLBCL_RICOVER_417	0.0018480037517246638	0.0038100323834584513	0.002495891451137535	0.004428119268382328	0.987417953145297
DLBCL_LS2089	0.00432368933089441	0.9753695297102873	0.006053548812693053	0.003026984963202556	0.011226247182922588
DLBCL10954	0.004932433499138389	0.9686238763122221	0.009215985917734024	0.0054486559637664895	0.011779048307138969
DLBCL11188	0.0004446859793677491	0.9976472202950427	0.000844332416472257	0.0004316544932269708	0.0006321068158903296
DLBCL10896	0.9567978543056389	0.006763641496398827	0.004361952272170822	0.020033534408616757	0.012043017517174678
DLBCL_C_D_1141_NULLPAIR	0.0045672224719814185	0.011979932649312904	0.9662564593518647	0.008828351156300956	0.00836803437054003
DLBCL11203	0.002964943917461199	0.9817498881257599	0.005554498561929801	0.004742456323729273	0.004988213071119771
DLBCL11669	0.007004430230531737	0.007488723006422935	0.9661800910628207	0.015718607709262603	0.003608147990962016
DLBCL_C_D_1136_NULLPAIR	0.0006252757247242137	0.9970911106569085	0.0009842255463112328	0.0005346658106897606	0.0007647222613663005
DLBCL11512	0.9625472939798349	0.006237431095259307	0.00701351362626511	0.019381967486526708	0.004819793812113974
DLBCL10834	0.002012006795201673	0.9935028617425314	0.0018871926759509608	0.0010563852413974057	0.0015415535449185354
DLBCL10459	0.004292539548192971	0.009348094065514985	0.9708512317091319	0.011008782026116482	0.004499352651043611
DLBCL10918	0.957602913959349	0.005189749807666935	0.004344634102441335	0.0176601475475807	0.015202554582961996
DLBCL11477	0.9760587535189078	0.00260584185386567	0.0038875338902228497	0.012193624505982348	0.005254246231021366
DLBCL10495	0.9725051567156843	0.008176407702829559	0.003179345365663852	0.009008688721717683	0.007130401494104626
DLBCL11670	0.004855980146625647	0.010076212302089587	0.9635322752011908	0.015615536085407278	0.005919996264686752
DLBCL10997	0.9918754004694742	0.0013259386083269281	0.0013963281337716709	0.00362556242919899	0.001776770359228253
DLBCL_LS378	0.9936684748626883	0.0010158857423044302	0.0016731440987472264	0.00259084333724673	0.0010516519590133078
DLBCL_LS1757	0.9939961796763407	0.0009946131824386875	0.0010150722335010693	0.0029761100376155952	0.001018024870103957
DLBCL_C_D_1130_NULLPAIR	0.9957561505375957	0.0006650505906299638	0.0008291281635332841	0.0017159298467288463	0.001033740861512253
DLBCL11590	0.21410560089346795	0.016742854861459284	0.47606973146045767	0.2571576714371867	0.03592414134742835
DLBCL11433	0.09450656117341802	0.017377005403205737	0.18676404730445345	0.39986075515297687	0.30149163096594594
DLBCL10539	0.04389449110434882	0.300108426908308	0.06126169573187897	0.418207494126271	0.17652789212919306
DLBCL11441	0.1587795413155142	0.013561352732379166	0.09304810910395643	0.5171339681164515	0.21747702873169872
DLBCL10974	0.03721244769703076	0.025118189308092932	0.06194257206760074	0.356757618578154	0.5189691723491215
DLBCL10984	0.018199467594812314	0.23879624534438784	0.01870669387677698	0.043182293720096285	0.6811152994639266
DLBCL11679	0.07556011196601628	0.8696988342274611	0.026391895847054737	0.01670093870351363	0.011648219255954202
DLBCL11536	0.04226886664829287	0.5250270020238658	0.0578685390274978	0.31835563874305906	0.05647995355728446
DLBCL_LS2328	0.05440873378413208	0.24278569755914078	0.6549219839590531	0.03884918602637454	0.009034398671299492
DLBCL_MAYO_DLBCL_234	0.32051605252182186	0.01214375892737738	0.1539435008320876	0.4775987412808893	0.035797946437823816
DLBCL10532	0.041461309649554634	0.019657415006427585	0.18550935251165734	0.2476242332647884	0.505747689567572
DLBCL10453	0.012463416933853366	0.1491877296847419	0.021032042126550937	0.033999060941611196	0.7833177503132426
DLBCL_BWH_DLBCL64	0.1633438687285131	0.2545523295869514	0.06561357131132411	0.4952935178065925	0.021196712566618887
DLBCL_RICOVER_408	0.02819227766833616	0.8590524583323479	0.08342957740948942	0.016000659348395906	0.013325027241430596
DLBCL11206	0.020674879822883713	0.6254884786238266	0.04674291231779489	0.01568157535767776	0.29141215387781705
DLBCL_RICOVER_1329	0.03419577076674423	0.1789083822788451	0.012713312253233796	0.018122048046376293	0.7560604866548006
DLBCL11504	0.1292295086078707	0.02873521303652782	0.020476806817174408	0.08157567349553412	0.7399827980428929
DLBCL10456	0.04118633782175745	0.01777596004211994	0.06725977423842638	0.814839249524581	0.0589386783731153
DLBCL10871	0.059849759859693055	0.6574481621069672	0.05719676229363747	0.02915812150788117	0.1963471942318211
DLBCL11455	0.09635447949739721	0.01498200307830772	0.05520511440866376	0.7737940943341413	0.059664308681490065
DLBCL_RICOVER_950	0.033356134744816836	0.015401345430499125	0.08311617529280059	0.8443861405556239	0.023740203976259523
DLBCL10894	0.33797249528367246	0.5236570397720747	0.026594614042314054	0.08124698283392105	0.030528868068017672
DLBCL_C_D_1103_NULLPAIR	0.04165889599643398	0.038548773819249454	0.1598376519488362	0.7389607782013508	0.020993900034129633
DLBCL_RICOVER_314	0.008981022600973262	0.08265447346698974	0.024567558424231983	0.02530303635615786	0.8584939091516471
DLBCL_C_D_1126_NULLPAIR	0.1260394714267257	0.7896296530429529	0.01930825381573881	0.02734679288162752	0.03767582883295511
DLBCL10906	0.045320521870730296	0.6320897217086514	0.019233748421498893	0.018245639254822275	0.2851103687442971
DLBCL10838	0.014274534544456352	0.10724138194591717	0.010655818790120543	0.017101296944696417	0.8507269677748095
DLBCL10450	0.4674832840952325	0.0749961848575324	0.01931715518514012	0.16751898277531665	0.2706843930867783
DLBCL11498	0.026751412684055145	0.9486443408923443	0.009203692140395051	0.006534341702555527	0.008866212580649927
DLBCL10904	0.015257823651187656	0.03484266961620503	0.02398549704274541	0.030350190566881634	0.8955638191229802
DLBCL10782	0.09237741596019075	0.03529881408978619	0.04044016265970891	0.806583625344811	0.025299981945503206
DLBCL_MC_F739_AMA3	0.016447609646557646	0.7151283247120253	0.22293935667880396	0.027702589271376147	0.017782119691236924
DLBCL10487	0.05231993205431643	0.7578838856227892	0.06744639428608205	0.10160298165903163	0.02074680637778066
DLBCL_RICOVER_134	0.00464150318085261	0.019657373803899793	0.006869885837331124	0.01095534901206303	0.9578758881658535
DLBCL10981	0.01890770183173423	0.8744514343820857	0.03690806827719923	0.04231712499169392	0.02741567051728689
DLBCL10566	0.05087570393398175	0.11169256929002347	0.017513041604258775	0.01739880740766794	0.8025198777640681
DLBCL_C_D_1112_NULLPAIR	0.02295571295603854	0.10167767820413204	0.7840464310712021	0.06400147996577767	0.027318697802849647
DLBCL10986	0.6539273930613259	0.0609414142128313	0.09651811330044947	0.16860575522642582	0.02000732419896763
DLBCL10503	0.03330588779814236	0.7480099537579403	0.15388859274349906	0.03244709237373804	0.03234847332668018
DLBCL10879	0.012361602287588069	0.011850092375554806	0.9306806737422595	0.027269716074341546	0.017837915520256126
DLBCL_LS762	0.016647688512748813	0.023222951535120644	0.06912303339320912	0.03291080531511955	0.8580955212438018
DLBCL10780	0.018404342539827277	0.8488869268838335	0.0886680416924156	0.03053886584359217	0.013501823040331526
DLBCL11518	0.6480986788604197	0.11408602952561425	0.17273488996024944	0.04432814474709297	0.020752256906623648
DLBCL10857	0.03774429492027744	0.009951989547370275	0.009358203696088769	0.044419981970269584	0.898525529865994
DLBCL11516	0.020510593505989598	0.9147826415303274	0.019689486506388545	0.02071935687364164	0.024297921583652817
DLBCL10547	0.03487674948752172	0.015299592059042286	0.03453389830927101	0.8871180591169047	0.02817170102726026
DLBCL10916	0.004890182261966421	0.01855295170842052	0.008732336881318548	0.013096817631203293	0.9547277115170912
DLBCL10854	0.006333319805215909	0.011986366994369672	0.012046162338937837	0.029445688773505816	0.9401884620879708
DLBCL10502	0.008135248055305003	0.9346927030205887	0.0384370811961246	0.009380360342854012	0.009354607385127717
DLBCL10836	0.01301238462281789	0.00600061451201644	0.010272874392323774	0.017465520220633524	0.9532486062522084
DLBCL10492	0.7351910909602538	0.018930757989250736	0.01286277269774409	0.06378096358055553	0.16923441477219583
DLBCL10914	0.7782084572152494	0.10701095159685883	0.06804895762941196	0.032176338629548606	0.01455529492893118
DLBCL_RICOVER_978	0.7516755679918016	0.02950393662951822	0.115371182502492	0.09244788732642269	0.011001425549765536
DLBCL11496	0.8038025468187995	0.01611436511313634	0.02445362822875521	0.03798526397168467	0.11764419586762427
DLBCL10978	0.03278306722946535	0.014550892025220684	0.04477004851192915	0.88041854489347	0.027477447339914772
DLBCL_RICOVER_299	0.01212786276358346	0.8827616937086425	0.08035321456755963	0.010303811251930878	0.014453417708283525
DLBCL_RICOVER_361	0.029069247965811423	0.01331496422805168	0.04019417634532451	0.8910538155665515	0.02636779589426089
DLBCL_LS3245	0.005022302582269047	0.9567493498353892	0.02426742464143841	0.007006608260461183	0.006954314680442146
DLBCL_RICOVER_1106	0.0069026573023745815	0.034640991587552496	0.013867351679509596	0.03297627829796221	0.9116127211326012
DLBCL_LS3809	0.927647272267906	0.012577485258921717	0.01782553220696923	0.014556966770774024	0.02739274349542899
DLBCL_MC_F139_LJF	0.03664298746741983	0.012584117669799093	0.029992756391577582	0.8981629926271723	0.02261714584403128
DLBCL10932	0.032694520911422595	0.013708958625882615	0.029787489968068417	0.9002718605022891	0.02353716999233725
DLBCL10983	0.010091063503917804	0.9551279449919214	0.008271861293558783	0.0070678907432531884	0.019441239467348784
DLBCL10959	0.9281889461780695	0.012548595733543453	0.006650014650549179	0.03636291690694273	0.01624952653089516
DLBC_FF_8046_TP_NB	0.025649284884230277	0.012713862114625746	0.9244604129594017	0.021153703207980094	0.016022736833762177
DLBCL10975	0.9635156438849102	0.004075477796845471	0.004710707036118193	0.0193408241797231	0.008357347102403104
DLBCL_LS2245	0.06217667119374063	0.7496843709220529	0.1409903935025526	0.02332509925383933	0.02382346512781463
DLBCL11542	0.01326036444999131	0.03455169887723263	0.9099526654495117	0.03614734259340036	0.006087928629863988
DLBCL10890	0.005723691077573393	0.017511531357847315	0.008118176852279824	0.020328097853208462	0.948318502859091
DLBCL_LS3749	0.003724830215732685	0.9815832567617491	0.00686490240883604	0.0048618890552728725	0.0029651215584092995
DLBCL_RICOVER_945	0.9499003340794446	0.010867726036552942	0.005710147616112698	0.023390333121071225	0.010131459146818542
DLBCL10887	0.0043824037049843174	0.007587453122965504	0.01038368858563551	0.011340737688116866	0.9663057168982978
DLBCL10490	0.908065986868685	0.018038430269200035	0.008772474331826641	0.037355164939925446	0.027767943590362918
DLBCL10988	0.0007034436142425019	0.996159258429972	0.0014375040321491582	0.0007989528053875529	0.0009008411182487627
DLBCL10847	0.01039936936178823	0.019227527237624536	0.004848691365777409	0.007328413457381139	0.9581959985774287
DLBCL11428	0.007791604125445834	0.0076771095539809155	0.9706351200578449	0.009957881089428973	0.003938285173299391
DLBCL_MC_F815_BAT	0.011734993601695637	0.020055475351243687	0.9100409132501848	0.04911401125455145	0.009054606542324529
DLBCL_C_D_1125_NULLPAIR	0.0016397524556914732	0.0034640158855982327	0.001926729535307432	0.0029992571180214845	0.9899702450053813
DLBCL10462	0.9598371425022728	0.00355587150103392	0.007651942630137534	0.019153891096542124	0.009801152270013595
DLBCL10989	0.006983113781980389	0.950702784483279	0.012329186755408535	0.007411615799683098	0.022573299179648967
DLBCL11429	0.9451202625541778	0.004405417641451006	0.007992050417955717	0.026137148118578646	0.016345121267836823
DLBCL_RICOVER_1293	0.003092331650649802	0.003947351889843416	0.002383258818207713	0.00476984959912414	0.9858072080421749
DLBCL10917	0.002804584598399652	0.9890080575969636	0.002801980573803814	0.0024215413819095428	0.002963835848923296
DLBCL10515	0.9835354953973787	0.003157730782094976	0.002422017148228465	0.007584674924626095	0.003300081747671711
DLBCL11454	0.9275454266691006	0.012918078975125815	0.006366088811992602	0.043223694955075	0.009946710588705986
DLBCL11573	0.0089179038517791	0.02080236349078617	0.9444008096311445	0.019095107465470246	0.006783815560819954
DLBCL10876	0.003226853709234473	0.008758468546271957	0.0033902269800525054	0.006829167206332079	0.977795283558109
DLBCL11565	0.0026958958393605978	0.9848587138922511	0.004872307786442321	0.0036169953233177905	0.003956087158628182
DLBCL11662	0.9551619500939597	0.005703589073981844	0.005043611701083369	0.019092473057749203	0.014998376073225912
DLBCL10498	0.013685781530302242	0.01257368300075234	0.935989903263652	0.0332014606872236	0.004549171518069876
DLBCL_MC_F729_MAN	0.001611698428885075	0.9922210942578791	0.002340064885351205	0.0012389483411581511	0.002588194086726533
DLBCL_RICOVER_712	0.0023844042939661775	0.004873326922923931	0.0026085789014645344	0.00521080541318394	0.9849228844684614
DLBCL_RICOVER_948	0.0028628163656927007	0.9834902896129476	0.008011643419227193	0.0020001755449581956	0.0036350750571743497
DLBCL10853	0.0024891708605381596	0.0030275772878226607	0.0023464809240901986	0.00424270392689118	0.9878940670006578
DLBCL10950	0.9593591936866336	0.004496579805679035	0.008738366171331358	0.019531368296106383	0.007874492040249625
DLBCL10850	0.000965267285889859	0.996574882236386	0.0010687443307055354	0.0005157674228465088	0.0008753387241720779
DLBCL10883	0.0023529778812633323	0.002351691405560076	0.0019332280892629982	0.0035006612170059557	0.9898614414069077
DLBCL11537	0.9706302409727116	0.00307261384746656	0.005445989770424046	0.009672645979909762	0.01117850942948812
DLBCL10471	0.0016306568191403275	0.0024528568597085936	0.0012518177369700942	0.002090211888872235	0.9925744566953087
DLBCL_RICOVER_449	0.0034096649398526633	0.0030623154814660193	0.002629966511222626	0.005219334671599901	0.9856787183958587
DLBCL11191	0.9836840211128622	0.0024703730704489077	0.0028863531235267734	0.00820542302059594	0.002753829672566191
DLBCL10924	0.002995612907953861	0.00387808848798642	0.00284077879885039	0.006627272989899511	0.9836582468153098
DLBCL11434	0.9837734356512844	0.002798190418774104	0.0035682984928263888	0.007652467356401229	0.0022076080807139466
DLBCL_LS1098	0.006443530794701802	0.005901553555264883	0.9710290531488291	0.013459390193217865	0.0031664723079863157
DLBCL_DFCI_DLBCL_GOE16	0.00337152414348043	0.004542774432127361	0.9810999091323427	0.007743195394909372	0.003242596897140123
DLBCL10842	0.0024323283581331834	0.003584101331298101	0.0032701311475197355	0.005722777838061191	0.9849906613249878
DLBCL11539	0.9751491223427418	0.0027244702247061913	0.005601293441490264	0.013081325311054048	0.0034437886800077907
DLBCL11450	0.003960491755952889	0.009780546395285476	0.004204063691970803	0.010652945016584984	0.9714019531402058
DLBCL11666	0.0047257733781915015	0.0067352216681390836	0.9757737513068788	0.009799502203240018	0.0029657514435505817
DLBCL10913	0.9913535186742213	0.001217298700612223	0.0014376922817559902	0.003971339555757991	0.002020150787652504
DLBCL11482	0.996161008536596	0.0004884705232435662	0.0007010150188059022	0.0018203533343317108	0.0008291525870229129
DLBCL_MC_F927_JHS	0.10019850739113546	0.24827448983261718	0.12296015190356126	0.07873089950358826	0.4498359513690978
DLBCL10454	0.21864386042522424	0.5115680244700969	0.059477005856170745	0.015857853471947753	0.19445325577656036
DLBCL11446	0.18740299961221724	0.4931284874189078	0.07738258158599065	0.19128179714841864	0.05080413423446572
DLBCL_RICOVER_111	0.12880183274055512	0.029730043987443985	0.29584876906016144	0.08507564593530945	0.4605437082765301
DLBCL10985	0.08175057268513519	0.5268767480515746	0.03819398450887629	0.30703000479319426	0.04614868996121966
DLBCL11202	0.15949858762824898	0.07392603613123272	0.6532313915670529	0.10465540680191414	0.008688577871551237
DLBCL10552	0.4047282863340467	0.021306088007590804	0.09992192965097925	0.45625300899013865	0.017790687017244684
DLBCL_C_D_1117_NULLPAIR	0.23490478772353715	0.5106277611246589	0.022799003308837548	0.20048220102163647	0.031186246821329932
DLBCL_C_D_1140_NULLPAIR	0.06924124213214734	0.04347192450640826	0.09147636463154038	0.12192767050669709	0.673882798223207
DLBCL_RICOVER_522	0.12033486076228915	0.04091027084426344	0.3790599944497245	0.4457679398922168	0.013926934051506126
DLBCL_RICOVER_216	0.05865421328798346	0.11260942602061108	0.4248473774440107	0.052500878650320465	0.35138810459707437
DLBCL10968	0.6340244380646283	0.010641104003222884	0.021541315687108695	0.2566749886849764	0.07711815356006378
DLBC_FF_A7CX_TP_NB	0.5261751780362256	0.05245644491985875	0.0734130882564271	0.06877726584606693	0.2791780229414217
DLBCL_LS3499	0.11702882377508568	0.09957668056178227	0.04950758408396378	0.6931142426116598	0.040772668967508446
DLBCL10486	0.45657213297798044	0.1767838396249962	0.018357277751565437	0.09521383298052036	0.25307291666493764
DLBCL_C_D_1153_NULLPAIR	0.07209747794070989	0.061721410784078744	0.023149392453028658	0.37607488801283895	0.46695683080934375
DLBCL_LS1304	0.024876590550513243	0.04477465508925275	0.511194233515348	0.043906141989840476	0.37524837885504553
DLBCL_RICOVER_258	0.4432971711806867	0.016478583254591138	0.1386507932739046	0.07029851783946933	0.33127493445134826
DLBCL10868	0.07519695325581977	0.017942257353757252	0.03272211006874372	0.6312707778757249	0.24286790144595435
DLBCL10962	0.03442908978872859	0.5703381110537052	0.19385068244863118	0.0427983956864389	0.1585837210224961
DLBCL10856	0.028864795664978207	0.05083404675311441	0.14318124240825833	0.04315627475246512	0.7339636404211839
DLBCL10881	0.16113532191936808	0.015613677331964186	0.015824195884092986	0.04763615155825724	0.7597906533063175
DLBCL10878	0.09491695484024752	0.012838993365669295	0.014755081103876973	0.06081635189323366	0.8166726187969725
DLBCL11657	0.036516112041146645	0.09658731883254829	0.6444829479686938	0.20015524071642837	0.02225838044118299
DLBCL10553	0.039617447224894506	0.030152205484600725	0.23115836746935084	0.655939114108755	0.043132865712398896
DLBCL11478	0.41549631922804087	0.04286559897827121	0.4867878086936176	0.04390622281202299	0.010944050288047317
DLBCL10909	0.056767978953156474	0.02134686621286062	0.055732158351636134	0.539260110074282	0.32689288640806485
DLBCL10908	0.0625790281758989	0.11540909759243903	0.6373323517179736	0.05831396491841744	0.126365557595271
DLBCL_RICOVER_866	0.04456709962011022	0.024156791879672956	0.5561023195064657	0.357962418160587	0.017211370833164187
DLBCL_MC_F362_MJB1	0.021160901159325732	0.19814663957750955	0.679052008607979	0.02301699136963481	0.07862345928555091
DLBCL11510	0.5127132518179631	0.2222489284783089	0.036240835320064724	0.05003112196900725	0.17876586241465603
DLBCL11466	0.07358919598372583	0.3543418342843616	0.07328906993228584	0.43100395555917137	0.06777594424045542
DLBCL11449	0.027573366192236923	0.7541544614407494	0.04002349810661531	0.01867847188906832	0.1595702023713301
DLBCL10846	0.05105730693490476	0.8627754866701803	0.0170980449664803	0.034656384940282024	0.03441277648815255
DLBCL10513	0.10168779323302218	0.06102461543197676	0.09830200736127628	0.7227698948143493	0.01621568915937553
DLBCL11479	0.04356582227009973	0.7666028107560918	0.1241764251197049	0.026109079272562733	0.039545862581540824
DLBCL_RICOVER_1046	0.010706227639095236	0.6780609921704474	0.24511035404375456	0.023380069901436446	0.04274235624526647
DLBC_FF_A7CR_TP_NB	0.022378734671109676	0.007160380642765998	0.013524614845777891	0.031746433653508356	0.9251898361868381
DLBCL11663	0.7709566093413055	0.0445934882850686	0.0691571099536934	0.08154112746172583	0.03375166495820665
DLBCL10517	0.010274685036914803	0.811473423252044	0.13207795763060498	0.028170128349460165	0.01800380573097603
DLBCL10565	0.025131911766017895	0.020221804678100423	0.8844917960835159	0.05941337239435491	0.010741115078010833
DLBCL_RICOVER_274	0.035740251203425784	0.07119643472493492	0.03378852679248907	0.7912065521446391	0.0680682351345111
DLBCL_RICOVER_440	0.017565922602571244	0.8030762419631657	0.14627443272389187	0.013425791579821603	0.01965761113054955
DLBCL10549	0.031650652414191044	0.6528770639193034	0.26929054841969113	0.031891466697531665	0.01429026854928276
DLBCL_RICOVER_1204	0.029603495331527944	0.043082967691564694	0.08458107410882765	0.542756748861927	0.29997571400615275
DLBCL11591	0.011471266275777083	0.8778988792635384	0.08710481042781265	0.010609088288573206	0.012915955744298662
DLBCL10895	0.012077319501623945	0.09596718550905457	0.02287586904829375	0.01683130638810451	0.8522483195529232
DLBCL_RICOVER_583	0.010765356224076927	0.8323583895921902	0.03920758384175208	0.01318734210941853	0.10448132823256227
DLBCL10964	0.02154786361547187	0.0526220964213752	0.019623999036105354	0.14455883208724835	0.7616472088397992
DLBCL11437	0.04597409939160338	0.010912544058367174	0.052602399829812636	0.7938880973339301	0.09662285938628673
DFCIDL009_DT	0.012386767321002266	0.0662294748285838	0.8913111236670951	0.02003955053972349	0.01003308364359538
DLBCL11501	0.7053846113867029	0.18935677168232104	0.02436992983149451	0.03922057915815677	0.04166810794132474
DLBCL_MC_F064AB	0.015083649730670924	0.011344231442626215	0.9011743427580643	0.058685184818920544	0.013712591249718051
DLBCL10548	0.7424199434938302	0.08171341900748054	0.016855013213724186	0.12467124474497572	0.03434037953998934
DLBCL11470	0.9402308252749763	0.004256906544545221	0.011888073798598643	0.034179790411850756	0.009444403970029092
DLBCL10472	0.03217118999217508	0.01750137483145633	0.8218962840145155	0.11725760847499425	0.011173542686858787
DLBCL11208	0.009670627065605933	0.9499045661554624	0.019162179051551508	0.009864602162810472	0.011398025564569701
DLBC_FF_8042_TP_NB	0.007732046919571	0.04913393866192487	0.031796525669778856	0.03461542360593817	0.8767220651427872
DLBCL10947	0.018310318146191825	0.9332095672071172	0.012756734621156715	0.005840155890404872	0.029883224135129408
DLBCL_LS4054	0.01571401461337452	0.9272907066050192	0.01658680267895615	0.023384524837084444	0.017023951265565666
DLBCL_RICOVER_173	0.011569409442200959	0.009894105859150654	0.01185357603545438	0.04518579745282763	0.9214971112103664
DLBCL11651	0.015613155904858176	0.014550489064419306	0.8875778174303621	0.040728626182379525	0.041529911417980896
DLBCL_RICOVER_335	0.012030812445477252	0.9515700948992666	0.010139222085363187	0.018077952615642972	0.008181917954250047
DLBCL_C_D_1151_NULLPAIR	0.04595823542558992	0.016951978109627418	0.03528098751631394	0.8832025508705614	0.018606248077907228
DLBCL11196	0.02954241438077338	0.011004167309086241	0.03508655250304992	0.8871330782137501	0.03723378759334038
DLBCL_C_D_1157_NULLPAIR	0.011048670884909146	0.006915494921919732	0.9619528304898698	0.014786457973662752	0.005296545729638625
DLBCL10939	0.04050945834007851	0.01190353904460663	0.031856603480619014	0.8862868327174903	0.029443566417205514
DLBCL11460	0.03248903766822167	0.014876213938487367	0.031667253778857776	0.8993219874804798	0.021645507133953364
DLBCL11672	0.009310457121609717	0.008045947532275558	0.9544789206021174	0.02062948665275296	0.007535188091244439
DLBCL11459	0.03348906464324026	0.01224165753238942	0.03051761258616016	0.8989017497566028	0.02484991548160739
DLBCL_MC_F089_HCZ	0.003531848420420722	0.9640983127169006	0.014837641452187859	0.0077206781972901425	0.009811519213200691
DLBCL10485	0.023425750698952922	0.17174505351294114	0.017489435025395746	0.017303707505586644	0.7700360532571235
DLBCL10994	0.8173142821322493	0.047164938204508663	0.01828882329792866	0.03709040301024857	0.08014155335506473
DLBCL_RICOVER_288	0.008404497346405691	0.977691337831355	0.005118174354029183	0.004764441559096744	0.004021548909113374
DLBCL10925	0.016819919784825256	0.02263221359902716	0.007055776819664202	0.02912250206750968	0.9243695877289737
DLBCL10522	0.014543040930620442	0.00936892334396797	0.9504702854699678	0.01637503694727993	0.009242713308163831
DLBCL_C_D_1133_NULLPAIR	0.007531047512828371	0.015434040851514615	0.9598903139235196	0.011248233829640113	0.0058963638824972376
DLBCL_RICOVER_678	0.0034125208089972694	0.9866160330768031	0.0029944956060321375	0.002224344987585842	0.0047526055205816065
DLBCL10843	0.9329872506323453	0.006318297979135277	0.00983588996094904	0.0390729264722569	0.011785634955313448
DLBCL10451	0.8298466789923671	0.01643669069265852	0.117500741784002	0.025470963741367796	0.010744924789604567
DLBCL11481	0.9473571109536841	0.0054884019067342705	0.021060177047514207	0.015165193471224275	0.010929116620843058
DLBCL10521	0.012458049440732874	0.11824341283450332	0.011271745972988554	0.014388275532476456	0.8436385162192988
DLBCL11004	0.006187547516040764	0.008765387303645258	0.007214780376815025	0.022776539664844307	0.9550557451386547
DLBCL11685	0.005484249524516088	0.007679545911092444	0.9608510694265178	0.013963991143260586	0.012021143994613117
DLBCL10542	0.9118565268953736	0.005775336069566985	0.014948226585094095	0.02258067001246741	0.04483924043749795
DLBCL11569	0.0052327056965686585	0.012637972976857387	0.9673175543013008	0.010929586413212091	0.003882180612061036
DLBCL_LS1065	0.0014172440081010648	0.9934188566245833	0.0020512367986202126	0.001452339966587731	0.0016603226021076813
DLBCL11507	0.009213154078421505	0.9545272447583513	0.022061536519067903	0.006353249040706678	0.007844815603452644
DLBCL_LS951	0.9149644404850786	0.02156963725407784	0.022334794906606913	0.034122527534159335	0.007008599820077229
DLBCL11500	0.005040947929267328	0.005654815151016184	0.007187593063388798	0.011286360393148709	0.970830283463179
DLBCL10519	0.007160158378334464	0.9626497547676354	0.016717734354264536	0.008222961619013187	0.0052493908807524905
DLBCL_LS146	0.0006066888430790243	0.9967630452152245	0.0011876259774400992	0.0005425028427375453	0.0009001371215188649
DLBCL_C_D_1129_NULLPAIR	0.9753660294970395	0.0031366002928757773	0.0053589018856698735	0.00808554218588948	0.008052926138525355
DLBCL11476	0.008267031280387966	0.01951230963472337	0.005121410837277212	0.006787699569774503	0.960311548677837
DLBCL_C_D_1135_NULLPAIR	0.004659393844228969	0.9831259492339679	0.004495020009258826	0.003780423945747746	0.003939212966796592
DLBCL_RICOVER_174	0.0018733022996407541	0.9932722082962055	0.0022058347948148136	0.0012426138674434127	0.001406040741895472
DLBCL10900	0.006570621090443033	0.004625688824786346	0.004338247867424593	0.01018882757692989	0.9742766146404161
DLBCL_RICOVER_1219	0.002418614808409419	0.004980836838277738	0.003540515819538819	0.007352146966988064	0.981707885566786
DLBCL10977	0.002364556410597796	0.0023583164389309563	0.002572495089779573	0.0036308553083230426	0.9890737767523686
DLBCL10860	0.0019497757927766973	0.0036107382546334125	0.003506975414414099	0.004612722782621672	0.9863197877555541
DLBCL_RICOVER_1192	0.0027804337948938657	0.006094864574755986	0.00394911061424247	0.004373623641701447	0.9828019673744063
DLBCL10996	0.9927259841088197	0.0008518012629623378	0.0019886470987206316	0.0026883598589348074	0.001745207670562452
DLBCL_MC_F519_ALT	0.0018108498577637147	0.0037799370884691154	0.0017399194860425447	0.0029877843351695777	0.989681509232555
DLBCL_RICOVER_829	0.9732325964889468	0.004485341816269232	0.003627412543339669	0.01253301350524024	0.006121635646204037
DLBCL_RICOVER_826	0.9798519876491264	0.0027034557735544367	0.002936310413740811	0.010134548879001722	0.004373697284576633
DLBCL10884	0.9766011805052549	0.0029757050437719357	0.004402920591196165	0.01197284685370413	0.004047347006072914
DLBCL11677	0.9945143173040892	0.0006852048611937237	0.0012086855242831943	0.002303111047413479	0.0012886812630204059
DLBCL10897	0.9855957421284712	0.002494993302438784	0.0021902784122447196	0.005982629655449107	0.0037363565013961097
DLBCL_MC_F132_MLM	0.9904101581703942	0.0014021757239841865	0.0014455171994114879	0.004713214659964504	0.0020289342462456303
DLBCL10458	0.993768665815231	0.0009556341749513935	0.001356527395030057	0.002883658464255814	0.0010355141505316808
DLBCL10955	0.24482407284306587	0.10425020928560283	0.1167009197965386	0.2992101079370306	0.23501469013776208
DLBCL11432	0.6255379270909824	0.007522228950844555	0.1273088798819795	0.19071767214660726	0.048913291929586274
DLBCL_MC_F496DMP	0.2860160115141685	0.14695761068125512	0.49153865874161823	0.05555733908936242	0.01993037997359567
DLBCL_C_D_1138_NULLPAIR	0.025137715450652996	0.4802057107145876	0.23001611241327624	0.13306049249057814	0.13157996893090498
DLBCL10501	0.011488720114951731	0.32760908209689577	0.5831818783989855	0.04423698423510465	0.03348333515406236
DLBCL_C_D_1148_NULLPAIR	0.4475989120488689	0.012848834064818215	0.15016282934447453	0.3639559370218068	0.02543348752003151
DLBCL_LS4619	0.020912264631639234	0.16867020304396038	0.48144845612488	0.0862818306712294	0.24268724552829105
DLBCL_RICOVER_1278	0.10279982669801578	0.023941501992105655	0.03834562630279126	0.30567278326326197	0.5292402617438253
DLBCL_RICOVER_1045	0.36237865002571834	0.030660832106943054	0.029615105603975744	0.5354663350020159	0.041879077261346945
DLBCL_RICOVER_711	0.4493238913843524	0.16142777851007245	0.024833263068129816	0.33330586604070633	0.031109200996739018
DLBCL11430	0.6922521294820098	0.013695739779099715	0.057614441685116646	0.21996559901533766	0.016472090038436114
DLBCL11681	0.5574916283914813	0.011980409023234514	0.27047614011457066	0.10789990615508524	0.052151916315628384
DLBCL10867	0.032706790416060776	0.3127343346251719	0.022155702214575936	0.0554479191521505	0.5769552535920409
DLBCL11519	0.5634957775230518	0.03724558225070713	0.04467444804917816	0.33702919502451484	0.017554997152547987
DLBCL_RICOVER_1018	0.058967255001100644	0.24750659389208587	0.04590150307071133	0.5658230480981274	0.08180159993797469
