	0	1	2	3	4
DLBCL_MAYO_DLBCL_3653	0.37705884402232565	0.09609522237607193	0.12297604405835807	0.2293017102914442	0.17456817925180015
DLBCL11467	0.23088061280561184	0.09949999725179366	0.23917626522100727	0.14891894993647425	0.28152417478511305
DLBCL11471	0.2680438397040656	0.2847995603023918	0.13789207567190837	0.23256941081881008	0.0766951135028241
DLBCL10969	0.5392084485343175	0.13905046309739738	0.24701102477343553	0.04828001258102479	0.026450051013824777
DLBCL10869	0.4754627889515019	0.11374847667723895	0.22921226817492876	0.09131601177966979	0.09026045441666053
DLBCL11515	0.04118390920682528	0.19719140849946612	0.39061707943085355	0.02322975777682556	0.34777784508602955
DLBCL_LS1668	0.0074973846726863825	0.3696250858475453	0.2738374372305247	0.24388561665598088	0.10515447559326271
DLBCL10970	0.07641940152755895	0.4204064646925579	0.09478680654320507	0.3820354299166436	0.02635189732003456
DLBCL10971	0.10313981302266136	0.5433566674163915	0.06024326944240487	0.1033878963106951	0.18987235380784714
DLBCL_C_D_1109_NULLPAIR	0.30201876479972634	0.02115787707522707	0.01055611156865924	0.4552889054443257	0.2109783411120618
DLBCL11512	0.7620631923818015	0.08790771156184052	0.02879035581438997	0.11640269170040127	0.004836048541566731
DLBCL11472	0.47832881049231424	0.007781402304360546	0.10592459183225861	0.3452202811210171	0.06274491425004951
DLBCL11469	0.017942355355009355	0.11786254143214805	0.49195620691075226	0.03482684440061558	0.3374120519014748
DLBCL10997	0.6653286475890957	0.022589529055352355	0.021148237421472177	0.2517072079331087	0.039226378000971035
DLBCL_LS2590	0.09898950386072673	0.006771196912906531	0.025278298923116685	0.4216425408229362	0.44731845948031396
DLBCL11468	0.06709825014714285	0.02039894510490764	0.4076467359744132	0.4565581273727692	0.0482979414007671
DLBCL10902	0.012245526350719092	0.21443740035874084	0.13669331660219894	0.020947935967478147	0.615675820720863
DLBCL_LS2325	0.0101147495668366	0.6053561453722824	0.3295478953436771	0.0211414207505249	0.03383978896667898
DLBCL10957	0.5849289323767516	0.03396947126552175	0.24692121586709118	0.12093603112746322	0.013244349363172253
DLBCL10907	0.24814391247285064	0.4861674015470214	0.004818983342340773	0.14814461232793527	0.11272509030985192
DLBCL11436	0.17777652254161805	0.5146659597881453	0.07215329207093411	0.1349397630555099	0.10046446254379263
DLBCL11480	0.49807133360891326	0.030283506467622717	0.05314997631659642	0.04604577906864696	0.3724494045382206
DLBCL_RICOVER_320	0.13429350790846767	0.1439763178957188	0.5926671184513181	0.09001578963871631	0.03904726610577906
DLBCL10873	0.03177924322046766	0.46893955462636955	0.0940159743110339	0.38555828737614967	0.019706940465979383
DLBCL_RICOVER_773	0.021728102370290533	0.16604866452253866	0.25088580330181026	0.012231181904146444	0.5491062479012141
DLBCL_RICOVER_1060	0.07938947204831927	0.42795451977755156	0.05447669052322137	0.03296570521209001	0.4052136124388177
DLBCL10927	0.39148909006649607	0.017518853126855517	0.04107843469056209	0.5378593866252555	0.012054235490830885
DLBCL11652	0.6572077486240734	0.14505474751227265	0.034307176670742325	0.029935332152096053	0.13349499504081566
DLBCL10915	0.21006168755919538	0.3020564396982368	0.03709765068791012	0.03257202324501157	0.41821219880964594
DLBCL10935	0.4866377293678399	0.4311598721487602	0.012731555270460021	0.04313757123856686	0.02633327197437302
DLBCL_MC_F218_RAP	0.6681248078596236	0.012403866755088094	0.05133680895769363	0.2566333666124762	0.011501149815118546
DLBCL11541	0.05300119355459401	0.16044482884939507	0.5882020935375473	0.029265721705274403	0.16908616235318932
DLBCL_C_D_1115_NULLPAIR	0.08718445568790148	0.06974486322798924	0.08200151486814038	0.7331054692940615	0.027963696921907335
DLBCL11458	0.16342557875659489	0.13567478869602223	0.6516011963207042	0.02651799271045663	0.022780443516222038
DLBCL10527	0.014468046100144684	0.028124450896399606	0.09056745013521844	0.7835472115595852	0.08329284130865201
DLBCL_C_D_1118_NULLPAIR	0.4077419970686893	0.5002211844477896	0.01814659176246862	0.058409719164050945	0.015480507557001519
DLBCL10954	0.028594853301561845	0.7582690478004631	0.02362666070344111	0.02874768015918466	0.16076175803534923
DLBCL10934	0.022046348043771	0.7375708649339129	0.014682312973706238	0.1382531448384618	0.08744732921014814
DLBCL10980	0.011442010267551966	0.19902604706452418	0.027025597633690567	0.027813344279816053	0.7346930007544172
DLBCL11484	0.06919024817024584	0.6833948503490546	0.10026408736497935	0.0248382080924626	0.12231260602325761
DLBCL11474	0.6902400087853843	0.009228541402773087	0.03173467961724054	0.23921062359816692	0.029586146596435128
DLBCL10849	0.02585940721051433	0.775413553438625	0.015195039492849368	0.007865569920492954	0.17566642993751844
DLBCL10457	0.011197077166153124	0.16787882937720383	0.07406791957490218	0.06514394623269532	0.6817122276490456
DLBCL11566	0.02289270894161825	0.24604609176512934	0.6826914593989498	0.0393036069484479	0.009066132945854668
DLBCL10837	0.08420848443412968	0.016719518713335248	0.09964299023251902	0.07020714017011156	0.7292218664499045
DLBCL10509	0.7803637146205418	0.1301448298375856	0.013435899817407893	0.057826115027547746	0.0182294406969171
DLBCL11495	0.055354830892493996	0.006801039528309689	0.018336951183801336	0.14908036444529804	0.7704268139500969
DFCIDL004_DT	0.5642062712909405	0.011576778661909965	0.03188553900580014	0.1369613388589776	0.25537007218237184
DLBCL10495	0.6009451228909072	0.3212328696460754	0.022701223615030113	0.015520279886662998	0.03960050396132431
DLBCL_RICOVER_151	0.033609579943446995	0.15595442494115527	0.022861139089859456	0.7599267803633439	0.027648075662194398
DLBCL11673	0.04712668998483863	0.7875352355830884	0.07678259735508322	0.06033009129483538	0.028225385782154444
DLBCL10973	0.09232100042736008	0.030550825515870392	0.6600570462994757	0.12841783407587942	0.08865329368141442
DLBCL11473	0.7105058014666892	0.04809070086569894	0.020346605392656033	0.20018114410685245	0.020875748168103322
DLBCL10885	0.033308825239771356	0.8936621977113699	0.007018559821396177	0.015209783522690534	0.05080063370477203
DLBCL10961	0.004051850945759437	0.12586135183471195	0.02950537675366056	0.05172908780021583	0.7888523326656522
DLBCL_LS1395	0.008902843574457201	0.0678228663167918	0.8925845175911945	0.013553694705510043	0.0171360778120464
DLBCL10564	0.01271222102129356	0.022968953596230145	0.03572818849698495	0.896294929568069	0.03229570731742233
DLBCL10918	0.6914188250399146	0.03979246943285661	0.009583826327485749	0.02847217544978335	0.23073270374995963
DLBCL_RICOVER_1190	0.7903880757521489	0.07687873523588501	0.03713398029705623	0.0204061852942372	0.07519302342067266
DLBCL11003	0.05837853146071793	0.22110585598297194	0.02915334852391189	0.024060777009927262	0.667301487022471
DLBCL10781	0.007559137867256634	0.0323427679228277	0.01661297049194062	0.0545706913444519	0.8889144323735232
DLBCL11195	0.009608124278677972	0.19573173586502654	0.017815238726912222	0.03331790979406533	0.743526991335318
DLBCL_RICOVER_338	0.10077782576596157	0.007288388483283193	0.06619937101538818	0.8071994737090178	0.01853494102634929
DLBCL_MC_F500_ECU	0.015095273562105225	0.8963165346602059	0.024616407245356617	0.016816366272680173	0.0471554182596521
DLBCL_LS4616	0.00993609585787237	0.13473448184922307	0.803069719045343	0.0401853299614172	0.012074373286144432
DLBCL11439	0.10114337143063473	0.01294163545596481	0.7955542260677547	0.06828785518528548	0.022072911860360277
DLBCL_RICOVER_467	0.006927789626445011	0.7516708856152792	0.021457737220820634	0.012818104519573421	0.20712548301788172
DLBCL11525	0.02380333606888419	0.019364898991747863	0.853560077917148	0.09360889025519817	0.009662796767021777
DLBCL_LS4593	0.01122190064893354	0.02606435561909756	0.9051446554114984	0.03982475906497488	0.017744329255495662
DLBCL_LS3204	0.035143846168411104	0.8330033785400492	0.05162554914705685	0.06668801395868816	0.013539212185794666
DLBCL_RICOVER_1032	0.004250486183767639	0.06406864953864343	0.015503309765506732	0.01533511347732677	0.9008424410347554
DLBCL_RICOVER_1287	0.025684041155253086	0.08134216394336256	0.029376302997190774	0.03595316481698022	0.8276443270872134
DLBCL_RICOVER_401	0.020275197215085576	0.8206057835101596	0.1376711656856267	0.013820344948815825	0.007627508640312386
DLBCL10899	0.03131285162858347	0.06048307456765173	0.005290208642785865	0.036804297500395274	0.8661095676605837
DLBCL10544	0.026395356921246338	0.004747115262100636	0.02362499040282303	0.8780805805471561	0.06715195686667394
DLBCL_RICOVER_701	0.04398859397804769	0.006080195404266699	0.027347475919648433	0.9039306922649456	0.018653042433091585
DLBCL10965	0.053484245988761996	0.003311445590052	0.03513260828617519	0.8489778623701463	0.059093837764864494
DLBCL11486	0.8964398628696586	0.015238334744933807	0.007158735744481035	0.02994729093552108	0.05121577570540552
DLBCL10993	0.813585930706332	0.007137325713861687	0.03293453129585409	0.04968888370458185	0.09665332857937041
DLBCL_LS3200	0.009598189712973465	0.08596149165687397	0.007507756066064235	0.021344085113754456	0.8755884774503339
DLBCL10480	0.037415395388937414	0.9291644718738721	0.008842096657334925	0.006567133445090126	0.018010902634765423
DLBCL10848	0.015491712189286274	0.0029799993432978204	0.015638346237616882	0.025047351668857857	0.9408425905609412
DLBCL_RICOVER_533	0.008455596449251592	0.9670620484343944	0.010845253410250123	0.010419804066937727	0.003217297639166139
DLBCL11564	0.021726296492457414	0.008873941141723364	0.011533236641718929	0.9326381031627085	0.0252284225613918
DLBCL_RICOVER_850	0.005131581403422344	0.019371542021137927	0.00923736926096918	0.0176867012896939	0.9485728060247767
DLBCL_LS378	0.9527961999176227	0.01432939348318433	0.013583145723335851	0.009548138360322823	0.009743122515534343
DLBCL10896	0.9170281666451218	0.01652312971144277	0.005273951858288877	0.04603675297325356	0.015137998811893084
DLBCL_C_D_1141_NULLPAIR	0.005340013861066325	0.018266338881290728	0.9522744029592921	0.013992894328683668	0.010126349969667211
DLBCL_LS2089	0.004724759600564575	0.937907428606112	0.011833165248216383	0.003937829521269711	0.041596817023837315
DLBCL_RICOVER_1289	0.006387526759650717	0.004146009511088895	0.016303154758882638	0.01986800876890979	0.9532953002014679
DLBCL10999	0.002951150888665099	0.00821625365556703	0.008508740849129856	0.016703122504394728	0.9636207321022433
DLBCL10554	0.010616435243062008	0.00919294034329481	0.9553980791260651	0.02058575584613107	0.004206789441446973
DLBCL11669	0.01424558905451599	0.015089786294891886	0.9403195681469557	0.02385818351821988	0.006486872985416576
DLBCL11656	0.008882312029023341	0.005738075047410619	0.9467521290515611	0.020448930331641094	0.018178553540363858
DLBCL10903	0.006530737042705843	0.9694114219902168	0.012318287563112902	0.0038791032309163963	0.007860450173048069
DLBCL11477	0.9683612785794667	0.006037731882864666	0.0042297949587700705	0.011230435224259537	0.010140759354639031
DLBCL10530	0.0026725481880047353	0.016090976345419082	0.00406542829733356	0.008064485592572565	0.9691065615766701
DLBCL10901	0.007021266139318026	0.009168358173926075	0.004246805809031371	0.011467463425295758	0.9680961064524288
DLBCL_LS1757	0.9722581863707355	0.006961238228473023	0.0038602416323569376	0.01050591848127116	0.006414415287163359
DLBCL11203	0.0014677325782940722	0.9899307707147034	0.00200031740195463	0.003725216887339247	0.0028759624177087093
DLBCL_C_D_1130_NULLPAIR	0.9615091896250206	0.0102343226034839	0.0027154264962353644	0.015373691813611218	0.010167369461648916
DLBCL10862	0.009580416881888617	0.028009665676932576	0.007711679839373142	0.006296480471401871	0.9484017571304038
DLBCL10880	0.01320114836070956	0.009891108685143984	0.0037377894099434555	0.006588201343014301	0.9665817522011887
DLBCL_C_D_1136_NULLPAIR	0.0010232572335049242	0.9931366553898315	0.002079752745655351	0.0015760090531228026	0.002184325577885407
DLBCL11670	0.004867177193464541	0.010880199391884763	0.9586984680578857	0.01336254301652859	0.012191612340236439
DLBCL10459	0.0035393798773062654	0.011120951164361502	0.9530512491630729	0.019285739578568634	0.013002680216690632
DLBCL10889	0.0023580633629992727	0.0035795715265754323	0.004790791290171796	0.006340214485215809	0.9829313593350377
DLBCL10834	0.003650266509538329	0.9912928080365835	0.0022615230500875405	0.0014699825650768882	0.0013254198387137597
DLBCL11188	0.0007739702144305981	0.9968133621872187	0.0008296987165339157	0.0007407627361725622	0.0008422061456441642
DLBCL_RICOVER_417	0.0019534009943676964	0.005382100776240724	0.0023288022375139036	0.0042245057868149595	0.9861111902050628
DLBCL10864	0.0012851788615906299	0.0017717122040132867	0.0015702441620221446	0.0027733502814277517	0.9925995144909462
DLBCL10550	0.001961433612344707	0.002044186344196222	0.0015524883363549078	0.0019192719840255693	0.9925226197230786
DLBCL10986	0.48224226708389967	0.06046452883283632	0.21541199119000015	0.08820340559759662	0.15367780729566716
DLBCL10487	0.32473133991139114	0.46272724620537914	0.015455312404671854	0.16712134733418868	0.029964754144369016
DLBCL11441	0.33484429522977804	0.023729238812180312	0.08320853788446529	0.19904995397101727	0.3591679741025589
DLBCL_LS2245	0.09628391836665609	0.320553809132781	0.5383295908707137	0.02927085782163875	0.015561823808210407
DLBCL_LS762	0.029653022262713817	0.04337495338520418	0.34215110220060885	0.0905039315599759	0.49431699059149725
DLBCL_LS3809	0.6821163499706514	0.10366876562799085	0.010723905330902611	0.03583107952411217	0.16765989954634306
DLBCL10503	0.06800200981010635	0.1743044862384605	0.5425031427016233	0.033018290412006795	0.18217207083780312
DLBCL11433	0.10645806383483598	0.009363065401677537	0.07669520491965683	0.5436904959539522	0.2637931698898774
DLBCL10974	0.038286377737267396	0.011336230426255504	0.10374122705828077	0.5214058423155543	0.3252303224626421
DLBCL10838	0.02275265551291149	0.5923409824799283	0.012487978994622943	0.017953182131155838	0.35446520088138145
DLBCL10959	0.7189276167316795	0.02899211205974721	0.018952116865925232	0.20701810577783863	0.026110048564809387
DLBCL_RICOVER_1329	0.05072484489888565	0.48814316559725407	0.039516247002615267	0.013936254786140655	0.4076794877151042
DLBCL10782	0.2531322098880638	0.0705063846249279	0.014260855198021644	0.6458725515614844	0.016227998727502267
DLBCL_BWH_DLBCL64	0.4793353832906567	0.21445788909176278	0.046516756067905535	0.2515072279845279	0.008182743565147036
DLBCL10932	0.26783411789540995	0.014862987508601674	0.014136906788541199	0.6501016505167917	0.05306433729065548
DLBCL11590	0.14432070611259898	0.01754371668830938	0.596411616631707	0.09291476486841478	0.1488091956989698
DLBCL_LS2328	0.032563111328647004	0.3175165365320257	0.6177149171431844	0.02360530811590929	0.008600126880233544
DLBCL_C_D_1112_NULLPAIR	0.025129314791139112	0.09783168317953828	0.6910103466868627	0.15166825178508536	0.03436040355737452
DLBCL11504	0.639903387959581	0.0708863192937102	0.039819551327179806	0.11792747440442555	0.13146326701510336
DLBCL10914	0.5820820650167661	0.07059642569821024	0.15694020680174398	0.08067445285327993	0.10970684962999978
DLBCL_MAYO_DLBCL_234	0.05903091576001225	0.006903606447745244	0.7844208584621684	0.07652200515110576	0.07312261417896836
DLBCL11455	0.25903479397311624	0.02280619054186006	0.08229193047759857	0.5745652847958428	0.061301800211582304
DLBCL10780	0.009678175455770087	0.7381373549808392	0.1784919523036154	0.057068381313808474	0.016624135945966758
DLBCL10904	0.02815558543676905	0.14839492767389148	0.033850881950647546	0.022188770129805312	0.7674098348088866
DLBCL10492	0.7860629690399338	0.04415620866908608	0.008448652448660339	0.03232864391403935	0.1290035259282804
DLBCL10566	0.04498609032758142	0.34967483088892276	0.05723893124472403	0.026814482260985678	0.5212856652777861
DLBCL11536	0.014067271960843966	0.6788600568465193	0.05617545833515802	0.22312234285241908	0.027774870005059616
DLBCL10450	0.20285303569832563	0.16060679003164896	0.005571982498974503	0.12500267879124594	0.5059655129798049
DLBCL10981	0.03349423059492991	0.6961249248854897	0.015749670794109914	0.21387948457389616	0.0407516891515743
DLBCL_RICOVER_314	0.009462396444640869	0.7024535280183495	0.058222736356210475	0.1153752223411758	0.11448611683962333
DLBCL_C_D_1103_NULLPAIR	0.04520823221598904	0.12659556252464435	0.06775153754312815	0.7477770260162279	0.012667641700010586
DLBCL11429	0.7247792704640049	0.0034844982057055875	0.043355027462391164	0.16051626309994732	0.06786494076795098
DLBCL_RICOVER_950	0.06844231919629726	0.010327190799429219	0.11278536372695022	0.7931171140062094	0.015328012271113817
DLBCL_MC_F739_AMA3	0.009853364380820859	0.7532437630975078	0.18894733823092788	0.038610564690471985	0.009344969600271393
DLBCL11206	0.028887882435891993	0.7513415881742581	0.04226379522626116	0.008825873152425903	0.16868086101116278
DLBCL10490	0.4270785867308053	0.09987119512016343	0.008284176611599525	0.13974295380756965	0.3250230877298622
DLBCL10871	0.02862875643943702	0.6789407103649255	0.027529972068113376	0.05437039336327385	0.21053016776425018
DLBCL10539	0.0291159659708612	0.5643625941215592	0.0205519341278828	0.2463402995697122	0.1396292062099846
DLBCL11679	0.13372463575469673	0.8000605560456635	0.03120886523916807	0.030232197210014116	0.004773745750457638
DLBCL10906	0.030564852093281112	0.2941647227877189	0.02061191285530995	0.029590037354477555	0.6250684749092125
DLBCL10894	0.0552877145430237	0.8999522247359624	0.00946487546068375	0.029412228940373226	0.005882956319956907
DLBCL10453	0.01019231954880953	0.13208219122977627	0.059545669315717156	0.01703068089178907	0.7811491390139079
DLBCL_RICOVER_299	0.006923610683033566	0.687121121163818	0.25462178077770453	0.013745331376519943	0.03758815599892399
DLBCL11542	0.01124147126730273	0.08724710968969689	0.8202872680193136	0.07444849179552814	0.006775659228158621
DLBCL11482	0.8035214281785619	0.005056333340184231	0.07714093596135783	0.08132819848538576	0.03295310403451027
DLBCL11518	0.8099346392413536	0.083498656722739	0.0665882463689153	0.02368665060968393	0.016291807057308264
DLBCL_RICOVER_408	0.05731096800720162	0.7365034415686318	0.12553596584770407	0.07401636943737785	0.006633255139084621
DLBCL11498	0.07560162778210759	0.8925685145820521	0.008957994793775077	0.013164971565685019	0.009706891276380185
DLBCL_RICOVER_361	0.043034879570937816	0.005575947643620026	0.052591432561272786	0.8705049990506838	0.02829274117348553
DLBCL_RICOVER_978	0.8262211508558877	0.006251849164031655	0.08436179687450672	0.059873360939145234	0.02329184216642876
DLBCL10883	0.044174997826807734	0.007093388570964786	0.06771799445666818	0.02610640503537869	0.8549072141101807
DLBCL_LS3245	0.004160717243609239	0.8805073637681802	0.08199904103213902	0.016257230909610065	0.0170756470464615
DLBCL10836	0.01405034682005047	0.002971030636372561	0.007213921812884141	0.020901085037375856	0.954863615693317
DLBCL11565	0.007166772810845303	0.8396059070546259	0.021301117520656932	0.0948723865303636	0.037053816083508224
DLBCL_MC_F139_LJF	0.03786565974691967	0.007823595761130042	0.03775082285790982	0.9079329274548685	0.008626994179171912
DLBCL10887	0.005017660730087755	0.014898950182358634	0.0301782027849882	0.014645153829226324	0.9352600324733391
DLBCL10978	0.017719938921862886	0.013271718674962745	0.04248704558157141	0.9034416427770608	0.023079654044542076
DLBCL_C_D_1126_NULLPAIR	0.03199690731896552	0.8838716926509436	0.040560665730561475	0.006866445865617628	0.03670428843391184
DLBCL11539	0.9149444904116179	0.0038104054538995787	0.015516618838530236	0.057721683309116596	0.008006801986835711
DLBCL10547	0.028746060871883534	0.006365918951937712	0.013155731354501987	0.9366337785605957	0.01509851026108108
DLBCL11662	0.9275177272201001	0.006230030942267087	0.007310768341607453	0.039017074803307655	0.019924398692717716
DLBCL_RICOVER_945	0.8301022410010543	0.04869240651821517	0.04215092072841853	0.056751401338973585	0.022303030413338434
DLBCL_LS1098	0.013796691303051513	0.010635773375268519	0.8711633982717388	0.09362936403950871	0.010774773010432425
DLBCL10502	0.018783991293799065	0.8767355657311398	0.07329899389087974	0.025206504006370287	0.005974945077811157
DLBCL11454	0.8741180748355287	0.038502252516739895	0.015233674287637212	0.06752127684494987	0.004624721515144312
DLBCL10456	0.036909880673304134	0.008744896367676397	0.019690102466117323	0.9221431258677758	0.0125119946251264
DLBCL10950	0.9061476754182359	0.02019330426949261	0.008580799148107292	0.051428703673020576	0.013649517491143619
DLBCL10989	0.013503982654738443	0.8775279515364625	0.013167586759372204	0.03681682293813472	0.05898365611129222
DLBCL11573	0.0072250321175205455	0.033049491694085734	0.9204131738048206	0.03087894257674422	0.008433359806828916
DLBCL10532	0.00658011208847552	0.010566210568152958	0.029823885827606873	0.020492536144904018	0.9325372553708606
DLBCL11434	0.9049978272877195	0.010809995613419509	0.007844467480130521	0.06876322675612812	0.007584482862602406
DLBCL10854	0.004265396105686148	0.015698229547791015	0.013072348260594542	0.038033214622249886	0.9289308114636784
DLBCL_RICOVER_712	0.010418210400213236	0.038513291751791995	0.008694425347883623	0.03342436698173914	0.908949705518372
DLBCL10847	0.012964131495013815	0.05591122542728145	0.018412558641912356	0.00657330644348893	0.9061387779923035
DLBCL_MC_F815_BAT	0.005436794933013244	0.013924268385941446	0.9487937999605527	0.02648916308174042	0.005355973638752225
DLBCL10879	0.006689120298184284	0.010135778979696659	0.9327126294028395	0.025576609709200872	0.024885861610078636
DLBCL11496	0.9030658707026682	0.006614973005790488	0.029485844753042563	0.03706341932455381	0.023769892213945026
DLBCL10913	0.9366449003430112	0.02509896544215268	0.005849727507514534	0.024030973060174335	0.008375433647147226
DLBCL11450	0.012674422282248661	0.032966003502942674	0.012026707651289069	0.07286590053828897	0.8694669660252307
DLBC_FF_8046_TP_NB	0.011132429610941161	0.017652167051435876	0.9417677168989831	0.015395609923420617	0.014052076515219244
DLBCL11537	0.9042231539506883	0.006263552841290393	0.007533450843562243	0.034166887995712804	0.047812954368746226
DLBCL10515	0.954386202885182	0.014088952174720431	0.004122865470541636	0.014090130100599505	0.013311849368956486
DLBCL10498	0.007607283383720883	0.015223023410480405	0.9448183806237872	0.028963754980648338	0.0033875576013631674
DLBCL10857	0.007886853464344193	0.003844941671760167	0.010167608229356074	0.023341741952809282	0.9547588546817303
DLBCL10462	0.8808115960069793	0.006301165298768905	0.015886301941311423	0.04712871894428732	0.04987221780865296
DLBCL10984	0.006096989261609595	0.06119673803744258	0.007807870706163124	0.01470357174320281	0.9101948302515819
DLBCL11516	0.006410877711442788	0.9623899730046537	0.014142900562879165	0.006143698934594476	0.010912549786429904
DLBCL_LS3749	0.00816825559576416	0.9563005499814086	0.014404081509161863	0.017384963290855808	0.0037421496228095714
DLBCL10890	0.004917466953233341	0.012207555658092476	0.015172805763786781	0.012108483001615078	0.9555936886232723
DLBCL11428	0.005672668185189798	0.005246678036899583	0.9751573261080743	0.009963335264269029	0.003959992405567366
DLBCL_MC_F729_MAN	0.00703162877601424	0.9679639426047237	0.013571443688642533	0.00630145576365333	0.005131529166966209
DLBCL_DFCI_DLBCL_GOE16	0.00409316760812056	0.0056743176718584785	0.975031629370885	0.010344983529991228	0.004855901819144734
DLBCL10916	0.00392185563656614	0.01302928767752326	0.006907861369907528	0.01665370454234647	0.9594872907736566
DLBCL10853	0.02306764568515261	0.015759645640599222	0.0027727250065903053	0.01630804621536762	0.9420919374522903
DLBCL11666	0.0028605588034066546	0.0071013917125828455	0.9786976366016705	0.007280642291318855	0.004059770591021075
DLBCL_C_D_1125_NULLPAIR	0.002765811169729053	0.016201296341268042	0.004539153136068348	0.006069514306633174	0.9704242250463014
DLBCL10983	0.004245780200577267	0.9539858187182214	0.006527301851837883	0.0075572856313144065	0.027683813598049004
DLBCL10876	0.003118261753724822	0.013104052848072303	0.00926622524575135	0.007400908389189246	0.9671105517632623
DLBCL10975	0.9580199363510691	0.004305103727039986	0.0035051299151740937	0.024144271760531074	0.01002555824618579
DLBCL_RICOVER_948	0.003303096601141272	0.9655996988138938	0.01936586001514527	0.00290699184622734	0.008824352723592242
DLBCL10924	0.005347872700152027	0.005164222599975209	0.0017849550981396318	0.011327396997180031	0.9763755526045531
DLBCL10988	0.0026523804614796654	0.9811930968291108	0.006305464596265487	0.005372219493627287	0.004476838619516709
DLBCL_RICOVER_1106	0.0024091616150106335	0.008437350617362364	0.005909395917680484	0.012346202448101978	0.9708978894018445
DLBCL10471	0.005263121182921998	0.00969381238067589	0.0023216934932216884	0.005308796511948883	0.9774125764312316
DLBCL_RICOVER_1293	0.005794666723711685	0.0029560489877463636	0.002428762903563599	0.004225703828705175	0.9845948175562732
DLBCL_RICOVER_134	0.002010662065609948	0.007617730961862578	0.0036675002633449255	0.007055084005433402	0.9796490227037491
DLBCL11191	0.9744318769561787	0.004442346229021499	0.0041456941868767356	0.013069574681329214	0.003910507946593838
DLBCL_RICOVER_449	0.005309173373688607	0.002978643276125925	0.002100007870662371	0.0047200150107803	0.9848921604687428
DLBCL10850	0.0035883936677585295	0.9907656046562455	0.002041410834817572	0.0011662469227034134	0.002438343918475
DLBCL10842	0.003793957584771127	0.0032506427667383414	0.004492299497070912	0.008035037781246451	0.9804280623701732
DLBCL10917	0.0014272227394346011	0.994541398296598	0.0012021095135841856	0.0010746589059499947	0.001754610544433123
DLBCL_MC_F927_JHS	0.1791584976220066	0.19793172426886455	0.1688813934209926	0.07978177603110746	0.37424660865702863
DLBCL11663	0.3824399536769524	0.07357453313708141	0.3053606437381546	0.12156827152938542	0.11705659791842615
DLBCL10908	0.21108188687774565	0.12549282595354616	0.36079950868908306	0.06156235502258762	0.2410634234570375
DLBCL11446	0.1647412191622199	0.5309348413179613	0.1309296676395261	0.09005031236284598	0.08334395951744665
DLBC_FF_A7CX_TP_NB	0.3819524045699374	0.03673541305929806	0.07115323807065291	0.06195304896660862	0.44820589533350297
DLBCL_RICOVER_216	0.08769043986768946	0.09816262241132376	0.14896114416466924	0.043515898500529664	0.6216698950557878
DLBCL10939	0.2658274048978438	0.009957425821497006	0.016748731356793046	0.6553014648200979	0.05216497310376832
DLBCL11460	0.2742542340174909	0.034051330558714475	0.01332910831940146	0.6460022439019859	0.03236308320240728
DLBCL_RICOVER_274	0.010190450265505037	0.09410139349710002	0.0504532104667857	0.4384658193179738	0.4067891264526356
DLBCL_LS951	0.3697790195545341	0.22803626485161074	0.11889611869840677	0.2690716774150789	0.01421691948036951
DLBCL_C_D_1117_NULLPAIR	0.12515686662202255	0.3405439984803406	0.036134306238785774	0.485005412137368	0.013159416521483091
DLBCL10925	0.050019197150648835	0.1640652900854404	0.00815364857207616	0.14754173847594315	0.6302201257158914
DLBCL_C_D_1140_NULLPAIR	0.10928957374740313	0.07498789587354722	0.1463169808355953	0.08637488916816037	0.583030660375294
DLBCL11449	0.02895957622893972	0.38130377782732533	0.028361813343644036	0.04182746072207179	0.5195473718780191
DLBCL10548	0.24538051719028203	0.4839076510211645	0.014448686200139043	0.23327669702948967	0.022986448558924816
DLBCL_RICOVER_111	0.1734392037189345	0.027028930850124665	0.22260843943184772	0.09440232141290969	0.48252110458618336
DLBCL10485	0.03875008581137642	0.3362985123183775	0.006784998986859243	0.031750786838127286	0.5864156160452596
DLBCL11481	0.7381748395067584	0.019977223494847964	0.12884815455668072	0.08936659560702565	0.02363318683468721
DLBCL_RICOVER_440	0.007801909338086473	0.2002163393302818	0.7369337824624876	0.0243383058319501	0.03070966303719396
DLBCL_RICOVER_258	0.5998670308528645	0.021716654251269726	0.19631940099177458	0.046914744591673364	0.1351821693124179
DLBCL11657	0.2939183061082713	0.3733984182786412	0.10607462548718291	0.16865868490089436	0.05794996522501026
DLBCL11510	0.4702257990606769	0.18378989232801832	0.046690638184722	0.07775107862713694	0.22154259179944566
DLBCL11202	0.18225960243022998	0.07077359217353045	0.5958532001749786	0.14661174915909775	0.0045018560621633025
DLBCL10994	0.4942356368127167	0.33202328061597464	0.02651831410412323	0.0532297986451145	0.09399296982207096
DLBCL10513	0.28153170150355317	0.03787456901003867	0.090656471732904	0.57255846213842	0.017378795615084153
DLBCL_RICOVER_1204	0.01607417534557011	0.01863766882164657	0.03743237655529341	0.3197209080584106	0.6081348712190793
DLBC_FF_8042_TP_NB	0.0057207521682813255	0.08192569179598351	0.3901000109699931	0.10485199032088431	0.4174015547448577
DLBCL11478	0.5151706003673051	0.2876697531353024	0.1177405115848538	0.07372524205981328	0.005693892852725435
DLBCL10549	0.04481744382267761	0.6241570345423099	0.2611526726742642	0.06364315288621612	0.006229696074532144
DLBCL10909	0.029963327184730784	0.024766580115661466	0.03258851096177704	0.20169229167446456	0.7109892900633661
DLBCL10451	0.5059652349352445	0.06764568272682402	0.3823498398811187	0.024886645176849884	0.019152597279962914
DLBCL10878	0.1175433336690707	0.02880653241157415	0.02671790425047977	0.024012654686142765	0.8029195749827326
DLBCL10565	0.018556622036553373	0.050431015295237254	0.6427152423008509	0.21350042562427418	0.07479669474308434
DLBCL11466	0.12647617463388558	0.6111165592970136	0.07136583598022081	0.10893355827158364	0.08210787181729638
DLBCL10454	0.0987948589721635	0.6014658900545695	0.04778994007999356	0.03102301822710118	0.2209262926661722
DLBCL10985	0.07498532467848565	0.4927614239576395	0.028951825811534746	0.37751917479895186	0.025782250753388126
DLBCL10962	0.10012020769549326	0.6307880986671399	0.017567157768561402	0.020267988972732114	0.2312565468960733
DLBCL10486	0.23916613210267187	0.11924623054979215	0.03047183360733291	0.0627984815342267	0.5483173222059763
DLBCL10881	0.1851599683770894	0.023876203912838963	0.013733417116673103	0.11331093402814221	0.6639194765652563
DLBCL_RICOVER_1046	0.010812308651995423	0.5771342620646392	0.32355838891279076	0.013633821809317744	0.07486121856125683
DLBCL11208	0.12172076131582454	0.595563930852707	0.14033268046251315	0.06536696519322474	0.07701566217573051
DLBCL_RICOVER_522	0.016373414661724477	0.028226065105067116	0.6369613263804755	0.3028664063813377	0.0155727874713951
DLBCL_C_D_1153_NULLPAIR	0.011624768989408573	0.09227938186685615	0.02892113456733465	0.2388182082713849	0.6283565063050157
DLBCL10521	0.013395275008773733	0.21905817841823222	0.014983384825291563	0.010437412017279615	0.7421257497304229
DLBCL11501	0.6908825491685505	0.1603154061599388	0.039670394319401295	0.022819314961934047	0.08631233539017533
DLBCL10843	0.8083815338167526	0.01478125858315167	0.0410329834558637	0.09055458103253464	0.045249643111697345
DLBCL10517	0.00915553205433463	0.7808809083967059	0.166602247518428	0.022640511914895637	0.020720800115635932
DLBCL_MC_F362_MJB1	0.011199349590056844	0.11319947587532878	0.779737661250012	0.015519721372115219	0.08034379191248722
DLBCL_RICOVER_583	0.015773616848877136	0.679083161861365	0.11689181352330413	0.022550783232625833	0.16570062453382792
DLBCL_C_D_1151_NULLPAIR	0.16873177510440013	0.06264120695232304	0.07004086985968531	0.6930321425587599	0.005554005524831714
DLBCL_LS3499	0.06280572528146416	0.06615661730394201	0.0862472548057319	0.7534974633119431	0.03129293929691888
DLBCL_LS1304	0.01230467310608277	0.056909030597240895	0.8089102715911461	0.02306150430190061	0.09881452040362958
DLBCL10968	0.7056419782697467	0.0035964188512840243	0.0290960894326859	0.1981746194162097	0.06349089403007371
DLBCL11437	0.20051222070687832	0.007547334246481577	0.02255603457950876	0.7213809995489808	0.04800341091815051
DLBCL11479	0.06111607157633358	0.7036093695538344	0.09290358675829335	0.03297068528473628	0.10940028682680239
DLBCL11004	0.0089693697003059	0.02120656659211144	0.010832041720665347	0.10441825539027016	0.8545737665966472
DLBCL11476	0.04735445846963315	0.10335469640519565	0.012780183739671096	0.020220026473114997	0.8162906349123851
DLBCL_LS4054	0.09388200327998691	0.6877850915740276	0.1065084346015224	0.0478284765099306	0.06399599403453259
DLBCL_RICOVER_866	0.03198429581428458	0.020286134126353172	0.7540133904406653	0.187130632413625	0.00658554720507191
DLBCL10895	0.03329331230969616	0.1855874197060031	0.050413756333178183	0.018050013814757165	0.7126554978363654
DLBCL10868	0.06389357247749293	0.01105678720948276	0.011494310513846199	0.6786586804991707	0.23489664930000742
DLBCL10552	0.1153282610490485	0.01870041283203856	0.0404365802723204	0.8194536080436932	0.00608113780289936
DLBCL10846	0.1062596595057794	0.8067261079939284	0.017615522265884274	0.046546763911191405	0.02285194632321657
DFCIDL009_DT	0.023680360530425236	0.09440064855894323	0.8502411629792483	0.02554023706967716	0.006137590861706069
DLBCL_MC_F064AB	0.010146064027103415	0.014837837738495074	0.8345464228707428	0.11379452600258852	0.02667514936107021
DLBCL_C_D_1133_NULLPAIR	0.0095773609382925	0.04788335242657493	0.8708882886261538	0.026526155835348078	0.045124842173630796
DLBCL11470	0.8851868846133714	0.004405208449493034	0.008641281216364899	0.078478379498076	0.023288246222694743
DLBCL10553	0.024558068224634515	0.015145960742120521	0.15279252495963658	0.7912888371483433	0.01621460892526512
DLBCL10947	0.08563227554342033	0.8309657238302632	0.01060905439959848	0.011283229578947321	0.06150971664777064
DLBCL10472	0.055065965250558374	0.011595346852128157	0.8706291922876577	0.0485660554528984	0.014143440156757442
DLBCL11507	0.05151491050000301	0.8928871742441515	0.03580966771680336	0.015495351893038634	0.004292895646003421
DLBCL11459	0.034679870319454506	0.009332766599036278	0.01814675031090475	0.9169705393354943	0.020870073435110173
DLBCL11591	0.010114442062264698	0.6850765668297556	0.2609534505984615	0.012271282117828228	0.03158425839169006
DLBCL_C_D_1129_NULLPAIR	0.9091147507098298	0.01753535291609842	0.039114593238393516	0.023133476833088112	0.01110182630259014
DLBCL_RICOVER_829	0.9251240210038156	0.012572007822311207	0.006927339385726493	0.02878210777733701	0.026594524010809698
DLBCL_RICOVER_678	0.012392771969558427	0.9197668746711158	0.011916631232390274	0.00867000644431589	0.04725371568261958
DLBCL_RICOVER_826	0.9445715903315751	0.008871242199852303	0.009550134668639259	0.031219528771601345	0.005787504028331992
DLBCL10856	0.031619066921199444	0.05443262951585356	0.06535426936708484	0.026597821924822684	0.8219962122710395
DLBCL11196	0.051289248208775215	0.003411216987382646	0.023161610783143362	0.887548615705211	0.03458930831548775
DLBCL_C_D_1157_NULLPAIR	0.03254217347426499	0.024640610609401443	0.91666976720678	0.020758254456879323	0.005389194252674351
DLBCL10860	0.002625546258212618	0.011536942538431608	0.013320660101403498	0.017005597541862025	0.9555112535600903
DLBCL_RICOVER_335	0.009648501232925474	0.9273863872081295	0.009021005585399876	0.04450712529616512	0.009436980677380013
DLBCL11569	0.005589461680958121	0.028787377452743956	0.9448897453942872	0.01548166329023407	0.0052517521817767015
DLBCL10964	0.0044266221684311395	0.021768276688453412	0.01050981392454836	0.03269772219071526	0.9305975650278518
DLBCL10900	0.01648033301203021	0.0034589536335963554	0.006741808036602614	0.03807246613405071	0.9352464391837201
DLBCL11651	0.011163206149502737	0.016497319421466285	0.9094740048777461	0.020737432442772832	0.042128037108512054
DLBC_FF_A7CR_TP_NB	0.02663108507135422	0.004038571613906342	0.011239993345180685	0.021440661081340767	0.936649688888218
DLBCL_RICOVER_173	0.005620740380722887	0.006239038165419523	0.004994244299409779	0.0126249102175575	0.9705210669368903
DLBCL_RICOVER_1219	0.002894266647343901	0.006636775042332169	0.004462268967361314	0.011472244837840335	0.9745344445051223
DLBCL_LS1065	0.008550690575772093	0.9725531195636817	0.006108597088207429	0.004965987237079872	0.007821605535258833
DLBCL10522	0.010662375645072454	0.007643650119031538	0.9559468567047001	0.018195561980317933	0.00755155555087792
DLBCL_RICOVER_288	0.007324879079568277	0.9750412579510318	0.004044536175616909	0.009261260225250584	0.0043280665685323984
DLBCL10897	0.9570963444070827	0.008047954784294452	0.00535290807946161	0.01850776712672377	0.010995025602437487
DLBCL11672	0.005638711976124375	0.010916616542431489	0.9412416977825133	0.02793163746656566	0.014271336232365164
DLBCL10458	0.9745602923512918	0.0059559736624302875	0.006508632051686947	0.009410242149842875	0.003564859784748089
DLBCL10519	0.007340745078763231	0.9642879875574442	0.009420527767193768	0.015665223809824238	0.0032855157867745987
DLBCL10884	0.9503379770653811	0.00853602499686394	0.005842940810431463	0.028983343235682166	0.006299713891641312
DLBCL11677	0.9742930606349176	0.005376703427118191	0.005115254843624839	0.010310762964543205	0.0049042181297961635
DLBCL10542	0.9194818275069834	0.011050159931823495	0.004667271481822872	0.02831134129394297	0.0364893997854273
DLBCL_MC_F519_ALT	0.0035791356461163473	0.006676875677056621	0.0025876364964685667	0.005980597093458577	0.9811757550868999
DLBCL10977	0.005087600153872305	0.00413400947421101	0.006966662161623486	0.004769501716780146	0.979042226493513
DLBCL11500	0.0081531329538517	0.004985165804860126	0.01672103024956292	0.00866396109053684	0.9614767099011884
DLBCL_RICOVER_1192	0.0024258001629722235	0.006189904129796666	0.002158740954488416	0.0027777246706753387	0.9864478300820674
DLBCL_C_D_1135_NULLPAIR	0.008945932469903274	0.97891154555013	0.004642969078198791	0.00487660073700138	0.0026229521647664947
DLBCL10996	0.97680194938483	0.0028883168279137303	0.00526295302686349	0.00964553907926249	0.005401241681130248
DLBCL_MC_F132_MLM	0.9656515386774863	0.004164678489629869	0.004314435471361981	0.01634706282805251	0.009522284533469264
DLBCL11685	0.005035322619461568	0.006158723246589488	0.9742783345711638	0.008319650638247252	0.00620796892453795
DLBCL_MC_F089_HCZ	0.0027267238969826174	0.9813533843692018	0.00488113060970441	0.007456520042769236	0.003582241081341866
DLBCL_RICOVER_174	0.0015833757590447335	0.9949125980826644	0.0016218927697020196	0.0011277275717210555	0.0007544058168677537
DLBCL_LS146	0.0005697933637430641	0.9975454123229369	0.0006983200984027357	0.0007120707580729977	0.0004744034568442282
DLBCL11574	0.20997745957273597	0.1920950525092708	0.28374715134337175	0.11308992623440807	0.20109041034021335
DLBCL10995	0.22132562317200008	0.04230653140032886	0.43035492995712543	0.1189797506328879	0.1870331648376578
DLBCL11659	0.48038115007406745	0.08303287909452722	0.1938429643304194	0.22917903616389368	0.013563970337092156
DLBCL11462	0.5084362684331573	0.03165575638630016	0.1509413596485105	0.031188741157860595	0.2777778743741715
DLBCL_RICOVER_711	0.2572571297339377	0.22066766945557312	0.02996057068174725	0.4808164648761702	0.011298165252571575
DLBCL11430	0.548870466114004	0.027097995944059764	0.19395796361191514	0.22395162935060584	0.0061219449794152735
DLBCL10851	0.04711570488797565	0.5806861783441452	0.0333301591738452	0.008471417299514518	0.3303965402945195
DLBCL10874	0.020914041020284442	0.4419346311677634	0.10569358175364696	0.25266098454983793	0.17879676150846743
DLBCL11488	0.582080417345297	0.020859796930523585	0.010085263355678423	0.04995069796817573	0.3370238244003252
DLBCL11678	0.0360997611720428	0.026225826663747478	0.5285961261369538	0.38791505342699917	0.021163232600256758
DLBCL11683	0.40991677024427253	0.04839571973926201	0.18654153895019357	0.28604481126195536	0.06910115980431648
DLBCL_C_D_1148_NULLPAIR	0.35481977363572204	0.009665828397306078	0.1773347853746182	0.44589540682434836	0.01228420576800538
DLBCL10501	0.008021368571853862	0.6810221622419462	0.26869938739795535	0.023397895398226017	0.01885918639001861
DLBCL_C_D_1138_NULLPAIR	0.031846089338490834	0.4220820024052502	0.29579148140408684	0.16525733239139764	0.0850230944607745
DLBCL_RICOVER_1165	0.03379248170751075	0.8039270848942232	0.1051530675192456	0.006794617132358977	0.05033274874666151
DLBCL11681	0.6451378857473092	0.003932577098345855	0.116789064041165	0.12938910061968997	0.10475137249349004
DLBCL10866	0.039425937417870184	0.006464843233923512	0.03694062148917197	0.4845262383803505	0.4326423594786839
