	0	1	2	3	4
DLBCL11574	0.05242194794846589	0.2131933519904939	0.4671224939564672	0.07708013612634369	0.19018206997822937
DLBCL_MC_F927_JHS	0.2455586777707019	0.26293556488145314	0.08958655420771561	0.05710578881533205	0.3448134143247973
DLBCL_RICOVER_522	0.20638633899684497	0.06512130670034001	0.32177278889372807	0.3958063400833958	0.01091322532569132
DLBCL11534	0.04085954024697617	0.030672110289978807	0.438862945935254	0.20048443694627557	0.2891209665815156
DLBCL11510	0.43133785628579746	0.21417117536720331	0.04925585450142782	0.05439153939931057	0.25084357444626076
DLBCL11466	0.17007556064355714	0.30967570274914613	0.04328497276966959	0.4004165860029137	0.07654717783471346
DLBCL_C_D_1118_NULLPAIR	0.3365535268381701	0.555946531158113	0.01854448746445269	0.059562249013079	0.02939320552618532
DLBCL11678	0.05899629033817119	0.03132426595686906	0.33076748850313287	0.5590434317857671	0.019868523416059797
DLBCL10865	0.11883055441706436	0.08567290424868536	0.029050529115578892	0.05678337548533171	0.7096626367333396
DLBCL11515	0.022845946777971162	0.10524262492799882	0.6506936128535503	0.03585833559696995	0.18535947984350976
DLBCL11202	0.24399272083937962	0.10793430865062348	0.49583012369572005	0.14091168584376934	0.01133116097050762
DLBCL11581	0.04453292042505791	0.02179754649793186	0.1384293996167494	0.2075662036448398	0.587673929815421
DLBCL11519	0.571626229540977	0.041337844005217346	0.028848969064966895	0.34420157996352746	0.013985377425311338
DLBCL11448	0.03740669930255401	0.07499715844259935	0.14986332706889935	0.4785337357071343	0.25919907947881293
DLBCL10909	0.07895925824982587	0.01623087203802181	0.07106264501384604	0.5917896291315988	0.24195759556670737
DLBCL_RICOVER_216	0.09068018272608723	0.1262074008275266	0.219892500794551	0.03239865702896725	0.530821258622868
DLBCL10833	0.09240895298919743	0.016271719521723457	0.018994345593397546	0.0825257567718809	0.7897992251238006
DLBCL11204	0.20869285512359564	0.6591023684871773	0.03694795151339142	0.037686449306896866	0.05757037556893884
DLBCL10858	0.056401641344689245	0.013680688570507476	0.03342910419699711	0.3028928199606189	0.5935957459271872
DLBC_FF_8062_TP_NB	0.08992186028359182	0.0234446884208971	0.11998403734883109	0.746006444583457	0.020642969363222956
DLBCL11538	0.022069892032302925	0.013502141321699778	0.7699167404799646	0.13891683533920268	0.055594390826830015
DLBCL10856	0.03128412091913012	0.05616720861380308	0.27148065471098837	0.037139280456767	0.6039287352993115
DLBCL10919	0.35163617495396843	0.013905912551326841	0.03789978057576934	0.570040612659701	0.02651751925923441
DLBCL10837	0.04096858214716221	0.04353004485706318	0.017614877054294716	0.04259282526211283	0.855293670679367
DLBCL11346	0.02168688963329649	0.7788906586610056	0.02943872522301972	0.018854093668965257	0.15112963281371294
DLBCL10874	0.07892785810828862	0.4599002058170106	0.032509432631848516	0.12650643018453062	0.30215607325832167
DLBCL11576	0.039149455001143786	0.06910085985979021	0.0763553923931526	0.7871799941986187	0.028214298547294674
DLBCL11432	0.6911989546917593	0.007388206191780301	0.09728887486196658	0.13490332943197597	0.06922063482251786
DLBCL_MC_F496DMP	0.42093500936198014	0.32980488979059364	0.17930285389278414	0.04895855415804792	0.020998692796594234
DLBCL_MC_F815_BAT	0.01598166995286596	0.03857556152935883	0.8381390486580707	0.08762215796379273	0.019681561895911803
DLBCL_MC_F218_RAP	0.15756092696802948	0.01582698420132909	0.04669832028628109	0.7626067458639095	0.017307022680450805
DLBCL10927	0.06199577361801997	0.01225574246187607	0.02596916665478971	0.8847010722728285	0.015078244992485732
DLBCL10986	0.5730308576828204	0.05125965094923648	0.18979156148158116	0.14222308068269293	0.04369484920366913
DLBCL_MAYO_DLBCL_3653	0.7991884432451829	0.018738724159605223	0.030227075304669324	0.07167582356761304	0.08016993372292956
DLBCL_C_D_1103_NULLPAIR	0.03633724232845363	0.05623508175054788	0.14079807170425798	0.7476856321303037	0.018943972086436764
DLBCL_C_D_1109_NULLPAIR	0.07346557073611411	0.010187151964698687	0.022782730307191173	0.8701470524962623	0.02341749449573366
DLBCL10527	0.02234633141684981	0.01927734966988246	0.08408972312678753	0.808143818198435	0.06614277758804529
DLBCL_RICOVER_173	0.00997722649229507	0.009759668719117952	0.012427579790370572	0.03452079613374687	0.9333147288644695
DLBCL11480	0.7964474422757651	0.0215096284046755	0.05201065343418302	0.04881330426796613	0.08121897161741025
DLBCL11518	0.5352271231365605	0.149761189388332	0.24722576188457662	0.047473106378102974	0.02031281921242798
DLBCL10539	0.030859960319022425	0.553258307889447	0.09692734040955267	0.1978639817483039	0.12109040963367401
DLBCL_MC_F210_GWC	0.07629056483677688	0.6618293765830907	0.02582649489675151	0.17235881506320858	0.06369474862017233
DLBCL_C_D_1139_NULLPAIR	0.08385873108737811	0.04984874961998032	0.02985000842125202	0.8200688654462802	0.01637364542510933
DLBCL11527	0.04033837490028654	0.01501019999710841	0.03998095740770947	0.8688695885979829	0.03580087909691269
DLBCL_RICOVER_1061	0.04507389155916932	0.012666421276710109	0.04709787568779156	0.881664084643255	0.013497726833074028
DLBCL11501	0.6654584977567181	0.2134920788744642	0.028945100390631178	0.03660162859673558	0.05550269438145101
DLBCL10972	0.8675624298994423	0.017936719991854748	0.018385482015761248	0.03952292418984844	0.05659244390309322
DLBCL10847	0.019919585401180728	0.03613890732096359	0.01221364675684603	0.007683207403061953	0.9240446531179477
DLBCL_LS4592	0.008723594314753193	0.02523556054365472	0.755171306739126	0.11339386533410711	0.09747567306835894
DLBCL11513	0.008852417671088802	0.009948314483667547	0.030971181381664974	0.02364670696621045	0.9265813794973683
DLBCL11472	0.9291693561111963	0.004580529377139792	0.011743195089578762	0.04205043096011057	0.012456488461974585
DLBCL11429	0.9229359689099286	0.005009140294184094	0.010968092628559918	0.044051547242988924	0.017035250924338444
DLBCL10895	0.006162011727072576	0.030144519719427422	0.01752838158637924	0.008154264301947036	0.9380108226651738
DLBCL11569	0.004052168000580239	0.01168795025496405	0.9711519501728942	0.009329679778840656	0.0037782517927207795
DLBCL11539	0.9714871809683591	0.0030056754309519874	0.007207849203499736	0.015139575411060651	0.0031597189861286047
DLBCL_RICOVER_850	0.00822006027305744	0.03170340557211827	0.015444843345248208	0.027843079632820764	0.9167886111767554
DLBCL_LS3809	0.8812629164369948	0.02303247772657928	0.024769351483022686	0.019540284771539188	0.05139496958186402
DLBCL11651	0.00761960681174501	0.006748022908129399	0.9538964833281215	0.019203460702699467	0.012532426249304611
DLBCL_C_D_1129_NULLPAIR	0.9744625358650166	0.002846199926800056	0.0062243708679769446	0.009476973561648951	0.006989919778557427
DLBCL_MC_F307_JPS	0.9339804051062922	0.012852432959296181	0.008107501800622747	0.03271145142205309	0.012348208711735744
DLBCL10987	0.009316909971789541	0.013211792066843484	0.006914516951211615	0.006308615539961081	0.9642481654701943
DLBCL10466	0.005553131498301657	0.022478234704862342	0.926956794407431	0.03304886096049339	0.011962978428911713
DLBCL11187	0.0020508765472545343	0.002585238442613324	0.003232534735307187	0.004750881993379268	0.9873804682814457
DLBCL10889	0.002629987967207311	0.004461254674953645	0.005142144706518912	0.00796248425373825	0.9798041283975819
DLBC_FF_A7CW_TP_NB	0.005802798412298438	0.023935592487715252	0.018804102269336848	0.015325254137384461	0.936132252693265
DLBCL11450	0.004354721138947094	0.009201947496056441	0.004775837123201525	0.009202414365559332	0.9724650798762356
DLBCL10879	0.008158176969309082	0.009857702287889725	0.9223836242619081	0.034827258162183246	0.024773238318709846
DLBCL10880	0.005523418020557083	0.0040581797817810785	0.006936942575183518	0.0035774050175433635	0.9799040546049349
DLBCL10518	0.005640018853756547	0.00496765452581273	0.9648001896707299	0.018982575029922767	0.005609561919778067
DLBCL11353	0.003454760951151937	0.008649651981508228	0.009805671666313335	0.005834034324471633	0.9722558810765549
DLBCL10554	0.004948518517430375	0.003455847593293829	0.980762640232626	0.007729320537882526	0.0031036731187672533
DLBCL11591	0.008718106818460676	0.902747884181392	0.06229547939323887	0.010598231074216896	0.01564029853269156
DLBCL11672	0.007124510449711536	0.005847325456537021	0.9594653265353462	0.01907072237613419	0.008492115182271042
DLBCL_MC_F349_BJJ	0.0015172555912535417	0.002107416029011968	0.9910189144768816	0.003525886165510953	0.0018305277373419032
DLBCL11670	0.002804110705367502	0.006726612335553248	0.9732165292281647	0.012145310901570597	0.00510743682934393
DLBCL10851	0.014773073481028097	0.8992301185087435	0.019883630170084102	0.009767941251872662	0.05634523658827173
DLBCL11434	0.9947580773168002	0.0008655293423883573	0.0010242578159776025	0.0026257072380796603	0.000726428286754179
DLBCL11477	0.9809154936828905	0.0022697702535058825	0.0030272991127872147	0.009656693176677077	0.004130743774139267
DLBCL_RICOVER_826	0.9851184828939364	0.0022446303928233247	0.0020667556726526857	0.007965975175608968	0.0026041558649785427
DLBCL_RICOVER_134	0.003701956001957712	0.012453812142898105	0.005451589254522892	0.006985188966488284	0.9714074536341331
DLBCL_MC_F132_MLM	0.9933058093155452	0.0008923034828036793	0.0009884939120423496	0.003232856699366124	0.0015805365902426224
DLBCL11661	0.011816989184817064	0.9286808980100681	0.02645462641351711	0.024806724791867605	0.008240761599730048
DLBCL10997	0.999663487414596	5.428051753167335e-05	4.864070060952528e-05	0.00015659847134737913	7.699289591541224e-05
DLBCL10966	0.9964189139043489	0.000525429322504047	0.000710322116848961	0.0017426190949234492	0.0006027155613746587
DLBCL10897	0.9942637763898652	0.001142761328510966	0.0007422319279586808	0.002569602365967854	0.0012816279876973627
DLBCL10996	0.9966680511422223	0.00037365496504349695	0.000801025463934665	0.0013718088745662202	0.0007854595542332851
DLBCL10913	0.9984823179855083	0.0002624237987487591	0.00025067115482349013	0.0006967947280966478	0.0003077923328227934
DLBCL_MC_F500_ECU	0.0045575136282617786	0.9759822580618286	0.006753317739947199	0.0057047398716755385	0.00700217069828691
DLBCL10853	0.002723908600891901	0.0026870833280667255	0.00348919400441186	0.00402051301301098	0.9870793010536185
DLBCL10901	0.0016460071661478898	0.003263729653403821	0.002897510878294828	0.004214457193006637	0.9879782951091468
DLBCL11195	0.002192048926906389	0.007923946691070688	0.005816523217731366	0.006267377928929772	0.9778001032353618
DLBC_FF_8043_TP_NB	0.004992557171508656	0.9797026426791359	0.006439746869029589	0.003306750131104321	0.005558303149221596
DLBCL_MC_F519_ALT	0.0009446190096227303	0.0017838247156532455	0.0011699816830315012	0.001163363062085944	0.9949382115296066
DLBCL10989	0.0045924211699595666	0.9749743439062062	0.0081400988285457	0.0036209167716941184	0.00867221932359446
DLBCL10494	0.0037683574160141597	0.9722518007119147	0.013618946429620525	0.005084248328341459	0.0052766471141091655
DLBCL10903	0.004308336627764957	0.9647638402443673	0.018696600645433555	0.0047524489924078775	0.007478773490026306
DLBCL10510	0.0036071782180738493	0.9822888247870488	0.004269212897359024	0.003646900651335665	0.0061878834461826316
DLBCL10956	0.013651514594344183	0.9507352154823476	0.008825048721326657	0.006935230845623961	0.01985299035635755
DLBCL_RICOVER_533	0.002479289227045285	0.9901722601772092	0.003430538768636847	0.0020366068419988823	0.0018813049851097992
DLBCL11000	0.0008749601754303952	0.001661039979299785	0.0014720480242111501	0.0019670583495524463	0.9940248934715062
DLBCL10917	0.0029863329796046044	0.9880182121841738	0.002993378507062311	0.002555491876857941	0.003446584452301262
DLBCL_LS3749	0.002445092871936388	0.9880712996508276	0.004201842512289659	0.0030981592996441243	0.0021836056653021987
DLBCL10460	0.00178465107057981	0.990025644771316	0.004406106914565116	0.001552547928141015	0.002231049315398
DLBCL10483	0.0022411267298002155	0.984837920439384	0.007211452645156343	0.002077234858669381	0.003632265326990082
DLBCL10911	0.0005036442412289591	0.9977584698436058	0.0007416847461761975	0.00040807561232647483	0.000588125556662553
DLBCL_C_D_1108_NULLPAIR	0.002783562021244056	0.9821905114987025	0.004710866219869254	0.002646012772195339	0.007669047487988809
DLBCL11471	0.26986683612499346	0.23172781347970256	0.1472224322770136	0.17552217314238794	0.17566074497590245
DLBCL11491	0.1925197366356629	0.01708702386295366	0.0761740767460986	0.6284223417524573	0.08579682100282754
DLBCL11431	0.18906999552617912	0.15365914681595275	0.11641495749310139	0.06939695061982142	0.4714589495449454
DLBCL_RICOVER_773	0.01812403470375249	0.15856086385803303	0.31605346243916305	0.02327457072139132	0.48398706827766014
DLBCL_RICOVER_1060	0.11156611233612938	0.6394666818145753	0.03251893907693333	0.02248238440849988	0.19396588236386206
DLBCL_RICOVER_1150	0.4467728289244958	0.21197123548831737	0.024730044043264326	0.18030872365547868	0.1362171678884438
DLBCL10486	0.5886299848864148	0.1596533879125434	0.018742180008276696	0.08260863915549392	0.1503658080372712
DLBCL_MAYO_DLBCL_234	0.128721032388388	0.01372600108906762	0.31622092984878025	0.5097790745314278	0.03155296214233624
DLBCL10974	0.06655482829648814	0.02277515472216005	0.04561656953255292	0.5308444697023526	0.3342089777464463
DLBCL_C_D_1112_NULLPAIR	0.02214873859841503	0.25479589664712127	0.609809000053878	0.04241215019330553	0.07083421450728024
DLBCL11455	0.23318384405154197	0.020431207934733485	0.1366415313986159	0.5468171425390149	0.06292627407609372
DLBCL11652	0.6855738943141123	0.19183709749144054	0.041705901771791835	0.034327463744288675	0.04655564267836665
DLBCL_LS2590	0.03426270687063885	0.01995734593138093	0.06129086423160793	0.5898721461534489	0.29461693681292345
DLBCL11478	0.5782097803905025	0.049737277204196115	0.3148010917764329	0.04028880939842239	0.016963041230446108
DLBCL11474	0.7194256461641945	0.01542725356121383	0.01678586181061674	0.2248291962944878	0.023532042169487212
DLBCL10552	0.4863618191350815	0.02546847007590157	0.07638132449876019	0.39882918341471674	0.012959202875540027
DLBCL10955	0.18751513961664767	0.10877485799805008	0.09818409021061268	0.370113352102441	0.23541256007224848
DLBCL11536	0.04125761722677971	0.33765576282062043	0.053757672053539735	0.5109745572815048	0.05635439061755537
DLBCL10878	0.389753510209439	0.016673794053292633	0.02620655852436819	0.07704052155103362	0.49032561566186655
DLBCL10934	0.031101167099504782	0.35479692607513386	0.02519445729174215	0.06970500786050902	0.5192024416731101
DLBCL10964	0.03569092176580262	0.06111983393741049	0.01815385878403866	0.16418182535614598	0.7208535601566023
DLBCL_C_D_1117_NULLPAIR	0.16081676015395308	0.5078244516897858	0.023229816998560648	0.2823632221058294	0.025765749051870988
DLBCL10835	0.016239582595217013	0.08327480143811156	0.015615423472143638	0.05610954151443483	0.828760650980093
DLBCL10846	0.09061485724785172	0.765905485680676	0.020362569359901606	0.0520758769765472	0.07104121073502352
DLBC_FF_A7CX_TP_NB	0.7388359621207147	0.02985737125702881	0.050886208326775983	0.050863501324858326	0.1295569569706222
DLBCL11683	0.03264007465080039	0.02805798803077619	0.7092940580362866	0.21474714419871732	0.015260735083419486
DLBCL_RICOVER_1106	0.01073171834038352	0.06828324918052912	0.019631833303638227	0.046850606520302006	0.8545025926551472
DLBCL10501	0.009372018889888499	0.5521071430265222	0.3662760143400709	0.04017711699849671	0.03206770674502166
DLBCL10456	0.03146662551462861	0.018314814605787544	0.06216715085568551	0.8233022232945583	0.06474918572934012
DLBCL_RICOVER_496	0.02674309201704108	0.8749335765771861	0.06007782332165473	0.027445598001192617	0.010799910082925563
DLBCL10780	0.02258116077691465	0.8172067780539275	0.09917466491308735	0.04864014902612005	0.012397247229950427
DLBCL10838	0.026323422124452118	0.21527494546021048	0.020239518898866885	0.023485563166971233	0.7146765503494993
DLBCL_LS1921	0.017518819560996195	0.8922680444085525	0.031075211001647323	0.048177839507965434	0.01096008552083863
DLBCL11663	0.817548161441101	0.03807545039115116	0.049322171513149306	0.0700902238883203	0.02496399276627823
DLBCL10517	0.010277531308809101	0.8524768304718726	0.0990849636378051	0.017914756211124667	0.020245918370388447
DLBCL10871	0.06300874216967069	0.8260360141955673	0.03136707303007414	0.016655107658494116	0.06293306294619384
DLBCL10891	0.010914722944392488	0.009097978994266545	0.03756954552358369	0.04365348990087859	0.8987642626368787
DLBCL11457	0.7893346830866237	0.006681275597904523	0.040139070544127374	0.14129992249806403	0.02254504827328038
DLBCL11435	0.8766368617748921	0.008655192658020791	0.01110636291165485	0.08365890147079723	0.019942681184635068
DLBCL11676	0.8245593815038823	0.01620297161754183	0.05110533082851282	0.10112428353129149	0.007008032518771554
DLBC_FF_8042_TP_NB	0.011982912962822383	0.10555198848159343	0.12918151682360626	0.05509906413938959	0.6981845175925884
DLBCL_RICOVER_478	0.07814437689852902	0.789093129772558	0.03209438687977859	0.016917284607382455	0.08375082184175198
DLBCL10553	0.026973713408841797	0.04180660295904868	0.4175099465630182	0.4814676460624204	0.032242091006670914
DLBCL11468	0.08137193063574676	0.020647707375355217	0.5959251321023393	0.2582900917823679	0.04376513810419082
DLBCL_LS1683	0.009155046065278248	0.8633216919746832	0.02855160537435684	0.012716141603569465	0.08625551498211217
DLBCL11196	0.029048340446494507	0.010342794376786514	0.025071154501365815	0.9143142759226314	0.021223434752721797
DLBCL11658	0.032447526576465775	0.010609703834636098	0.02728839810320848	0.9000152148465799	0.029639156639109772
DLBCL_C_D_1148_NULLPAIR	0.3802313696178948	0.011529054838020403	0.12755151531729056	0.458373145372796	0.022314914853998204
DLBCL_MC_F064AB	0.009986781915694718	0.009543780602105784	0.9242786438713713	0.047897257525145974	0.008293536085682266
DLBCL_RICOVER_948	0.003965360117882197	0.9725303443473128	0.014195955476312052	0.0031236032701199732	0.006184736788372961
DLBCL10930	0.03629709307342544	0.01251993907941778	0.019894835248596674	0.012570064389304744	0.9187180682092554
DLBCL10961	0.0072259279118167255	0.05865220860307761	0.021476081161797965	0.03636348500879853	0.8762822973145091
DLBCL11430	0.7908652470900058	0.013073583777489392	0.03724748185453903	0.14616720331921698	0.012646483958748777
DLBCL_LS4054	0.02453233935620758	0.9324075420349125	0.010546251411598203	0.016460551760752416	0.016053315436529318
DLBCL11488	0.7469180108619735	0.010168368090687064	0.016225748986955495	0.07315911436135981	0.15352875769902413
DLBCL_C_D_1106_NULLPAIR	0.0318583144909052	0.9353838582740247	0.00934705771172767	0.012182619961192383	0.011228149562150066
DLBCL11484	0.009067405536517633	0.9470937570805542	0.019335368849654984	0.009657225422035435	0.014846243111237738
DLBCL10995	0.012251000319476629	0.022555185553488954	0.9182199966835821	0.02813100736150231	0.01884281008194996
DLBCL11541	0.005682375621849606	0.02471966648072325	0.9296423365988072	0.017885798777785143	0.0220698225208348
DLBCL11470	0.8579094834980441	0.0060773581677389605	0.02557979901039158	0.0973524768311715	0.013080882492653887
DLBCL_RICOVER_1329	0.01588385839971002	0.05528819613769827	0.011286192642303844	0.010937603606437436	0.9066041492138505
DLBCL11516	0.014267746113228796	0.8963890311082301	0.031365453078113406	0.027139304754802262	0.03083846494562544
DLBCL_RICOVER_945	0.9205269515347961	0.0247749210989405	0.0062666933786493795	0.037700153871402006	0.010731280116211946
DLBCL11523	0.008525293761807218	0.008983753000871678	0.010623463934606064	0.024670120868731948	0.9471973684339831
DLBCL10555	0.016566638691245753	0.013470493339798035	0.9498502463450722	0.014766046383520071	0.0053465752403639745
DLBCL10898	0.007010394989219574	0.02455430787307538	0.007965628229473923	0.009615140145697955	0.9508545287625332
DLBCL10497	0.025197834823192655	0.009119785160627976	0.021950109034682492	0.9295939597101804	0.014138311271316439
DLBCL_RICOVER_1032	0.009563696067887264	0.06832403161132919	0.011502714094398802	0.015169425528653921	0.8954401326977308
DLBCL11462	0.9420564935243332	0.005680189035230256	0.015089749091149214	0.01412465383877946	0.02304891451050785
DLBCL11203	0.0017180122428991503	0.9884126403116698	0.0032038787991379675	0.003363513890169925	0.00330195475612315
DLBCL10547	0.032242805794377945	0.011933731204058511	0.026645010086155118	0.9115318304118422	0.017646622503566328
DLBCL11507	0.008873821474137258	0.9476595177966065	0.026702338307426694	0.007174190256363724	0.009590132165465831
DLBCL11679	0.022090185746612673	0.9498037814597716	0.0109620934853686	0.009133134200754652	0.008010805107492408
DLBCL_LS3245	0.001988659512534134	0.9833678782843038	0.007945972479064508	0.002988053718687123	0.003709436005410433
DLBCL10857	0.0298076467690642	0.010879894056932937	0.010542049976581893	0.046153801668981524	0.9026166075284394
DLBCL11564	0.026076645864362567	0.00980360327797183	0.0240111137905858	0.9248256477279783	0.01528298933910158
DLBCL10950	0.9328769548738588	0.006752718809509488	0.010583487970820137	0.03082148351916695	0.01896535482664462
DLBCL10870	0.0041470717937457605	0.008491307824176224	0.018706140945631514	0.011347351961069825	0.9573081274753766
DLBCL_LS1065	0.0013234456838036944	0.9948470549017548	0.00157034207352788	0.0010324427492611754	0.001226714591652365
DLBCL10988	0.0007015339627982694	0.9962124389082893	0.001206744043278106	0.0008173270648891434	0.0010619560207452278
DLBCL_LS2089	0.004470514738869088	0.9691122378424468	0.0070945719474069515	0.004047125476654536	0.015275549994622625
DLBCL_C_D_1113_NULLPAIR	0.005481061424975727	0.010175930212696445	0.9686488173714667	0.010864718616213225	0.004829472374647921
DLBCL10529	0.0036228024475342554	0.017630192856611653	0.009128289743725464	0.009266870449996838	0.9603518445021317
DLBCL_C_D_1136_NULLPAIR	0.000676530179821598	0.9966947550992915	0.0010009210044005785	0.0007360742435753656	0.000891719472910921
DLBCL10457	0.004074353802356416	0.011813942794032587	0.006399368280696326	0.006051685249433699	0.971660649873481
DLBCL_RICOVER_577	0.0037245328191051748	0.005668919340215013	0.9765348697494199	0.008085500264222703	0.0059861778270371676
DLBCL10522	0.007123677338768532	0.005403121284218576	0.9680335047926767	0.009936827384008386	0.00950286920032778
DLBCL11520	0.9119685469257529	0.005739227650062768	0.010219772141356007	0.027096741054442347	0.044975712228385985
DLBCL_C_D_1157_NULLPAIR	0.005546942497888056	0.00385182520860887	0.9767009683623907	0.010515184342225953	0.0033850795888863776
DLBCL11537	0.9484523476004103	0.004060063388594032	0.008699576509851994	0.015831760666674518	0.022956251834469157
DLBCL11656	0.003639816333625618	0.003730373134912321	0.9729540827380879	0.009351438910524867	0.010324288882849234
DLBCL11677	0.9720960311895384	0.0024073947015096704	0.006557532151399016	0.012795705723611696	0.006143336233941263
DLBCL_MAYO_DLBCL_5613	0.997728518685357	0.00045124627957983187	0.0004011792246013652	0.0008488936415357593	0.0005701621689261249
DLBCL10465	0.0018699706553950025	0.002952942572637756	0.9880035784157001	0.005039168406354636	0.0021343399499125695
DLBCL10890	0.0029048716041916835	0.006067710943257695	0.00663096771367036	0.004782368062968991	0.9796140816759112
DLBCL11440	0.0030185849173793512	0.0033626058072451144	0.005664875678468852	0.0043265996657179595	0.9836273339311887
DLBCL_RICOVER_469	0.003824553191494118	0.003126747835773177	0.9825049559339846	0.00802584254406559	0.0025179004946825124
DLBCL10884	0.9935207227620386	0.0008296624264308945	0.0011773620037923206	0.003394958040628935	0.0010772947671092768
DLBCL11482	0.9981967992765236	0.0002445364947136333	0.000306697959517796	0.0009487445155448846	0.0003032217537000548
DLBCL_RICOVER_417	0.0009842607093446315	0.001999637892240978	0.001757179511902752	0.0020796893274748745	0.9931792325590367
DLBCL10530	0.0016497283876980146	0.004040763949803533	0.002982714511379706	0.0030641863518469123	0.9882626067992718
DLBCL10967	0.00048204276921163066	0.0008214145145686569	0.00087483370766696	0.0008204992979342245	0.9970012097106186
DLBCL10864	0.001475025083731062	0.001966299798220148	0.002798720917203863	0.0029398026172212273	0.9908201515836237
DLBCL10534	0.00041879632038536	0.0007085437069642734	0.0006124745861071592	0.0007290089439281157	0.9975311764426151
DLBCL_RICOVER_978	0.5905502878024314	0.021674349847092392	0.07658747224948091	0.2923765611364474	0.018811328964547926
DLBCL_C_D_1138_NULLPAIR	0.023455958951367727	0.4003386211298543	0.30624382120197385	0.15558682622551753	0.11437477249128655
DLBCL11433	0.04971747201015544	0.01594953965397239	0.07070093343321183	0.37554618557285574	0.4880858693298046
DLBCL11681	0.28275461258147716	0.010478341477804047	0.4971902737266688	0.11997079190296557	0.08960598031108435
DLBCL11446	0.1996893989263141	0.23141692299180996	0.16477500040088472	0.3563743477772118	0.04774432990377952
DLBCL_RICOVER_720	0.024946902412901064	0.524861918110628	0.04457113338650498	0.01703425063500094	0.3885857954549651
DLBCL11504	0.07924819827668425	0.021281761172902893	0.03705490571768716	0.12527643349700232	0.7371387013357233
DLBCL10503	0.04707344980402659	0.1971456402839266	0.21901034825252091	0.04143443980642172	0.4953361218531042
DLBCL_LS951	0.8657510470835198	0.031424770205823946	0.028681075809698173	0.06620576405744313	0.007937342843514961
DLBCL_MC_F362_MJB1	0.013071687059520543	0.14722530371933076	0.7059410023708413	0.023475048224786167	0.11028695862552111
DLBCL_LS1304	0.024513675472847274	0.03427372790521366	0.3783866907719768	0.03005194707036126	0.532773958779601
DLBCL_RICOVER_338	0.4885432440249042	0.01689244124116079	0.05413082075751228	0.42012068354639076	0.020312810430032035
DLBCL10451	0.7237608733706475	0.02712626130686049	0.2018718420678294	0.03656685189632889	0.010674171358333736
DLBCL_RICOVER_111	0.04676131918077523	0.021734990125258674	0.2676632092394686	0.05402265841320383	0.6098178230412936
DLBCL_LS4619	0.016372711793432512	0.16290977579956456	0.5383463696354902	0.10679762713041828	0.17557351564109452
DLBCL11495	0.08987609534549233	0.012127340489347887	0.033671933896715384	0.1746900254265513	0.6896346048418931
DLBCL_RICOVER_467	0.013154529281436754	0.6549436010290381	0.03769994794398278	0.014641784490618252	0.27956013725492407
DLBCL10869	0.6223941477573097	0.17345122141701477	0.11026544130393598	0.04471426138416569	0.04917492813757381
DLBCL_RICOVER_120	0.5181972620026917	0.061647854283773826	0.19839793388564464	0.047313945009745235	0.1744430048181447
DLBCL11657	0.02179633981026283	0.06125607878655983	0.7357914332936647	0.15577769488313764	0.025378453226374952
DLBCL10512	0.016814120374709033	0.22809109541204695	0.46254166511605693	0.0463766869457761	0.24617643215141088
DLBCL10965	0.19300324249629763	0.01475949407047445	0.04045620667640999	0.7160637247850022	0.03571733197181577
DLBCL11439	0.35884273698205466	0.01935998242457517	0.4804702532658833	0.07231357992839638	0.06901344739909042
DLBCL_RICOVER_780	0.01128909847338672	0.7721104171452906	0.1638518175993253	0.03112538377799867	0.021623283003998746
DLBCL10549	0.01561995942785534	0.8774388350135962	0.07995101943474059	0.01586316771245177	0.011127018411356092
DLBCL10981	0.03581724176769442	0.7489230507745622	0.05501936878949842	0.094345394087318	0.06589494458092694
DLBCL_C_D_1159_NULLPAIR	0.24144852126511482	0.015807060645772107	0.029866704389939807	0.6912430375840892	0.021634676115084097
DLBCL_LS2328	0.031552719364933514	0.3498214367337877	0.56852051660749	0.03626840678606506	0.013836920507723742
DLBCL11479	0.03285212452307089	0.8385958358661146	0.0675588624243028	0.016905049490937064	0.044088127695574617
DLBCL_RICOVER_258	0.21847242008350845	0.016935432904811226	0.14133209842190467	0.054468326594290184	0.5687917219954854
DLBCL11671	0.9241327761762763	0.011702762981865313	0.013229627776490616	0.04521617658110334	0.0057186564842644635
DLBCL11437	0.06527427727243056	0.009549579171064772	0.0434158690429904	0.8172184850687066	0.06454178944480755
DLBCL10867	0.028435610849489108	0.6398864146117902	0.025809791753094734	0.03487350674062279	0.2709946760450031
DLBCL10959	0.733465251593361	0.020913092585365414	0.012400722175473097	0.16546817855384396	0.06775275509195652
DLBCL10894	0.11570072846456642	0.7913417524999496	0.018234013343140013	0.055881831088781274	0.01884167460356264
DLBCL_RICOVER_274	0.04318503623746721	0.0802785802366401	0.032324523377404275	0.8009950193488328	0.0432168407996556
DLBCL10548	0.6658920738852775	0.1362976779253642	0.01889842662286442	0.15463443021342077	0.024277391353073167
DLBCL_LS2208	0.020541609180743523	0.10284148718866935	0.16415225962339794	0.028429271475665575	0.6840353725315236
DLBCL_RICOVER_575	0.0643700592058632	0.027202413500015114	0.08967791121599894	0.8058752850006523	0.012874331077470474
DLBCL10467	0.013500901019325287	0.009999100907562236	0.03053687543861503	0.02253088738639356	0.9234322352481039
DLBCL_RICOVER_1018	0.06420706674015109	0.2843604950027008	0.029889828669168613	0.5817090135169448	0.0398335960710347
DLBCL10463	0.005965657507089777	0.012159305654436906	0.02231974818032207	0.0402647837435763	0.919290504914575
DLBCL_RICOVER_1289	0.02080901745004212	0.011582793377715813	0.019893924125871185	0.08502791361827958	0.8626863514280912
DLBCL_MC_F606_DMJ	0.011423690908640876	0.10463331479100234	0.8500430638693283	0.01868221656216275	0.015217713868865798
DLBCL10854	0.0075508746543071275	0.013976867677446273	0.019941587324615522	0.04758833512488437	0.9109423352187467
DLBCL10877	0.7632100950699326	0.11281243230208073	0.04242214107479976	0.04401814900769831	0.03753718254548863
DLBCL10513	0.131382761371552	0.06055557636207662	0.12440044215789016	0.6728010712003976	0.010860148908083693
DLBCL11664	0.06750507640036363	0.8536234983884269	0.029239037607461865	0.038260220036889815	0.011372167566857792
DLBCL10881	0.06659484794133019	0.011235919068102165	0.013680683043054528	0.03085776689050293	0.8776307830570103
DLBCL10899	0.021905420412102822	0.029128375928219576	0.007193580495678068	0.029241220912723506	0.912531402251276
DLBCL10536	0.015524908186557699	0.09373025733741823	0.8229400108208708	0.050201150209621515	0.017603673445531785
DLBCL11542	0.015047868870760733	0.06415243548508173	0.8567355775452792	0.05507116467364677	0.00899295342523161
DLBCL_C_D_1105_NULLPAIR	0.07229041808892826	0.8637342574298206	0.016376399231159647	0.02791433073945534	0.019684594510636175
DLBCL_RICOVER_701	0.0674294600668229	0.013748651443910173	0.021821618555800833	0.8748550028539054	0.022145267079560712
DLBCL10904	0.007604678436055842	0.012585895010316988	0.021644439352976084	0.017684304864558176	0.9404806823360929
DLBCL10544	0.031252875743596135	0.011057839955340527	0.034369046987875025	0.8555729940703115	0.06774724324287683
DLBCL_RICOVER_1269	0.014021976515932512	0.20501710005727503	0.6173640408615834	0.09276631646168361	0.07083056610352552
DLBCL11004	0.004065061459651017	0.006769554512848362	0.0064895776546049075	0.01453655391022474	0.968139252462671
DLBCL10935	0.9217942145214753	0.03398207030439871	0.006585697559380406	0.022656673466780273	0.01498134414796533
DLBCL_LS2367	0.8652147248097407	0.03633934292909279	0.01207550899821436	0.06082949402682617	0.02554092923612597
DLBCL10939	0.03592941069540853	0.009953806550619778	0.023468778313190785	0.9084994892707987	0.022148515169982154
DLBCL10523	0.018362804971660783	0.010489327806751705	0.9080502218970654	0.05622767404658225	0.006869971277939851
DLBCL_MC_F139_LJF	0.04147910950385137	0.011474199452075855	0.02476648160842421	0.9075206290204677	0.01475958041518088
DLBCL11208	0.014560037321842493	0.9392298689869686	0.022939698143716842	0.012992833441552108	0.01027756210591999
DLBCL_LS1395	0.013997242727889497	0.045802919661516256	0.9050395536875794	0.014696996851626712	0.02046328707138817
DLBCL10978	0.02594602576275285	0.011798552442563595	0.028516080974994116	0.9171378455273073	0.016601495292382216
DLBCL10866	0.01101773425511543	0.00994505237961617	0.01900054826037959	0.047479733870654475	0.9125569312342343
DLBCL_C_D_1156_NULLPAIR	0.8884547513838097	0.019840487989196475	0.009697884821057141	0.06981308740771676	0.01219378839821996
DLBCL_RICOVER_1165	0.010690510557920129	0.9196640398660598	0.03799051034224907	0.007817586400616527	0.023837352833154423
DLBCL11673	0.00688041350144564	0.952965209529288	0.02254536565131917	0.01108799441120396	0.0065210169067433
DLBCL10842	0.001848523143796224	0.0031261014790683645	0.004264854398449138	0.004886956994659043	0.9858735639840273
DLBCL10963	0.0066234634886247565	0.020396697038481165	0.016456948842937816	0.0227787300910644	0.9337441605388919
DLBCL11669	0.006897921728578859	0.007568326469219049	0.9636853208262538	0.01782929030591555	0.004019140670032755
DLBCL10541	0.005791849215401755	0.9695132885512958	0.008385071515047582	0.005731411222958996	0.010578379495295812
DLBCL_RICOVER_1287	0.013009231217376656	0.05283479169945802	0.013803219542625835	0.01420428465011894	0.9061484728904206
DLBCL11526	0.009503847393653399	0.00699512602443061	0.9635814210700886	0.01561176310818139	0.004307842403645954
DLBCL10900	0.008763228487990785	0.006362781109048172	0.007035889855355401	0.01796300713182305	0.9598750934157826
DLBCL10993	0.9207702779916112	0.006038253806789846	0.011406765142032883	0.04235941006561488	0.01942529299395119
DLBCL11481	0.9455709906326365	0.006315761880903271	0.019703044051931195	0.0160806911737076	0.012329512260821454
DLBCL_C_D_1163_NULLPAIR	0.0017623867180718428	0.0029218728076061797	0.0030504917053879436	0.004751784099700548	0.9875134646692335
DLBCL11666	0.0018318148219820818	0.002896233316635966	0.9889908771164647	0.004482852400894752	0.0017982223440225114
DLBCL11667	0.0018099209436631338	0.002869144283039224	0.9897534673592834	0.0037255215351482238	0.001841945878866079
DLBCL10484	0.0024953813591800165	0.9843846581536732	0.006712296831962591	0.0034472569754465236	0.0029604066797376946
DLBCL10844	0.8991757492521504	0.021148040169465136	0.009838746953626954	0.02088957597714632	0.04894788764761117
DLBCL10922	0.005419478544112531	0.978120871167678	0.0062851331665333045	0.004166143267025674	0.00600837385465053
DLBCL11512	0.931046815198491	0.013966279946256465	0.011468782982438554	0.037785215671170755	0.005732906201643295
DLBCL_C_D_1125_NULLPAIR	0.0009178569669710871	0.002294419814301223	0.0014025590744495067	0.0014719359396527275	0.9939132282046255
DLBCL_C_D_1131_NULLPAIR	0.0016278719575608547	0.9908431703946176	0.0036693932914058126	0.0014695086409763866	0.002390055715439382
DLBCL_MC_F729_MAN	0.0020960955055482826	0.9884343666511413	0.003499226025614681	0.0019267501871910824	0.004043561630504642
DLBCL10480	0.007845359898378451	0.9767169907366323	0.005061550063800278	0.003921283751238616	0.006454815549950361
DLBCL11188	0.0006156316061084875	0.9961444399520082	0.001482853117999764	0.0007191776488078581	0.0010378976750757204
DLBCL10990	0.0009833788386731232	0.002247291147057644	0.0013652286932337204	0.0012048844177810882	0.9941992169032544
DLBCL11461	0.9900532139365944	0.0014451127661330861	0.0021002945660660096	0.005082386677172257	0.0013189920540342616
DLBCL11498	0.008524348762869323	0.9767090115942599	0.00565527555181579	0.003996277282529982	0.00511508680852492
DLBCL10471	0.00047513984068574955	0.0008005550402773158	0.0004929230607234893	0.0004900454735631472	0.9977413365847503
DLBCL10875	0.9776912044984333	0.003666715913045127	0.005005670369167381	0.010932356081081857	0.002704053138272329
DLBCL10834	0.001895526050194693	0.9920708047090057	0.002679194125499012	0.0015102242773818312	0.001844250837918822
DLBCL10945	0.9636300543167032	0.003991457435105	0.004724001313207521	0.012740433553493606	0.014914053381490605
DLBCL_C_D_1123_NULLPAIR	0.9875918033976919	0.0031285886697169354	0.002011966850632036	0.005669057749075654	0.0015985833328834586
DLBCL_RICOVER_1248	0.0014353952029264319	0.0024738701023742605	0.001492490972765468	0.001889919423439326	0.9927083242984945
DLBCL11511	0.9908269343887193	0.0011635412527189178	0.0021960225542654085	0.0037068929694321585	0.002106608834864294
DLBCL10525	0.9909822446030343	0.0009330297747701641	0.0020942427204907756	0.0035868843725386608	0.00240359852916613
DLBCL10488	0.736690502120273	0.09439926909825815	0.06841231286445464	0.09390809192634117	0.006589823990673083
DLBCL10969	0.5520880764011747	0.2409310796465019	0.1288403902386541	0.02723129263950492	0.05090916107416426
DLBCL10454	0.143910168493393	0.19614156753736045	0.037694135315964356	0.01765581833441596	0.6045983103188662
DLBCL_C_D_1153_NULLPAIR	0.07966791845026873	0.12686786179307344	0.025681700785923436	0.5106909933021776	0.25709152566855675
DLBCL11469	0.02003091663298435	0.0704543494672509	0.6744049108619776	0.02486663507882925	0.21024318795895783
DLBCL_RICOVER_506	0.015365680626207624	0.2831272382416625	0.03529422733724061	0.017878909403807625	0.6483339443910817
DLBCL10492	0.363170855574785	0.025140500910220787	0.01675556316592472	0.0720941685733464	0.5228389117757231
DLBCL10873	0.06920299141060411	0.4180690765998095	0.11436837063827014	0.36049012755022514	0.037869433801091014
DLBCL11449	0.03572954521337237	0.5353235778294947	0.03958199927547892	0.03131482652187859	0.3580500511597754
DLBCL_RICOVER_1046	0.009432505779862098	0.1851276925167958	0.744209909167665	0.023675856466565004	0.037554036069112014
DLBCL11528	0.20049441258784928	0.4371386714272915	0.30198878371981436	0.032019542571591154	0.02835858969345386
DLBCL10985	0.154091879103724	0.2991534826854178	0.03165682151285889	0.4708658332952713	0.04423198340272794
DLBCL10921	0.030779090892689952	0.2521865069380054	0.017770097789488713	0.02008425600420919	0.6791800483756067
DLBCL11206	0.020888332875705958	0.6125851434307987	0.06991525418606864	0.013268842651007515	0.2833424268564192
DLBCL10491	0.04937126838270121	0.3423301618861304	0.10223618023063433	0.4878302697343204	0.01823211976621358
DLBCL10906	0.04504086310780188	0.5880289322206999	0.025516372285313813	0.02067896667196896	0.3207348657142155
DLBCL_RICOVER_910	0.24211572883788796	0.06031862373673589	0.03519098867339318	0.624995006360028	0.03737965239195496
DLBCL11525	0.2129617629172142	0.020983327055042047	0.6123638210346088	0.13815908664516263	0.01553200234797236
DLBCL_BWH_DLBCL64	0.1904851960282259	0.25524951281583763	0.06623376897236205	0.4738017197433806	0.01422980244019377
DLBCL11441	0.13110261202344203	0.013672718350423508	0.05949881137688863	0.3543221803410107	0.44140367790823504
DLBCL_RICOVER_711	0.2094183740775697	0.5065775584815592	0.02808521788405897	0.23414207518171015	0.021776774375102094
DLBCL11002	0.30127333199337103	0.03050434239057255	0.061236691053775	0.5910093074612864	0.015976327100994937
DLBCL11447	0.041741115830429804	0.013791660024126566	0.028493497590151087	0.837106844583098	0.07886688197219453
DLBCL10908	0.05972320250769865	0.1079360353780429	0.6535004657811008	0.04403728530266872	0.13480301103048892
DLBCL10482	0.8379595980665652	0.01807798594856019	0.014657974100251225	0.02704346073259625	0.1022609811520272
DLBCL_LS3499	0.09393159664408997	0.11735220367079924	0.05295729425561788	0.7116077956925961	0.024151109736896756
DLBCL10962	0.03616981112541305	0.639167437271657	0.17596152547431554	0.033578962339857826	0.11512226378875648
DLBCL10565	0.02444347551803198	0.01599493780819852	0.8938891134632336	0.05532665555545579	0.010345817655080037
DLBCL10885	0.04085329106250138	0.824996963226002	0.014878355713682066	0.031588488483092036	0.08768290151472251
DLBCL10916	0.007313862034643298	0.04770919897959002	0.015423113403672271	0.014062385823935694	0.9154914397581587
DLBCL_RICOVER_1190	0.13962181922766495	0.057540654398770555	0.13148001896912168	0.023039617432351268	0.6483178899720916
DLBCL11464	0.15615775534984375	0.016964732227135362	0.02349158167717035	0.7754901233598911	0.027895807385959464
DLBCL10782	0.12311119875371598	0.05751380679564952	0.043318878136650085	0.7582644474496247	0.01779166886435965
DLBCL_RICOVER_1081	0.05630773536480513	0.013679435684917954	0.09153986810657933	0.2846835219297258	0.5537894389139718
DLBCL11573	0.01039842242035517	0.043680427867343836	0.9060626997803142	0.025782450831171876	0.01407599910081496
DLBCL11205	0.9573320542209108	0.011937270440273167	0.013462623746689741	0.013155702838397603	0.004112348753728656
