	0	1	2	3	4
DLBCL11510	0.4571283427113838	0.22479998206065452	0.049406214719326574	0.05527634769115702	0.21338911281747797
DLBCL_RICOVER_522	0.17566648587768155	0.058859804299364604	0.3504622034618439	0.4042031590055968	0.010808347355513023
DLBCL11534	0.038233372050793406	0.02628929315697888	0.4655982119583911	0.18733306077651668	0.28254606205732
DLBCL11574	0.04921661037566467	0.20921466062697594	0.4731546839849288	0.07321326096502609	0.1952007840474045
DLBCL11581	0.05059862100690943	0.021598783518605755	0.14199983510428732	0.21973051328861704	0.5660722470815804
DLBCL10986	0.5657551726455711	0.05576148866148519	0.19471255440905427	0.1358962556399935	0.04787452864389603
DLBCL_MC_F927_JHS	0.23717716501332528	0.2560956539124425	0.09535166058754735	0.06189778360520562	0.3494777368814793
DLBCL11538	0.025672003607916934	0.012547866018432193	0.6459471813173427	0.1691817122471466	0.1466512368091615
DLBCL11466	0.17024644786148266	0.26808360235094086	0.047698163219235236	0.443287605772702	0.07068418079563925
DLBCL_C_D_1118_NULLPAIR	0.32481088155179727	0.5792084771340715	0.01789262359165422	0.049264848254988065	0.028823169467488856
DLBCL11202	0.24079662032524304	0.10189645148979602	0.5043070076475593	0.14158633716728233	0.011413583370119365
DLBCL10909	0.0763468375238936	0.014451821203019162	0.06951455003903134	0.615503305867965	0.22418348536609092
DLBCL10874	0.09503235163542371	0.40380506366787783	0.029063311814552142	0.12608062487032523	0.3460186480118211
DLBCL10539	0.03229858245063485	0.5164350462376253	0.08914937812398675	0.233796606582422	0.1283203866053312
DLBCL11448	0.03964159747943466	0.06370478220137546	0.14994920700470282	0.49905818261574375	0.24764623069874325
DLBCL11678	0.057531790112444546	0.029368135570408377	0.33006018709262175	0.5633843046343295	0.019655582590195834
DLBCL10856	0.034555095468062826	0.05309947937247461	0.31079220517165856	0.033934225731382675	0.5676189942564213
DLBCL11518	0.5092271473068859	0.16538407806755082	0.25455175379188255	0.04805363501656903	0.022783385817111593
DLBCL11519	0.5496581111818538	0.03904168322316024	0.026578942699692312	0.3698346061894795	0.014886656705814134
DLBCL11480	0.7320651776190998	0.02156722774792726	0.09830007556773931	0.06022559098082867	0.08784192808440498
DLBCL_RICOVER_216	0.07517049463137325	0.09581855996615561	0.20532141147120428	0.03101748355386335	0.5926720503774034
DLBCL11204	0.24445503261840762	0.6206659117072434	0.03733418836554658	0.03864230474328949	0.058902562565512864
DLBCL_MC_F496DMP	0.41763999513831984	0.3361249015620958	0.17810585828339684	0.046039667597184156	0.022089577419003446
DLBCL11432	0.6717597098586757	0.007601607712163025	0.10680957652092866	0.13780770580758078	0.0760214001006518
DLBC_FF_8062_TP_NB	0.09361283442807991	0.019832442809971193	0.11500356055644552	0.7500607443718116	0.021490417833691804
DLBCL10858	0.047525841879432706	0.012606894943727853	0.03317697106671449	0.24396466844571546	0.6627256236644095
DLBCL11576	0.052961264951951206	0.1536282138717696	0.10148482793942001	0.6626625624314197	0.029263130805439474
DLBCL10865	0.12370117043729303	0.09316725643149112	0.026719128981253174	0.055233103222934773	0.7011793409270278
DLBCL_LS4592	0.008169075759895172	0.019073385625544392	0.8056490082076537	0.09312205904630906	0.07398647136059765
DLBCL10837	0.061083357084259764	0.06095106639368693	0.020313938447001977	0.0510157002666359	0.8066359378084155
DLBCL11346	0.02597334552419142	0.7527095292020911	0.029866935001555312	0.021635015896525587	0.16981517437563656
DLBCL10919	0.3861383519081377	0.01360628351699651	0.03775242244595287	0.5349052339864682	0.027597708142444825
DLBCL10527	0.02196582272987571	0.018052357079377815	0.08209974275034415	0.8054485331392639	0.07243354430113846
DLBCL11515	0.02523788498182439	0.09631125200405223	0.6613369982703966	0.036398752277125225	0.18071511246660152
DLBCL_C_D_1103_NULLPAIR	0.029696280215102393	0.03387980112562349	0.09878416305814502	0.8145958206380881	0.023043934963040944
DLBCL_MC_F210_GWC	0.08220622726686762	0.6517770431759597	0.024909100953593576	0.17462376282025352	0.06648386578332562
DLBCL_MC_F218_RAP	0.1529724221193681	0.018780634608826	0.04295033222111758	0.7684979954090997	0.01679861564158869
DLBCL10833	0.07086255213555713	0.015013795785358995	0.018499198177847585	0.0666728287908924	0.8289516251103438
DLBCL11501	0.6893608456426127	0.18545823786414117	0.02497415613811091	0.03560693328435693	0.06459982707077827
DLBCL_MAYO_DLBCL_3653	0.8137856116209923	0.018791413798868426	0.028367208911319088	0.06994479394649238	0.06911097172232786
DLBCL11661	0.011324165477236347	0.9341438335115275	0.02547392470047028	0.021675471809504424	0.007382604501261462
DLBCL_C_D_1109_NULLPAIR	0.07206907091466826	0.010703089933788995	0.022828353012072394	0.871806579694006	0.02259290644546432
DLBCL10972	0.8706898526060854	0.016483995351818694	0.01673439114368932	0.04252012258629199	0.05357163831211457
DLBCL10927	0.048953718732355614	0.010649779521116058	0.023752193730720603	0.9010175121683147	0.015626795847492977
DLBCL_C_D_1139_NULLPAIR	0.07577437700645899	0.03951681223691711	0.025659251747429966	0.8433801417407734	0.015669417268420558
DLBCL11513	0.00874131611555412	0.010380790676338304	0.03130835332223008	0.023956815322110508	0.925612724563767
DLBCL10879	0.012863154212119829	0.013798358511969309	0.8416689027483938	0.05817610976196419	0.07349347476555287
DLBCL_RICOVER_1061	0.04383532762832714	0.011813607366732927	0.04335755815071076	0.8871005371815741	0.013892969672655017
DLBCL_C_D_1129_NULLPAIR	0.9703352290406351	0.0031769983618440832	0.007518917069900401	0.01109157049104879	0.007877285036571655
DLBCL_LS3809	0.8725069109039584	0.024090158408336834	0.0257797973508952	0.019864072367583068	0.05775906096922656
DLBCL10851	0.01659770330351456	0.9025637906448022	0.01720925433494952	0.009526934314365588	0.0541023174023681
DLBCL_RICOVER_850	0.009071239229162188	0.03375403839091409	0.014678286636452447	0.02918890709508331	0.9133075286483879
DLBCL_MC_F815_BAT	0.015667945320112977	0.037469133570779835	0.8432017913651064	0.0837769189110663	0.019884210832934502
DLBC_FF_A7CW_TP_NB	0.006154180035771508	0.027452180272940045	0.026736513860078158	0.01901361577480765	0.9206435100564027
DLBCL11527	0.04521163562299758	0.015313062821165726	0.03938016930264356	0.8682546983547943	0.03184043389839886
DLBCL_MC_F307_JPS	0.9206855863858467	0.012802143125664195	0.009582511759960496	0.04152944707005591	0.01540031165847267
DLBCL11651	0.00814653627858912	0.007768896268078165	0.9442014184303484	0.023746804368404192	0.016136344654580033
DLBCL11539	0.9640331535910657	0.0035696210494938745	0.00876183350345603	0.019462566537735364	0.004172825318249062
DLBCL11591	0.008849091404302576	0.897243169547049	0.06771971705300205	0.01051464826323759	0.015673373732408836
DLBCL10518	0.0056155097805531415	0.005114405614018535	0.9618735194058694	0.02046103499031029	0.006935530209248635
DLBCL11450	0.005307445115945181	0.011355011656314948	0.005334102895793584	0.01005835984844975	0.9679450804834966
DLBCL10554	0.004686665551141694	0.003464920671837408	0.9807636608792717	0.007715516410651673	0.003369236487097478
DLBCL11472	0.9358102159410489	0.004366302203356089	0.011050679821609	0.03775179536396277	0.011021006670023308
DLBCL11569	0.004030117309773747	0.01187815030157661	0.970603665370254	0.009587913587615262	0.003900153430780342
DLBCL11429	0.9409184953802854	0.00446922961485571	0.008705021277836353	0.03326455677421407	0.012642696952808452
DLBCL10466	0.005182728882250287	0.020360927372335604	0.9298763350047046	0.033025562326192616	0.011554446414516879
DLBCL11672	0.00628932453155108	0.00536581567677998	0.9618619084693898	0.017702377349216845	0.008780573973062289
DLBCL10880	0.007528156433093448	0.005623709048265962	0.0106103544760577	0.004619127083780621	0.9716186529588022
DLBCL_MC_F349_BJJ	0.0017765049793971636	0.0025274182048928657	0.9889680125091331	0.004311024278333142	0.0024170400282437425
DLBCL10987	0.011637530796492834	0.015574929356429429	0.008213426742808151	0.007679981090478308	0.9568941320137913
DLBCL11434	0.9890917275699344	0.0017318334498328287	0.0021021823357217327	0.0055007324462709875	0.001573524198240075
DLBCL_RICOVER_173	0.010177194322316035	0.009885211086607728	0.012809478389342252	0.03461790949617306	0.932510206705561
DLBCL11670	0.002656245248682623	0.006359811457714898	0.9730724274239242	0.012546777403988046	0.005364738465690232
DLBCL10847	0.008775619013703549	0.015071039192581787	0.006853151829775595	0.005167086449031598	0.9641331035149074
DLBCL11477	0.9798915623750694	0.0023470278031104885	0.0031125607870972306	0.010189205904544373	0.004459643130178581
DLBCL10895	0.0068571034550537905	0.030673092736092658	0.01522398769411299	0.008182002727415986	0.9390638133873246
DLBCL_MC_F132_MLM	0.989912812519274	0.0013246997334326513	0.001471998707819109	0.004873668011968136	0.00241682102750615
DLBCL_RICOVER_826	0.9795108088764225	0.0027014528396669298	0.0026242799350944	0.0109600110065264	0.004203447342289775
DLBCL10903	0.004018449185107897	0.9680128606567253	0.016739835706381472	0.0041794196254511745	0.007049434826334154
DLBCL10966	0.9914340049816245	0.0011614220036852204	0.001639501642603448	0.004226531951960219	0.0015385394201266696
DLBCL10913	0.9869741271052412	0.0018497556053521241	0.0020046627863129912	0.0058416555941218995	0.0033297989089717444
DLBCL10897	0.9803121126248057	0.003269674434763269	0.0023221317025665478	0.008733199218742934	0.005362882019121561
DLBCL_RICOVER_134	0.004534479166339297	0.01577135474785245	0.006108009357674536	0.007642418213240642	0.9659437385148931
DLBCL10996	0.9922472285813109	0.0008656633538757194	0.0017254912277423543	0.0033288231345424074	0.001832793702528625
DLBCL10494	0.0036291538307161833	0.9735671172313647	0.012782797245059796	0.004796730455475227	0.0052242012373840685
DLBCL10997	0.9962608523641732	0.0005742954708051737	0.000545896930002904	0.0017268946376787408	0.0008920605973400023
DLBCL10483	0.0019049198545064356	0.9874291160317101	0.0057736530961117645	0.0017338560251905547	0.0031584549924811574
DLBCL_MC_F500_ECU	0.004270968314586256	0.9770782005093686	0.006661518097655696	0.005634977495872531	0.006354335582516921
DLBC_FF_8043_TP_NB	0.004896718115592673	0.9806251818203413	0.0061880989392243246	0.0030608804766978776	0.0052291206481438635
DLBCL_LS3749	0.0016064020619920984	0.9918602009160711	0.0029550337407382404	0.002023133546878012	0.0015552297343206212
DLBCL11353	0.003967483310577182	0.00991382121080472	0.009223326674008894	0.006233009617839069	0.9706623591867701
DLBCL_RICOVER_533	0.003621409038882549	0.9866242011755595	0.0044817902968459535	0.0027640159409481925	0.00250858354776384
DLBCL11195	0.002197406212106416	0.007660855039348112	0.005375695512217289	0.005949653579265071	0.9788163896570631
DLBCL10889	0.0027206272676005903	0.004614795149630693	0.005337772029781272	0.008305275148471897	0.9790215304045156
DLBCL11187	0.002003735901942171	0.0025160221156423886	0.0030856294496912767	0.004345174230417669	0.9880494383023065
DLBCL10989	0.003691380225319994	0.9813268445597064	0.005805858997779095	0.00281115599986826	0.006364760217326212
DLBCL10853	0.003751387427916162	0.003522393463183819	0.00457203967732093	0.005456285666108656	0.9826978937654705
DLBCL10460	0.002472430554553287	0.9854732271511418	0.0068437210121243125	0.0021390757918225128	0.0030715454903580425
DLBCL10510	0.0027558251239009645	0.9872068784465975	0.0031757543953599915	0.002510255690695903	0.0043512863434456706
DLBCL10917	0.0026445516835031354	0.9898994439639694	0.0026236545190316844	0.0020561864520219327	0.0027761633814738485
DLBCL10901	0.0020214584807321397	0.0037821293132981704	0.003128845564887886	0.004699445202190594	0.9863681214388912
DLBCL_MC_F519_ALT	0.0017064841410581876	0.0031076742017008647	0.0019279832948685882	0.0019183813168209033	0.9913394770455515
DLBCL10956	0.014455309850289175	0.9533335158416316	0.007611755280559675	0.006609586918712613	0.017989832108806957
DLBCL11000	0.001109698935640442	0.0021154263328209324	0.0017697869419386427	0.0024323588541555513	0.9925727289354445
DLBCL_C_D_1108_NULLPAIR	0.0020781227969028826	0.9878332298823749	0.0031145062301143893	0.0019632526409943934	0.005010888449613436
DLBCL10911	0.0	1.0	0.0	0.0	0.0
DLBCL11471	0.26924643211367727	0.2285125188895771	0.14689043129093535	0.18635189703586677	0.16899872066994362
DLBCL_RICOVER_773	0.017983325130086745	0.14147352587271408	0.30582501737490275	0.022564559624210907	0.5121535719980856
DLBCL11455	0.24235699536335115	0.01674251284025326	0.12249258062522868	0.5488789001694877	0.06952901100167919
DLBCL_MAYO_DLBCL_234	0.12191226114420542	0.01374119646945574	0.30812060619333265	0.5200272143307504	0.03619872186225576
DLBCL10955	0.18937591557194253	0.11219278171939472	0.10428272073764935	0.3578039287787287	0.2363446531922847
DLBCL11431	0.18381182136097332	0.1512191198447118	0.11438124998752973	0.07065682250886184	0.47993098629792325
DLBCL11491	0.20535033260013666	0.017701244503705117	0.07447177684414313	0.6147625494250403	0.08771409662697481
DLBCL_C_D_1112_NULLPAIR	0.02332210497795067	0.26710250884017184	0.5957244484032885	0.04423921912054772	0.06961171865804118
DLBCL_RICOVER_1060	0.11273569106063518	0.6372776465718284	0.028993105944547227	0.02302176218666031	0.19797179423632896
DLBCL10878	0.2096472603351434	0.014979351124821214	0.02323911726113341	0.06650357213328575	0.6856306991456163
DLBCL11457	0.7714106361078182	0.006716912833660787	0.04452860873615868	0.14367426036119973	0.03366958196116257
DLBCL11478	0.4856657982609374	0.046005669897165334	0.4060924279851006	0.042844676059479385	0.019391427797317232
DLBCL11474	0.6514085290956753	0.015249093238397323	0.0187076805976005	0.2801866584727155	0.03444803859561146
DLBCL_LS2590	0.03178545964339619	0.019519506948216157	0.06650669502893414	0.47869628570402917	0.4034920526754242
DLBCL10964	0.039444094157733194	0.0713747394974953	0.019379958937085214	0.17899330886042725	0.690807898547259
DLBCL10552	0.39472091346340105	0.022140510382315858	0.06812109811513038	0.50044727670811	0.01457020133104278
DLBCL_RICOVER_1150	0.46583631072186904	0.18630389261909724	0.02341487362278785	0.19605007079405867	0.12839485224218714
DLBCL10486	0.5992608840013119	0.1487886028716794	0.017604406118228933	0.08996109933940058	0.14438500766937923
DLBCL10934	0.03596684132947585	0.36939296191875653	0.027447088935825578	0.07253095357817924	0.49466215423776283
DLBCL10846	0.0867975655332678	0.7734868206816559	0.020666095066138618	0.05220517884343337	0.06684433987550432
DLBCL11652	0.6702840876589486	0.2130083170966572	0.03590384946613455	0.033143118175670755	0.047660627602588865
DLBCL11536	0.043525504329405905	0.3478418950888853	0.054305972849527456	0.5024311916197587	0.0518954361124227
DLBCL11435	0.887646890330231	0.008483614991338326	0.01045641606374221	0.07534011479996008	0.018072963814728355
DLBCL10961	0.0076166082659028835	0.0588399509153192	0.020407975646415694	0.0379457888075099	0.8751896763648523
DLBCL10974	0.06849858233941691	0.020516930464240055	0.04765772605505744	0.5591585202809507	0.30416824086033495
DLBCL10838	0.030390367604524342	0.22616204175500845	0.02013194601828253	0.024748231791290383	0.6985674128308943
DLBCL11683	0.026947763876376315	0.022273792687527383	0.7619929522680792	0.17434529842647936	0.014440192741537775
DLBCL11676	0.8031271980221781	0.016639127319468407	0.0567998759438411	0.11502908901423481	0.008404709700277527
DLBCL10501	0.00959589901260294	0.5377757131378599	0.37936726007766725	0.04061677098750867	0.03264435678436124
DLBCL11468	0.08938713058913629	0.030261480425957502	0.5735819664473762	0.27045076595532946	0.03631865658220048
DLBCL_C_D_1117_NULLPAIR	0.1715455073629497	0.5242412386163556	0.023074404376447914	0.2559977550976625	0.025141094546584333
DLBC_FF_8042_TP_NB	0.011893879503017355	0.10088798003159483	0.1081562373446822	0.05330583142647506	0.7257560716942305
DLBCL_LS1921	0.012808827853129829	0.9368774633959901	0.016884244587973184	0.02559289542012286	0.007836568742783982
DLBCL10553	0.025817268055047853	0.031044160803787354	0.36991711069523825	0.525673144042402	0.047548316403524624
DLBCL11430	0.7667483231517493	0.012725149850421641	0.03868770509144443	0.16746250952313402	0.014376312383250552
DLBCL11663	0.8001108578127915	0.03954774475950483	0.05243273023103513	0.08037800937199253	0.027530657824676043
DLBCL10891	0.01030825067958617	0.008655079190366993	0.03410674064115845	0.03942463080074309	0.9075052986881453
DLBCL10835	0.017198313010652572	0.08635551566966311	0.016087973321193483	0.05817436406513476	0.822183833933356
DLBCL11470	0.819828763187068	0.006591720527656305	0.030482624111640107	0.12567606877887227	0.017420823394763373
DLBC_FF_A7CX_TP_NB	0.7360081025162604	0.02889527550275636	0.05671094062213208	0.04935985916287776	0.12902582219597342
DLBCL_RICOVER_496	0.02612185299448418	0.8862574873230411	0.054345412060773826	0.023249865733709317	0.010025381887991541
DLBCL10456	0.033582883514540335	0.016813012839512302	0.06461539087020053	0.8208532099605644	0.06413550281518245
DLBCL_RICOVER_1106	0.009768517655961716	0.05816542298859179	0.01955319244876482	0.04264724165935006	0.8698656252473316
DLBCL10871	0.07388210481046799	0.810341211335981	0.031885616518699894	0.01682714068619268	0.06706392664865843
DLBCL_LS1683	0.009163024656759548	0.8689031531788242	0.025940712359912677	0.012023836360473073	0.08396927344403052
DLBCL10780	0.0201909390656532	0.8480296720144794	0.07969694496025342	0.04070856634127341	0.011373877618340552
DLBCL11523	0.008528296218048721	0.009277781612394669	0.013519870719019635	0.023718838241253783	0.9449552132092832
DLBCL_RICOVER_478	0.0871187310666652	0.7881271996200134	0.0279567712898471	0.016395134116587967	0.08040216390688627
DLBCL10517	0.0113246593975448	0.8173921815362463	0.12857293871726458	0.019975845499172286	0.022734374849772032
DLBCL_C_D_1106_NULLPAIR	0.0264533991862173	0.9456831443609037	0.008387876596233856	0.009910666228913505	0.009564913627731621
DLBCL11658	0.03482961848067252	0.010187950433351165	0.031192136853884788	0.89495202286481	0.028838271367281475
DLBCL_MC_F064AB	0.010833333612346023	0.010484918408933667	0.9159704063859725	0.05395756928277082	0.008753772309977032
DLBCL_C_D_1148_NULLPAIR	0.44216318777089303	0.01044094125940774	0.13084379369047536	0.39511210875161584	0.021439968527607864
DLBCL11196	0.03044367013037231	0.009936442739829382	0.027415852559840713	0.909745101596227	0.022458932973730604
DLBCL10930	0.039230524452818646	0.013480940227860927	0.0180186947429369	0.011917551661344531	0.917352288915039
DLBCL_LS4054	0.028463239845549403	0.9261772397736144	0.010678969473748757	0.01725468076711791	0.01742587013996949
DLBCL11488	0.809448127928233	0.008926215059560027	0.013979253316248608	0.059269555401440695	0.1083768482945177
DLBCL10857	0.027233687640796454	0.011365305046878257	0.010209191567499932	0.04304827772630521	0.9081435380185201
DLBCL_RICOVER_945	0.926047815114691	0.02246730086377672	0.00573946423314603	0.03495662255115985	0.010788797237226382
DLBCL10995	0.011150988688079158	0.01888522200804524	0.9210744994967351	0.028271384203500297	0.020617905603640182
DLBCL11656	0.006017257808438276	0.005710095872914177	0.9453276153554531	0.016820792181828775	0.026124238781365758
DLBCL10547	0.03368049230836191	0.01102750820804391	0.025671661073298695	0.9119803027386578	0.017640035671637702
DLBCL11484	0.008546453703552894	0.9524148670691577	0.016772906071627593	0.008494070788722809	0.013771702366938967
DLBCL10898	0.009568338951418311	0.03273784211615759	0.009649127210134197	0.011619468976060638	0.9364252227462293
DLBCL11541	0.005346638105668119	0.022981592352054343	0.9314117908101249	0.01642631251630885	0.023833666215843756
DLBCL10497	0.03025952852169297	0.00938569647222396	0.024930097609494852	0.9194127081806293	0.016011969215958995
DLBCL_RICOVER_1329	0.017691753745758383	0.058762955944517324	0.011297325052858841	0.012062754841663607	0.9001852104152018
DLBCL_RICOVER_1032	0.00884567301056906	0.06108961819958794	0.012455759818765646	0.01474135657545233	0.902867592395625
DLBCL11516	0.011455986328121382	0.8985117868581455	0.03144892753655816	0.02846266203713149	0.03012063724004343
DLBCL_RICOVER_948	0.003599408228413545	0.9776970953804347	0.011152717460648469	0.002546945753453137	0.005003833177050204
DLBCL10870	0.004737454924824411	0.009342446735880501	0.021956174570513794	0.012662960945188918	0.9513009628235923
DLBCL10555	0.019793846485542846	0.017489818589681395	0.9392669941234815	0.01722894063528981	0.0062204001660044915
DLBCL11203	0.0013852502174128843	0.9913559240968582	0.0023754899490323485	0.0024859423187280193	0.002397393417968506
DLBCL_C_D_1157_NULLPAIR	0.006004138432493223	0.004047170363665314	0.973590978238442	0.012329587597172956	0.004028125368226566
DLBCL11564	0.02813823473374439	0.010176748177032395	0.023631823230750214	0.9226023069972085	0.0154508868612645
DLBCL11440	0.003091436246578352	0.003611308419303697	0.005699475020329331	0.004254787178408574	0.9833429931353801
DLBCL11462	0.9517739220710163	0.00501761346133344	0.011645715818480912	0.01323275348738342	0.018329995161785902
DLBCL11679	0.02277181039573236	0.950844301496181	0.01043834982875689	0.008202583284199627	0.007742954995130068
DLBCL_LS3245	0.0016487801858389697	0.9868245697215966	0.006301911217014178	0.0023504244474752078	0.0028743144280750496
DLBCL_C_D_1113_NULLPAIR	0.004093245142772377	0.007815642626532232	0.9736021630855095	0.00961262595997115	0.004876323185214702
DLBCL10457	0.0044975231294835565	0.013350526000350575	0.006719574978979956	0.00669562128001962	0.9687367546111663
DLBCL11507	0.00870344073418704	0.9505664911994961	0.02486752385395845	0.006364004332096613	0.009498539880261786
DLBCL10522	0.008836282099486831	0.006451333986729555	0.9585339371162334	0.012232851004114352	0.013945595793435886
DLBCL10465	0.0015214316036555628	0.0023176241934504778	0.9900121126567624	0.00419755565581235	0.0019512758903192475
DLBCL_RICOVER_577	0.004163166165757642	0.006131185687858317	0.9735679694101891	0.008084558189352246	0.008053120546842742
DLBCL_LS1065	0.0014505425160540337	0.994607305878191	0.001672631743243152	0.0010137049057087919	0.00125581495680306
DLBCL10529	0.0036563490197780222	0.016568136989408788	0.00805724349795324	0.00869505533080902	0.9630232151620509
DLBCL11677	0.9542947202941381	0.003572538482341704	0.009567534995862154	0.019695684303495074	0.01286952192416302
DLBCL_LS2089	0.0036704184560426294	0.9762086585416387	0.005297666828969841	0.0030741737907194677	0.011749082382629361
DLBCL10950	0.9248959889114491	0.006481627512006977	0.012340132649814426	0.03509460563041468	0.021187645296314846
DLBCL10988	0.0007181941385391696	0.9963574681383652	0.001145069669926441	0.0007899038923730613	0.0009893641607960565
DLBCL_C_D_1136_NULLPAIR	0.00044405354692853645	0.9978819734458949	0.0006426932427694496	0.00045369868530200486	0.0005775810791051324
DLBCL_RICOVER_469	0.004169882149168825	0.0037183659499306484	0.9791262312253022	0.009716301158344588	0.0032692195172537683
DLBCL10890	0.003282221301305185	0.006703947428464279	0.006820957774409373	0.004941435790253071	0.9782514377055681
DLBCL_MAYO_DLBCL_5613	0.995330731134279	0.000901849372213033	0.0007947050943485001	0.001797220387258275	0.001175494011901295
DLBCL11520	0.9234606534656356	0.005544253985189105	0.009001320909205864	0.025882769366933667	0.03611100227303582
DLBCL11537	0.9207447062917747	0.0058946142333402415	0.011305607241040183	0.021810921211350667	0.040244151022494214
DLBCL10864	0.0015443330684423787	0.002078607887200152	0.002692798806700775	0.00286478271062416	0.9908194775270326
DLBCL_RICOVER_417	0.001369326660796022	0.0026096697038755588	0.0027755003789568	0.002838586802598641	0.990406916453773
DLBCL10967	0.0014213414708406237	0.0023948292494465335	0.002717183006195819	0.0023983325298217984	0.9910683137436952
DLBCL10530	0.001837270134297228	0.00447837701730682	0.003311076349375135	0.003120913007682416	0.9872523634913384
DLBCL10534	0.000802855993740162	0.0013945810821265042	0.0011595738336369996	0.0014429928400831163	0.9951999962504132
DLBCL10884	0.9890850805751058	0.0013261208282525816	0.001961986062434117	0.005619976292423106	0.002006836241784407
DLBCL11482	0.990975926906918	0.0011411355474151201	0.0014951324644121812	0.00473220421134994	0.0016556008699047538
DLBCL_LS4619	0.018652954381040473	0.1745454544074928	0.5139752320616092	0.1117779095462554	0.18104844960360222
DLBCL11446	0.20260569810252496	0.18081987025991297	0.18791641733379827	0.3807892901574092	0.04786872414635457
DLBCL_MC_F362_MJB1	0.014513917445535852	0.1806495081602574	0.6497592967649908	0.02300399949835889	0.13207327813085706
DLBCL11433	0.05238159941134239	0.014987341087664167	0.07668147825643089	0.37185118484271723	0.4840983964018454
DLBCL_RICOVER_258	0.20997531435972833	0.01793343757962413	0.13953407613502797	0.05090784159437013	0.5816493303312494
DLBCL_LS1304	0.022520687979541126	0.036423194566584396	0.4233937435971461	0.032047653064065776	0.48561472079266266
DLBCL11657	0.020379102848473978	0.047745639625078974	0.7712867080023107	0.13542482183713753	0.025163727686998746
DLBCL11681	0.33475053412959865	0.013643861901744126	0.46494812734235996	0.11644602818785606	0.07021144843844124
DLBCL_RICOVER_120	0.5630554807827817	0.05961147339700614	0.16702488165280255	0.047244013815152884	0.1630641503522568
DLBCL10965	0.2001952889305603	0.01490320346838617	0.04263994241044708	0.7043379417388773	0.03792362345172912
DLBCL10503	0.048750041180939244	0.6169079735283431	0.11957224411714432	0.03249435539047859	0.18227538578309474
DLBCL_LS951	0.847768724206278	0.0370972860116863	0.03396903222453807	0.07256956117587472	0.008595396381622876
DLBCL11439	0.36382605863332773	0.017200885211305732	0.46901022944808324	0.07032329780200311	0.07963952890528019
DLBCL10869	0.5742494355114207	0.19086387058280874	0.13555436617754218	0.04603284571047786	0.05329948201775052
DLBCL_RICOVER_338	0.41531372602085515	0.016463549195366953	0.055236458151204156	0.49109467802606843	0.021891588606505277
DLBCL10867	0.02743951666727263	0.2898114268973738	0.02561352852872859	0.04155936074919198	0.615576167157433
DLBCL10512	0.013640527902083572	0.0934084917452019	0.7364908618201624	0.03232824520482657	0.12413187332772554
DLBCL_RICOVER_1018	0.06346942016412582	0.2411677525150429	0.03124617268667066	0.6267934715858547	0.0373231830483059
DLBCL_C_D_1138_NULLPAIR	0.02224563356151211	0.3690642149765954	0.30808689299202546	0.17809829289787263	0.12250496557199447
DLBCL11504	0.09573172853796495	0.025153388251990812	0.04043483982374427	0.14056221879857606	0.6981178245877239
DLBCL11542	0.012681039073094192	0.054497505013527944	0.8759497133536742	0.04867654799649714	0.008195194563206486
DLBCL_LS2328	0.03033596464780963	0.3790961859073293	0.5434871008354442	0.0335829750185165	0.013497773590900363
DLBCL_RICOVER_274	0.04063357881189822	0.06821818619759883	0.03237314939863705	0.8188290828606494	0.039946002731216554
DLBCL_C_D_1159_NULLPAIR	0.20781793260113482	0.014935860078383113	0.03283096882876069	0.7226688408589069	0.0217463976328145
DLBCL10959	0.742214733937521	0.02018950894190756	0.012594930003092345	0.16611811667209828	0.05888271044538079
DLBCL10548	0.7119261254699101	0.10002562216747506	0.01703480197559451	0.14737893165765475	0.023634518729365575
DLBCL11437	0.07341946439577453	0.009769231369560798	0.045271962319151156	0.7974315543283708	0.0741077875871427
DLBCL_RICOVER_111	0.05354802895445187	0.020418975491392276	0.2532984371259391	0.05660021414094128	0.6161343442872754
DLBCL11671	0.9214487764363181	0.011650416921025444	0.013475484834134825	0.04718262808369587	0.006242693724825738
DLBCL10877	0.759741389292224	0.11168850779430932	0.042318659601471895	0.04859867684869652	0.037652766463298314
DLBCL10536	0.013686976068098303	0.07241053373037448	0.8535509386163875	0.044437341440969114	0.015914210144170573
DLBCL_RICOVER_720	0.024780938397973195	0.42487838404231754	0.04456176214037212	0.016898059499447917	0.4888808559198893
DLBCL11495	0.10600251256788852	0.012696869478341992	0.0367418002400973	0.19903360339336088	0.6455252143203113
DLBCL11479	0.037266585408334656	0.8240513199131502	0.07194645147039166	0.017126696216986363	0.04960894699113711
DLBCL_RICOVER_978	0.5955133637085374	0.019568978893165497	0.09490288288827613	0.2707118294715664	0.01930294503845461
DLBCL_RICOVER_467	0.014181742417575725	0.6619745984666533	0.032087893316405026	0.014741074904463579	0.2770146908949023
DLBCL_C_D_1105_NULLPAIR	0.07111730059417458	0.8749348748964204	0.015188166734340963	0.021086598342809345	0.017673059432254726
DLBCL_RICOVER_1269	0.011912505966765593	0.1220975630091465	0.7411059427649006	0.07227328275991321	0.05261070549927413
DLBCL10981	0.03673288017184585	0.7269967801488353	0.056677249078638955	0.10362528627411957	0.07596780432656043
DLBCL_MC_F606_DMJ	0.011402437608569117	0.12259612685512204	0.8304229118503028	0.020015492523778784	0.0155630311622272
DLBCL10544	0.031543994037200124	0.011202130876456577	0.03436415741974555	0.8561327528433214	0.06675696482327641
DLBCL10513	0.1135075665508713	0.05252305259703	0.1395559735736727	0.6836271202075993	0.010786287070826699
DLBCL10854	0.007340295990096257	0.013857176221491466	0.019229650438385003	0.04534733906328364	0.9142255382867437
DLBCL10463	0.006357400742216228	0.012589641346576436	0.02255898541423779	0.04424425363608953	0.91424971886088
DLBCL_RICOVER_575	0.059398784603471734	0.02347158928064945	0.08416987860585186	0.8204141780825785	0.012545569427448399
DLBCL_RICOVER_1289	0.018151341800967686	0.011692420281391447	0.01951697270598752	0.07369932006427363	0.8769399451473797
DLBCL_LS1395	0.013733396054780356	0.04468356132168439	0.9076625895946197	0.014383662009799231	0.01953679101911638
DLBCL_LS2367	0.8753161183978911	0.032028003502994846	0.012205593739085878	0.05758319749044167	0.022867086869586488
DLBCL_LS2208	0.02087028399265453	0.09948375698147519	0.15568838620688882	0.028339550898598614	0.6956180219203829
DLBCL10935	0.9111352183031821	0.03964349698091762	0.006763454420689865	0.02502563146447082	0.017432198830739615
DLBCL_RICOVER_780	0.011615474909152355	0.7798678718037569	0.15547673004746693	0.03311944265263239	0.01992048058699145
DLBCL_RICOVER_701	0.06596315399602702	0.013720687515115394	0.02582215075389101	0.8731631631642295	0.021330844570737088
DLBCL11004	0.0045750556581169695	0.008024297295488996	0.007492265200548409	0.01666807412833318	0.9632403077175125
DLBCL10451	0.7678777796608564	0.02046551572810787	0.16239950415512425	0.036560098767737415	0.012697101688174114
DLBCL10894	0.10609925468449609	0.8077431950591525	0.017891564742482092	0.05087810919860364	0.017387876315265706
DLBCL10899	0.028543978400899943	0.036559510688982035	0.008288069543034723	0.03268925923718802	0.8939191821298953
DLBCL10866	0.012198086297112117	0.010572614571159648	0.01992808833968459	0.04891554746510118	0.9083856633269425
DLBCL10881	0.03850736890115781	0.009678673461121997	0.010761920445469378	0.023096192624981242	0.9179558445672695
DLBCL_MC_F139_LJF	0.044548047995719424	0.011903463965244153	0.02640746388134748	0.90193903704432	0.015201987113368919
DLBCL10523	0.015455956740874289	0.009607196568029457	0.9118359862547817	0.055760753842149256	0.0073401065941652716
DLBCL_C_D_1163_NULLPAIR	0.002216156365255373	0.0033061584312297715	0.0032614649199259444	0.005276531748557663	0.9859396885350312
DLBCL_C_D_1156_NULLPAIR	0.8679403508910223	0.020970354797406093	0.011127472909051658	0.08526428868940097	0.014697532713119006
DLBCL10939	0.03760819536192571	0.009821351747712096	0.02407324871904268	0.904580365309888	0.023916838861431564
DLBCL11512	0.9316474182550127	0.010744820373058305	0.011116280963743095	0.03958801526021588	0.006903465147970019
DLBCL10978	0.027055001724414874	0.01117845517126408	0.02790917195142077	0.9165785105426771	0.017278860610223077
DLBCL10549	0.015052721782920686	0.8865044807029964	0.07367672280673276	0.01442162541844164	0.010344449288908562
DLBCL11664	0.06122728323209725	0.8668833295819711	0.02808115195213459	0.033663089339943435	0.010145145893853569
DLBCL10963	0.00720006806598713	0.019337846362057237	0.014336001245783336	0.021994724901750848	0.9371313594244215
DLBCL10900	0.009030901830000129	0.006496639326894891	0.007042426214179093	0.016666263096853876	0.960763769532072
DLBCL11526	0.008924440540360087	0.00628334728731164	0.9664298000117388	0.014102779016869658	0.004259633143719743
DLBCL11669	0.005347037763022047	0.006077885674742618	0.969614285755373	0.015326070145952237	0.003634720660910102
DLBCL_RICOVER_1287	0.013817886187605261	0.05338362389871782	0.013996206710752397	0.014472288031582705	0.9043299951713418
DLBCL11208	0.012728992774034888	0.9448230722303577	0.021739213151596416	0.011129112025975491	0.00957960981803558
DLBCL11667	0.0015857052826506062	0.002552295626799563	0.9900864972158786	0.0037308067479579297	0.002044695126713259
DLBCL11666	0.0014358035167641294	0.0023021797204604002	0.9909467717388954	0.0037447701233230255	0.0015704749005570288
DLBCL10467	0.015745442766398048	0.010436308617342505	0.031409980827871484	0.023957467107795283	0.9184508006805927
DLBCL11673	0.00725716617543719	0.9497661887612313	0.02480461299094814	0.01119331155091357	0.006978720521469821
DLBCL10993	0.9052114037291984	0.006155668902502866	0.014481599247633963	0.0489505362947628	0.025200791825901948
DLBCL10541	0.0057672696738691985	0.9703031658123751	0.008262352313041446	0.005565029356877076	0.010102182843837165
DLBCL_RICOVER_1165	0.012281279373579253	0.9169418582888399	0.03805872383041212	0.008378836314062573	0.02433930219310611
DLBCL10904	0.010361310320387137	0.018344226749208044	0.02926014977913817	0.02267532419326717	0.9193589889579995
DLBCL11481	0.9367339671342324	0.006804365077203319	0.022173117179317997	0.018451731366841077	0.015836819242405244
DLBCL11498	0.007789245994338695	0.9784037646703917	0.004827045809129212	0.003796515832179166	0.005183427693961272
DLBCL10844	0.9032724838594668	0.020166395864738777	0.008864003636575612	0.021479135999669264	0.04621798063954954
DLBCL10922	0.005642764299406781	0.977895013912352	0.006337162900305513	0.004333751270923248	0.005791307617012463
DLBCL_C_D_1125_NULLPAIR	0.0010245198471229254	0.00229021517978194	0.0014850664407441323	0.001580525302451474	0.9936196732298995
DLBCL10480	0.007463036731323613	0.9779118444441298	0.0047244048221846855	0.003525137540638988	0.006375576461722889
DLBCL_C_D_1123_NULLPAIR	0.983182996561139	0.004169948576807827	0.0026964970114253164	0.007572925227342163	0.002377632623285641
DLBCL_C_D_1131_NULLPAIR	0.0013029365166750942	0.9929056432453484	0.0028217390697193438	0.0011380644288819964	0.0018316167393751675
DLBCL_MC_F729_MAN	0.0013031026147049187	0.9929773008322271	0.0020143209282789737	0.0012495589162227533	0.002455716708566175
DLBCL10875	0.9761075688286195	0.0037033553821584353	0.005344125231105279	0.011589669010729544	0.0032552815473872476
DLBCL10484	0.002484155969048638	0.9850189519244382	0.006289876475040339	0.003322038084548569	0.002884977546924277
DLBCL10834	0.00130299238503134	0.9949025858407718	0.001698147147818995	0.0009365229125324487	0.0011597517138453302
DLBCL11461	0.9853933034296684	0.002023963733487015	0.0028980421062960323	0.00757951156144183	0.002105179169106817
DLBCL11188	0.000780711679994105	0.9953992356595082	0.0017704691281240864	0.0008301400819670767	0.0012194434504065425
DLBCL_RICOVER_1248	0.002431540459708333	0.004366858576956009	0.0022909327678928377	0.002914991724707256	0.9879956764707356
DLBCL10945	0.9681860766549766	0.0037149600098002116	0.004286434211560815	0.011543063501257184	0.012269465622405206
DLBCL10842	0.0016015542440866982	0.0026022129456028152	0.0031536880921564266	0.003778753679219071	0.988863791038935
DLBCL11511	0.9851227686096948	0.0016984799862129738	0.0034562789938654614	0.00617324473216969	0.003549227678056998
DLBCL10525	0.9856021191983001	0.0014014283943726761	0.003601868460913012	0.005780137355176528	0.0036144465912377175
DLBCL10990	0.0017805977191534003	0.004061513524017258	0.002139048445562373	0.0020723773806729595	0.989946462930594
DLBCL10471	0.0014867936681365245	0.0026045416734902017	0.0014819911464336972	0.0014729141197304745	0.9929537593922091
DLBCL_BWH_DLBCL64	0.19406723355109481	0.24138010821530362	0.06573540584506365	0.4846440891119136	0.014173163276624387
DLBCL11528	0.2268707023152873	0.3893735857160342	0.32137152390414164	0.03237656482616475	0.030007623238372083
DLBCL10488	0.714415531555596	0.0945647474002654	0.08280427293345678	0.10136593570530579	0.006849512405376065
DLBCL_RICOVER_910	0.24680561072117674	0.20856100093805768	0.036384875913816055	0.4776143807733118	0.030634131653637604
DLBCL11441	0.13910000529323888	0.01366067718021382	0.06573566293366208	0.34524791956255146	0.4362557350303339
DLBCL10962	0.03622916239409914	0.6659446226504232	0.1542037977965396	0.034664613360365526	0.10895780379857248
DLBCL11469	0.0195837323057836	0.07287972999784027	0.6674712477527779	0.02599824281492059	0.21406704712867766
DLBCL_C_D_1153_NULLPAIR	0.0822788134882135	0.1198257048575023	0.026887971551660762	0.5294820105582826	0.24152549954434085
DLBCL_RICOVER_1081	0.06502366963747194	0.013121125696157115	0.11398315737403086	0.2679565131269464	0.5399155341653937
DLBCL10906	0.039342120087554104	0.5868095287653495	0.021922532707271805	0.019163109012008326	0.3327627094278163
DLBCL10985	0.1352709877725764	0.5516795858751786	0.02667916486301367	0.251458912838328	0.034911348650903375
DLBCL_RICOVER_711	0.2487942697090148	0.3235109088404705	0.02707597621832453	0.37074156920847817	0.029877276023712124
DLBCL11206	0.023008150437584658	0.5784767750911538	0.08004138726565191	0.013206579781837842	0.3052671074237718
DLBCL11002	0.2983965872348923	0.028917264334169725	0.05976409237068616	0.5957942525012248	0.017127803559026964
DLBCL10491	0.04989926010522436	0.3361922115552364	0.11142045862536742	0.48458665225916336	0.017901417455008485
DLBCL10492	0.5053591076239007	0.02706869052573683	0.01613524669065355	0.06967238207527748	0.3817645730844315
DLBCL11525	0.22441360928195545	0.020870446894141498	0.5851384700045303	0.1542823468056429	0.015295127013729851
DLBCL10908	0.058391213131748	0.1084292109187576	0.6377615030559666	0.04213427415699946	0.15328379873652836
DLBCL_RICOVER_506	0.017749326705414646	0.2831210142818227	0.029704858630678947	0.01866585524738029	0.6507589451347034
DLBCL11464	0.1458822204503101	0.016885988396598894	0.024539267990204	0.7842504251040804	0.028442098058806608
DLBCL10873	0.07341937746013538	0.4095274231678235	0.1329363345377277	0.34262037975736676	0.041496485076946664
DLBCL10921	0.03373059814861544	0.2848130659455028	0.01726660922236949	0.019731120684024196	0.644458605999488
DLBCL10454	0.14240943801028194	0.18967079353204225	0.047606312756045856	0.016582733983927084	0.6037307217177028
DLBCL_LS3499	0.08348769694197264	0.09409166228469888	0.04869407303988837	0.7513594648998728	0.022367102833567274
DLBCL10487	0.07803878468851914	0.7459031236721324	0.03307289814746001	0.11021187118332705	0.03277332230856141
DLBCL10885	0.04407696938382624	0.8289415054868067	0.01448666214998028	0.028849665820951036	0.08364519715843577
DLBCL_RICOVER_1046	0.009830307274448204	0.19713635065422438	0.7253881434868878	0.02445181478150782	0.043193383802931765
DLBCL10782	0.0951589444480921	0.03653166233001834	0.034286540041278436	0.8163041835269359	0.017718669653675138
DLBCL11449	0.03415253575458008	0.5597819956131964	0.0393676938773212	0.030494982608188823	0.3362027921467135
DLBCL10472	0.016742140399309824	0.012738138537914048	0.8835482084484796	0.07750252777720854	0.009468984837088022
DLBCL10969	0.5850992697786177	0.1520262674247511	0.11106621589568487	0.02931007882296992	0.12249816807797646
DLBCL_LS155	0.028620593485851706	0.011389512322768178	0.73824219582622	0.19543521025646654	0.02631248810869366
DLBCL11447	0.03736220302428012	0.01311013876812212	0.027950760312765877	0.8608752025655697	0.0607016953292622
DLBCL10565	0.025927595358844313	0.017842113746014396	0.883081278366237	0.06191311816117832	0.011235894367725985
DLBCL10482	0.8465031321300072	0.018123694611474495	0.013806383278601286	0.028183124053728737	0.09338366592618835
DLBCL_RICOVER_1190	0.12013306415877203	0.05056341040929905	0.10747305852926578	0.022862636546753776	0.6989678303559093
DLBCL_RICOVER_583	0.012009177106239985	0.8344426393639935	0.04672227561591926	0.010616537654169422	0.09620937025967781
