	0	1	2	3	4
DLBCL11652	0.15409877244770742	0.3302422524049495	0.2040255094693397	0.2366346273048925	0.07499883837311093
DLBCL10986	0.17905131049599066	0.21731210474181753	0.06761073357108097	0.2383175161243083	0.29770833506680244
DLBCL10914	0.16038802540067434	0.3339170008232948	0.16722311165400372	0.23857134381611694	0.09990051830591011
DLBCL10456	0.2901949737072328	0.1427734191106806	0.13701403480819993	0.3555335258177458	0.07448404655614088
DLBCL_MAYO_DLBCL_3653	0.13255185971896521	0.3884342827047156	0.13388828951069312	0.21155862528703978	0.13356694277858633
DLBCL10513	0.3493568810778708	0.11929198655391257	0.2254409391843755	0.27583274941273817	0.030077443771102965
DLBCL_RICOVER_950	0.24565622854372166	0.1553969115739259	0.2507096035416582	0.3135904129899318	0.034646843350762416
DLBCL_RICOVER_111	0.12149186093203693	0.4088075898737218	0.18550560024330795	0.19955440032430843	0.08464054862662485
DLBCL11481	0.23200510209293357	0.16111630470248373	0.25585183411714435	0.31641161994770584	0.03461513913973255
DLBCL11534	0.12039671908011894	0.4148661825546515	0.16239109764765028	0.1990185134751667	0.10332748724241253
DLBCL_RICOVER_985	0.4115708221276267	0.09504058394752311	0.1620093826323598	0.2935436271310131	0.03783558416147718
DLBCL_LS951	0.41230730101217355	0.09777649866349501	0.06490388275283578	0.30168417223113175	0.12332814534036379
DLBCL10544	0.3244112927416178	0.0341538208351151	0.010090419357265469	0.2029133169742609	0.4284311500917408
DLBCL10997	0.428208493946276	0.06034124344539278	0.0274662402038422	0.27074957660780113	0.21323444579668802
DLBCL11431	0.08514249706202069	0.48801938576948156	0.11225728824691197	0.16018083733873809	0.1543999915828476
DLBCL_C_D_PAIR13	0.08432681397725916	0.4893150461897374	0.12153081098082094	0.15890354866346826	0.1459237801887142
DLBCL_RICOVER_1287	0.04421517311774519	0.4828858134460384	0.044965050571172505	0.09674543661311023	0.3311885262519336
DLBCL10833	0.45363833994450353	0.020764084164342257	0.007049837805524751	0.1999328280959837	0.31861490998964576
DLBCL11491	0.10657417144251903	0.23976228092963087	0.040836911233206215	0.16536975367513093	0.4474568827195129
DLBCL11459	0.4627383782419902	0.08057607608203873	0.08866153088258037	0.30097308657755417	0.06705092821583655
DLBCL10536	0.08715169385230036	0.30384764447288864	0.42323782649282055	0.1552947147691157	0.030468120412874698
DLBCL_LS3749	0.04243938663207692	0.547202090867365	0.2732813818013107	0.09902857258418375	0.03804856811506363
DLBCL11507	0.49635932127768334	0.038078287755047936	0.2018368033402002	0.2533664567722701	0.010359130854798417
DLBCL_RICOVER_787	0.11369818695235502	0.24551197169562938	0.4354706014504471	0.17819489092309423	0.027124348978474377
DLBCL10510	0.04182094762715964	0.5583113979212313	0.061451903044771175	0.09804865895007489	0.2403670924567629
DLBCL_LS1065	0.06038638177913026	0.5575308758025775	0.12811912757115715	0.12923638048656597	0.1247272343605691
DLBCL_RICOVER_1045	0.10314641024512666	0.20760491026110783	0.032990574906461345	0.15677162373503548	0.49948648085226866
DLBCL_MC_F089_HCZ	0.0248231614396153	0.5265150276594209	0.36432441785268843	0.06478138236783437	0.019556010680441095
DLBCL10494	0.03462655113839861	0.5838553380467202	0.2583944244339427	0.08645635726074234	0.03666732912019601
DLBCL_C_D_1136_NULLPAIR	0.022625245824823063	0.5709703701588142	0.035869303003745905	0.06047913788595923	0.3100559431266576
DLBCL10981	0.10616005104040181	0.18067470970605873	0.028090949286212464	0.15670349833376487	0.5283707916335622
DLBCL11479	0.048127893158581535	0.5886307962616436	0.09238067045178275	0.10999912650868879	0.16086151361930334
DLBCL10874	0.046921972470156496	0.6045389830409374	0.11492773238809141	0.10848140604997815	0.1251299060508365
DFCIDL004_DT	0.13986149252282665	0.1164390695364858	0.01953106467913868	0.17078048493728978	0.553387888324259
DLBCL10879	0.03766037146501132	0.3344197110357611	0.5291340877540919	0.08216884841367987	0.01661698133145574
DLBCL10891	0.16661850852453552	0.08272102978996154	0.015399823380465196	0.17072712440606347	0.5645335138989743
DLBCL_C_D_1148_NULLPAIR	0.5394493572521339	0.03505014044724478	0.17742602127443405	0.2387357414812004	0.009338739544986777
DLBCL11564	0.5869337206109518	0.032066698131832744	0.02518725606674932	0.24606316331925665	0.1097491618712095
DLBCL_BWH_DLBCL64	0.5778229441749478	0.029726418695184154	0.14004549065186153	0.2413743865423462	0.011030759935660297
DLBCL_RICOVER_478	0.03361683036946766	0.31756448901645284	0.026282843319130555	0.07539151873721915	0.5471443185577297
DLBCL_MC_F729_MAN	0.03229993747769611	0.6475703584199487	0.17873942243635618	0.08292435307245041	0.05846592859354857
DLBCL_MC_F500_ECU	0.0306438478536719	0.6583486384602567	0.08265676500531317	0.08126479394278804	0.14708595473797018
DLBCL_RICOVER_1046	0.018796449689743165	0.34126003361951174	0.5802016386286936	0.048971127056573215	0.010770751005478299
DLBCL11462	0.10238361881373853	0.13376552932306043	0.01897528823315111	0.14156994856184418	0.6033056150682057
DLBCL_LS1304	0.018261609809979942	0.6790117404397398	0.22008005023763585	0.052219086263569914	0.03042751324907453
DLBCL11661	0.05807271928542562	0.2443666998237965	0.5775484751056217	0.1066261565966459	0.013385949188510356
DLBCL10894	0.6252533582263249	0.026794981907693943	0.10010197723698876	0.23363474976324494	0.014214932865747447
DLBCL10911	0.028803577514539155	0.6875685188812457	0.13235678150060787	0.07557117023989929	0.07569995186370798
DLBCL11565	0.02758800114439858	0.6925234670492068	0.10700487469723435	0.07338402828938899	0.09949962881977123
DLBCL10547	0.6425673978420726	0.029847940955159722	0.03578635257692715	0.2368132265163373	0.05498508210950326
DLBCL11476	0.036662807130412534	0.24339867276646496	0.019291318690336894	0.07486161381622392	0.6257855875965618
DLBCL10983	0.026114972362961567	0.2744077256421367	0.018634886231040742	0.060141241180169024	0.6207011745836919
DLBCL11203	0.01999590144976651	0.7147464663653391	0.0706308809355956	0.05736351153117606	0.13726323971812274
DLBC_FF_8046_TP_NB	0.03136843055574279	0.2520153367938054	0.6408293935796501	0.0668695730132186	0.008917266057583115
DLBCL10866	0.17087034172631882	0.029639568882391217	0.004673329450463092	0.13305693533117227	0.6617598246096547
DLBCL_RICOVER_449	0.1854089598647481	0.025759602077880958	0.004457441783541629	0.14433214114627252	0.6400418551275568
DLBCL10846	0.6917654331787567	0.019584474488174172	0.040764072991240796	0.21803333704850253	0.029852682293325813
DLBCL10461	0.013337253696403865	0.7393070066410046	0.05240384578511271	0.04355732273441547	0.15139457114306332
DLBCL11672	0.025496665582207898	0.24426542051360603	0.6673018847175937	0.05517367365467039	0.0077623555319220015
DLBCL_C_D_1108_NULLPAIR	0.012334929531302155	0.7492065583827532	0.05130623320829694	0.04100648639440679	0.1461457924832409
DLBCL_MC_F815_BAT	0.024313495892105214	0.23731213584098623	0.6783563654223395	0.053238386285253736	0.006779616559315347
DLBCL_LS2325	0.02077601914305304	0.23289713242460047	0.6914901882648675	0.04834940993818363	0.006487250229295283
DLBCL_C_D_1129_NULLPAIR	0.7223432214910293	0.0164397695370781	0.03833360012550655	0.19880063282607105	0.02408277602031499
DLBCL_RICOVER_711	0.7303433370806252	0.016042908436696965	0.0502871769841854	0.18849031338953284	0.014836264108959584
DLBCL10529	0.027029881324302205	0.20375838104950963	0.013275883698674098	0.05630801194703695	0.6996278419804771
DLBCL11520	0.7396760387940272	0.009726044098855743	0.009445369666830458	0.1646421922629674	0.07651035517731913
DLBCL_MC_F606_DMJ	0.021546744756316977	0.21625866190772258	0.7079010436121344	0.04816290417476497	0.006130645549061068
DLBCL10915	0.06213736405897584	0.11714742220330832	0.011579955505133592	0.09247166870787804	0.7166635895247042
DLBCL10491	0.057779044025000344	0.13112826338638744	0.7204030478772556	0.08538966233006857	0.005299982381288047
DLBCL_RICOVER_829	0.7711203105537124	0.008780049125929128	0.013329585824667074	0.16185031160808946	0.04491974288760183
DLBCL11461	0.7794695561966706	0.010531877233377371	0.0353936907532148	0.1611726212640655	0.01343225455267175
DLBCL10466	0.02268619870714718	0.1749135846269993	0.7513916290194652	0.04657612143717814	0.004432466209210184
DLBCL11539	0.781060712198323	0.010396101533215187	0.035876701087349666	0.15946973828074465	0.013196746900367498
DLBCL_LS1395	0.02206857268406134	0.16276044022255337	0.7642884707024228	0.04659853369852528	0.00428398269243727
DLBCL10867	0.0206978889687877	0.1771271494659486	0.009935907024672886	0.04385146193679565	0.7483875926037951
DLBCL_RICOVER_440	0.019040086008753124	0.1658427775279077	0.7715586852200711	0.039581786824828366	0.003976664418439719
DLBCL10515	0.7947906872566068	0.008504884618621669	0.0142360981546507	0.1478801537339809	0.034588176236139835
DLBCL10950	0.8003768805516458	0.007770189161928641	0.013020978107686699	0.14406441733242056	0.03476753484631834
DLBCL11662	0.8032195075658338	0.00840716334882859	0.019315905076618484	0.14842120689565141	0.02063621711306763
DLBCL_LS1921	0.03349150772252926	0.1244651863055391	0.7808061452286572	0.057338519821605316	0.003898640921669082
DLBCL10912	0.8129165189001358	0.0075322121959285945	0.01698875969794264	0.1407807896409154	0.021781719565077542
DLBCL10878	0.035734057995395925	0.10453026224290488	0.007605711534991988	0.06075693249085681	0.7913730357358504
DLBCL_DFCI_DLBCL_GOE16	0.022657464477184985	0.13495121703173638	0.7968734925846127	0.04215194121768285	0.0033658846887831043
DLBCL_C_D_1114_NULLPAIR	0.821751319554184	0.006314416510971081	0.011801551517269575	0.1307361317259746	0.02939658069160074
DLBCL10945	0.8154271406619686	0.006566616314650142	0.010881624349526992	0.13249317949335956	0.03463143918049471
DLBCL_LS3200	0.019465222835805148	0.14482404474348623	0.00806229426964595	0.04114518758722602	0.7865032505638366
DLBCL11429	0.8241863133373077	0.007017905274160097	0.013448642634584767	0.13021815846737278	0.025128980286574645
DLBCL11537	0.8245426396300953	0.006212209520658991	0.010291690160920193	0.12723997602986475	0.03171348465846072
DLBCL_C_D_1130_NULLPAIR	0.8329187249972846	0.006072490392651137	0.014314633017277615	0.1256622911149023	0.021031860477884395
DLBCL_C_D_1159_NULLPAIR	0.8359309134029286	0.005753027556779749	0.012866574043160538	0.12350516351656786	0.021944321480563304
DLBCL11558	0.02561055140951985	0.116571392677549	0.808652825749584	0.04616714115071924	0.0029980890126279254
DLBCL10858	0.08963981666044246	0.021417005404522925	0.002443907897162422	0.08094244639498727	0.8055568236428848
DLBCL11685	0.02458231421289915	0.10930620299553137	0.8197803033079989	0.043704867372742554	0.0026263121108280655
DLBCL_LS297	0.025747252690908225	0.1043242983483902	0.8229044831896972	0.04443966739982132	0.0025842983711830353
DLBCL10521	0.01353674946630405	0.12461232652265743	0.005684796737439731	0.029265707260587113	0.8269004200130117
DLBCL10868	0.07449490840757432	0.02093668076250822	0.0021309261562165115	0.06438165669800533	0.8380558279756957
DLBCL11428	0.026116128374990277	0.08154946561985223	0.8483016425191605	0.041994197194110384	0.002038566291886538
DLBCL11680	0.03140480677300818	0.07419583914876601	0.8445596992151826	0.047910009016067616	0.0019296458469755268
DLBCL10555	0.03316731041096501	0.07238372487700148	0.8444417483533543	0.04824604758779794	0.001761168770881263
DLBCL10847	0.0154647041891868	0.08171049012603976	0.00410182510941587	0.02890396374807605	0.8698190168272816
DLBCL_MC_F519_ALT	0.020397523442828615	0.06784188560583379	0.003945365899961708	0.03520181850230327	0.8726134065490726
DLBCL10887	0.013616594876593346	0.06595685874297931	0.0031839318146935414	0.024877071239537456	0.8923655433261963
DLBCL10853	0.02313952493322305	0.04408074116360186	0.002678565680371876	0.034314903729970474	0.8957862644928327
DLBC_FF_A7CQ_TP_NB	0.025021659148568826	0.02266357244255356	0.0014666419551132323	0.030318941992334304	0.9205291844614301
DLBCL10550	0.01093346907077353	0.02223731545638571	0.0011645490288835195	0.016163489521487488	0.9495011769224697
DLBCL10836	0.012783807356194242	0.011289708931241208	0.0006409628114801647	0.015703087191380194	0.9595824337097042
DLBCL10900	0.018332668127452746	0.010163005405440906	0.0006277940293808764	0.020416737714952643	0.9504597947227729
DLBCL10835	0.005199081744981903	0.010600688566463354	0.0004963730549456214	0.007344627557743399	0.9763592290758657
DLBCL_RICOVER_417	0.005776915227180053	0.008394132019755833	0.00040570966509996114	0.00759796013520321	0.9778252829527609
DLBCL10992	0.0021287430379425317	0.003512687504740376	0.00016287631755093325	0.0028453930228496643	0.9913503001169165
DLBCL_C_D_1163_NULLPAIR	0.002002590074618371	0.002361131761798428	0.0001089519478895448	0.0026012295706478753	0.9929260966450458
DLBCL10994	0.13903950316102015	0.3454527187954755	0.09559663832173283	0.22259531812048974	0.19731582160128178
DLBCL11590	0.17255034473214884	0.3169853851123749	0.11597949228673521	0.2447464007436291	0.14973837712511187
DLBCL_RICOVER_1018	0.2381534590533499	0.11812494387721885	0.03520489508156199	0.23853763629812208	0.3699790656897472
DLBCL_C_D_1117_NULLPAIR	0.2135656902931803	0.21038584222511317	0.19485502178742792	0.3132053467159399	0.06798809897833868
DLBCL_LS3499	0.22809320979001496	0.19139079046572016	0.1998773204333976	0.31954912411646486	0.06108955519440253
DLBCL10553	0.3941260695691949	0.08365527575847664	0.22574682879683117	0.27626523423825605	0.02020659163724132
DLBCL11456	0.12826883980690726	0.39001627474522504	0.170884077902678	0.2087148204032195	0.10211598714197019
DLBCL_RICOVER_910	0.11557940128831505	0.4136541559294652	0.1458448238466808	0.19875384742678823	0.1261677715087507
DLBCL10844	0.08963779477153117	0.27969299236399725	0.04658022344815389	0.1573862411050164	0.4267027483113013
DLBCL10856	0.14598645013781164	0.1783772476597524	0.03679656405228987	0.19829014335464637	0.44054959479549977
DLBCL_RICOVER_945	0.42816612608666027	0.09368561127785428	0.07459944076100779	0.3040378560391267	0.09951096583535093
DLBCL10535	0.07242547916318405	0.3132079795492535	0.043344413922144456	0.13108691151084317	0.4399352158545748
DLBCL11204	0.08341350982010688	0.4375279838138585	0.0720898438475203	0.1531878969569891	0.2537807655615252
DLBCL_LS2357	0.4712072838536402	0.0812285830442004	0.100892051094399	0.29133081165694114	0.05534127035081927
DLBCL11436	0.09171049941083727	0.4468023060349238	0.09168395186200916	0.1672843484919479	0.20251889420028182
DLBCL11528	0.10033301768713548	0.24952159855436729	0.46980334251828354	0.1583347235691548	0.02200731767105889
DLBCL_RICOVER_408	0.05819320900581117	0.3100671128145644	0.49989376551548576	0.11136086286329881	0.02048504980084002
DLBCL11671	0.5101056565365355	0.06154849506128393	0.11053798051901856	0.28328462692960543	0.034523240953556605
DLBCL10549	0.0498612449399547	0.4657733359989404	0.3488730931959251	0.10722043748215458	0.028271888383025273
DLBCL_LS2208	0.033003400143147316	0.3338220898455402	0.027979466876041574	0.07511289581340762	0.5300821473218633
DLBCL11536	0.0743808741956074	0.5039539962404147	0.10041022703631604	0.1462138395667405	0.17504106296092134
DLBCL10936	0.07810819396612775	0.5081541263574189	0.12971055201301832	0.15096282127701388	0.13306430638642128
DLBCL_RICOVER_533	0.05355327567247505	0.49315519567362087	0.30297781322567213	0.11307874996491818	0.037234965463313764
DLBCL11202	0.15775875710476536	0.09558349834088004	0.5622652367439086	0.17680371781326149	0.0075887899971844594
DLBCL_RICOVER_978	0.5581270842389539	0.04653688137308589	0.07909646241536238	0.277972741250773	0.038266830721824914
DLBCL_LS4054	0.0697749196254977	0.532329240547121	0.15188334738984519	0.14283700083586176	0.10317549160167426
DLBCL_C_D_1144_NULLPAIR	0.05022754626794669	0.26411892631366213	0.027010949241329293	0.09723803415665337	0.5614045440204086
DLBCL11673	0.06431940156681802	0.5402706280765329	0.1887430113189651	0.13026214770458575	0.07640481133309823
DLBCL11430	0.578536046525487	0.03028732922554347	0.13130722522041036	0.24733633115537884	0.012533067873180436
DLBCL11519	0.5912859837270538	0.03977311285141801	0.06826445140374793	0.2617603719472551	0.03891608007052514
DLBCL10512	0.03763998620656795	0.5337168216819096	0.3119012859886547	0.08629686374843168	0.030445042374436033
DLBCL10974	0.0977475524190671	0.1361842542930773	0.018934882739869013	0.1334197294226431	0.6137135811253435
DLBCL10962	0.05517285639777816	0.5753900530430311	0.11706561942109892	0.12073525488701416	0.13163621625107763
DLBCL10895	0.02983442152280263	0.5669629193524194	0.04498088130242426	0.07549614470741918	0.2827256331149346
DLBCL11478	0.6117384270414888	0.026786399404517172	0.11103695400810518	0.23779245873770138	0.012645760808187443
DLBCL10452	0.024085172283241606	0.5664428223920885	0.03857348472490165	0.0629072006415143	0.3079913199582539
DLBCL10922	0.03900231401252088	0.5814416406346454	0.0631360758606005	0.09336431001305774	0.22305565947917547
DLBCL10871	0.04656920022342713	0.5865256263707993	0.08564824168568314	0.10447253608721499	0.17678439563287543
DLBCL10909	0.10831518677907519	0.09800441329558957	0.013541519620892329	0.13391977325430968	0.6462191070501333
DLBC_FF_8043_TP_NB	0.05021111978131086	0.5903452440840727	0.16995756969794007	0.11198402440992837	0.07750204202674801
DLBCL10472	0.10472927548488693	0.12522509383202182	0.6266517899408716	0.1362270323202049	0.007166808422014685
DLBCL_RICOVER_577	0.03715739852127764	0.5927170796221165	0.23966503627130975	0.08898456380734565	0.0414759217779505
DLBCL11576	0.1015562803386688	0.1186316209000515	0.6437854063412812	0.1292519658502379	0.006774726569760566
DLBCL_RICOVER_451	0.6438621587324005	0.027694627913926628	0.06097651704506616	0.2410516086666005	0.026415087642006143
DLBCL11515	0.039642271510102065	0.6124987659573798	0.07971642108511612	0.09314570445294204	0.17499683699446
DLBCL10910	0.030999670156942844	0.6051832713519733	0.2473579228679732	0.07899466443496234	0.037464471188148364
DLBCL_LS762	0.039753016671544975	0.6352094679123057	0.09992314001144481	0.09577876799854104	0.12933560740616343
DLBCL10564	0.07804035987493707	0.13187449353936143	0.6742993280286554	0.10934886777286125	0.006436950784184821
DLBCL_DFCI_DLBCL_GOE05	0.018218220710468747	0.23324203722942996	0.012682343830997018	0.04345379354282314	0.6924036046862811
DLBCL_LS2245	0.11330278117005047	0.06048706927535426	0.702199744218665	0.1208545255199397	0.003155879815990531
DLBCL10517	0.027270337080241885	0.6521479537830519	0.20388438993340569	0.07258832294482156	0.044108996258479014
DLBCL11658	0.0812921350760418	0.07333350903178969	0.007822962070467702	0.09771731886342208	0.7398340749582788
DLBCL11488	0.6968589764203971	0.010287056887667508	0.00853239989627009	0.17745988989805694	0.10686167689760834
DLBCL10903	0.021828526335106846	0.6630392372705833	0.2180200955998899	0.06172674524347194	0.03538539555094799
DLBCL10552	0.7141531139364847	0.01661605382033995	0.0640676021342135	0.19341624807342434	0.011746982035537454
DLBCL10885	0.05745736910578453	0.10639790718451204	0.010267276528812494	0.08717380023919145	0.7387036469416995
DLBCL_RICOVER_314	0.02368608712801969	0.6893612820280443	0.06312110737286061	0.06324251132375533	0.16058901214732016
DLBCL_LS2089	0.016605444344598385	0.19027768486400903	0.009991127032676387	0.03730248609758842	0.7458232576611278
DLBCL10503	0.024833594605044803	0.6961743666803321	0.08012486641782528	0.0684956848219532	0.13037148747484462
DLBCL10862	0.027659430536260108	0.1589297022605496	0.01039115026202636	0.05421468623008771	0.7488050307110763
DLBCL10935	0.7273728306430267	0.015373450126898487	0.036136350531655266	0.19672584382240577	0.0243915248760138
DLBCL_LS3245	0.019100380197945847	0.18311658619487964	0.7534554879983593	0.039981494837110186	0.00434605077170497
DLBCL_C_D_1156_NULLPAIR	0.7290127186785366	0.01662625602094051	0.03912299040631968	0.19315505213836118	0.022082982755842064
DLBCL_LS146	0.02235060598589667	0.6861870657940927	0.18211477657178773	0.0634700703931626	0.045877481255060304
DLBCL_DFCI_DLBCL_GOE07	0.025092729707035286	0.7021560832847775	0.10017877475109212	0.06928806278050934	0.10328434947658577
DLBCL_RICOVER_467	0.00967104284432153	0.7046219871650572	0.033670119063614765	0.03459660762659931	0.21744024330040715
DLBCL_RICOVER_221	0.025365613752614865	0.15727177106233345	0.009793834062619114	0.05078946257482261	0.7567793185476099
DLBC_FF_8042_TP_NB	0.013877836349723059	0.6767910259296248	0.24333965843354569	0.04306266685544678	0.022928812431659645
DLBCL11496	0.7446475945332869	0.014202217616486417	0.03385836862912646	0.18594845916775818	0.021343360053342083
DLBCL11188	0.022476508474856726	0.716328064861505	0.13973275299145715	0.06186094057352273	0.059601733098658405
DLBCL10495	0.7585770066207651	0.011632118911141125	0.016333505589408753	0.16972805306814573	0.043729315810539245
DLBCL11195	0.019989419932436216	0.14951639023966032	0.00801952986114602	0.04056745637367502	0.7819072035930824
DLBCL11667	0.04175056386122596	0.12385994667622845	0.7625363550642524	0.06779598821374817	0.004057146184545
DLBCL11670	0.02349052945956007	0.14666104967562457	0.7792615399007864	0.046679457415893744	0.00390742354813522
DLBCL10781	0.030915641078422988	0.10230915764728542	0.006963269000384998	0.053931615180611576	0.805880317093295
DLBCL10921	0.0211985721288268	0.11503410452026373	0.00648713710806206	0.040088921218167636	0.8171912650246798
DLBCL_C_D_1128_NULLPAIR	0.7872528513412105	0.009993592805204057	0.023718946191820734	0.1585226361401785	0.020511973521586315
DLBCL_C_D_1118_NULLPAIR	0.7943873605250736	0.008890545021962331	0.023419629378253745	0.15375366697931558	0.01954879809539462
DLBCL10993	0.8023519896590039	0.008230889296767092	0.01706091577175117	0.1475288665598369	0.024827338712640878
DLBCL10565	0.031645632476864145	0.10550124370174496	0.8082068725435806	0.051707430103066734	0.0029388211747436084
DLBCL10884	0.7981012947159138	0.008693520619497852	0.02552471885728004	0.15038774311662603	0.017292722690682247
DLBCL_LS4616	0.02067240465374454	0.12213576431320326	0.8149937358984629	0.03947915177560761	0.0027189433589817143
DLBCL11437	0.8127679053118817	0.00748622011058732	0.015674653998237018	0.1378981647326644	0.026173055846629583
DLBCL_LS1757	0.8077463919292376	0.008065248159977018	0.01862591881621278	0.14428879476038842	0.02127364633418418
DLBCL11656	0.029717197983749062	0.09908208585407456	0.8209106751039575	0.04774536715466479	0.002544673903553973
DLBCL10525	0.8156088457074544	0.007420456515635708	0.018096734450584014	0.13846970835332537	0.020404254973000507
DLBCL10782	0.8252636128675058	0.00749556729080687	0.0216272777401459	0.13111682771359676	0.014496714387944665
DLBCL10465	0.021907971204347527	0.1025960549612188	0.8338652553641781	0.03929923854342267	0.002331479926832891
DLBCL11566	0.022223875531235115	0.09971083919194151	0.8362726223343836	0.039374452736549985	0.0024182102058898157
DLBCL_LS2599	0.03239187098049938	0.07577197587465814	0.8407418243411449	0.049136194566729456	0.0019581342369681034
DLBCL10927	0.8315760191617866	0.006686931355441131	0.017063122530039415	0.1265417261341093	0.018132200818623528
DLBCL10931	0.8279376229966626	0.0067848195452991115	0.014050382802675232	0.12863251579952206	0.02259465885584099
DLBCL_RICOVER_977	0.8263804917145423	0.006221114065247871	0.010921283619386416	0.12595484343985483	0.03052226716096854
DLBCL10880	0.02896406095429872	0.04174315010331119	0.002863491949022338	0.04148086142208638	0.8849484355712813
DLBCL11353	0.013110012678147955	0.08700861376335617	0.0041322797919444475	0.02575294825229355	0.8699961455142579
DLBCL11450	0.029536672866623127	0.03668953955210683	0.0024815400866291526	0.03918204698267339	0.8921102005119675
DLBCL11470	0.8490155881790074	0.00515161640238451	0.013406115569186158	0.11476309581480691	0.017663584034615043
DLBCL_RICOVER_274	0.021193385066360187	0.03938266638073821	0.0024305000305275834	0.030164959420066646	0.9068284891023074
DLBCL_RICOVER_1248	0.03123929799150406	0.01401630875354208	0.0009671537770374683	0.03363165955434488	0.9201455799235715
DLBCL10883	0.021333010612008214	0.020480850553871905	0.0013127198015991418	0.027095717614839032	0.9297777014176817
DLBCL10890	0.014494470103974191	0.03733864543799538	0.0020104562912862125	0.023038396572104724	0.9231180315946395
DLBCL_RICOVER_1278	0.017559939134283744	0.019070870100360342	0.001192599634715737	0.022356650036357503	0.9398199410942827
DLBCL_RICOVER_850	0.011665457534008454	0.02131263052059542	0.0011668508368688716	0.017003232352939206	0.948851828755588
DLBCL10852	0.010372412983155522	0.014641465221192146	0.0007763821857865838	0.014088982214661483	0.9601207573952043
DLBCL10951	0.008605398234751978	0.026627330925871582	0.0012341287441952526	0.013344240810270174	0.9501889012849111
DLBCL_RICOVER_1289	0.010002873789132139	0.01063897184348722	0.000575951794754755	0.012708041277464643	0.9660741612951612
DLBCL11500	0.008324322180745943	0.013401467532639842	0.0006902061091117654	0.011185663540360886	0.9663983406371416
DLBCL10534	0.0050260983665733885	0.007093022444929707	0.0003611867355479968	0.006715290063527539	0.9808044023894213
DLBCL_C_D_1125_NULLPAIR	0.002960606335969509	0.006373536211268982	0.00027885204819367193	0.00433511647042759	0.9860518889341402
DLBCL_RICOVER_1106	0.0027384706608297275	0.006475809577451571	0.0002877224137720549	0.004120860880036283	0.9863771364679104
DLBCL10530	0.0	0.0	0.0	0.0	1.0
DLBCL10490	0.32924411150842847	0.10972774313923483	0.04075080139265448	0.2719304338613884	0.24834691009829396
DLBC_FF_8062_TP_NB	0.2705092592490568	0.11328157505773531	0.334104923869409	0.2602954444352187	0.02180879738858025
DLBCL10969	0.16067260524723506	0.18458352734270572	0.4144075572207853	0.2161115036732516	0.02422480651602225
DLBCL11504	0.14929515297041818	0.3151928131156861	0.07108877900059905	0.21667726022237066	0.24774599469092592
DLBCL_C_D_1105_NULLPAIR	0.18110310167247118	0.2460463028977057	0.2032021360368577	0.297063428328941	0.0725850310640244
DLBCL11441	0.15169766389196393	0.20914285265883453	0.04552977529439212	0.20571181184947113	0.3879178963053383
DLBCL11538	0.16033808371441244	0.1954436745007147	0.044915230301600335	0.21087474438495143	0.38842826709832107
DLBCL_RICOVER_473	0.3554978032354742	0.13125572147792802	0.1620802351439621	0.29744049325385113	0.05372574688878447
DLBCL11002	0.22593424723169744	0.10045590399233544	0.4453780915438115	0.2161840357430894	0.012047721489066271
DLBCL_RICOVER_701	0.40669912545451564	0.10014561444137578	0.15772070327088314	0.29418609224024816	0.0412484645929774
DLBCL10834	0.40182673164571026	0.05785819068499762	0.2717042784236207	0.25706019752290377	0.01155060172276786
DLBCL11480	0.13945118398931114	0.34782422825392023	0.22927989748202887	0.21955674214874651	0.06388794812599327
DLBCL10486	0.07402818539047971	0.31736762812850683	0.04668112496097639	0.13811302155167357	0.42381003996836353
DLBCL11472	0.43132426322314615	0.08269064114302108	0.05435159232177146	0.2991259887994503	0.13250751451261097
DLBCL_C_D_1113_NULLPAIR	0.0733035939895346	0.2888149198794777	0.4844303288209164	0.13174238820348746	0.021708769106583717
DLBCL11458	0.45651936564249934	0.05691826051368633	0.2050576836676066	0.26739771295550674	0.014106977220700895
DLBCL_RICOVER_253	0.19587619009426652	0.09334125728921343	0.49934626662471865	0.2021214018069807	0.009314884184820734
DLBCL_LS2154	0.11495043447504724	0.42422092275129325	0.12809862075477782	0.19555363689216854	0.13717638512671312
DLBCL11433	0.24092245935200443	0.06432406777559814	0.015025762046139719	0.20911272245380647	0.47061498837245125
DLBCL10850	0.48959641915126206	0.060286740663138966	0.1379269271958407	0.28306722643541227	0.029122686554346012
DLBCL11681	0.48861966457878275	0.06940304491823797	0.09766408802690844	0.2976901180771903	0.046623084398880445
DLBCL10502	0.07277093105939118	0.3268189274129753	0.4334117348626542	0.13672880194298895	0.030269604721990383
DLBCL_C_D_1109_NULLPAIR	0.4745256497585774	0.04143269913292421	0.017684195424931985	0.2362220800838215	0.2301353755997449
DLBCL11526	0.5219058025752192	0.03999333162302565	0.1775255100834035	0.250204887327019	0.010370468391332486
DLBCL10957	0.5172164181302956	0.057323985204967405	0.10108780827664973	0.2857460354793542	0.03862575290873308
DLBCL10954	0.030990085382777914	0.3803536767077066	0.031898562831778936	0.0738654524809601	0.4828922225967765
DLBCL_MC_F139_LJF	0.5447972425809583	0.04711464479086917	0.10775366345081905	0.2729197458609771	0.02741470331637637
DLBCL10906	0.0378521950000248	0.2874595411036083	0.024512270536559556	0.07904926241123277	0.5711267309485746
DLBCL_C_D_1126_NULLPAIR	0.04248498625465092	0.49661601338680444	0.046285712337203834	0.0944136310465532	0.32019965697478764
DLBCL11449	0.06648690782531332	0.20621937338915222	0.02292801477249591	0.1090901926134082	0.5952755113996304
DLBCL10985	0.08199131846908214	0.4992763506610533	0.16108260855806644	0.1566726106809727	0.10097711163082526
DLBCL10965	0.5366061455434926	0.03168881993182811	0.01731054417905975	0.23997504828222727	0.17441944206339216
DLBCL10451	0.17003315932134178	0.0616154744083971	0.5974973503221555	0.1666290106291235	0.004225005318982233
DLBCL10908	0.07205534651789394	0.5113641438825106	0.20899423113387952	0.14203147260382554	0.0655548058618905
DLBCL10482	0.20329679107841592	0.045477214169130774	0.009240903256039148	0.17769186452949634	0.5642932269669179
DLBCL_RICOVER_712	0.030725018062431407	0.2540459843484388	0.018710803299333053	0.06505032111362177	0.6314678731761749
DLBC_FF_A7CX_TP_NB	0.12974677884070285	0.10104637112281209	0.015622191177227874	0.15297038111544914	0.600614277743808
DLBCL11003	0.03231936766984659	0.24819928079749312	0.018433845025457415	0.06898009663391733	0.6320674098732855
DLBCL_RICOVER_1061	0.6143883859891918	0.03069211764544624	0.10516630765467634	0.23522556139870754	0.014527627311978155
DLBCL_LS1668	0.024345863628721206	0.2846788455452644	0.6250435428705844	0.056636104704638826	0.009295643250791168
DLBCL_RICOVER_956	0.029407706062021477	0.24393569039063395	0.01769407949145473	0.06242032834381405	0.6465421957120758
DLBCL_RICOVER_1060	0.04260336732560888	0.565938354764259	0.06705151776226641	0.09981098417023763	0.224595775977628
DLBCL_RICOVER_299	0.01714315569599517	0.30786289949845547	0.6221975426191658	0.04430154215089384	0.008494860035489613
DLBCL10483	0.01143761213425548	0.6185578646238942	0.3159046718899763	0.0379956187729966	0.01610423257887745
DLBCL_C_D_1112_NULLPAIR	0.05443087762872426	0.5620210930772852	0.20450914835550152	0.11656691714206238	0.06247196379642666
DLBCL_RICOVER_216	0.049395969938309664	0.5802118707816263	0.08945020272760407	0.11125247897758332	0.1696894775748767
DLBCL11460	0.6210037539632727	0.02761149088714195	0.030625232914385445	0.24633781201777147	0.07442171021742847
DLBCL_RICOVER_773	0.01825218517448179	0.578080097293157	0.033004402677647635	0.05156937375658903	0.31909394109812456
DLBCL_RICOVER_1210	0.03296569111008078	0.5820746173568349	0.2691447183724721	0.08209517330103502	0.033719799859577196
DLBCL11484	0.04841022522575374	0.589467583977303	0.0973296917206294	0.10957018655736925	0.15522231251894456
DLBCL11675	0.054866880950482255	0.1652104394953883	0.679947431470999	0.09307928718458952	0.006895960898540906
DLBCL_RICOVER_496	0.04878447009118684	0.5870804564304808	0.19384797228124911	0.10702801554802546	0.06325908564905774
DLBCL_RICOVER_174	0.028829257576658707	0.6017953717835902	0.2643089880542375	0.07229671069820602	0.03276967188730758
DLBCL11205	0.6548583498978021	0.025464465881859213	0.08097117937931878	0.22336094412782825	0.015345060713191586
DLBCL_C_D_1133_NULLPAIR	0.02675004834758005	0.22718446743735454	0.6831725723430079	0.05604733972900412	0.006845572143053427
DLBCL_C_D_1119_NULLPAIR	0.6727362823372577	0.021262210674783722	0.06672708859623677	0.22309414928767027	0.01618026910405155
DLBCL11527	0.06272429482775453	0.13847078108649077	0.7020331287877237	0.09070234751794043	0.006069447780090541
DLBCL_RICOVER_1165	0.024616124938543846	0.6235168944089043	0.047607082889907	0.06682073573160516	0.2374391620310397
DLBCL10930	0.6424127911356723	0.0172011720816443	0.012583398140539085	0.20594715494702504	0.12185548369511931
DLBCL_C_D_1131_NULLPAIR	0.02243028774633397	0.628996752022312	0.046479361827738284	0.06160397750496499	0.2404896208986508
DLBCL10539	0.03157344407892771	0.6299879552942622	0.06829285149340393	0.07952566402454941	0.19062008510885675
DLBCL10990	0.02010938839453834	0.21581611425999564	0.012355484333162912	0.044392352991663366	0.7073266600206397
DLBCL10980	0.022823405126019207	0.6401376550649045	0.04742997113099284	0.060962859644822925	0.2286461090332605
DLBCL_LS2590	0.12168946646837987	0.059627341855469064	0.008234963437098864	0.1221068557317901	0.6883413725072621
DLBCL10460	0.028356082168659615	0.6376093575399836	0.220193462245469	0.07342954423253603	0.040411553813351736
DLBCL10934	0.03391839319665274	0.1596049252530352	0.011575924320981775	0.06342029063416119	0.7314804665951691
DLBCL_MC_F218_RAP	0.7241080992100554	0.016226697736520277	0.04868037606685662	0.19581220974953398	0.015172617237033803
DLBCL_MC_F307_JPS	0.7132818742245771	0.017900678997318016	0.04270759939007091	0.2029773897717018	0.02313245761633213
DLBCL11512	0.7291246651780946	0.015590876847724413	0.055056788975841625	0.18782014102659686	0.012407527971742481
DLBCL11435	0.6868359641960103	0.01710644212808388	0.018447213270043086	0.2075565693218658	0.07005381108399693
DLBCL11206	0.023984971907206665	0.6763310850332388	0.06289580377366621	0.06648457472869841	0.1703035645571899
DLBCL_MC_F349_BJJ	0.022545686896153723	0.18626827923297548	0.739169378561998	0.04691240366546255	0.005104251643410239
DLBCL10523	0.07635614388502142	0.08542854360311375	0.7382518580352873	0.09655392495221092	0.0034095295243666557
DLBCL10898	0.02161001058200543	0.1563457665181892	0.009082523947824812	0.045475230693130884	0.7674864682588496
DLBCL11447	0.12669430806157128	0.03646776997446724	0.004972314649491836	0.10883053486745356	0.723035072447016
DLBCL_C_D_1141_NULLPAIR	0.02075460155093533	0.1460142251585841	0.78782247866821	0.04169032995117168	0.0037183646710989395
DLBCL11457	0.7647405407119374	0.012019148024012057	0.03153566958513897	0.17213304574160468	0.019571595937306816
DLBCL10459	0.022569444022722346	0.13465633314959452	0.7956922411270931	0.04365123277295629	0.0034307489276337805
DLBCL10780	0.02387855439313784	0.13352190986294135	0.7954340760377147	0.04358039905077459	0.0035850606554315963
DLBCL_LS378	0.7731079681035683	0.010769061853528612	0.029098955054900757	0.16778053312087718	0.019243481867125146
DLBCL10458	0.8001053349545861	0.008655148006176736	0.02623360106025493	0.15027518040073382	0.014730735578248392
DLBCL_MC_F064AB	0.031131251132244832	0.10757102884411597	0.8066861160029297	0.0517457947798439	0.002865809240865575
DLBCL11486	0.7802032915149366	0.010555709111544383	0.025212819111001664	0.16265360931827572	0.021374570944241625
DLBCL11666	0.022809609547605428	0.11210920661684384	0.821041106943539	0.041375267235690495	0.00266480965632121
DLBCL10963	0.022354882262790594	0.11737106117646527	0.006773512896603267	0.041801111245037284	0.8116994324191036
DLBCL10972	0.7686293660090578	0.01042766973519661	0.016141048160888686	0.16515468456813162	0.03964723152672527
DLBCL_LS155	0.03350461640129246	0.09070034114969643	0.8192167478080143	0.05412423832522666	0.0024540563157701076
DLBCL_MC_F262_WLC	0.8083622326062958	0.007558152588137963	0.01711088811647537	0.1435787075189394	0.023390019170151405
DLBCL10902	0.023818217366746892	0.09896508166902561	0.005916576785099866	0.04245031037057856	0.828849813808549
DLBCL_RICOVER_522	0.03331215347346673	0.07526322066085471	0.8407256777789347	0.048684568054486795	0.002014380032257081
DLBCL11474	0.8079822936528944	0.008221991932814839	0.013642385160539929	0.13865920528898873	0.03149412396476207
DLBCL10498	0.0242314353973627	0.07885310203894334	0.8563397857364689	0.03884100375274261	0.0017346730744825223
DLBCL10968	0.8258130007711221	0.0064149969028118	0.014797250217135712	0.13018952540350412	0.022785226705426348
DLBCL_RICOVER_744	0.028758007824426807	0.0739152259903169	0.8504356086118297	0.045085425924141595	0.0018057316492850453
DLBCL_LS1098	0.03618583275130463	0.06506417452612488	0.8440921685350279	0.05292457147683866	0.0017332527107039488
DLBCL10842	0.02594608500664624	0.07117880473658934	0.004409093182276571	0.04099051858311193	0.8574754984913759
DLBCL10863	0.08823271115888806	0.022201521342137764	0.002513795628719771	0.07310012775519278	0.8139518441150616
DLBCL10532	0.02220263551282283	0.051563057953669264	0.0031436368252169737	0.034441680453850536	0.8886489892544404
DLBCL10925	0.03846395336094281	0.03405691160388293	0.002637101951157394	0.047328999457564185	0.8775130336264527
DLBCL_RICOVER_506	0.015117567640080563	0.056636292020181736	0.0028858506326493558	0.02670690849777373	0.8986533812093146
DLBCL10977	0.015034890621184066	0.04861599496276167	0.002566408051546855	0.024505584356540665	0.9092771220079667
DLBCL10901	0.018477379588403543	0.03043735875353626	0.001851831851719873	0.025971495911445364	0.923261933894895
DLBCL_RICOVER_720	0.03678959541109537	0.020909063960726202	0.0016623482085853898	0.040888791880639694	0.8997502005389534
DLBCL10860	0.008963619366462335	0.035472162154268426	0.001645883945726301	0.014923779613080447	0.9389945549204625
DLBCL_RICOVER_1192	0.007841151186632265	0.01841218227842219	0.0009129008595317331	0.012232726763323236	0.9606010389120906
DLBCL_RICOVER_1032	0.006356296343705819	0.021516075789766605	0.0009458733914002827	0.010312846794558406	0.9608689076805689
DLBCL10857	0.010772151609441985	0.0141210652051366	0.0007709407072735353	0.014689204819822109	0.9596466376583258
DLBCL11000	0.004628136870854783	0.012136349948655435	0.000533041373401012	0.007107505846425566	0.9755949659606632
DLBCL10889	0.006423065605379129	0.010218653000965533	0.0004967229382652115	0.008808431768068645	0.9740531266873215
DLBCL10999	0.00577495805135809	0.0084612958211939	0.0004499908173861346	0.007837085180954504	0.9774766701291073
DLBCL11683	0.1616647134014961	0.3316080199389804	0.11037913030777506	0.23903187591182445	0.15731626043992386
DLBCL10877	0.15784053835852202	0.33384931119620165	0.18020770989862664	0.2402006569226449	0.08790178362400483
DLBCL11657	0.20030008379552766	0.20714116512438766	0.24707050352440144	0.29914725687224	0.04634099068344328
DLBCL11509	0.2464575328840912	0.17648831114906843	0.10179004001045765	0.3381177268788763	0.1371463890775065
DLBCL10978	0.22695290152772565	0.15501875039399554	0.049862714465283474	0.25715864808845584	0.31100698552453954
DLBCL10875	0.35834899827222794	0.10464375307071928	0.2344263720629826	0.27728549722114476	0.025295379372925367
DLBCL_MAYO_DLBCL_234	0.14651119175562843	0.2467541225183989	0.36079819338409236	0.20822783887887444	0.03770865346300584
DLBCL11535	0.18320464120405688	0.1829974945529137	0.04634146844379649	0.22815659439295274	0.35929980140628015
DLBCL10519	0.06612805692408735	0.4515359136199401	0.31516762262694703	0.1300203638398944	0.037148042989131075
DLBCL11467	0.09542543840921548	0.4593556622148181	0.1142800876701029	0.17113716798331344	0.15980164372255012
DLBCL_RICOVER_617	0.4503689984206503	0.07270954504910378	0.16566500406468046	0.28459557949719383	0.026660872968371573
DLBCL_RICOVER_320	0.08201495017637674	0.4620196200970278	0.25008774083356566	0.15244005804496097	0.053437630848068796
DLBCL_C_D_1140_NULLPAIR	0.06891448488777752	0.4832280620954505	0.0721590893924526	0.13772034825104557	0.23797801537327384
DLBCL_RICOVER_288	0.06528280054405408	0.48288846705932653	0.2788380409381665	0.12960916398604855	0.04338152747240437
DLBCL11483	0.08224363957796617	0.49357551227667207	0.11241904730081785	0.15603503378140635	0.15572676706313762
DLBCL10888	0.1261414960700764	0.2175535036980202	0.04177791060309717	0.187181143686507	0.42734594594229924
DLBCL11455	0.49040709801075705	0.06899102772060979	0.05977375104303374	0.2910540604442038	0.08977406278139563
DLBCL_MC_F927_JHS	0.068042865075215	0.5250410579191579	0.09668127504685539	0.13582657800900153	0.17440822394977018
DLBCL10527	0.1587033490847944	0.1664344680476359	0.03313215539506259	0.19461674269729848	0.44711328477520856
DLBCL10971	0.05212338860082171	0.5376838498621583	0.07102915794506831	0.11464273794167879	0.22452086565027296
