	0	1	2	3	4
DLBCL10969	0.507829777534073	0.11709961025726748	0.1081121791111247	0.046576515235230063	0.22038191786230468
DLBCL11480	0.6507703972128845	0.02296253627019807	0.1338026025091014	0.07719334627007202	0.11527111773774396
DLBCL_LS1668	0.038423760016878195	0.21722344625271492	0.23728354097852294	0.4472067483013402	0.05986250445054378
DLBCL10973	0.10934629844478723	0.01755496582364958	0.17584351747110966	0.5672558500044435	0.12999936825601005
DLBCL10509	0.2577759644267711	0.6256149023267479	0.014500277645347897	0.054251809634788206	0.04785704596634498
DLBCL10915	0.05215274969804864	0.10310501124413352	0.05779678574092864	0.5507521264363225	0.23619332688056666
DLBCL11471	0.2803327813160091	0.24573058452735994	0.09923578777675372	0.16469116165887895	0.2100096847209982
DLBCL11474	0.5948524327872462	0.016540461068304493	0.02187414495320251	0.3204602505921324	0.04627271059911436
DLBCL_RICOVER_151	0.0659795552112764	0.25253534062273153	0.05597298883074285	0.5683806645991788	0.05713145073607052
DLBCL10869	0.2947496426409537	0.0940141790880804	0.522008533102603	0.05737524076459565	0.03185240440376718
DLBCL_RICOVER_467	0.015273381142726989	0.5777896260051475	0.02942401405278672	0.015097185515973294	0.36241579328336554
DLBCL11652	0.4681306850322026	0.401713141725202	0.05172988630387536	0.04328914514966705	0.035137141789052966
DLBCL_LS2590	0.0296127757054296	0.018889636575796055	0.05319776809350095	0.3274426066999118	0.5708572129253616
DLBCL_RICOVER_1287	0.02417680978225452	0.25696722370255837	0.02866222915830536	0.03047628826824566	0.6597174490886362
DLBCL10907	0.14720401685255546	0.2923701801064949	0.01806819965430117	0.06862538117934157	0.47373222220730693
DLBCL10544	0.035948052031444515	0.015124916691263495	0.04116648609178346	0.6530134207158745	0.254747124469634
DLBCL_RICOVER_1060	0.09459285154505712	0.5151532748657155	0.027167065155893635	0.026463791106559532	0.3366230173267742
DLBCL_C_D_1118_NULLPAIR	0.2685424435157749	0.6418124703806115	0.022284653978293902	0.0370194749670201	0.030340957158299573
DLBCL10965	0.22668897620369025	0.015007749538111074	0.046741773110786165	0.6334527298774647	0.0781087712699478
DLBCL11473	0.6929276971718825	0.042594076569921646	0.01697026970455319	0.20601633679880466	0.04149161975483803
DLBCL11525	0.19885403014387654	0.017868013366317034	0.6432794850232307	0.12304310710722122	0.0169553643593545
DLBCL10873	0.10467024329059414	0.3934372143730902	0.17247036657240847	0.2880205946131661	0.041401581150740996
DLBCL10971	0.18479171400170813	0.5356957916127237	0.02036082938589226	0.06339040517558858	0.19576125982408726
DLBCL11467	0.06847306128624847	0.0534905836255032	0.09352922308119631	0.5651464907619792	0.2193606412450728
DLBCL11469	0.01969559715033723	0.05290396622295945	0.7252226010143276	0.02657305604855565	0.17560477956382012
DLBCL_RICOVER_320	0.04213153450885145	0.0913503522118324	0.7793614055609429	0.057183910716317184	0.02997279700205603
DLBCL11468	0.06196321044499028	0.03120218755349476	0.13541960282445184	0.74896554100105	0.022449458176013137
DLBCL10957	0.842323007108993	0.014716319454589389	0.06504618844141502	0.0657055883459765	0.012208896649026076
DLBCL_RICOVER_850	0.008820030497836943	0.030186345143453565	0.017191507683945388	0.03492279326358256	0.9088793234111815
DLBCL_RICOVER_773	0.011154847539299715	0.13017387863831137	0.06086308967025091	0.026040875426905533	0.7717673087252325
DLBCL11436	0.1271814575836224	0.5253556832947583	0.034352971612833634	0.24741102237173684	0.06569886513704874
DLBCL_LS2325	0.04720645840622318	0.3018050405284013	0.6076545505490918	0.02884911461321101	0.014484835903072682
DLBCL10564	0.042020298132434686	0.058711246769829833	0.13795714878611184	0.723503423317368	0.03780788299425557
DLBCL10970	0.03879965921246988	0.16468084070592776	0.09084168696104376	0.6665887436383628	0.039089069482195773
DFCIDL004_DT	0.19175271753021636	0.01395113675670538	0.01839344544269805	0.09714667507718405	0.6787560251931961
DLBCL_RICOVER_338	0.5271941031907632	0.016145973404068405	0.05042053536820143	0.3764456927421346	0.029793695294832438
DLBCL11003	0.054294362161357954	0.6409750350080143	0.019501290500937494	0.02927052818734629	0.2559587841423439
DLBCL10899	0.03423324957850341	0.03193122852514887	0.008420417743569256	0.03900801816704617	0.8864070859857323
DLBCL11486	0.7572248155972704	0.015257663187735557	0.021635080665834697	0.041499362792562236	0.16438307775659713
DLBCL_MAYO_DLBCL_3653	0.8263710601434371	0.016601075700969744	0.024634474013173816	0.07384938993196898	0.05854400021045032
DLBCL_C_D_1115_NULLPAIR	0.08473824535452316	0.07223361401609296	0.041866203571482206	0.7545677791010862	0.04659415795681541
DLBCL_LS4616	0.009844778054549396	0.09445285005168103	0.8447184074441796	0.03548810385533703	0.015495860594252944
DLBCL_LS1395	0.020435970135276607	0.08648695227122093	0.8491776706216957	0.018755767881285496	0.02514363909052132
DLBCL10993	0.8704566895510869	0.005641503745232902	0.028419123363154598	0.0642560104563604	0.03122667288416527
DLBCL_RICOVER_401	0.04154540243123262	0.5854150520613055	0.33834991780072643	0.02162265007122176	0.013066977635513661
DLBCL10885	0.07072134025916813	0.5995629032123772	0.023227595683886205	0.061854722539600795	0.24463343830496775
DLBCL11566	0.017022597877292142	0.04679001364593496	0.9094833401613334	0.01946340790308349	0.0072406404123560855
DLBCL10902	0.006331192771123202	0.03431376993610699	0.02005440171709919	0.026623414140655697	0.912677221435015
DLBCL10980	0.008182349171731332	0.13469165410326606	0.0318119919882961	0.03436577904533552	0.790948225691371
DLBCL10999	0.012619874393938982	0.024328380154404985	0.044629947314401966	0.11866311597128225	0.7997586821659718
DLBCL10527	0.023894126998963754	0.021151641757936934	0.06473023783350391	0.8069491205813479	0.08327487282824746
DLBCL11495	0.030707497877590972	0.008764668935702602	0.015750198791154454	0.06759302130356552	0.8771846130919865
DLBCL10935	0.9129578462896263	0.03899730184572519	0.006643204198714211	0.021921510102005177	0.019480137563929186
DLBCL_C_D_1109_NULLPAIR	0.05914701995329402	0.010692692935991215	0.029511240774218506	0.8669238154920891	0.03372523084440714
DLBCL10837	0.02322269617918067	0.02311714896439736	0.01054679894588865	0.03048980833319335	0.91262354757734
DLBCL_RICOVER_1289	0.026225586503532523	0.009915430212945322	0.014179867506080615	0.07366361361188091	0.8760155021655607
DLBCL_MC_F218_RAP	0.11076166185333257	0.014554549941146766	0.07347085136886816	0.7809219512016912	0.02029098563496137
DLBCL10918	0.9523799460024424	0.004356556490677321	0.005550187897983876	0.0177008149502559	0.020012494658640516
DLBCL11458	0.020039428202386075	0.016623356359325867	0.932511166796175	0.024323179429874872	0.006502869212238207
DLBCL_LS4593	0.013805126872359467	0.051782338792273966	0.8582199208473085	0.06222212549242406	0.013970487995633992
DLBCL10927	0.06623145446869912	0.011861615565198503	0.03492680287012328	0.865430059501305	0.021550067594674087
DLBCL11439	0.17883741306196238	0.016957630939389907	0.7029141782415569	0.08678960859612173	0.014501169160969184
DLBCL11515	0.017775448809264283	0.050567246605601066	0.8537383555128637	0.03063368271889628	0.047285266353374635
DLBCL10961	0.005935873688480014	0.03426250957619572	0.016905459949983638	0.032134690630499264	0.9107614661548413
DLBCL10896	0.9600162045348227	0.005728338948002892	0.0037767358383024446	0.019687588760585736	0.010791131918286177
DLBCL_RICOVER_701	0.04251814110937429	0.012056714927481749	0.02573808587643505	0.8949345174688333	0.024752540617875525
DLBCL11472	0.9207995183073945	0.004324700075415244	0.015190554196960903	0.04250593328549388	0.017179294134735502
DLBCL11669	0.008834000327023386	0.00997341528647426	0.9608882188707342	0.016678105325943663	0.00362626018982449
DLBCL11541	0.008121370037163868	0.034078055242101696	0.9135045252563218	0.021268749122105052	0.02302730034230759
DLBCL10848	0.009836493349318694	0.006463139416856153	0.011270868281046124	0.02291399950595749	0.9495154994468216
DLBCL11477	0.9858075870153699	0.0016128132280957225	0.002402491984241601	0.007390190747175968	0.0027869170251168876
DLBCL11564	0.031131499404859434	0.011134115136772081	0.026355174752665723	0.9061077069287575	0.02527150377694521
DLBCL_LS3200	0.006381180942237494	0.030583240072940353	0.007388685491820742	0.009523286613164147	0.9461236068798373
DLBCL_RICOVER_1032	0.007424400031531655	0.038546397877032436	0.00722890954393523	0.012722983331195951	0.9340773092163047
DLBCL11673	0.009272670306918182	0.9344641985386437	0.03800945006462396	0.011209916002543428	0.007043765087270738
DLBCL10495	0.9750346894120913	0.006252090043762551	0.0028569156733291284	0.009476089437207248	0.006380215433609765
DLBCL_RICOVER_1190	0.053006467431235604	0.0299785539540979	0.01825658719785716	0.02596735634014692	0.8727910350766624
DLBCL_LS3204	0.039276065130763205	0.8729130066349128	0.04283217891486419	0.03462362682305356	0.010355122496406226
DLBCL10457	0.004331103845374522	0.013133609431175985	0.00564187841847019	0.008682711629776456	0.9682106966752029
DLBCL10934	0.02942034877977901	0.7223325600786122	0.018415519794509595	0.037482483709572974	0.19234908763752614
DLBCL11656	0.00798783976331935	0.005539809214662315	0.9594373042614026	0.013138250145621082	0.01389679661499466
DLBCL10554	0.011035749341050215	0.005567162045746105	0.968123250979893	0.011231111779290388	0.004042725854020285
DLBCL_C_D_1141_NULLPAIR	0.004013351960955299	0.007881674553235313	0.9742444496515849	0.00694580035507021	0.00691472347915428
DLBCL10459	0.003559539145635206	0.006368669985344383	0.9779925395249445	0.007850585013659655	0.004228666330416267
DLBCL11670	0.003409114029409675	0.0057776434960962325	0.9750592536449371	0.01149412242166704	0.004259866407890034
DLBCL10880	0.007000335396208824	0.0055007166466550786	0.005699636254864689	0.005069807044646514	0.9767295046576249
DLBCL_LS1757	0.9956108717959871	0.0006885765389579452	0.0008176050489956889	0.0020907691319942676	0.0007921774840650589
DLBCL_C_D_1130_NULLPAIR	0.9980713307089571	0.00025659789117327613	0.0004028213975979877	0.0007899336061205612	0.0004793163961510765
DLBCL_LS378	1.0	0.0	0.0	0.0	0.0
DLBCL10997	0.9940610842909384	0.0008922406115762552	0.000995794257825016	0.002628807163616807	0.0014220736760434845
DLBCL10889	0.004202867332002369	0.0064269802624182856	0.006520088268434903	0.012692537843113806	0.9701575262940306
DLBCL11512	0.9661577937499924	0.005490443886119659	0.005961696884667558	0.018393014916229005	0.003997050562991361
DLBCL10901	0.003981812838842117	0.0062969785177115	0.004626263727322967	0.009416466574024172	0.9756784783420992
DLBCL10530	0.00243503318296158	0.004718108994667679	0.0029062064126690397	0.004317163389740736	0.9856234880199609
DLBCL10862	0.0006812730978568143	0.0010902559352230611	0.000831161463230811	0.001219591219098176	0.9961777182845911
DLBCL10550	0.0008530872869256445	0.0013845803121093612	0.000990825047201887	0.0015218242992733734	0.9952496830544897
DLBCL11195	0.003710128935184237	0.018491068845705772	0.009260164419384414	0.01593051949175333	0.9526081183079722
DLBCL11484	0.006953586365333728	0.9554002952550695	0.016164348124164424	0.005890016101034338	0.015591754154397942
DLBCL10903	0.002045189601617601	0.9854500409595041	0.00684969971284847	0.001997095158198953	0.003657974567830868
DLBCL10781	0.003954486258127641	0.005810282903956937	0.004539170488627436	0.012066895347141133	0.9736291650021468
DLBCL_RICOVER_417	0.0018785594523823956	0.003285246112177145	0.0020596383109327	0.0039451895723737265	0.988831366552134
DLBCL10864	0.0012883226828780743	0.0020164953735331806	0.0015787477127504682	0.0025055742443742053	0.992610859986464
DLBCL10849	0.016829763890395446	0.9055382585218452	0.011117130646231363	0.008887038169572694	0.05762780877195527
DLBCL10954	0.005712262563462036	0.965570747879256	0.00904283476066604	0.006179278375639941	0.01349487642097596
DLBCL10480	0.01337151566838984	0.9632850635360838	0.00781089150215431	0.005249056709703553	0.010283472583668532
DLBCL_MC_F500_ECU	0.0035331180012884668	0.9788514062083428	0.007441472620309569	0.004271176595254983	0.005902826574804267
DLBCL_RICOVER_533	0.007239129838081232	0.9733166799233519	0.010136389502268903	0.005413700234306238	0.003894100501991666
DLBCL_LS2089	0.0045668330591984415	0.9747048298910413	0.006823919300718935	0.0026798650820894676	0.011224552666951822
DLBCL11188	0.0003849806980078362	0.9978994341794105	0.0008065076207731438	0.0003854233588268219	0.0005236541429816657
DLBCL_C_D_1136_NULLPAIR	0.0005864725610609955	0.9973070039307869	0.0008998509729175552	0.0005542891685668901	0.0006523833666676563
DLBCL10834	0.004386721554639299	0.9864486147259486	0.004077946483617249	0.0019649766495629644	0.0031217405862319614
DLBCL11203	0.0017548055975566488	0.9902501235751895	0.0030334296491080145	0.0024545562112729406	0.0025070849668728974
DLBCL11536	0.04543194230412952	0.5576826385227323	0.0604464322758184	0.2880056257130392	0.048433361184280634
DLBCL10532	0.036107357122848883	0.018273949357771362	0.1931515767877562	0.23670526910369785	0.5157618476279255
DLBCL11590	0.18287256842966834	0.01698409482945535	0.5112340212479658	0.25770862951068885	0.03120068598222167
DLBCL_RICOVER_978	0.7730509040572254	0.02223798836237049	0.10597173813473998	0.0878929901040335	0.010846379341630689
DLBCL11433	0.07253381477374513	0.0242525418194178	0.21940720261705715	0.4558988652832476	0.2279075755065324
DLBCL10838	0.021183056898450313	0.235949432435058	0.015187231756664225	0.02172440506544043	0.7059558738443871
DLBCL_BWH_DLBCL64	0.1842514667023221	0.21295996441788134	0.06525974371464267	0.5171744556277135	0.020354369537440395
DLBCL_LS2328	0.07817597111011608	0.4015622079158855	0.47462685730238885	0.03491865159688252	0.010716312074727051
DLBCL10986	0.7701561690484804	0.033017996725876554	0.06560533088203156	0.11533172020307735	0.01588878314053421
DLBCL10974	0.03455865221194492	0.02553055707589244	0.05650495146274787	0.3588563470674041	0.5245494921820107
DLBCL11504	0.1272041894076183	0.03297489245153919	0.023184315146626177	0.09619887664856375	0.7204377263456526
DLBCL10984	0.01686513742047425	0.20147504080082337	0.020812537357844798	0.04827351100975254	0.7125737734111051
DLBCL10503	0.0421919706597435	0.673621707585673	0.20067734160302686	0.03853206895960276	0.044976911191953926
DLBCL10450	0.533168107626726	0.07491963664872003	0.01748024169250647	0.1930064907656094	0.18142552326643818
DLBCL10453	0.01358209762879595	0.26604099620717675	0.03350528769308137	0.04255338393857497	0.644318234532371
DLBCL_MC_F739_AMA3	0.014402815039331223	0.7360388710027951	0.2047473886046696	0.02799484496904239	0.016816080384161762
DLBCL11441	0.14404819910121874	0.014489805502043226	0.09396793530864217	0.5585934798518492	0.18890058023624673
DLBCL10894	0.3614909640080493	0.5008411311586025	0.0264187282345382	0.08018699452871562	0.031062182070094372
DLBCL10539	0.048806114616196376	0.15995027818468954	0.06597629360123335	0.582251650402093	0.14301566319578768
DLBCL_RICOVER_1329	0.031486105942550316	0.1212505103475433	0.011797173713104774	0.016755728356871866	0.8187104816399298
DLBCL_C_D_1103_NULLPAIR	0.039296673330425906	0.03291583473710481	0.16646621772597237	0.740859068040015	0.020462206166481856
DLBCL11679	0.09549000946509623	0.8407096053563239	0.032562598694264394	0.019087073545144165	0.012150712939171348
DLBCL_RICOVER_408	0.02462597305143293	0.870806090009636	0.07725638975042638	0.014633712929066924	0.012677834259437675
DLBCL11518	0.6123907852755127	0.14477380731733594	0.1774066383541288	0.04044513742836005	0.02498363162466255
DLBCL_RICOVER_1106	0.006169988123372731	0.023338841209074555	0.011701194071722463	0.026502149971184046	0.9322878266246462
DLBCL10904	0.01346420353158665	0.024042842069423944	0.02009767485045658	0.02862843844643095	0.9137668411021019
DLBCL_MAYO_DLBCL_234	0.280651300017822	0.010990639102281605	0.16814673738923763	0.5022774325451085	0.03793389094555015
DLBCL10566	0.04981739860492189	0.0838530272544695	0.015362517083551233	0.015522035144869594	0.8354450219121878
DLBCL_RICOVER_314	0.008664533445477837	0.06939489835418827	0.02238660344721026	0.027465288318593642	0.87208867643453
DLBCL_C_D_1112_NULLPAIR	0.02151030207592978	0.1036041766886251	0.7631705706344569	0.07532926056062528	0.03638569004036294
DLBCL_LS2245	0.0626160442231262	0.7117134092971702	0.17468468263521977	0.023080076603769435	0.02790578724071437
DLBCL10871	0.04096283959037168	0.7320719120093674	0.053633955810102246	0.02525530613931584	0.14807598645084274
DLBCL_RICOVER_950	0.03352641920944606	0.013757297097842491	0.0747529709043461	0.8546399998572661	0.02332331293109924
DLBCL10857	0.03479148012079381	0.009708921394544073	0.010091359904099055	0.04750530402452216	0.8979029345560409
DLBCL_RICOVER_299	0.014664776296644842	0.8485217110860496	0.10886955142484916	0.011361111766688291	0.016582849425768133
DLBCL10456	0.03848310089042413	0.015270569706551452	0.06560314280608491	0.8226952080183774	0.057947978578562195
DLBCL11454	0.9260258694825101	0.011548486614745827	0.006236458789797736	0.04615519789026107	0.01003398722268529
DLBCL10780	0.020337815843106972	0.7969902304658169	0.12827529648160246	0.04007422835749823	0.014322428851975488
DLBCL10487	0.06894895044666459	0.7559686094380009	0.06032895681163041	0.09593990048795664	0.01881358281574741
DLBCL_LS762	0.017044932678069294	0.022158115445720328	0.06011670835470143	0.02923482501325053	0.8714454185082584
DLBCL11516	0.04137076126160639	0.8440281025868632	0.03014548512863306	0.044543924548281814	0.03991172647461549
DLBCL10890	0.005968338273933113	0.015191467000052904	0.007765712691013913	0.01979694226961708	0.951277539765383
DLBCL_RICOVER_361	0.027630611265256382	0.011590266698012918	0.0351951548293366	0.8992302208754646	0.026353746331929516
DLBCL10978	0.03142893405259719	0.012490795573201497	0.037540339530767415	0.8938489971505914	0.02469093369284251
DLBCL10547	0.031479501530492296	0.012709098545673621	0.028247136402862923	0.8996790995739906	0.027885163946980523
DLBCL11455	0.09987843726317491	0.013732266549417088	0.050890545678810434	0.7705106352826749	0.06498811522592261
DLBCL10782	0.11983923832678274	0.03977695000365376	0.04676839304768407	0.7704576092495583	0.02315780937232108
DLBCL10906	0.047942945535962296	0.5809135209863721	0.01890833915505571	0.019941709439769462	0.33229348488284044
DLBCL11496	0.75413628546489	0.017405651008541984	0.028277038715511637	0.03854012946306962	0.1616408953479868
DLBCL_MC_F139_LJF	0.03829844459252162	0.011540107306415795	0.030512051098107118	0.8956918456177578	0.023957551385197638
DLBCL10914	0.8219502841167352	0.07763966310341971	0.06155542275205434	0.025858478343996554	0.01299615168379421
DLBCL10932	0.03133096815556138	0.009673498893533172	0.024333584323099938	0.9124784136361079	0.022183534991697635
DLBCL_LS3245	0.005862173829699965	0.9499195614299956	0.028628102134226265	0.007947585091817052	0.007642577514261152
DLBCL_MC_F815_BAT	0.012861472890152888	0.0201659452138666	0.9042385100561912	0.05350164240290742	0.009232429436881903
DLBCL11498	0.04475841833209664	0.9166989693939641	0.012413515022099713	0.010706320692683426	0.01542277655915613
DLBCL10854	0.007302320863463834	0.012960621251436603	0.012403438551239251	0.034367807138582146	0.9329658121952782
DLBCL11206	0.022955773389128815	0.7107040773950265	0.03827537685840977	0.015055815517582255	0.21300895683985266
DLBCL_C_D_1126_NULLPAIR	0.10454688880410999	0.8221956397031748	0.019557924416252148	0.02548254764476091	0.02821699943170218
DLBCL11429	0.931181703361432	0.004597047872261626	0.008859133869457421	0.032910278940736705	0.022451835956112266
DLBCL_RICOVER_134	0.004146240301080453	0.015163648867766444	0.005166664136784367	0.010356994439930874	0.9651664522544379
DLBCL10981	0.01585752092528206	0.9164153178180554	0.023992272120795768	0.02648680516553697	0.01724808397032978
DLBCL11542	0.01233966253775791	0.02991629117745072	0.9180475808234414	0.03406839228763249	0.005628073173717441
DLBCL11573	0.00996068574937778	0.01901906051240347	0.946646974782505	0.01760639327561526	0.006766885680098431
DLBCL10490	0.8878443006986648	0.02134008619884842	0.008532702380854245	0.04629985044429848	0.03598306027733407
DLBCL11450	0.0031788976086708663	0.006683437395112391	0.003919943114552623	0.008851862346340828	0.9773658595353233
DLBCL10492	0.8032592287174977	0.021540549799819276	0.010254419402727711	0.05581135326013098	0.1091344488198243
DLBCL10498	0.013392050235654068	0.010891872316204114	0.9414759541967221	0.030095500882653895	0.004144622368765751
DLBCL10916	0.0043470465528998485	0.015077173242323388	0.007552892442434906	0.011290797753725173	0.9617320900086167
DLBCL10879	0.011878646835493407	0.010733706254543772	0.9265855899009716	0.029200428883596807	0.02160162812539438
DLBCL_LS1098	0.005073096436670985	0.004770679322080779	0.9761754341189186	0.011196887729813481	0.0027839023925161836
DLBCL10462	0.9761677451848155	0.0020397742386502682	0.004595919362693698	0.011663466850567536	0.005533094363272919
DLBCL11666	0.004083364932931673	0.0052259722083697596	0.9805954667403899	0.0074364285084869974	0.0026587676098217233
DLBC_FF_8046_TP_NB	0.028858206633381896	0.01188424036842305	0.9150831993646306	0.023803654012155204	0.020370699621409305
DLBCL_LS3749	0.0024664787345098993	0.9851551958248324	0.006014868289845947	0.003557060110712314	0.002806397040099538
DLBCL_RICOVER_945	0.9646289702724568	0.00669155006560693	0.0039718998703964	0.01760023552626906	0.0071073442652709075
DLBCL10917	0.0036195793092154	0.9870122220917603	0.0035138962511519485	0.002570807908938657	0.003283494438933632
DLBCL10836	0.016778244324988957	0.005765664342453415	0.009901941210403224	0.020651295259154323	0.9469028548630001
DLBCL10959	0.933462831692546	0.010457229652983189	0.005667508205910126	0.03602669713341863	0.014385733315142129
DLBCL11428	0.006534022133539393	0.006644314964893861	0.9748132608540138	0.008399274753722387	0.003609127293830604
DLBCL10847	0.009799352237719784	0.015847901130009234	0.004293625703952242	0.006844606548652652	0.9632145143796661
DLBCL10950	0.9689255976255892	0.0037421209039674376	0.006336298087349711	0.015072953558306238	0.005923029824787465
DLBCL10876	0.0029349142123610006	0.007508097407095183	0.0031293519460454276	0.006254317664544346	0.9801733187699541
DLBCL10975	0.968676556873219	0.003280245659469791	0.0035886799184036734	0.016883523100412474	0.007570994448495093
DLBCL10502	0.0061497109350298765	0.9613480362462301	0.020615580493316583	0.005596984567800305	0.006289687757623172
DLBCL_DFCI_DLBCL_GOE16	0.003166973660566246	0.0036434718369609486	0.9831210267114419	0.007035784843317891	0.003032742947713025
DLBCL11662	0.9483412802644517	0.005562738162783379	0.005409618643540038	0.01973327403038123	0.02095308889884362
DLBCL11191	0.9877284399314129	0.0017293507463716023	0.002081318432336444	0.006260306338266193	0.002200584551612818
DLBCL_RICOVER_712	0.0020771773189423664	0.004130037654260972	0.0022785045004602533	0.00482798852797663	0.9866862919983598
DLBCL10989	0.0049364811073129376	0.966821973223478	0.009026546575884788	0.005754346279202866	0.013460652814121416
DLBCL11565	0.002414399228584039	0.9871423817276261	0.004179192240465159	0.0028348963983867467	0.0034291304049379103
DLBCL10515	0.9840966929766981	0.002695259781286234	0.0022575703935314487	0.00779164014723942	0.0031588367012447935
DLBCL11482	0.9975268394776553	0.00030220321863778097	0.0004487269034958877	0.001153292846863347	0.0005689375533476977
DLBCL11434	0.9936155721561012	0.0011619323999250604	0.001250645509243416	0.0030284918703926767	0.0009433580643376543
DLBCL_LS3809	0.938772231852034	0.010379274541577355	0.01306626364564657	0.013544634988141133	0.024237594972600987
DLBCL10913	0.9945425347586548	0.0007109239675376367	0.000954193926867086	0.0024855179440932446	0.0013068294028471589
DLBCL10887	0.0037510098407416677	0.005850467974324935	0.008984789413428809	0.01008714865142216	0.9713265841200824
DLBCL10850	0.0016692911453940588	0.9933239449040717	0.0023243636581880174	0.0009624309022062365	0.0017199693901399527
DLBCL_RICOVER_449	0.0030870584656904998	0.0031473513720546393	0.002518323791582249	0.00489759888096443	0.9863496674897082
DLBCL11537	0.973222522340814	0.0023611888315606404	0.0045618056901965956	0.009484479686179338	0.010370003451249485
DLBCL11539	0.9846204750622803	0.0014522577298756582	0.0033087492635690396	0.008331999372786811	0.002286518571488129
DLBCL10471	0.0017476715844636135	0.0027021473115971142	0.00121583090036487	0.0019619639951265265	0.9923723862084479
DLBCL10842	0.002055167277375652	0.003214133152832013	0.002710936488304394	0.005005247053586254	0.9870145160279017
DLBCL10924	0.0028866399146017826	0.0035459086948053495	0.002749841766629413	0.006866942674774584	0.9839506669491889
DLBCL_RICOVER_1293	0.0020774890585893	0.0022191927752516242	0.0016039989550855934	0.0030410929096853735	0.9910582263013881
DLBCL10853	0.00345298358144552	0.003275203479739281	0.0027028219832139033	0.005202317582711523	0.9853666733728897
DLBCL_RICOVER_948	0.001947830990453834	0.9891679910607857	0.004926524783569959	0.0012733548773484807	0.0026842982878421025
DLBCL10983	0.014410227767118726	0.9407905770540795	0.009869218798867267	0.008511495394623717	0.026418480985310726
DLBCL_C_D_1125_NULLPAIR	0.0015120119073249098	0.003082572418277365	0.001520492905851983	0.0027085162755850294	0.9911764064929607
DLBCL_MC_F729_MAN	0.0013500057530828665	0.9937825515910486	0.001881635029815697	0.0009247819448222689	0.00206102568123063
DLBCL10883	0.0021034595046446032	0.002238684887378584	0.001983790415940243	0.003248274960772123	0.9904257902312644
DLBCL10988	0.0004931314802186948	0.9972815157514399	0.0009573418055929895	0.0005913888999113102	0.0006766220628371919
DLBCL_MC_F927_JHS	0.09715345323992775	0.24977522385477652	0.11780071872153852	0.07890811953826134	0.45636248464549595
DLBCL_RICOVER_111	0.17277498954696616	0.036113577081171376	0.3892017374102412	0.09234630160845403	0.3095633943531674
DLBCL11446	0.16907976927689772	0.5118829290539926	0.07945969230469876	0.18606012074711215	0.05351748861729877
DLBC_FF_A7CX_TP_NB	0.4999172058974209	0.04182202057964775	0.07958824433013208	0.07737702775840072	0.30129550143439854
DLBCL_RICOVER_258	0.410373536065179	0.01604261310069177	0.1768345596390201	0.08354550189949612	0.313203789295613
DLBCL11466	0.07703051308077899	0.3103952454942556	0.07696375397505556	0.47174510002496134	0.06386538742494847
DLBCL10486	0.44612509369029923	0.17201989045218607	0.01789211833164686	0.11468289091176927	0.24928000661409858
DLBCL_RICOVER_274	0.03679395194839662	0.05093161794825865	0.03081561303379072	0.8213086829221211	0.06015013414743288
DLBCL_LS1304	0.0265255962962858	0.04477850289597229	0.5124684774941926	0.043122406221563984	0.3731050170919854
DLBCL10454	0.2721198285687199	0.3989507854692229	0.0664550235069699	0.01552253116020417	0.2469518312948831
DLBCL_C_D_1117_NULLPAIR	0.22831908909732776	0.4733027888656078	0.02465882499692696	0.23906934312411576	0.034649953916021825
DLBCL10962	0.030570302947410196	0.7723410476423349	0.10383228778729	0.028026321355968734	0.06523004026699622
DLBCL_RICOVER_216	0.0606110720846631	0.09298639466782271	0.43914291494033814	0.049876246083156155	0.35738337222402
DLBCL10908	0.06098934229139424	0.10655663055323113	0.6432524356928987	0.05304723589608543	0.13615435556639055
DLBCL10985	0.07537643671259371	0.5690706508542533	0.03406069905184089	0.28244803013520303	0.03904418324610903
DLBCL10881	0.17187207222172368	0.015571478783015104	0.014690382450121726	0.053922663302261545	0.743943403242878
DLBCL11478	0.5074188549826247	0.04795261536142103	0.3900761285450962	0.04401491595368121	0.010537485157176833
DLBCL_C_D_1140_NULLPAIR	0.06854980825731258	0.04586960051334009	0.08804374534291627	0.1278169856160287	0.6697198602704024
DLBCL_LS3499	0.10480815409188085	0.11028294327443501	0.055305396165247586	0.6914196465605146	0.03818385990792202
DLBCL10968	0.5828772259039425	0.011397162926380135	0.02087382946540255	0.29401631991379584	0.090835461790479
DLBCL10553	0.03756308370502758	0.022786012948290246	0.22103019132111823	0.6780461687783057	0.04057454324725825
DLBCL11510	0.5162320089562064	0.19821859122634322	0.03462080392179804	0.04981109200007569	0.20111750389557667
DLBCL_MC_F362_MJB1	0.02243948499326728	0.2571696511846118	0.6024961041317868	0.023804827021455855	0.09408993266887825
DLBCL_RICOVER_522	0.12843195668864615	0.038736347473329207	0.34512768230043495	0.4738135932198724	0.01389042031771727
DLBCL10868	0.07581423741385299	0.017861698898343412	0.025986974106160843	0.6702826711306098	0.210054418451033
DLBCL10909	0.054421689122756654	0.021453229861043602	0.04998922113187179	0.6158103431371632	0.2583255167471647
DLBCL10513	0.09671623964980602	0.04061365303332006	0.09563152913228848	0.7505081174753584	0.01653046070922707
DLBCL10856	0.031376439703223555	0.05092362613387399	0.17714963595667674	0.05500950021211147	0.6855407979941142
DLBCL11449	0.026215439271082105	0.7595980836967239	0.03267210940827185	0.016172858929081643	0.1653415086948405
DLBCL10846	0.08968029408947656	0.8058763655929289	0.02168353383394284	0.044962504360557536	0.03779730212309419
DLBCL10878	0.09704212778364311	0.012224098839183288	0.015544101219079365	0.06701993328789006	0.8081697388702042
DLBCL10549	0.03834172929901526	0.40898087702810654	0.5003744532148325	0.038518568715249196	0.013784371742796469
DLBCL10552	0.4015497413001645	0.021138019008599778	0.09041117820379124	0.46934191517499924	0.017559146312445154
DLBCL10451	0.8278875643342887	0.018035756171869644	0.11807158391163997	0.025474952649999334	0.010530142932202391
DLBCL_RICOVER_1046	0.009268526832077984	0.7574407960570125	0.17249130882032548	0.021129992659358172	0.03966937563122572
DLBCL10517	0.008245682860974695	0.8190429961796617	0.12301090499467368	0.028957231189873922	0.02074318477481599
DLBCL11663	0.7630034106582391	0.039378288465715144	0.0743570931997549	0.08889556047240664	0.03436564720388426
DLBCL11501	0.6955876010882432	0.19237085780651678	0.02496503352919118	0.04407301485113221	0.04300349272491656
DLBCL11657	0.032549537451267915	0.06672603823300602	0.6890963990130297	0.18755905734303402	0.024068967959662377
DLBCL11437	0.044321318023656006	0.011397507292718045	0.046178005940939265	0.8002441364018609	0.09785903234082582
DLBCL10548	0.7120312999940018	0.10176379222425151	0.01570411183509482	0.13139601396171088	0.03910478198494105
DLBCL_RICOVER_1204	0.025163394509298994	0.037333615416741434	0.0798193369991028	0.5542739768577527	0.30340967621710413
DLBCL11479	0.02800591467567364	0.8491861666814781	0.07845310045044379	0.01786665810117364	0.026488160091230915
DLBCL_MC_F064AB	0.013356101103330052	0.01027545574969156	0.9040517029417267	0.05833421159232719	0.01398252861292455
DLBCL10895	0.012015834533706778	0.11057357023145169	0.02590456917264313	0.019842239276595917	0.8316637867856025
DLBCL_C_D_1151_NULLPAIR	0.04184829692293387	0.015653245376309244	0.030763709548937142	0.892234002386713	0.019500745765106783
DLBCL11196	0.030410391193515643	0.00957269502918862	0.03036870262179149	0.8970162857571544	0.03263192539834989
DLBCL11459	0.034171482904487675	0.010344433688576116	0.031528706605535715	0.9013510179384108	0.0226043588629897
DLBCL10939	0.035960485925024877	0.01141915871681958	0.02879204294669237	0.8961180823169638	0.027710230094499372
DLBCL11460	0.033273816179969454	0.012717450186371587	0.029025987351809165	0.9056954781081178	0.019287268173731956
DLBCL_C_D_1153_NULLPAIR	0.07480848382578738	0.06459062135891556	0.024012096528370528	0.49193474354898425	0.3446540547379422
DLBCL_RICOVER_583	0.00907783429004518	0.8459506971951618	0.04138538648233648	0.012215301680108277	0.09137078035234829
DLBCL_RICOVER_440	0.013138773025034212	0.887513857073505	0.07804720584501003	0.008715388285966276	0.012584775770484473
DLBCL11202	0.1798611628806265	0.05832810236824312	0.6553090560690669	0.09818597081891546	0.008315707863147991
DLBCL11591	0.013455548981880885	0.8435784486228821	0.11629305654852551	0.011367396278052944	0.015305549568658523
DLBCL10485	0.023000499440600484	0.1310001291238303	0.018507075740353315	0.01606978723696367	0.8114225084582523
DLBCL10521	0.012320651643115722	0.1009696562427114	0.009630842641081615	0.01440971203895912	0.8626691374341321
DLBCL_RICOVER_173	0.011898893647495804	0.010645932487705265	0.013873398809645337	0.04781882718748625	0.9157629478676673
DLBCL10964	0.020777653359679644	0.046275236179916406	0.01845036529056022	0.1382116247951199	0.7762851203747239
DLBCL10843	0.9270090547606736	0.006361442021796294	0.00894184370746967	0.04448217896892572	0.013205480541134705
DLBCL_LS4054	0.016541685037312213	0.9252770161532186	0.015940646906850733	0.02388885476370331	0.018351797138915205
DLBCL_RICOVER_866	0.04413579859966646	0.02935532460447078	0.5273592453527828	0.38293070066406293	0.016218930779017097
DFCIDL009_DT	0.015258919577643654	0.06974966531050927	0.8832335952555282	0.022291763676062802	0.00946605618025601
DLBCL11208	0.008520844012446446	0.9484277913931856	0.020894689256565537	0.01033660852082792	0.011820066816974553
DLBCL11481	0.9509069416376768	0.0042551834846230934	0.020346771378914195	0.013756644229195288	0.010734459269590699
DLBCL10565	0.030455138186275356	0.016963379793282808	0.8955072156186125	0.04708514320893844	0.009989123192890888
DLBCL10472	0.03190036356361597	0.02066676535477597	0.8222185578244378	0.11431378625189417	0.01090052700527614
DLBC_FF_8042_TP_NB	0.010734587233047642	0.10823556179370743	0.05424827169168705	0.05517951891909223	0.7716020603624656
DLBCL10994	0.8176810777965502	0.04448915521217511	0.020531667257313292	0.03441131818855524	0.08288678154540616
DLBCL_LS951	0.8882284288015747	0.03392008659687644	0.027930575113707085	0.04210120422540441	0.00781970526243733
DLBCL11004	0.005808087905035329	0.009496981385000016	0.006730081626048095	0.024159795253731436	0.9538050538301851
DLBCL10522	0.012303227044925003	0.006913323291701427	0.9573078730777027	0.013977459033474322	0.009498117552196575
DLBCL11651	0.016593746715470974	0.015197342803080329	0.8722452163360199	0.04345079642825372	0.05251289771717511
DLBCL_C_D_1133_NULLPAIR	0.006524425429050623	0.01274064414249139	0.9670688262404544	0.008908264181204398	0.004757840006799164
DLBCL11470	0.9596524032549425	0.0027367597389608904	0.008099846552033774	0.022400288467253514	0.007110701986809377
DLBCL11507	0.011124274035431765	0.9469654495834466	0.02666490435976185	0.00720112644433842	0.008044245577021302
DLBCL11476	0.009004768784452666	0.01997250012481314	0.004863790716237779	0.007448155425232507	0.9587107849492639
DLBCL10925	0.015873241364687925	0.021539398341669826	0.007803743227140215	0.03003484343025138	0.9247487736362506
DLBCL11500	0.005005265088723639	0.005138040600239087	0.0063405012233736825	0.01057939323733019	0.9729367998503334
DLBCL_RICOVER_288	0.0157413410113699	0.9640607537942127	0.007120529095496244	0.006888405174361106	0.006188970924559975
DLBCL_RICOVER_1219	0.0021017730615353024	0.004020914340652214	0.002515145994431043	0.005418855032988488	0.9859433115703929
DLBCL11672	0.006700916105920815	0.00554731099164841	0.9649785725124258	0.016093519725212207	0.0066796806647927255
DLBC_FF_A7CR_TP_NB	0.019976205167709492	0.006486877176226476	0.012473662513880242	0.029433448347681017	0.9316298067945028
DLBCL11685	0.004479014475377369	0.005670432557472713	0.969666666440105	0.011153884369373769	0.009030002157671139
DLBCL10884	0.9823274310073217	0.00188836700993084	0.0034030512619103543	0.009750476104303612	0.002630674616533517
DLBCL_C_D_1157_NULLPAIR	0.01179666848836146	0.006829567159754849	0.9592090788554992	0.016459399472705423	0.0057052860236790825
DLBCL11569	0.0053031849282097684	0.009059197336252427	0.9722534511419638	0.010373907394561408	0.0030102591990126097
DLBCL10542	0.9166288981409091	0.005333204319592025	0.014936571010598695	0.02096721477336078	0.04213411175553941
DLBCL10977	0.0029613296164048585	0.002498087461051725	0.0028396716692380367	0.004216308237645837	0.9874846030156595
DLBCL10860	0.0024597798630062377	0.004041120229510272	0.0035152391408434596	0.005305506297092424	0.9846783544695477
DLBCL_MC_F519_ALT	0.001674306554970075	0.003245837526236191	0.0014986424647182696	0.0027655177992493745	0.9908156956548261
DLBCL_RICOVER_826	0.9864175297672197	0.0016985681094696227	0.001958682974484202	0.006940127796860561	0.0029850913519658636
DLBCL_RICOVER_1192	0.003098182589765907	0.006008411174826411	0.0041046985989038175	0.004071413685919431	0.9827172939505844
DLBCL10900	0.005199291034488657	0.004317552041039343	0.0032383076041528638	0.008504391032659276	0.9787404582876599
DLBCL11677	0.9964352019963701	0.000425668067478289	0.000787673767931702	0.0015848517988281163	0.000766604369391761
DLBCL_RICOVER_829	0.9731694113470994	0.004777905259416977	0.0033835289057469343	0.012403403268951835	0.006265751218784806
DLBCL_RICOVER_335	0.00899715144424098	0.9579120172687513	0.009697349978509262	0.01575682438366871	0.007636656924829796
DLBCL_C_D_1129_NULLPAIR	0.9787719999096018	0.0024766681565046287	0.00516372233297249	0.006974117489045643	0.006613492111875361
DLBCL10458	0.9975289634926009	0.00033291774187619775	0.0005192645811561349	0.0011683743164592683	0.00045047986790746274
DLBCL10996	0.9959622475884359	0.00044311352294970147	0.0010478955980015273	0.001624902032742517	0.0009218412578704318
DLBCL_MC_F132_MLM	0.9906942019999383	0.0012270377922158227	0.001372181482599189	0.00465785243787369	0.002048726287372957
DLBCL10947	0.015166394320024297	0.9446376247837539	0.009519779464770698	0.0048900344023581665	0.025786167029092907
DLBCL10897	0.9859679501437618	0.0023551155163219913	0.001997753200538335	0.005795234668953254	0.003883946470424641
DLBCL_RICOVER_678	0.003996934617650488	0.9832114035473768	0.003645244112413489	0.0028466893827735857	0.006299728339785686
DLBCL10519	0.005714910801637498	0.9714069780857731	0.012700182007064234	0.00589378816236131	0.004284140943163872
DLBCL_C_D_1135_NULLPAIR	0.0040133129158404154	0.9856853499552513	0.003726561574270792	0.0031234402772721812	0.003451335277365335
DLBCL_MC_F089_HCZ	0.001486501320805658	0.9890507454357893	0.004220191684938532	0.00222514854694704	0.0030174130115194746
DLBCL_LS1065	0.0016059397038777805	0.9930372559867909	0.002278654074233817	0.0013525714643792045	0.0017255787707182568
DLBCL_LS146	0.000514472447803615	0.9972328120887375	0.0010274017992280477	0.00046933603938279005	0.0007559776248480324
DLBCL_RICOVER_174	0.0023671168933219753	0.9918583427313914	0.002645925919674238	0.0014403460198118712	0.0016882684358005323
DLBCL_LS4619	0.019798114064131293	0.1460104649684925	0.43143040427141105	0.08994508664817644	0.31281593004778874
DLBCL10874	0.05823728868662063	0.20507833475677853	0.03520560323316351	0.20315088284920263	0.4983278904742347
DLBCL_C_D_1148_NULLPAIR	0.4580224448057724	0.011941174657723447	0.14662982635220692	0.3570410253481064	0.026365528836190828
DLBCL11519	0.630002267598356	0.026958014807886135	0.03883154797891252	0.28894851512003117	0.015259654494814194
DLBCL11432	0.6184830973439447	0.008734940333258478	0.13342160614551304	0.18869536140963644	0.050664994767647346
DLBCL_RICOVER_711	0.49224407446558516	0.1286148486699739	0.02416554067853664	0.3251328129434367	0.029842723242467645
DLBCL10921	0.02935593802835418	0.3032271985712921	0.01900599333607612	0.021263554674735882	0.6271473153895417
DLBCL10867	0.0313722197777835	0.3135013620721543	0.027259523469519466	0.0621783128241504	0.5656885818563924
DLBCL10955	0.20511333433933204	0.07873280889907186	0.10128425762605281	0.3507554951240263	0.26411410401151686
DLBCL10482	0.5604311669626977	0.03866637624523871	0.020384572050534993	0.032938204112965164	0.3475796806285634
DLBCL_RICOVER_1045	0.3113063541555686	0.028709670565799247	0.032135301452492375	0.5854302069079422	0.042418466918197485
DLBCL11448	0.023637930871853407	0.04857256620232007	0.05917396529719192	0.13957955452152018	0.7290359831071144
DLBCL_RICOVER_506	0.018105086073501916	0.4283947172841077	0.035447464583185505	0.027186431748300058	0.49086630031090484
DLBCL_C_D_1138_NULLPAIR	0.02542342729353572	0.5449880383974324	0.19382271352689526	0.13459818210288052	0.10116763867925614
DLBCL11678	0.05966273194354346	0.03325816164956142	0.33527894909908457	0.5385426407045205	0.03325751660329006
DLBCL11576	0.045946955571714604	0.10614465765372365	0.152179264164142	0.6709049119289947	0.024824210681425082
