	0	1	2	3	4
DLBCL10915	0.05287893632021239	0.1019184932254402	0.05436346461834047	0.3649174067474087	0.4259216990885983
DLBCL_LS1668	0.04014259547373952	0.15606143272016854	0.28290460987853866	0.4566747683200737	0.06421659360747974
DLBCL10973	0.10248318324667911	0.021399396614137808	0.22543863760946603	0.46943313463206987	0.18124564789764716
DLBCL10873	0.09083654457771213	0.36873958704069276	0.19263586157484086	0.30698213330628554	0.04080587350046864
DLBCL10971	0.21936749529444796	0.40924579406503436	0.021113602928806884	0.06120272830969124	0.28907037940201963
DLBCL_RICOVER_151	0.049630131851807244	0.35799815337002366	0.07226493650425961	0.4780268137366602	0.04207996453724929
DLBCL_MAYO_DLBCL_3653	0.2992460551021041	0.05007746629658848	0.07197496775784061	0.2317170341353769	0.3469844767080898
DLBCL11471	0.2071067748331233	0.3481101195239494	0.11367790264297736	0.12818256742571912	0.2029226355742307
DLBCL10869	0.3161727339942956	0.10771047672004169	0.4738475479900684	0.0544506675897767	0.047818573705817644
DLBCL_RICOVER_1287	0.02839522013013784	0.2951789742565593	0.029265801732667907	0.032149115930336425	0.6150108879502986
DLBCL_LS4593	0.024549483302424395	0.24468044807673006	0.5588096686139581	0.1415580256481749	0.03040237435871261
DLBCL10969	0.3751690186181678	0.25513870806095856	0.20953839206210886	0.043983746301537445	0.11617013495722739
DLBCL10509	0.27341792965658557	0.6079512303494761	0.013636024776619297	0.055580380619601195	0.049414434597717896
DLBCL_RICOVER_1060	0.104061969706653	0.29042842237547756	0.026727577603503725	0.025577176167896547	0.5532048541464692
DLBCL11652	0.6046764995744228	0.266875799695853	0.047535445377760444	0.040475938920417086	0.04043631643154667
DFCIDL004_DT	0.2587326427884147	0.012585032353989787	0.02295666977861973	0.12287597534729706	0.5828496797316787
DLBCL11467	0.07960334268245037	0.0521982475480376	0.08514820811278313	0.5318023965639439	0.251247805092785
DLBCL_LS2325	0.04253858827599069	0.32095298909900494	0.5929362329413924	0.02560310358204198	0.01796908610156999
DLBCL10965	0.23551451692882755	0.016841683304893707	0.031102365651881205	0.6338113298279341	0.08273010428646341
DLBCL11480	0.5957604551631217	0.0263724336471639	0.15827160366481222	0.06374869141846368	0.15584681610643852
DLBCL11474	0.5033666178285604	0.02182160277797528	0.024071377859004938	0.40343153952451855	0.047308862009940805
DLBCL10970	0.04064884327653954	0.14833439805379342	0.0643823285208532	0.7051559856154187	0.041478444533395185
DLBCL_LS1395	0.023344028517524894	0.09178773701034744	0.8378598746731581	0.018781877598172986	0.028226482200796578
DLBCL_RICOVER_320	0.03893262869449293	0.12881776186118496	0.7308423469377513	0.05703655297526735	0.04437070953130342
DLBCL_LS2590	0.0309301323515438	0.021007877931216244	0.05083567251559211	0.4105827099808763	0.48664360722077155
DLBCL11469	0.02420697905484214	0.057378267456082516	0.6793783710891087	0.028549597400588125	0.21048678499937848
DLBCL11525	0.22140333230406745	0.02044253376957811	0.6193280370979451	0.12068468760305594	0.018141409225353396
DLBCL11468	0.05755176863077405	0.023541389847329505	0.12031272174584007	0.7770927625053493	0.021501357270707067
DLBCL11473	0.6324709070988929	0.041768321268223586	0.01778281135605545	0.2611194992215167	0.04685846105531142
DLBCL_RICOVER_467	0.017083324659394307	0.5197769398991271	0.030592474517160143	0.016318783404854122	0.4162284775194644
DLBCL_C_D_1109_NULLPAIR	0.06780172438083586	0.011317144699623879	0.029655153220247855	0.8530375073064363	0.038188470392856125
DLBCL_C_D_1115_NULLPAIR	0.08315589568165638	0.08839779389365625	0.04331754030695678	0.7357705270321506	0.04935824308557995
DLBCL10544	0.038632479301508135	0.01429762657592769	0.03905639667088796	0.6851039761486648	0.2229095213030114
DLBCL_C_D_1118_NULLPAIR	0.23251423124529763	0.6837367627128293	0.021030228970494017	0.03987014271738586	0.022848634353993057
DLBCL_RICOVER_773	0.013329269977836827	0.11458633845383441	0.08716469736837884	0.02926752589050378	0.7556521683094461
DLBCL10957	0.8591029613555674	0.016231210711205677	0.054067574737664235	0.05703786358992503	0.013560389605637681
DLBCL10980	0.0095735606283406	0.13764665800296938	0.030866187675111074	0.030463325897434695	0.7914502677961442
DLBCL10961	0.006665631312445469	0.03644461885620042	0.019041346145875115	0.03791560229979959	0.8999328013856794
DLBCL11515	0.016517271347805902	0.04864383268114996	0.8145935825481786	0.035510051800575655	0.08473526162228989
DLBCL10999	0.012812840966619046	0.02110322738449319	0.05162849259215558	0.12606078025318032	0.7883946588035519
DLBCL10527	0.024280531646895667	0.021220385319387754	0.061471516593595704	0.795511405118694	0.09751616132142682
DLBCL_MC_F218_RAP	0.1332895425877684	0.013672955304353245	0.07106850973510147	0.7577908822646683	0.024178110108108556
DLBCL_RICOVER_850	0.008591357595159773	0.031230394762652755	0.020786791269478452	0.03752879445188499	0.901862661920824
DLBCL_RICOVER_1289	0.02430527429685816	0.008542249198865533	0.0175393884932196	0.07331615528288067	0.876296932728176
DLBCL10899	0.037177411418275394	0.02782096730109243	0.008257313989956673	0.03659142384049729	0.8901528834501782
DLBCL11436	0.12616325983746857	0.5983488431031202	0.02672627613390116	0.1913824026788008	0.057379218246709274
DLBCL11486	0.6390054731850484	0.018781092984626442	0.024493092375757104	0.04206346868465085	0.27565687276991724
DLBCL_RICOVER_1032	0.007911701398837767	0.04221675449771432	0.00778380554758318	0.013396338869261133	0.9286913996866036
DLBCL_LS3204	0.037123741084129025	0.8511261340492452	0.050463521156686036	0.050656923516072025	0.01062968019386771
DLBCL10564	0.04332854069002522	0.06542528492670178	0.11696516352459621	0.736666790267325	0.037614220591351825
DLBCL11439	0.1341867914637836	0.01677137833747603	0.7642520274469522	0.06939314269078088	0.01539666006100728
DLBCL10907	0.09176784887247726	0.6927563358806689	0.02314650196575542	0.06027447473680305	0.13205483854429545
DLBCL_LS4616	0.010069938625870472	0.04834374178552955	0.9039973614956903	0.028772449027641055	0.008816509065268608
DLBCL_RICOVER_1190	0.06733034031487925	0.03076119861499657	0.02143482398982129	0.023744864780287964	0.8567287723000149
DLBCL10902	0.0073212757534732754	0.03767932089915669	0.020914206395632542	0.02438493277381768	0.9097002641779198
DLBCL_RICOVER_338	0.5765590400729179	0.01718158842129502	0.05224240230221695	0.32439047904707374	0.029626490156496266
DLBCL10885	0.05678927445183309	0.7902169867659613	0.018730674051973713	0.044177485121004986	0.09008557960922696
DLBCL11495	0.02377412353053796	0.007605843962124113	0.015382570748262703	0.05046290164800786	0.9027745601110674
DLBCL11673	0.01822516280704126	0.798243687466122	0.1384335075507436	0.029148206221159625	0.01594943595493357
DLBCL_RICOVER_701	0.04990195022702388	0.015916440496256	0.025552384209611385	0.8798749816315687	0.02875424343553994
DLBCL10993	0.8701258899115346	0.006264199702619467	0.026410595544265815	0.060629971250659394	0.036569343590920705
DLBCL11566	0.01374983671619784	0.033560635090024105	0.9286091577101085	0.015923213888608404	0.008157156595061067
DLBCL10927	0.06619689455506732	0.012122096082781442	0.03407866286597871	0.8657963067489445	0.02180603974722804
DLBCL11003	0.055715509523053944	0.7835664790366416	0.018066488909902506	0.027980766814604485	0.11467075571579746
DLBCL11458	0.022262016996994316	0.01887538518829428	0.9263641788812111	0.02401120156732901	0.00848721736617124
DLBCL11564	0.029657392759161967	0.01212771910694934	0.025870892009302114	0.9070687322132578	0.02527526391132882
DLBCL11541	0.00966256742771023	0.043870368960757876	0.8920264792753916	0.023687342267537926	0.030753242068602343
DLBCL11512	0.9339355537716211	0.013963388641950372	0.01165142170571136	0.034815007026413373	0.00563462885430378
DLBCL10848	0.009947331771714309	0.005834346562771305	0.012788736087584605	0.02355525807907572	0.947874327498854
DLBCL10935	0.9012339888288244	0.04963934123505884	0.008157046570714718	0.02389923691811179	0.01707038644729018
DLBCL11484	0.010396960210846552	0.9213388507822072	0.023694282540624924	0.009658055003945468	0.03491185146237587
DLBCL10837	0.0093219950638043	0.014596697139251885	0.008622189207304943	0.019700859503854896	0.9477582590857839
DLBCL_LS3200	0.00477079897216032	0.014983217183129866	0.005553406120672962	0.007357970986998208	0.9673346067370386
DLBCL10918	0.954043215227094	0.004947279699487297	0.005348051637500162	0.016429507538289454	0.019231945897629086
DLBCL10457	0.005223059769911877	0.01397444158856423	0.006804093539559422	0.00960035985165796	0.9643980452503065
DLBCL10934	0.032940381931894275	0.8159953830400247	0.017029220896472755	0.035099261061459636	0.09893575307014864
DLBCL11472	0.9196373239760239	0.0047471009878390195	0.015878870304537458	0.04171417295814073	0.018022531773458868
DLBCL_RICOVER_401	0.02881102924276613	0.7690567125246235	0.17426675357943316	0.014427718070034849	0.013437786583142297
DLBCL11477	0.9752731072751242	0.002710488885363305	0.003901270492592001	0.012166609660930843	0.005948523685989716
DLBCL_C_D_1141_NULLPAIR	0.0056283026146104745	0.01184001230660363	0.9617780282187697	0.009151056487024117	0.011602600372992126
DLBCL10781	0.005612195563678836	0.00677921318726626	0.006545315850295817	0.01696387891858902	0.9640993964801701
DLBCL10896	0.966206164419089	0.0049042738802286615	0.0035251268174700296	0.016680149616290302	0.00868428526692204
DLBCL_LS1757	0.9903274561748511	0.0016889173617660857	0.0016512464333590824	0.004556421431156487	0.0017759585988673205
DLBCL10880	0.016932809057571715	0.008028061869119406	0.011992336294479183	0.008606206717328875	0.9544405860615008
DLBCL10554	0.01283432290365494	0.007609955464934288	0.9604091245175217	0.013471014359017581	0.005675582754871491
DLBCL11669	0.006604504732734519	0.007038174292122438	0.9689430633039259	0.013069866282403206	0.004344391388813995
DLBCL_C_D_1130_NULLPAIR	0.9944535525100493	0.0008012848137232683	0.001266558640661801	0.0022969233716508388	0.0011816806639148008
DLBCL10459	0.005078952381215372	0.009149011505199357	0.9694747574178617	0.011071136632689856	0.005226142063033663
DLBCL11656	0.006312367778634593	0.005808157592604433	0.9645013627236684	0.012527912836591153	0.010850199068501477
DLBCL10495	0.9829499230348208	0.0043560345687568055	0.002224841359977939	0.00679036476682234	0.003678836269622194
DLBCL11670	0.004184287135147277	0.007144636528404352	0.9702810140198007	0.013259279914669827	0.00513078240197782
DLBCL11195	0.004107969863724862	0.017760133876650642	0.011974354588519063	0.019038974094980936	0.9471185675761246
DLBCL_LS378	0.9941616119807704	0.0009783601566034552	0.001642822677763363	0.0022128254049789526	0.0010043797798838894
DLBCL10901	0.004025601603403748	0.006116350909094237	0.005713092380910065	0.009820826219206179	0.9743241288873857
DLBCL10530	0.0035151096577371527	0.007877217830948068	0.005398640572914018	0.006935023434886844	0.9762740085035139
DLBCL10889	0.005576849872884811	0.0070167505328325285	0.00927417256266919	0.0166948189860136	0.9614374080455999
DLBCL_RICOVER_533	0.006194522442793094	0.9749268880977743	0.009017082129881985	0.006430596770707555	0.00343091055884314
DLBCL_RICOVER_417	0.002647720938455418	0.0046279227768598824	0.003371817384094638	0.00584445853396309	0.983508080366627
DLBCL10550	0.002231780597307227	0.0030860201946240028	0.002438040632650312	0.0035194331933683797	0.98872472538205
DLBCL10997	0.9904613040672328	0.0015093957155542623	0.0015575175993855662	0.0040167272951879725	0.0024550553226394926
DLBCL10862	0.0020807896432826945	0.0038739262315586613	0.003180119073131999	0.004165441019547877	0.9866997240324787
DLBCL10849	0.018175729356241076	0.8990200580627297	0.011426214983453522	0.00863371430256901	0.06274428329500678
DLBCL10834	0.007633172441221291	0.9795437107389638	0.005582656254145229	0.00322181988957922	0.0040186406760904176
DLBCL10864	0.0022772239362066726	0.002827130594193938	0.00277451231883664	0.0038291790993603605	0.9882919540514024
DLBCL10903	0.003165076583474136	0.9771545839628252	0.010830163061225006	0.002934996630445703	0.005915179762030028
DLBCL_LS2089	0.004750046049338947	0.9749805857171093	0.006304788890777743	0.0030365023745116786	0.010928076968262344
DLBCL10954	0.006148788077795892	0.9616584841974445	0.009729220932108158	0.006746152896356985	0.015717353896294483
DLBCL10480	0.010320792230266957	0.972089767038113	0.006234505940795699	0.004420423122332103	0.006934511668492204
DLBCL_MC_F500_ECU	0.004932107672830566	0.9697908370500685	0.010972146695301674	0.006670763300807373	0.0076341452809918775
DLBCL11203	0.0027549281948996925	0.9828676810583258	0.0051021494773492914	0.0049728946679245024	0.004302346601500679
DLBCL_C_D_1136_NULLPAIR	0.0012235306903546933	0.9948794465732984	0.0015823503955254632	0.0011483896915607402	0.0011662826492606956
DLBCL11188	0.0007311590272377559	0.995980548848195	0.0015202947261711926	0.0007518923779037148	0.0010161050204923463
DLBCL10539	0.04950358998351766	0.18620355636066008	0.07347586635546705	0.5704623583702841	0.12035462893007112
DLBCL_BWH_DLBCL64	0.19111592324626178	0.2705740363382204	0.05826905721495635	0.46030237369254	0.01973860950802155
DLBCL11441	0.1660392903463802	0.013399439329414021	0.09152131453839661	0.43700255092743273	0.2920374048583765
DLBCL10450	0.4646897111114562	0.08135230554260532	0.022168465295330765	0.23709557815559168	0.19469393989501602
DLBCL11433	0.07522016156161565	0.019018644096137016	0.17771494160375564	0.25153801570538925	0.4765082370331024
DLBCL_C_D_1103_NULLPAIR	0.03568309823827875	0.04909621477313373	0.18256668117040292	0.7114649963463857	0.021189009471798977
DLBCL10871	0.06561975864443471	0.6218131075645821	0.0570084937660102	0.029125064098820572	0.2264335759261524
DLBCL10532	0.02822307793863589	0.020829889801438035	0.15672070973750854	0.18622031700940567	0.6080060055130119
DLBCL11590	0.21019584674770353	0.015411119104053482	0.5217558075670858	0.20792935659611073	0.044707869985046424
DLBCL10492	0.5850545570136559	0.022483586783651584	0.015486509201723654	0.09711622782242862	0.2798591191785402
DLBCL11536	0.05082136694024311	0.3875198781589465	0.06269048162537844	0.43866338459380116	0.0603048886816307
DLBCL_MC_F739_AMA3	0.016831658656176664	0.6404721376121134	0.29341323213188325	0.030783716773129532	0.018499254826697172
DLBCL_RICOVER_1329	0.05666784902390184	0.3180014395811329	0.016825112984329323	0.0238324920440295	0.5846731063666064
DLBCL_MAYO_DLBCL_234	0.31351887738218837	0.01181406680118474	0.20394858127106447	0.42099236750088653	0.049726107044675866
DLBCL11206	0.026928597736456887	0.6388538775058317	0.043481895500492536	0.016021252066703358	0.2747143771905155
DLBCL11504	0.19447495627420416	0.03629803383381402	0.03549117436590547	0.13002979127429395	0.6037060442517823
DLBCL10894	0.5072342831462896	0.3616552920440811	0.026536885187423264	0.07947296840303575	0.025100571219170375
DLBCL_LS2328	0.05569653318469935	0.30170235529679046	0.5988037780389942	0.032578572381163864	0.011218761098352069
DLBCL_C_D_1112_NULLPAIR	0.02200252523157829	0.14912260372438835	0.7055111843277745	0.07298010627280166	0.05038358044345718
DLBCL10453	0.0127458246925001	0.16996966630882496	0.02593403163387076	0.03547018660957358	0.7558802907552307
DLBCL10986	0.7036158685920056	0.049396710180849165	0.09070261018264862	0.1338929021565405	0.02239190888795602
DLBCL_RICOVER_978	0.768892334213222	0.024981910346451766	0.10837736322229466	0.08489295684878416	0.012855435369247454
DLBCL10974	0.035929751008144925	0.02185123771204499	0.051299332723554095	0.3183908650771499	0.572528813479106
DLBCL_RICOVER_950	0.03409899179554816	0.014492396256596747	0.07889259916090484	0.8483714662492556	0.024144546537694656
DLBCL10456	0.03837754174665366	0.015749525325401578	0.07061454763102895	0.8283718972669358	0.04688648802997996
DLBCL11518	0.6337381835921921	0.13186990601360662	0.17343539270671965	0.033621656189757154	0.027334861497724534
DLBCL10981	0.01907670347998752	0.8477326515647791	0.047327080161987195	0.05689454545967033	0.028969019333575954
DLBCL10984	0.016457821547562385	0.1662646546834998	0.019287493363837983	0.04230131010610042	0.7556887202989995
DLBCL10566	0.0934456518176989	0.1739403019342471	0.025116960127978746	0.021029065783224426	0.6864680203368508
DLBCL11496	0.7600003126991014	0.016865908113051015	0.026530880512767262	0.035892601939269214	0.16071029673581116
DLBCL10782	0.11418903916603892	0.04436261701051621	0.04263581970506202	0.7762426012593111	0.022569922859071768
DLBCL_RICOVER_1106	0.007105411888977592	0.02849449251964888	0.013049966901888616	0.029418206030537013	0.9219319226589479
DLBCL10487	0.06385233830802103	0.7512421602056799	0.05374248377162093	0.11342570566840406	0.017737312046274135
DLBCL_RICOVER_361	0.02874520079584891	0.01443525662329452	0.03470024803592783	0.8928574560089939	0.029261838535934784
DLBCL10547	0.03645161254468701	0.01583455044184045	0.02949711227826855	0.886872543106786	0.03134418162841804
DLBCL10906	0.053609787823597585	0.5735385991650722	0.019004912474741138	0.01810707002547847	0.33573963051111066
DLBCL_RICOVER_945	0.947326311759525	0.012105169646396147	0.005142205237665014	0.025130139204907195	0.010296174151506675
DLBCL10978	0.03270966150872019	0.014996287031528114	0.03956937097260258	0.8852391656892178	0.027485514797931355
DLBCL_RICOVER_299	0.01205071974575288	0.8547375023095892	0.1043436340470518	0.01087425769302973	0.01799388620457639
DLBCL_LS2245	0.08389066748059233	0.658444201539219	0.20160055099844026	0.031206366416765583	0.024858213564982863
DLBCL10503	0.03177155776700506	0.7776438946715334	0.12719166040172897	0.02684992148588342	0.03654296567384925
DLBCL10780	0.023338574344521624	0.7643815440342133	0.15278902892011925	0.04329841182443798	0.016192440876707827
DLBCL10502	0.01357222096423217	0.9087927184211145	0.054304102077672244	0.014851155248937252	0.00847980328804378
DLBCL11573	0.01121388620917268	0.025475738386605377	0.932774690050221	0.020183124629027906	0.01035256072497309
DLBCL11454	0.9334191776879892	0.011838697991680741	0.00540293825654686	0.03907774061876213	0.010261445445021024
DLBCL_MC_F139_LJF	0.03587303620770046	0.01258519395715354	0.030681111902166127	0.8990148816249026	0.02184577630807727
DLBCL11455	0.07948392272598646	0.013117878284609466	0.047184710883729296	0.8235508060506007	0.03666268205507403
DLBCL_LS3245	0.006464882462270378	0.9416928156008116	0.03441901009794524	0.008572720613631495	0.008850571225341232
DLBCL10932	0.03279856833314771	0.011519761176110744	0.024051258645139684	0.9083074854777149	0.023322926367887017
DLBCL_LS762	0.018688991741981617	0.019089798709721908	0.0628285111261067	0.027764553432490444	0.8716281449896993
DLBCL_MC_F815_BAT	0.011415986750828427	0.016637465578672885	0.9198244786138641	0.043161481089118915	0.008960587967515673
DLBCL10890	0.008867175301815806	0.023325903406286694	0.012552601807111978	0.031165829442191966	0.9240884900425935
DLBCL_RICOVER_314	0.01034775736233652	0.08548919416105479	0.032587930448640695	0.028635108399793597	0.8429400096281744
DLBCL11429	0.930477587661654	0.00498694815029956	0.008496150796947896	0.03061381868272986	0.025425494708368683
DLBCL10879	0.008128403730674756	0.01195258348808716	0.9433641711693751	0.022246737342369084	0.014308104269493874
DLBCL10857	0.030963844802320305	0.00885497711755575	0.009381870891183398	0.038835059260387314	0.9119642479285532
DLBCL11542	0.01131292690760186	0.038902287240384234	0.9113498047584986	0.031379330001549154	0.007055651091966181
DLBCL10847	0.016015390291734415	0.04346046414134779	0.00755098459026608	0.009537905695338269	0.9234352552813134
DLBCL_RICOVER_408	0.009432193961301103	0.9226529264991254	0.04604912177610964	0.010083187274666353	0.011782570488797469
DLBCL10914	0.8898405435301976	0.03193454911765869	0.045556317017431014	0.019654784273302854	0.013013806061409878
DLBCL_LS1098	0.005449970454338577	0.0057969436344997025	0.9728033759671091	0.012210600040349927	0.0037391099037027537
DLBCL10498	0.010738313168301275	0.01087507314880305	0.949612448551226	0.024177217424635414	0.004596947707034316
DLBCL10462	0.957494832277604	0.003137603077980649	0.007876199830264493	0.019597551090314202	0.011893813723836643
DLBCL11666	0.005127058979723139	0.0067524665958739755	0.9755940886770281	0.00908260933847306	0.0034437764089017306
DLBCL10490	0.9056182837699974	0.019041402356978772	0.008389039713857053	0.03674283230936876	0.030208441849797957
DLBCL10904	0.014756986504822657	0.030354319756543527	0.03040670608720121	0.029212628539861667	0.8952693591115709
DLBCL11450	0.005767474904295862	0.009340350139350823	0.006374774575493225	0.016768370778079914	0.9617490296027802
DLBCL10838	0.018472891801196545	0.08795068901470977	0.009657795140473754	0.016300031588901472	0.8676185924547185
DLBCL11679	0.04443822723967249	0.918509388737698	0.017458878154051304	0.010813327888766856	0.008780177979811262
DLBCL11428	0.00681621724585483	0.00677999942805388	0.9720557927033144	0.010320779105757604	0.004027211517019285
DLBC_FF_8046_TP_NB	0.026473936169065067	0.013235187565267984	0.9179285290285654	0.02163705291280797	0.020725294324293576
DLBCL11662	0.9371400857112462	0.0070192316237529685	0.006200111244776341	0.023508930696783843	0.026131640723440683
DLBCL_C_D_1126_NULLPAIR	0.11396497497126415	0.8068065720477215	0.02083236633448368	0.02367189151961813	0.03472419512691242
DLBCL_DFCI_DLBCL_GOE16	0.004297532687419174	0.0051696190976881955	0.9771155705242642	0.009212256656738648	0.0042050210338897024
DLBCL11537	0.9738965973795181	0.0025312026502333626	0.0045140898821363845	0.009100886145635754	0.00995722394247646
DLBCL10854	0.008304779290595631	0.01137033778937203	0.015069802924082325	0.03304729440104689	0.9322077855949031
DLBCL10975	0.9700772313959615	0.003148551538149418	0.003398139616516515	0.01545521938949947	0.007920858059873076
DLBCL10916	0.0048092650446598705	0.015774090864230428	0.00822052482827454	0.012284886825881436	0.9589112324369538
DLBCL10959	0.9412689815485347	0.00911810224643275	0.005776217718369937	0.032959217414067356	0.010877481072595337
DLBCL10515	0.9850204453447925	0.0022841802821624785	0.0022226368303849627	0.007365209593684824	0.0031075279489752024
DLBCL11498	0.01306533436368316	0.9684583163118323	0.007439782602570822	0.00537772887601877	0.0056588378458949425
DLBCL10876	0.005218312771483533	0.01277934957590515	0.005907275545304487	0.012345370976900753	0.9637496911304061
DLBCL10950	0.9462555814412661	0.006277783175999755	0.010982862205156365	0.023716419044760552	0.012767354132817285
DLBCL10989	0.006882813379274824	0.9547079015365463	0.010748314375319193	0.007077825027819773	0.020583145681039965
DLBCL_LS3749	0.0033556522353361006	0.9821539664877414	0.006697374609662953	0.004739035693784679	0.0030539709734748073
DLBCL11565	0.0030395258481445346	0.9831924233007736	0.005224497254287452	0.004499982609168224	0.004043570987626227
DLBCL_LS3809	0.9251444833592842	0.014538956649711913	0.01952504144901946	0.014340449852428145	0.02645106868955626
DLBCL11482	0.9955792164542265	0.0006529750598556482	0.0008201454522714314	0.0019858866281041387	0.0009617764055422284
DLBCL11434	0.9851766364331004	0.002916765295435891	0.002966110893884594	0.006951892337107182	0.00198859504047195
DLBCL10913	0.9925926231112736	0.0012546304526469612	0.0012275038823290603	0.0033039444159996666	0.0016212981377506659
DLBCL11191	0.9877271941203272	0.0018209543929146679	0.002024643398755413	0.005954974779469813	0.002472233308532974
DLBCL11539	0.9787529095013938	0.0020490046004496124	0.00488829291190007	0.01129088579411133	0.0030189071921451717
DLBCL_RICOVER_134	0.0050330660129785584	0.01494944446933359	0.004747935668985344	0.009614690622338743	0.9656548632263637
DLBCL11516	0.021875712865426018	0.9032200506889468	0.022164378823069514	0.022262786701531343	0.03047707092102623
DLBCL_RICOVER_449	0.004730694933667291	0.003598020842062587	0.003894902427379835	0.006836628032642892	0.9809397537642474
DLBCL10887	0.004979880658516801	0.006851173556749916	0.0129210661359371	0.012638092948670807	0.9626097867001253
DLBCL_C_D_1125_NULLPAIR	0.002892675357296739	0.00698426886434582	0.0035661190560447287	0.005594396067468031	0.9809625406548447
DLBCL_RICOVER_712	0.0031314722616334976	0.005300657488859664	0.003238887491732621	0.006380806084049622	0.9819481766737246
DLBCL10836	0.011048335557117766	0.004783259325817804	0.00978637752337851	0.016376988701207046	0.9580050388924789
DLBCL10471	0.003223117983975878	0.003934099041437827	0.0021270125529995808	0.0032118603622997063	0.9875039100592871
DLBCL_RICOVER_1293	0.004015125736325439	0.0035517737111155894	0.0029847751174956914	0.005358434585008789	0.9840898908500545
DLBCL10917	0.003734992123485422	0.9861649134916879	0.00343228055208425	0.002893558095949545	0.0037742557367928557
DLBCL10983	0.006180446651086897	0.9747606399302596	0.0055060571624253605	0.004428314843071949	0.009124541413156209
DLBCL10853	0.00347365212956009	0.0032073304530467243	0.003107802924893446	0.005044666831082334	0.9851665476614174
DLBCL10883	0.0039370258695207196	0.0032615133511156745	0.003661820559094583	0.005669854929402462	0.9834697852908666
DLBCL10842	0.002774105816949489	0.0034936923935174457	0.003731860498348494	0.00621135994125633	0.9837889813499282
DLBCL10924	0.003522962500294623	0.0037170785693715854	0.003687054652348535	0.008016448251138042	0.9810564560268472
DLBCL_RICOVER_948	0.0027355875899841365	0.985191056509904	0.006662748110399389	0.0017623169318832124	0.003648290857829238
DLBCL_MC_F729_MAN	0.0008547773937841603	0.9958025427719019	0.001349002581877044	0.0007121644505522934	0.001281512801884523
DLBCL10850	0.0011850276567993852	0.994753310516863	0.0019770059378186196	0.0008236177180204522	0.0012610381704985523
DLBCL10988	0.0007332520987399464	0.9962447162039089	0.0013285886838386995	0.0008678861152105062	0.0008255568983019948
DLBCL_MC_F927_JHS	0.103489497461646	0.24499044593831865	0.11688936195065518	0.07763648729459172	0.45699420735478846
DLBCL11466	0.08989956708327713	0.33155922763429957	0.060385450426748206	0.45360454909581893	0.0645512057598561
DLBCL10962	0.03431809648646913	0.5254808884330806	0.21044841101552908	0.0369932901122608	0.19275931395266038
DLBCL_LS1304	0.027550299905027983	0.04452641676750479	0.5130216145858918	0.04267348358390594	0.37222818515766953
DLBCL10486	0.3978294667983806	0.14712919918966463	0.017751839445564646	0.09308123933512796	0.34420825523126214
DLBCL_RICOVER_258	0.4662915756432331	0.014288261528785711	0.1684487332485936	0.08802508496266233	0.2629463446167252
DLBCL_RICOVER_216	0.06270850515765303	0.09314689126606714	0.34088516340299146	0.04668325658342039	0.456576183589868
DLBCL11507	0.03174075702815674	0.8190166268239416	0.1155214086099209	0.02083874568885415	0.0128824618491266
DLBCL_RICOVER_274	0.0373638205108797	0.0603455621817159	0.03526264080085905	0.7966310686206557	0.07039690788588963
DLBCL11446	0.16598493794008692	0.559594617307536	0.06284378097450632	0.16744016307651172	0.04413650070135898
DLBCL_RICOVER_1046	0.01046540911194515	0.7067495150258785	0.22265830878368187	0.02340751395040412	0.03671925312809029
DLBCL10868	0.06831180605036483	0.015256840747006022	0.029012391091982007	0.6076005530970997	0.27981840901354743
DLBCL11510	0.5397260438947138	0.2730266054068062	0.051151485437754475	0.057473153145991294	0.07862271211473423
DLBCL10881	0.3229809875369846	0.016731865359255776	0.01818009311501221	0.07930576021734385	0.5628012937714035
DLBCL10553	0.032827177464943375	0.03653090531222113	0.1768936946988573	0.713959817531623	0.03978840499235528
DLBCL_C_D_1117_NULLPAIR	0.20946935823190113	0.5297546400162518	0.020218279468431164	0.21286609724773545	0.027691625035680387
DLBCL_RICOVER_111	0.10280301412747753	0.02535203555674784	0.2987266922802077	0.06954136062548677	0.5035768974100802
DLBCL11657	0.04578512114033013	0.07867544482190555	0.6235446154535262	0.22628994195500463	0.025704876629233552
DLBCL10454	0.2784778385356843	0.5015382682956177	0.06991360444403681	0.016245645858407518	0.13382464286625373
DLBCL10908	0.06567206638907325	0.1092682001431419	0.6301672866243275	0.05478268744512545	0.14010975939833176
DLBCL11478	0.48345076980497187	0.0474824509395206	0.4066734024251646	0.05036438653972545	0.012028990290617537
DLBCL_C_D_1140_NULLPAIR	0.06902508129255114	0.04242476049376421	0.08888283784980731	0.11882464065512278	0.6808426797087546
DLBCL10985	0.08346013474202146	0.49787672028082913	0.028679345116324736	0.34073495417295724	0.049248845687867415
DLBCL_LS3499	0.10001484293925963	0.09253896040159584	0.05401914572193614	0.7060190034427537	0.04740804749445474
DLBCL10909	0.05794092374872753	0.016380022474112032	0.05349702643704982	0.6949249464053813	0.1772570809347293
DLBCL11501	0.7749129539722769	0.1312328034311481	0.018476878953486615	0.0371593477112752	0.038218015931813176
DLBCL_RICOVER_522	0.08743577894393498	0.04531054324744291	0.3569072364056311	0.4932240111920924	0.0171224302108986
DLBCL10968	0.6237026552696295	0.011426961336085662	0.017853949156506416	0.2483692341262088	0.09864720011156963
DLBCL_MC_F362_MJB1	0.02194961233311236	0.2288690040989291	0.6297858148489605	0.026341182511612642	0.09305438620738549
DLBC_FF_A7CX_TP_NB	0.2932955188581053	0.03939163509972473	0.05923181232560774	0.057192582676843046	0.5508884510397192
DLBCL11449	0.026787087769402338	0.7928869933970837	0.038761362217440566	0.015702768546061962	0.12586178807001142
DLBCL10548	0.7602481478652634	0.07029243928190239	0.012635696283543874	0.1186390540616745	0.03818466250761587
DLBCL10549	0.042518798358787455	0.3991984886917996	0.5037110305347503	0.040440260659470685	0.0141314217551919
DLBCL10552	0.28876494304477285	0.024809591123913285	0.1084745450413392	0.5608994705137952	0.017051450276179502
DLBCL11663	0.7524209090479802	0.04820657113788747	0.07040597068356093	0.08891460953121434	0.04005193959935706
DLBCL10521	0.014952031781859967	0.10160764278542564	0.009268210780029828	0.014019709758901471	0.8601524048937831
DLBCL10895	0.011221097126802478	0.06093028495527849	0.020126924705039073	0.014367996406985165	0.8933536968058948
DLBCL10994	0.7690055080467726	0.06901190761738796	0.0264306642144701	0.03374477838556231	0.1018071417358071
DLBCL10517	0.007866338700622625	0.8669067054836117	0.08555076964976142	0.02292776800605041	0.016748418159953874
DLBCL10451	0.6756944798783938	0.03133560617154906	0.24683440487442693	0.034046245610725626	0.012089263464904606
DLBCL10485	0.022163603624566926	0.09821774524145171	0.016873275245037914	0.013904015854910036	0.8488413600340334
DLBCL10513	0.1068809725006018	0.03844718983022644	0.0772668691766795	0.7613735582696287	0.016031410222863515
DLBCL_RICOVER_583	0.01030919876291681	0.8327333841891938	0.03880734634813649	0.01240617031425972	0.1057439003854931
DLBCL11437	0.0444701133157344	0.010773030924554516	0.042815900503576136	0.8186437120172271	0.08329724323890783
DLBCL11479	0.03475408499003776	0.8059985195387814	0.09971700796091762	0.01990608576479952	0.03962430174546364
DLBCL10843	0.9056130439472175	0.008570219367142093	0.010603141158674827	0.05878839983775661	0.016425195689208968
DLBCL10878	0.06236705020118292	0.011862969247721542	0.012943520122582678	0.05730596379472926	0.8555204966337836
DLBCL11202	0.1891979658241963	0.07607552113492688	0.6057523535097147	0.11994831141147182	0.009025848119690368
DLBCL11196	0.030673659489518914	0.010564847819774825	0.030314317633266703	0.8917276192220784	0.03671955583536113
DLBCL_C_D_1153_NULLPAIR	0.06774371930691472	0.04957576287964715	0.026052797230353694	0.5223572145651438	0.33427050601794067
DLBCL_RICOVER_866	0.0378090849590052	0.02297007761746145	0.5921176162736218	0.3284609279108946	0.018642293239017053
DLBCL10939	0.03870049262620236	0.01259749329471564	0.029358462138183182	0.8842340810539311	0.03510947088696772
DLBCL11459	0.02927167232660423	0.011113935856579226	0.02706403783666977	0.9101296444135829	0.022420709566563887
DLBCL11460	0.03309936839313249	0.013602951281146669	0.025104890822795996	0.9066751644760299	0.02151762502689497
DLBCL_C_D_1151_NULLPAIR	0.04490401000429518	0.01794064270352358	0.028390257789241473	0.8881954187680098	0.020569670734929976
DLBCL_RICOVER_440	0.014823050421936648	0.8483815022001445	0.10957608445899894	0.010304801986768796	0.01691456093215109
DLBCL10856	0.01719300221888214	0.025909334601736656	0.033374186052864574	0.02381448800981881	0.8997089891166978
DLBCL_LS951	0.9090927722243755	0.027505663696329542	0.021699472935737332	0.032741031893614124	0.008961059249943528
DFCIDL009_DT	0.011226171706435797	0.057213315463363695	0.900291317243908	0.020841398645442554	0.010427796940849917
DLBCL10472	0.0421103185829109	0.01759394905817654	0.7971384651692817	0.12992609877384356	0.01323116841578736
DLBCL_MC_F064AB	0.012743053163194308	0.010909522116788493	0.9137402626186499	0.04848568415042647	0.01412147795094078
DLBCL10846	0.04822219119016779	0.8841512791770181	0.016737182544997082	0.02436235658805442	0.026526990499762607
DLBCL11685	0.00679292495194022	0.007519644106475198	0.95748330678032	0.014774400638563544	0.01342972352270101
DLBCL10542	0.9233334696109821	0.005440737869507126	0.014811499489839475	0.018764127229468876	0.03765016580020243
DLBCL11591	0.01266865728971398	0.844310550774041	0.1151033090289803	0.012207101071398331	0.0157103818358663
DLBCL_RICOVER_1204	0.02523010876745786	0.040560717074359966	0.0931195998207821	0.47467166858458965	0.36641790575281036
DLBCL_LS4054	0.01905323724804146	0.9215632969007187	0.014184500323935522	0.02688853157545725	0.01831043395184712
DLBCL11476	0.014840597897155345	0.020084481760205372	0.006081656736416895	0.00887024925872155	0.9501230143475008
DLBCL_RICOVER_173	0.011895713849995384	0.009321039696755426	0.015031949807270458	0.04721163757885113	0.9165396590671276
DLBCL11651	0.013453825806920356	0.011343783500118729	0.9208746299507212	0.03244299288753702	0.02188476785470263
DLBCL11481	0.9404610346811826	0.004963575654466006	0.024314883798707394	0.014832410870406376	0.015428094995237613
DLBCL10565	0.03136445512433083	0.017680395245822603	0.9029152747066888	0.03775073730752246	0.010289137615635378
DLBCL10522	0.01197846474515124	0.007880489320308718	0.9548593493175395	0.01419409154191903	0.011087605075081568
DLBCL11208	0.0074647102085073115	0.9567991401619843	0.016292516672274267	0.008930524192406747	0.01051310876482741
DLBCL10925	0.013679404302583856	0.02459783098685309	0.01083008545208108	0.045046273042700015	0.9058464062157819
DLBCL_RICOVER_826	0.9779759473118915	0.00325553448824168	0.0030545625400579444	0.011010438852294711	0.004703516807514128
DLBCL10964	0.019566436937531836	0.03500113277779124	0.015290539748246474	0.09709764540949213	0.8330442451269383
DLBC_FF_8042_TP_NB	0.008533557379847116	0.04505044467779606	0.03413535629194378	0.034484644220039065	0.877795997430374
DLBCL_C_D_1133_NULLPAIR	0.006284417752131764	0.0104805575930642	0.9687357522510373	0.008525920738056341	0.005973351665710447
DLBCL_RICOVER_829	0.9561745342711349	0.00889457402065358	0.003911138108883865	0.018938906781374304	0.012080846817953428
DLBCL11569	0.005844576396445154	0.010948572562018423	0.9690144770176196	0.01043020194244063	0.0037621720814762596
DLBCL11672	0.006000487237676834	0.007104080119143058	0.9606494908233905	0.01710045658843744	0.009145485231352163
DLBCL11004	0.0074795732121766345	0.009119031475168758	0.0089289292536161	0.028947290559308947	0.9455251754997296
DLBCL_RICOVER_1219	0.003164420599017019	0.005389900256890177	0.004019954785560616	0.008036028491157218	0.979389695867375
DLBC_FF_A7CR_TP_NB	0.02006303397111208	0.006014997799435759	0.01363422736111391	0.026977511350367158	0.9333102295179712
DLBCL_RICOVER_1192	0.004209762594512017	0.0072577865530856775	0.005339888174556143	0.00484629934231233	0.9783462633355339
DLBCL11500	0.006243110062348415	0.005362261294736926	0.008641920246409437	0.012761965029397304	0.9669907433671079
DLBCL_C_D_1157_NULLPAIR	0.013197617500806696	0.00778925153535684	0.9535970379788903	0.01838784965733556	0.0070282433276105775
DLBCL_MC_F519_ALT	0.0023458199130061037	0.003773523810709121	0.0020211017478721123	0.0033397949559907554	0.9885197595724219
DLBCL10860	0.004106905056612572	0.006593542446329784	0.007971296531026803	0.010500124160401789	0.9708281318056291
DLBCL11470	0.9461361008048937	0.0035230477318719177	0.011555242913061679	0.030539089532056547	0.008246519018116159
DLBCL10977	0.004199509978544601	0.0031084170411096435	0.004301422408163293	0.005607968735806394	0.9827826818363761
DLBCL10900	0.006724610789506946	0.004767191355377231	0.004296080702473551	0.009344673576606883	0.9748674435760354
DLBCL10884	0.9780327824863994	0.002937625888481705	0.0032941700320609137	0.011681932806214882	0.004053488786843104
DLBCL10519	0.006111342086556411	0.9677473589867027	0.013840114424632694	0.008045355914362437	0.004255828587745769
DLBCL_RICOVER_335	0.008252329728185397	0.9613755337673301	0.007843112604734841	0.01503433585538434	0.007494688044365291
DLBCL10947	0.01659585857050221	0.9489570481373856	0.009421316610989584	0.00485594953424512	0.020169827146877466
DLBCL_C_D_1129_NULLPAIR	0.970992119243154	0.003796706997752874	0.00730054683131884	0.00834376825977808	0.009566858667996204
DLBCL10897	0.9853982830495219	0.0025172583850196217	0.0021513961780461974	0.006480787836577339	0.0034522745508349527
DLBCL_MC_F132_MLM	0.9871240334719034	0.0017465895437224523	0.0018203633775692426	0.006218566614672302	0.003090446992132671
DLBCL11677	0.9927376267553801	0.000938724799888092	0.0018492395158835303	0.003103557540480514	0.0013708513883677184
DLBCL10996	0.9895292283336233	0.0011817751755688896	0.0027643322323921715	0.0037536783969937576	0.002770985861421883
DLBCL10458	0.9931616087058809	0.001076528324073851	0.001510874739152606	0.0030492929382492442	0.0012016952926434512
DLBCL_MC_F089_HCZ	0.0025362239219800017	0.9778572589874316	0.008979060896507761	0.005122538597234913	0.00550491759684574
DLBCL_RICOVER_678	0.0054620770104494495	0.980310774311642	0.003733422867363263	0.003292908690822273	0.007200817119723021
DLBCL_C_D_1135_NULLPAIR	0.0027614864316048036	0.9895171851925565	0.0029282392620037217	0.0022852061348063073	0.0025078829790286805
DLBCL_LS1065	0.002207290151286611	0.9905031064437249	0.0030440008027412574	0.0020116071512907233	0.0022339954509565546
DLBCL_RICOVER_288	0.009825555228696095	0.975697892101696	0.005255895679456096	0.004891401456059063	0.004329255534092749
DLBCL_LS146	0.0009846565846050761	0.9949070190278458	0.0017984864682345295	0.0008185371044686657	0.0014913008148458465
DLBCL_RICOVER_174	0.0023702162631277558	0.9924102857298602	0.002340878572975499	0.0014151795517372524	0.0014634398822992861
DLBCL_C_D_1138_NULLPAIR	0.028650246560701444	0.3907103435475016	0.3452161367076804	0.1682532290279217	0.06717004415619478
DLBCL11448	0.022952244364215085	0.03278685888076062	0.08080904116861981	0.16110410862040467	0.7023477469659998
DLBCL11430	0.6977385622116447	0.014464206704660762	0.07034450064330453	0.20151266343599633	0.01594006700439376
DLBCL11432	0.6120181673952239	0.008184647049589744	0.15466552216852533	0.17705337586390482	0.04807828752275627
DLBCL_RICOVER_1278	0.0647917362854984	0.02340914723583547	0.04002668602678769	0.2962390223031723	0.5755334081487061
DLBCL_RICOVER_506	0.016372927368009924	0.4194207479169299	0.037753569051458886	0.02795989138314576	0.4984928642804556
DLBCL_RICOVER_711	0.2735693381717621	0.368948039022735	0.02783272641215519	0.3008836487891705	0.02876624760417721
DLBCL11519	0.6379763128317872	0.03227130598417527	0.03202352462219404	0.2817448656881636	0.01598399087367983
DLBCL_MC_F496DMP	0.366222508022975	0.11581898439208722	0.4414223203139583	0.058016525139256564	0.01851966213172289
DLBCL10874	0.07243914710114298	0.256488395397841	0.03500840909499823	0.17987856966633461	0.4561854787396831
DLBCL_LS4619	0.020875295686170595	0.14025014707681763	0.5984527310410588	0.09479160048725757	0.14563022570869533
DLBCL_RICOVER_720	0.029877127476236363	0.5414485828128108	0.04023767856626223	0.01791628172865107	0.3705203294160396
DLBCL11194	0.028517433499090403	0.012722727769256394	0.027117915973146438	0.15911425020855433	0.7725276725499524
DLBCL10955	0.20817600057838898	0.09670203959755291	0.10671267358091789	0.2334821995391801	0.3549270867039602
DLBCL_C_D_1148_NULLPAIR	0.535055576454983	0.010885740113609354	0.1434330475366145	0.28417807051819144	0.02644756537660166
