	0	1	2	3	4
DLBCL10915	0.05287893632021238	0.10191849322544018	0.054363464618340455	0.3649174067474086	0.42592169908859834
DLBCL_LS1668	0.04014259547373951	0.1560614327201685	0.28290460987853855	0.45667476832007375	0.06421659360747972
DLBCL10973	0.1024831832466791	0.021399396614137808	0.22543863760946603	0.4694331346320699	0.18124564789764716
DLBCL10873	0.09083654457771213	0.3687395870406928	0.19263586157484086	0.30698213330628554	0.04080587350046864
DLBCL10971	0.2193674952944479	0.4092457940650344	0.021113602928806884	0.06120272830969123	0.2890703794020196
DLBCL_RICOVER_151	0.04963013185180723	0.3579981533700236	0.0722649365042596	0.4780268137366602	0.042079964537249284
DLBCL_MAYO_DLBCL_3653	0.29924605510210417	0.05007746629658849	0.07197496775784061	0.23171703413537692	0.34698447670808985
DLBCL11471	0.20710677483312334	0.34811011952394944	0.11367790264297739	0.12818256742571915	0.20292263557423074
DLBCL10869	0.3161727339942955	0.10771047672004166	0.47384754799006845	0.054450667589776694	0.04781857370581763
DLBCL_RICOVER_1287	0.02839522013013784	0.29517897425655926	0.029265801732667903	0.03214911593033642	0.6150108879502986
DLBCL_LS4593	0.02454948330242439	0.24468044807673	0.5588096686139581	0.14155802564817488	0.030402374358712604
DLBCL10969	0.37516901861816787	0.2551387080609585	0.20953839206210884	0.04398374630153744	0.11617013495722736
DLBCL10509	0.2734179296565855	0.6079512303494761	0.013636024776619297	0.055580380619601195	0.049414434597717896
DLBCL_RICOVER_1060	0.10406196970665299	0.2904284223754775	0.02672757760350372	0.025577176167896544	0.5532048541464692
DLBCL11652	0.6046764995744228	0.26687579969585296	0.047535445377760444	0.04047593892041708	0.040436316431546666
DFCIDL004_DT	0.25873264278841457	0.012585032353989781	0.02295666977861972	0.12287597534729701	0.5828496797316789
DLBCL11467	0.07960334268245037	0.05219824754803759	0.08514820811278313	0.5318023965639439	0.25124780509278494
DLBCL_LS2325	0.042538588275990684	0.3209529890990049	0.5929362329413925	0.02560310358204198	0.017969086101569987
DLBCL10965	0.2355145169288275	0.016841683304893704	0.031102365651881198	0.6338113298279342	0.08273010428646338
DLBCL11480	0.5957604551631217	0.026372433647163896	0.15827160366481222	0.06374869141846368	0.15584681610643852
DLBCL11474	0.5033666178285604	0.021821602777975277	0.024071377859004938	0.4034315395245185	0.047308862009940805
DLBCL10970	0.040648843276539524	0.1483343980537934	0.06438232852085317	0.7051559856154187	0.04147844453339517
DLBCL_LS1395	0.023344028517524873	0.09178773701034738	0.8378598746731583	0.018781877598172975	0.028226482200796557
DLBCL_RICOVER_320	0.03893262869449292	0.12881776186118493	0.7308423469377514	0.057036552975267336	0.044370709531303405
DLBCL_LS2590	0.030930132351543793	0.021007877931216237	0.050835672515592095	0.4105827099808762	0.4866436072207716
DLBCL11469	0.024206979054842134	0.0573782674560825	0.6793783710891088	0.028549597400588118	0.21048678499937842
DLBCL11525	0.22140333230406728	0.02044253376957809	0.6193280370979454	0.12068468760305585	0.018141409225353382
DLBCL11468	0.05755176863077402	0.023541389847329494	0.12031272174584001	0.7770927625053494	0.02150135727070706
DLBCL11473	0.6324709070988929	0.04176832126822358	0.01778281135605545	0.26111949922151667	0.046858461055311405
DLBCL_RICOVER_467	0.017083324659394307	0.5197769398991271	0.03059247451716014	0.01631878340485412	0.41622847751946435
DLBCL_C_D_1109_NULLPAIR	0.0678017243808358	0.011317144699623869	0.02965515322024783	0.8530375073064363	0.0381884703928561
DLBCL_C_D_1115_NULLPAIR	0.08315589568165635	0.08839779389365623	0.04331754030695678	0.7357705270321506	0.04935824308557995
DLBCL10544	0.03863247930150814	0.014297626575927693	0.03905639667088797	0.6851039761486647	0.22290952130301145
DLBCL_C_D_1118_NULLPAIR	0.23251423124529752	0.6837367627128296	0.021030228970494006	0.03987014271738584	0.022848634353993046
DLBCL_RICOVER_773	0.013329269977836825	0.11458633845383438	0.08716469736837881	0.029267525890503774	0.7556521683094461
DLBCL10957	0.8591029613555675	0.016231210711205667	0.054067574737664194	0.057037863589924985	0.013560389605637673
DLBCL10980	0.009573560628340595	0.13764665800296932	0.03086618767511106	0.03046332589743468	0.7914502677961444
DLBCL10961	0.006665631312445454	0.03644461885620034	0.019041346145875077	0.03791560229979951	0.8999328013856797
DLBCL11515	0.016517271347805895	0.04864383268114994	0.8145935825481787	0.03551005180057564	0.08473526162228985
DLBCL10999	0.012812840966619037	0.02110322738449318	0.051628492592155545	0.12606078025318024	0.788394658803552
DLBCL10527	0.024280531646895656	0.021220385319387743	0.06147151659359568	0.7955114051186941	0.09751616132142678
DLBCL_MC_F218_RAP	0.13328954258776843	0.013672955304353246	0.07106850973510147	0.7577908822646683	0.02417811010810856
DLBCL_RICOVER_850	0.008591357595159775	0.031230394762652765	0.020786791269478456	0.037528794451885	0.901862661920824
DLBCL_RICOVER_1289	0.024305274296858144	0.008542249198865526	0.017539388493219583	0.07331615528288062	0.8762969327281761
DLBCL10899	0.037177411418275366	0.027820967301092413	0.008257313989956666	0.03659142384049726	0.8901528834501783
DLBCL11436	0.12616325983746854	0.5983488431031203	0.026726276133901158	0.19138240267880077	0.05737921824670927
DLBCL11486	0.6390054731850485	0.018781092984626442	0.0244930923757571	0.04206346868465085	0.2756568727699172
DLBCL_RICOVER_1032	0.007911701398837756	0.04221675449771426	0.0077838055475831685	0.013396338869261112	0.9286913996866037
DLBCL_LS3204	0.037123741084129004	0.8511261340492453	0.05046352115668601	0.05065692351607199	0.010629680193867706
DLBCL10564	0.04332854069002522	0.06542528492670178	0.11696516352459621	0.736666790267325	0.037614220591351825
DLBCL11439	0.13418679146378348	0.016771378337476016	0.7642520274469524	0.06939314269078083	0.015396660061007268
DLBCL10907	0.0917678488724772	0.692756335880669	0.023146501965755406	0.060274474736803016	0.13205483854429537
DLBCL_LS4616	0.010069938625870448	0.04834374178552943	0.9039973614956905	0.02877244902764099	0.008816509065268588
DLBCL_RICOVER_1190	0.06733034031487922	0.03076119861499655	0.02143482398982128	0.02374486478028795	0.856728772300015
DLBCL10902	0.007321275753473268	0.037679320899156654	0.020914206395632517	0.024384932773817654	0.9097002641779199
DLBCL_RICOVER_338	0.576559040072918	0.017181588421295017	0.052242402302216946	0.3243904790470737	0.029626490156496262
DLBCL10885	0.05678927445183306	0.7902169867659613	0.018730674051973702	0.044177485121004965	0.0900855796092269
DLBCL11495	0.023774123530537965	0.007605843962124116	0.015382570748262703	0.05046290164800787	0.9027745601110674
DLBCL11673	0.018225162807041236	0.7982436874661222	0.13843350755074346	0.029148206221159594	0.015949435954933554
DLBCL_RICOVER_701	0.04990195022702384	0.015916440496255988	0.025552384209611367	0.8798749816315689	0.02875424343553992
DLBCL10993	0.8701258899115347	0.006264199702619462	0.026410595544265794	0.060629971250659345	0.03656934359092067
DLBCL11566	0.01374983671619782	0.033560635090024056	0.9286091577101087	0.01592321388860838	0.008157156595061053
DLBCL10927	0.06619689455506728	0.012122096082781435	0.03407866286597868	0.8657963067489446	0.021806039747228022
DLBCL11003	0.05571550952305392	0.7835664790366417	0.0180664889099025	0.027980766814604475	0.11467075571579742
DLBCL11458	0.02226201699699428	0.018875385188294253	0.9263641788812113	0.024011201567328975	0.008487217366171225
DLBCL11564	0.029657392759161932	0.012127719106949328	0.025870892009302083	0.9070687322132579	0.025275263911328796
DLBCL11541	0.009662567427710224	0.04387036896075784	0.8920264792753917	0.0236873422675379	0.03075324206860232
DLBCL11512	0.9339355537716213	0.013963388641950323	0.011651421705711318	0.034815007026413256	0.0056346288543037614
DLBCL10848	0.00994733177171431	0.005834346562771306	0.012788736087584608	0.023555258079075724	0.947874327498854
DLBCL10935	0.9012339888288246	0.04963934123505878	0.00815704657071471	0.02389923691811176	0.01707038644729016
DLBCL11484	0.010396960210846537	0.9213388507822073	0.02369428254062489	0.009658055003945452	0.03491185146237581
DLBCL10837	0.00932199506380428	0.014596697139251854	0.008622189207304924	0.019700859503854855	0.947758259085784
DLBCL_LS3200	0.004770798972160304	0.014983217183129815	0.005553406120672944	0.007357970986998185	0.9673346067370387
DLBCL10918	0.9540432152270941	0.0049472796994872855	0.00534805163750015	0.016429507538289416	0.01923194589762904
DLBCL10457	0.005223059769911844	0.01397444158856414	0.006804093539559379	0.009600359851657901	0.9643980452503067
DLBCL10934	0.032940381931894254	0.8159953830400248	0.017029220896472748	0.035099261061459615	0.09893575307014858
DLBCL11472	0.919637323976024	0.004747100987839013	0.015878870304537437	0.041714172958140665	0.018022531773458843
DLBCL_RICOVER_401	0.028811029242766104	0.7690567125246237	0.174266753579433	0.014427718070034835	0.013437786583142285
DLBCL11477	0.9752731072751243	0.0027104888853632923	0.0039012704925919833	0.012166609660930786	0.0059485236859896885
DLBCL_C_D_1141_NULLPAIR	0.005628302614610457	0.011840012306603594	0.9617780282187698	0.009151056487024089	0.011602600372992091
DLBCL10781	0.005612195563678819	0.00677921318726624	0.006545315850295797	0.016963878918588964	0.9640993964801702
DLBCL10896	0.9662061644190891	0.004904273880228645	0.003525126817470017	0.016680149616290246	0.00868428526692201
DLBCL_LS1757	0.9903274561748513	0.0016889173617660454	0.0016512464333590428	0.004556421431156377	0.0017759585988672778
DLBCL10880	0.016932809057571673	0.008028061869119387	0.011992336294479156	0.008606206717328856	0.954440586061501
DLBCL10554	0.012834322903654941	0.00760995546493429	0.9604091245175217	0.013471014359017583	0.005675582754871492
DLBCL11669	0.006604504732734494	0.007038174292122412	0.968943063303926	0.013069866282403158	0.00434439138881398
DLBCL_C_D_1130_NULLPAIR	0.9944535525100494	0.0008012848137232514	0.0012665586406617744	0.0022969233716507906	0.0011816806639147759
DLBCL10459	0.005078952381215353	0.009149011505199322	0.9694747574178618	0.011071136632689816	0.005226142063033643
DLBCL11656	0.006312367778634594	0.005808157592604434	0.9645013627236684	0.012527912836591154	0.010850199068501477
DLBCL10495	0.9829499230348209	0.004356034568756776	0.0022248413599779233	0.006790364766822293	0.0036788362696221683
DLBCL11670	0.00418428713514726	0.007144636528404322	0.9702810140198008	0.013259279914669778	0.0051307824019778
DLBCL11195	0.0041079698637248524	0.017760133876650604	0.011974354588519035	0.01903897409498089	0.9471185675761247
DLBCL_LS378	0.9941616119807704	0.0009783601566034552	0.001642822677763363	0.0022128254049789526	0.0010043797798838894
DLBCL10901	0.004025601603403712	0.0061163509090941814	0.005713092380910013	0.009820826219206089	0.974324128887386
DLBCL10530	0.003515109657737136	0.00787721783094803	0.005398640572913992	0.00693502343488681	0.976274008503514
DLBCL10889	0.005576849872884796	0.007016750532832509	0.009274172562669162	0.016694818986013552	0.9614374080456
DLBCL_RICOVER_533	0.006194522442793064	0.9749268880977744	0.009017082129881941	0.006430596770707525	0.003430910558843123
DLBCL_RICOVER_417	0.0026477209384554003	0.004627922776859851	0.0033718173840946147	0.005844458533963049	0.9835080803666271
DLBCL10550	0.0022317805973072046	0.0030860201946239715	0.0024380406326502875	0.003519433193368344	0.9887247253820501
DLBCL10997	0.9904613040672329	0.0015093957155542436	0.0015575175993855473	0.004016727295187923	0.0024550553226394627
DLBCL10862	0.0020807896432826762	0.0038739262315586275	0.003180119073131972	0.0041654410195478405	0.9866997240324789
DLBCL10849	0.018175729356241038	0.8990200580627299	0.011426214983453498	0.008633714302568993	0.06274428329500664
DLBCL10834	0.007633172441221248	0.979543710738964	0.005582656254145197	0.003221819889579202	0.004018640676090395
DLBCL10864	0.00227722393620665	0.00282713059419391	0.0027745123188366123	0.0038291790993603223	0.9882919540514025
DLBCL10903	0.003165076583474136	0.9771545839628252	0.010830163061225005	0.002934996630445703	0.005915179762030028
DLBCL_LS2089	0.004750046049338924	0.9749805857171094	0.006304788890777712	0.0030365023745116634	0.010928076968262292
DLBCL10954	0.0061487880777958736	0.9616584841974446	0.00972922093210813	0.006746152896356966	0.015717353896294438
DLBCL10480	0.010320792230266915	0.9720897670381131	0.0062345059407956736	0.004420423122332086	0.0069345116684921765
DLBCL_MC_F500_ECU	0.004932107672830567	0.9697908370500685	0.010972146695301676	0.0066707633008073735	0.007634145280991879
DLBCL11203	0.0027549281948996748	0.982867681058326	0.005102149477349258	0.0049728946679244695	0.004302346601500651
DLBCL_C_D_1136_NULLPAIR	0.0012235306903546656	0.9948794465732985	0.001582350395525427	0.001148389691560714	0.001166282649260669
DLBCL11188	0.0007311590272377347	0.9959805488481951	0.0015202947261711488	0.0007518923779036931	0.0010161050204923168
DLBCL10539	0.04950358998351764	0.18620355636066005	0.07347586635546703	0.5704623583702841	0.1203546289300711
DLBCL_BWH_DLBCL64	0.1911159232462617	0.2705740363382203	0.05826905721495634	0.4603023736925401	0.019738609508021542
DLBCL11441	0.16603929034638015	0.013399439329414018	0.09152131453839658	0.4370025509274328	0.2920374048583764
DLBCL10450	0.46468971111145624	0.0813523055426053	0.02216846529533076	0.23709557815559162	0.19469393989501596
DLBCL11433	0.07522016156161564	0.01901864409613701	0.1777149416037556	0.2515380157053892	0.47650823703310247
DLBCL_C_D_1103_NULLPAIR	0.03568309823827873	0.04909621477313371	0.1825666811704028	0.7114649963463857	0.021189009471798966
DLBCL10871	0.06561975864443471	0.6218131075645822	0.05700849376601019	0.02912506409882057	0.22643357592615238
DLBCL10532	0.02822307793863589	0.020829889801438035	0.15672070973750854	0.18622031700940564	0.6080060055130119
DLBCL11590	0.2101958467477035	0.015411119104053484	0.5217558075670858	0.20792935659611073	0.044707869985046424
DLBCL10492	0.5850545570136559	0.02248358678365158	0.015486509201723652	0.09711622782242861	0.27985911917854017
DLBCL11536	0.05082136694024312	0.3875198781589465	0.06269048162537844	0.4386633845938012	0.0603048886816307
DLBCL_MC_F739_AMA3	0.01683165865617666	0.6404721376121134	0.2934132321318832	0.03078371677312952	0.01849925482669717
DLBCL_RICOVER_1329	0.05666784902390183	0.31800143958113286	0.016825112984329323	0.023832492044029496	0.5846731063666065
DLBCL_MAYO_DLBCL_234	0.3135188773821883	0.011814066801184738	0.2039485812710644	0.4209923675008866	0.049726107044675845
DLBCL11206	0.026928597736456884	0.6388538775058318	0.043481895500492515	0.016021252066703354	0.2747143771905155
DLBCL11504	0.19447495627420414	0.03629803383381402	0.035491174365905466	0.13002979127429395	0.6037060442517824
DLBCL10894	0.5072342831462896	0.36165529204408103	0.026536885187423257	0.07947296840303575	0.02510057121917037
DLBCL_LS2328	0.055696533184699346	0.3017023552967904	0.5988037780389943	0.03257857238116386	0.011218761098352067
DLBCL_C_D_1112_NULLPAIR	0.022002525231578286	0.14912260372438832	0.7055111843277746	0.07298010627280165	0.050383580443457164
DLBCL10453	0.012745824692500095	0.16996966630882487	0.02593403163387075	0.035470186609573566	0.7558802907552307
DLBCL10986	0.7036158685920058	0.04939671018084916	0.09070261018264861	0.1338929021565405	0.022391908887956016
DLBCL_RICOVER_978	0.7688923342132221	0.02498191034645176	0.1083773632222946	0.08489295684878412	0.012855435369247449
DLBCL10974	0.03592975100814492	0.021851237712044988	0.05129933272355408	0.31839086507714986	0.5725288134791061
DLBCL_RICOVER_950	0.03409899179554813	0.014492396256596736	0.07889259916090478	0.8483714662492557	0.024144546537694638
DLBCL10456	0.038377541746653636	0.01574952532540157	0.07061454763102891	0.8283718972669359	0.04688648802997993
DLBCL11518	0.6337381835921921	0.13186990601360657	0.1734353927067196	0.03362165618975714	0.027334861497724523
DLBCL10981	0.01907670347998751	0.8477326515647792	0.04732708016198715	0.056894545459670286	0.028969019333575933
DLBCL10984	0.01645782154756238	0.1662646546834997	0.019287493363837973	0.042301310106100394	0.7556887202989995
DLBCL10566	0.09344565181769886	0.17394030193424703	0.02511696012797874	0.021029065783224415	0.686468020336851
DLBCL11496	0.7600003126991014	0.016865908113051012	0.026530880512767255	0.0358926019392692	0.16071029673581114
DLBCL10782	0.1141890391660389	0.044362617010516206	0.042635819705062014	0.7762426012593111	0.022569922859071764
DLBCL_RICOVER_1106	0.00710541188897757	0.028494492519648792	0.013049966901888577	0.029418206030536926	0.9219319226589482
DLBCL10487	0.06385233830802102	0.75124216020568	0.05374248377162091	0.11342570566840401	0.01773731204627413
DLBCL_RICOVER_361	0.028745200795848913	0.014435256623294524	0.03470024803592784	0.8928574560089939	0.02926183853593479
DLBCL10547	0.036451612544686984	0.015834550441840435	0.029497112278268525	0.8868725431067861	0.03134418162841802
DLBCL10906	0.05360978782359758	0.5735385991650722	0.01900491247474113	0.01810707002547847	0.3357396305111106
DLBCL_RICOVER_945	0.9473263117595251	0.012105169646396123	0.0051422052376650035	0.02513013920490714	0.010296174151506653
DLBCL10978	0.03270966150872016	0.0149962870315281	0.03956937097260254	0.8852391656892179	0.027485514797931328
DLBCL_RICOVER_299	0.01205071974575287	0.8547375023095893	0.10434363404705173	0.010874257693029724	0.01799388620457638
DLBCL_LS2245	0.0838906674805923	0.658444201539219	0.2016005509984402	0.031206366416765573	0.024858213564982853
DLBCL10503	0.03177155776700505	0.7776438946715334	0.12719166040172888	0.026849921485883405	0.03654296567384924
DLBCL10780	0.0233385743445216	0.7643815440342135	0.15278902892011909	0.043298411824437937	0.01619244087670781
DLBCL10502	0.013572220964232155	0.9087927184211146	0.05430410207767219	0.014851155248937238	0.008479803288043772
DLBCL11573	0.011213886209172661	0.025475738386605332	0.9327746900502211	0.02018312462902787	0.010352560724973073
DLBCL11454	0.9334191776879894	0.011838697991680702	0.005402938256546841	0.039077740618762	0.010261445445020992
DLBCL_MC_F139_LJF	0.03587303620770038	0.012585193957153514	0.03068111190216606	0.8990148816249028	0.021845776308077224
DLBCL11455	0.07948392272598642	0.013117878284609459	0.04718471088372927	0.8235508060506008	0.03666268205507401
DLBCL_LS3245	0.006464882462270365	0.9416928156008118	0.03441901009794518	0.00857272061363148	0.008850571225341216
DLBCL10932	0.032798568333147676	0.011519761176110732	0.02405125864513966	0.9083074854777149	0.023322926367886992
DLBCL_LS762	0.0186889917419816	0.01908979870972189	0.06282851112610664	0.02776455343249042	0.8716281449896994
DLBCL_MC_F815_BAT	0.011415986750828428	0.016637465578672888	0.9198244786138641	0.04316148108911892	0.008960587967515674
DLBCL10890	0.008867175301815794	0.023325903406286663	0.012552601807111962	0.031165829442191928	0.9240884900425936
DLBCL_RICOVER_314	0.010347757362336523	0.0854891941610548	0.032587930448640695	0.0286351083997936	0.8429400096281744
DLBCL11429	0.9304775876616541	0.004986948150299551	0.00849615079694788	0.030613818682729808	0.025425494708368638
DLBCL10879	0.008128403730674723	0.011952583488087113	0.9433641711693753	0.022246737342368993	0.014308104269493816
DLBCL10857	0.03096384480232027	0.00885497711755574	0.009381870891183386	0.03883505926038727	0.9119642479285534
DLBCL11542	0.011312926907601857	0.038902287240384234	0.9113498047584986	0.03137933000154915	0.007055651091966179
DLBCL10847	0.01601539029173439	0.04346046414134773	0.007550984590266069	0.009537905695338253	0.9234352552813135
DLBCL_RICOVER_408	0.009432193961301103	0.9226529264991254	0.04604912177610964	0.010083187274666353	0.011782570488797469
DLBCL10914	0.8898405435301976	0.03193454911765869	0.045556317017431014	0.01965478427330285	0.013013806061409878
DLBCL_LS1098	0.005449970454338556	0.005796943634499679	0.9728033759671092	0.012210600040349876	0.0037391099037027385
DLBCL10498	0.010738313168301252	0.010875073148803028	0.9496124485512261	0.024177217424635362	0.004596947707034307
DLBCL10462	0.9574948322776041	0.0031376030779806407	0.007876199830264474	0.01959755109031415	0.011893813723836614
DLBCL11666	0.005127058979723114	0.006752466595873943	0.9755940886770282	0.009082609338473017	0.0034437764089017137
DLBCL10490	0.9056182837699975	0.01904140235697875	0.008389039713857042	0.03674283230936872	0.030208441849797926
DLBCL10904	0.014756986504822626	0.030354319756543468	0.030406706087201144	0.029212628539861604	0.8952693591115711
DLBCL11450	0.005767474904295843	0.009340350139350792	0.006374774575493203	0.01676837077807986	0.9617490296027803
DLBCL10838	0.018472891801196524	0.0879506890147097	0.009657795140473746	0.01630003158890146	0.8676185924547186
DLBCL11679	0.04443822723967243	0.9185093887376982	0.01745887815405128	0.010813327888766842	0.00878017797981125
DLBCL11428	0.00681621724585483	0.00677999942805388	0.9720557927033144	0.010320779105757606	0.004027211517019285
DLBC_FF_8046_TP_NB	0.02647393616906507	0.013235187565267986	0.9179285290285654	0.021637052912807972	0.02072529432429358
DLBCL11662	0.9371400857112463	0.007019231623752955	0.006200111244776331	0.0235089306967838	0.026131640723440635
DLBCL_C_D_1126_NULLPAIR	0.11396497497126412	0.8068065720477217	0.02083236633448367	0.02367189151961812	0.034724195126912404
DLBCL_DFCI_DLBCL_GOE16	0.004297532687419154	0.005169619097688171	0.9771155705242643	0.009212256656738605	0.0042050210338896825
DLBCL11537	0.9738965973795182	0.0025312026502333517	0.004514089882136365	0.009100886145635714	0.009957223942476416
DLBCL10854	0.008304779290595619	0.011370337789372015	0.0150698029240823	0.03304729440104683	0.9322077855949032
DLBCL10975	0.9700772313959618	0.0031485515381493934	0.0033981396165164886	0.015455219389499349	0.007920858059873014
DLBCL10916	0.004809265044659844	0.01577409086423034	0.008220524828274496	0.012284886825881369	0.958911232436954
DLBCL10959	0.9412689815485346	0.00911810224643275	0.005776217718369937	0.032959217414067356	0.010877481072595337
DLBCL10515	0.9850204453447925	0.0022841802821624785	0.0022226368303849627	0.007365209593684824	0.0031075279489752024
DLBCL11498	0.013065334363683115	0.9684583163118324	0.007439782602570796	0.00537772887601875	0.0056588378458949234
DLBCL10876	0.005218312771483516	0.01277934957590511	0.005907275545304468	0.012345370976900714	0.9637496911304062
DLBCL10950	0.9462555814412662	0.006277783175999742	0.010982862205156343	0.023716419044760507	0.012767354132817259
DLBCL10989	0.006882813379274807	0.9547079015365464	0.010748314375319165	0.007077825027819754	0.02058314568103991
DLBCL_LS3749	0.0033556522353360794	0.9821539664877416	0.006697374609662909	0.004739035693784649	0.0030539709734747882
DLBCL11565	0.0030395258481445355	0.9831924233007736	0.005224497254287454	0.004499982609168225	0.004043570987626228
DLBCL_LS3809	0.9251444833592842	0.014538956649711913	0.01952504144901946	0.014340449852428145	0.026451068689556264
DLBCL11482	0.9955792164542268	0.0006529750598556135	0.000820145452271388	0.001985886628104033	0.0009617764055421773
DLBCL11434	0.9851766364331005	0.0029167652954358676	0.00296611089388457	0.006951892337107126	0.001988595040471934
DLBCL10913	0.9925926231112736	0.001254630452646961	0.00122750388232906	0.0033039444159996666	0.001621298137750666
DLBCL11191	0.9877271941203273	0.001820954392914651	0.0020246433987553937	0.005954974779469758	0.002472233308532951
DLBCL11539	0.9787529095013939	0.002049004600449602	0.004888292911900045	0.01129088579411127	0.003018907192145156
DLBCL_RICOVER_134	0.005033066012978542	0.014949444469333545	0.00474793566898533	0.009614690622338714	0.9656548632263638
DLBCL11516	0.021875712865426018	0.9032200506889468	0.022164378823069514	0.022262786701531336	0.03047707092102623
DLBCL_RICOVER_449	0.004730694933667263	0.0035980208420625663	0.0038949024273798125	0.006836628032642852	0.9809397537642475
DLBCL10887	0.004979880658516786	0.006851173556749896	0.012921066135937064	0.01263809294867077	0.9626097867001255
DLBCL_C_D_1125_NULLPAIR	0.002892675357296722	0.006984268864345779	0.003566119056044708	0.005594396067467999	0.9809625406548448
DLBCL_RICOVER_712	0.0031314722616334976	0.005300657488859665	0.003238887491732621	0.006380806084049622	0.9819481766737246
DLBCL10836	0.01104833555711774	0.004783259325817792	0.009786377523378484	0.016376988701207004	0.958005038892479
DLBCL10471	0.0032231179839758485	0.00393409904143779	0.0021270125529995617	0.0032118603622996763	0.9875039100592872
DLBCL_RICOVER_1293	0.004015125736325409	0.0035517737111155634	0.0029847751174956697	0.00535843458500875	0.9840898908500546
DLBCL10917	0.0037349921234853902	0.986164913491688	0.003432280552084221	0.0028935580959495205	0.003774255736792824
DLBCL10983	0.0061804466510868685	0.9747606399302597	0.005506057162425335	0.004428314843071928	0.009124541413156167
DLBCL10853	0.003473652129560063	0.003207330453046699	0.003107802924893422	0.005044666831082296	0.9851665476614175
DLBCL10883	0.003937025869520692	0.003261513351115651	0.003661820559094557	0.005669854929402422	0.9834697852908667
DLBCL10842	0.0027741058169494692	0.0034936923935174214	0.0037318604983484676	0.006211359941256286	0.9837889813499283
DLBCL10924	0.003522962500294602	0.003717078569371563	0.003687054652348513	0.008016448251137993	0.9810564560268473
DLBCL_RICOVER_948	0.0027355875899841156	0.9851910565099041	0.006662748110399338	0.0017623169318831987	0.00364829085782921
DLBCL_MC_F729_MAN	0.0008547773937841123	0.9958025427719022	0.0013490025818769685	0.0007121644505522536	0.0012815128018844515
DLBCL10850	0.0011850276567993588	0.9947533105168631	0.001977005937818576	0.0008236177180204339	0.0012610381704985243
DLBCL10988	0.0007332520987399236	0.996244716203909	0.001328588683838658	0.0008678861152104791	0.000825556898301969
DLBCL_MC_F927_JHS	0.103489497461646	0.24499044593831865	0.11688936195065518	0.07763648729459172	0.4569942073547885
DLBCL11466	0.08989956708327713	0.33155922763429957	0.060385450426748206	0.453604549095819	0.0645512057598561
DLBCL10962	0.03431809648646913	0.5254808884330807	0.21044841101552905	0.036993290112260796	0.19275931395266038
DLBCL_LS1304	0.027550299905027976	0.04452641676750479	0.5130216145858918	0.042673483583905936	0.3722281851576695
DLBCL10486	0.3978294667983806	0.14712919918966466	0.01775183944556465	0.09308123933512798	0.3442082552312622
DLBCL_RICOVER_258	0.46629157564323315	0.01428826152878571	0.1684487332485936	0.08802508496266233	0.2629463446167252
DLBCL_RICOVER_216	0.06270850515765301	0.09314689126606711	0.34088516340299135	0.04668325658342038	0.4565761835898681
DLBCL11507	0.03174075702815672	0.8190166268239417	0.11552140860992083	0.020838745688854136	0.012882461849126593
DLBCL_RICOVER_274	0.037363820510879685	0.06034556218171587	0.03526264080085904	0.7966310686206558	0.0703969078858896
DLBCL11446	0.16598493794008692	0.5595946173075361	0.06284378097450632	0.1674401630765117	0.04413650070135897
DLBCL_RICOVER_1046	0.010465409111945148	0.7067495150258785	0.2226583087836819	0.023407513950404125	0.036719253128090296
DLBCL10868	0.06831180605036481	0.015256840747006018	0.029012391091982	0.6076005530970998	0.2798184090135474
DLBCL11510	0.5397260438947138	0.2730266054068062	0.05115148543775448	0.0574731531459913	0.07862271211473422
DLBCL10881	0.32298098753698457	0.016731865359255773	0.018180093115012206	0.07930576021734384	0.5628012937714036
DLBCL10553	0.03282717746494336	0.03653090531222112	0.1768936946988572	0.713959817531623	0.03978840499235526
DLBCL_C_D_1117_NULLPAIR	0.2094693582319011	0.5297546400162519	0.02021827946843116	0.21286609724773542	0.027691625035680387
DLBCL_RICOVER_111	0.10280301412747751	0.025352035556747837	0.29872669228020765	0.06954136062548676	0.5035768974100803
DLBCL11657	0.04578512114033011	0.07867544482190553	0.6235446154535262	0.22628994195500454	0.025704876629233542
DLBCL10454	0.27847783853568425	0.5015382682956178	0.06991360444403681	0.016245645858407515	0.13382464286625373
DLBCL10908	0.06567206638907325	0.1092682001431419	0.6301672866243276	0.05478268744512544	0.14010975939833173
DLBCL11478	0.4834507698049719	0.047482450939520596	0.4066734024251646	0.05036438653972545	0.012028990290617537
DLBCL_C_D_1140_NULLPAIR	0.06902508129255112	0.042424760493764195	0.08888283784980729	0.11882464065512274	0.6808426797087547
DLBCL10985	0.08346013474202146	0.4978767202808292	0.028679345116324736	0.34073495417295724	0.049248845687867415
DLBCL_LS3499	0.10001484293925961	0.09253896040159583	0.054019145721936127	0.7060190034427537	0.04740804749445473
DLBCL10909	0.05794092374872754	0.016380022474112032	0.05349702643704983	0.6949249464053813	0.17725708093472933
DLBCL11501	0.774912953972277	0.13123280343114807	0.018476878953486608	0.037159347711275194	0.03821801593181317
DLBCL_RICOVER_522	0.08743577894393496	0.045310543247442894	0.35690723640563105	0.49322401119209247	0.017122430210898595
DLBCL10968	0.6237026552696295	0.011426961336085659	0.01785394915650641	0.24836923412620873	0.0986472001115696
DLBCL_MC_F362_MJB1	0.02194961233311236	0.22886900409892905	0.6297858148489606	0.026341182511612635	0.09305438620738546
DLBC_FF_A7CX_TP_NB	0.29329551885810523	0.03939163509972472	0.05923181232560772	0.05719258267684303	0.5508884510397193
DLBCL11449	0.026787087769402328	0.7928869933970838	0.03876136221744056	0.01570276854606196	0.1258617880700114
DLBCL10548	0.7602481478652635	0.07029243928190236	0.012635696283543867	0.11863905406167448	0.03818466250761585
DLBCL10549	0.042518798358787455	0.3991984886917996	0.5037110305347503	0.040440260659470685	0.014131421755191902
DLBCL10552	0.2887649430447728	0.02480959112391328	0.10847454504133917	0.5608994705137953	0.0170514502761795
DLBCL11663	0.7524209090479802	0.048206571137887455	0.0704059706835609	0.08891460953121431	0.04005193959935705
DLBCL10521	0.014952031781859958	0.10160764278542557	0.009268210780029823	0.014019709758901464	0.8601524048937832
DLBCL10895	0.011221097126802469	0.060930284955278434	0.020126924705039056	0.014367996406985151	0.8933536968058949
DLBCL10994	0.7690055080467727	0.06901190761738793	0.026430664214470087	0.03374477838556229	0.10180714173580704
DLBCL10517	0.007866338700622614	0.8669067054836119	0.0855507696497613	0.022927768006050377	0.01674841815995385
DLBCL10451	0.6756944798783938	0.03133560617154905	0.24683440487442684	0.03404624561072561	0.0120892634649046
DLBCL10485	0.022163603624566913	0.09821774524145166	0.016873275245037903	0.013904015854910029	0.8488413600340335
DLBCL10513	0.10688097250060177	0.03844718983022643	0.07726686917667948	0.7613735582696288	0.016031410222863512
DLBCL_RICOVER_583	0.010309198762916803	0.832733384189194	0.038807346348136464	0.012406170314259711	0.10574390038549301
DLBCL11437	0.04447011331573438	0.01077303092455451	0.042815900503576115	0.8186437120172272	0.08329724323890778
DLBCL11479	0.034754084990037744	0.8059985195387815	0.09971700796091756	0.01990608576479951	0.03962430174546362
DLBCL10843	0.9056130439472178	0.008570219367142074	0.0106031411586748	0.058788399837756466	0.01642519568920893
DLBCL10878	0.06236705020118287	0.011862969247721534	0.01294352012258267	0.05730596379472922	0.8555204966337837
DLBCL11202	0.18919796582419632	0.07607552113492688	0.6057523535097146	0.11994831141147183	0.00902584811969037
DLBCL11196	0.030673659489518845	0.0105648478197748	0.030314317633266637	0.8917276192220787	0.036719555835361045
DLBCL_C_D_1153_NULLPAIR	0.06774371930691472	0.04957576287964714	0.02605279723035369	0.5223572145651438	0.3342705060179406
DLBCL_RICOVER_866	0.037809084959005194	0.022970077617461445	0.5921176162736218	0.3284609279108945	0.018642293239017046
DLBCL10939	0.038700492626202315	0.012597493294715628	0.029358462138183154	0.8842340810539312	0.035109470886967684
DLBCL11459	0.02927167232660419	0.01111393585657921	0.027064037836669733	0.910129644413583	0.022420709566563855
DLBCL11460	0.033099368393132496	0.01360295128114667	0.025104890822795996	0.9066751644760299	0.021517625026894974
DLBCL_C_D_1151_NULLPAIR	0.044904010004295135	0.01794064270352356	0.02839025778924144	0.8881954187680099	0.020569670734929952
DLBCL_RICOVER_440	0.014823050421936637	0.8483815022001446	0.10957608445899887	0.010304801986768789	0.016914560932151077
DLBCL10856	0.017193002218882123	0.02590933460173663	0.03337418605286454	0.023814488009818786	0.8997089891166979
DLBCL_LS951	0.9090927722243756	0.02750566369632952	0.021699472935737308	0.032741031893614096	0.00896105924994352
DFCIDL009_DT	0.011226171706435785	0.057213315463363626	0.9002913172439081	0.020841398645442537	0.010427796940849908
DLBCL10472	0.04211031858291088	0.01759394905817653	0.7971384651692818	0.12992609877384348	0.013231168415787352
DLBCL_MC_F064AB	0.012743053163194294	0.010909522116788481	0.91374026261865	0.04848568415042642	0.014121477950940766
DLBCL10846	0.04822219119016776	0.8841512791770182	0.01673718254499707	0.0243623565880544	0.026526990499762586
DLBCL11685	0.0067929249519402025	0.007519644106475179	0.9574833067803201	0.014774400638563506	0.013429723522700976
DLBCL10542	0.9233334696109823	0.00544073786950711	0.01481149948983943	0.018764127229468817	0.03765016580020231
DLBCL11591	0.012668657289713971	0.8443105507740412	0.11510330902898024	0.012207101071398323	0.01571038183586629
DLBCL_RICOVER_1204	0.02523010876745786	0.040560717074359966	0.0931195998207821	0.4746716685845897	0.3664179057528104
DLBCL_LS4054	0.019053237248041432	0.9215632969007188	0.014184500323935503	0.026888531575457217	0.01831043395184709
DLBCL11476	0.01484059789715528	0.02008448176020528	0.006081656736416867	0.008870249258721511	0.9501230143475011
DLBCL_RICOVER_173	0.011895713849995363	0.00932103969675541	0.015031949807270434	0.04721163757885105	0.9165396590671278
DLBCL11651	0.013453825806920339	0.011343783500118713	0.9208746299507213	0.03244299288753698	0.021884767854702603
DLBCL11481	0.9404610346811827	0.004963575654465998	0.02431488379870735	0.014832410870406348	0.015428094995237583
DLBCL10565	0.031364455124330795	0.017680395245822586	0.9029152747066889	0.03775073730752242	0.010289137615635366
DLBCL10522	0.011978464745151208	0.007880489320308694	0.9548593493175396	0.014194091541918993	0.011087605075081539
DLBCL11208	0.0074647102085072725	0.9567991401619845	0.01629251667227418	0.0089305241924067	0.010513108764827354
DLBCL10925	0.013679404302583839	0.024597830986853062	0.010830085452081067	0.045046273042699966	0.905846406215782
DLBCL_RICOVER_826	0.9779759473118917	0.003255534488241646	0.0030545625400579123	0.011010438852294595	0.0047035168075140795
DLBCL10964	0.019566436937531826	0.03500113277779122	0.015290539748246465	0.09709764540949208	0.8330442451269384
DLBC_FF_8042_TP_NB	0.008533557379847108	0.04505044467779602	0.03413535629194376	0.034484644220039044	0.8777959974303741
DLBCL_C_D_1133_NULLPAIR	0.00628441775213174	0.01048055759306416	0.9687357522510374	0.00852592073805631	0.005973351665710424
DLBCL_RICOVER_829	0.956174534271135	0.008894574020653558	0.003911138108883856	0.01893890678137426	0.012080846817953399
DLBCL11569	0.005844576396445132	0.010948572562018382	0.9690144770176197	0.01043020194244059	0.0037621720814762453
DLBCL11672	0.006000487237676816	0.007104080119143037	0.9606494908233906	0.017100456588437393	0.009145485231352137
DLBCL11004	0.007479573212176618	0.009119031475168739	0.008928929253616082	0.02894729055930888	0.9455251754997297
DLBCL_RICOVER_1219	0.0031644205990170016	0.005389900256890147	0.004019954785560594	0.008036028491157175	0.9793896958673751
DLBC_FF_A7CR_TP_NB	0.020063033971112046	0.006014997799435749	0.01363422736111389	0.02697751135036711	0.9333102295179712
DLBCL_RICOVER_1192	0.004209762594511995	0.007257786553085641	0.005339888174556115	0.004846299342312305	0.978346263335534
DLBCL11500	0.0062431100623483934	0.005362261294736908	0.008641920246409408	0.01276196502939726	0.966990743367108
DLBCL_C_D_1157_NULLPAIR	0.013197617500806632	0.007789251535356802	0.9535970379788905	0.018387849657335472	0.007028243327610544
DLBCL_MC_F519_ALT	0.00234581991300608	0.0037735238107090827	0.002021101747872092	0.0033397949559907216	0.988519759572422
DLBCL10860	0.004106905056612539	0.006593542446329733	0.00797129653102674	0.010500124160401705	0.9708281318056293
DLBCL11470	0.9461361008048939	0.003523047731871911	0.011555242913061654	0.030539089532056484	0.008246519018116141
DLBCL10977	0.004199509978544573	0.0031084170411096227	0.004301422408163265	0.005607968735806357	0.9827826818363762
DLBCL10900	0.006724610789506947	0.004767191355377232	0.004296080702473553	0.009344673576606885	0.9748674435760354
DLBCL10884	0.9780327824863995	0.00293762588848169	0.003294170032060896	0.011681932806214818	0.004053488786843081
DLBCL10519	0.006111342086556389	0.9677473589867028	0.013840114424632644	0.008045355914362408	0.004255828587745754
DLBCL_RICOVER_335	0.008252329728185398	0.9613755337673301	0.007843112604734841	0.015034335855384343	0.00749468804436529
DLBCL10947	0.016595858570502213	0.9489570481373856	0.009421316610989586	0.004855949534245121	0.02016982714687747
DLBCL_C_D_1129_NULLPAIR	0.9709921192431541	0.003796706997752859	0.00730054683131881	0.008343768259778046	0.009566858667996166
DLBCL10897	0.985398283049522	0.002517258385019602	0.00215139617804618	0.006480787836577287	0.003452274550834925
DLBCL_MC_F132_MLM	0.9871240334719035	0.0017465895437224366	0.0018203633775692263	0.006218566614672245	0.0030904469921326436
DLBCL11677	0.9927376267553802	0.0009387247998880769	0.0018492395158835005	0.003103557540480464	0.0013708513883676963
DLBCL10996	0.9895292283336234	0.0011817751755688762	0.0027643322323921402	0.003753678396993715	0.002770985861421853
DLBCL10458	0.9931616087058811	0.0010765283240738142	0.0015108747391525544	0.00304929293824914	0.00120169529264341
DLBCL_MC_F089_HCZ	0.0025362239219799887	0.9778572589874317	0.008979060896507714	0.005122538597234885	0.005504917596845712
DLBCL_RICOVER_678	0.0054620770104494175	0.9803107743116422	0.003733422867363241	0.0032929086908222538	0.007200817119722979
DLBCL_C_D_1135_NULLPAIR	0.002761486431604773	0.9895171851925566	0.002928239262003689	0.002285206134806282	0.0025078829790286528
DLBCL_LS1065	0.002207290151286584	0.990503106443725	0.0030440008027412205	0.0020116071512906986	0.0022339954509565272
DLBCL_RICOVER_288	0.009825555228696051	0.9756978921016961	0.005255895679456073	0.004891401456059041	0.004329255534092729
DLBCL_LS146	0.0009846565846050538	0.994907019027846	0.0017984864682344887	0.000818537104468647	0.0014913008148458124
DLBCL_RICOVER_174	0.0023702162631277193	0.9924102857298603	0.002340878572975463	0.0014151795517372307	0.0014634398822992636
DLBCL_C_D_1138_NULLPAIR	0.028650246560701455	0.39071034354750156	0.34521613670768053	0.16825322902792172	0.06717004415619479
DLBCL11448	0.02295224436421507	0.0327868588807606	0.08080904116861976	0.16110410862040456	0.702347746966
DLBCL11430	0.6977385622116448	0.014464206704660759	0.0703445006433045	0.2015126634359963	0.01594006700439376
DLBCL11432	0.6120181673952239	0.008184647049589742	0.15466552216852533	0.1770533758639048	0.048078287522756266
DLBCL_RICOVER_1278	0.06479173628549839	0.023409147235835467	0.04002668602678769	0.2962390223031723	0.5755334081487062
DLBCL_RICOVER_506	0.016372927368009924	0.41942074791692985	0.03775356905145888	0.027959891383145755	0.49849286428045564
DLBCL_RICOVER_711	0.27356933817176216	0.36894803902273504	0.027832726412155197	0.30088364878917057	0.028766247604177217
DLBCL11519	0.6379763128317872	0.032271305984175276	0.032023524622194044	0.28174486568816365	0.015983990873679833
DLBCL_MC_F496DMP	0.36622250802297485	0.11581898439208717	0.4414223203139584	0.058016525139256536	0.01851966213172288
DLBCL10874	0.07243914710114296	0.25648839539784096	0.03500840909499822	0.17987856966633456	0.4561854787396832
DLBCL_LS4619	0.020875295686170598	0.14025014707681766	0.5984527310410588	0.09479160048725759	0.14563022570869535
DLBCL_RICOVER_720	0.02987712747623636	0.5414485828128108	0.04023767856626223	0.017916281728651066	0.3705203294160395
DLBCL11194	0.028517433499090413	0.012722727769256396	0.027117915973146445	0.15911425020855438	0.7725276725499524
DLBCL10955	0.2081760005783889	0.09670203959755289	0.10671267358091785	0.23348219953918	0.3549270867039602
DLBCL_C_D_1148_NULLPAIR	0.5350555764549831	0.010885740113609354	0.14343304753661448	0.2841780705181914	0.026447565376601655
