	0	1	2	3	4
DLBCL11581	0.05561137623335397	0.023332331387721575	0.15638741714421284	0.23273096011794392	0.5319379151167677
DLBCL10539	0.0459469548438355	0.4363564160460407	0.10648731320861637	0.27577181686586644	0.13543749903564112
DLBCL11510	0.450883259832749	0.24522172860468944	0.0428247838366564	0.052782621740357284	0.20828760598554788
DLBCL11574	0.04953858990114503	0.20581890980374026	0.4816584188423362	0.07076528937036905	0.19221879208240947
DLBCL11466	0.192743957471045	0.25321965678503744	0.05249566448500277	0.43463864442894146	0.06690207682997334
DLBCL11202	0.24601497698925365	0.11401680917028821	0.49154187240912706	0.13709486384061478	0.011331477590716272
DLBCL10986	0.5797419232256622	0.05585123510549169	0.16330247630175534	0.15553710237298665	0.04556726299410409
DLBCL11519	0.5668454414977038	0.04537380110241698	0.030145090346069502	0.34400118809000324	0.013634478963806507
DLBCL10909	0.09054414784517661	0.014152086143494448	0.07221636054392495	0.6116380421154564	0.21144936335194758
DLBCL11678	0.06750473571726526	0.030494175177469048	0.3559114713760977	0.5305441922063472	0.015545425522820842
DLBCL_MC_F927_JHS	0.2301548217933546	0.2415185531470327	0.09450882849458082	0.06085265173950606	0.3729651448255258
DLBCL10856	0.028423346656057804	0.05282350971295532	0.34747814542066097	0.03315913160554329	0.5381158666047827
DLBCL11534	0.04086045142590837	0.026784367249695813	0.47456413838943995	0.18429703756039284	0.27349400537456303
DLBCL11448	0.038240274708353866	0.055640675463215966	0.15231962431096652	0.49548875836097805	0.25831066715648554
DLBCL_RICOVER_216	0.07796605502734653	0.09735594044048274	0.20368581600672805	0.03543557846814031	0.5855566100573024
DLBCL11204	0.21633499686624136	0.6565485358152615	0.03541383191352638	0.03691941811487583	0.05478321729009491
DLBCL10919	0.3596326998802332	0.013568304738277462	0.036874819225928265	0.5636052316507899	0.026318944504771125
DLBCL10865	0.1375217666021496	0.08849399875430874	0.028722933441327144	0.0561138834573491	0.6891474177448654
DLBCL_MC_F496DMP	0.4045874237925235	0.33591699121929713	0.18800924037916047	0.05043358744794242	0.021052757161076532
DLBCL11346	0.02380096303867885	0.767027244422736	0.029097395893895303	0.01875377448298748	0.16132062216170243
DLBCL11515	0.02513145162642506	0.10082053079175568	0.6221485670344842	0.03565279510599022	0.21624665544134491
DLBCL11538	0.02564384231927639	0.012950663138171553	0.6565240018565202	0.1750705519247055	0.12981094076132638
DLBCL10837	0.061481098758302474	0.0645320253791843	0.02125799215424863	0.05112384461866307	0.8016050390896016
DLBCL11518	0.4852201397678625	0.20769789852489756	0.2360875010328492	0.047019916629421614	0.023974544044969164
DLBCL_RICOVER_522	0.16479923393040066	0.054090131029102886	0.40991796744095244	0.3598663775165804	0.01132629008296355
DLBCL_C_D_1118_NULLPAIR	0.25818365992889064	0.6449813553642099	0.01745360924682096	0.051563146151212734	0.027818229308865735
DLBCL11480	0.7231602383109974	0.021615717909222135	0.10822352270685139	0.06427444533121159	0.08272607574171754
DLBCL_C_D_1103_NULLPAIR	0.02772383492270997	0.033298747070644896	0.09190574871043891	0.8257378819996551	0.021333787296551145
DLBCL11432	0.6549137808877583	0.007152954919947334	0.11678254222536445	0.13853665090813794	0.08261407105879191
DLBC_FF_8062_TP_NB	0.09860908946914973	0.0208518507748093	0.12432058416336329	0.7343015983751504	0.021916877217527213
DLBCL10527	0.023229392041235638	0.019478483440736133	0.08818293977385477	0.7973256598872547	0.07178352485691873
DLBCL11513	0.008699362258415572	0.009730997099664546	0.032612923884327474	0.02451665025467744	0.924440066502915
DLBCL11576	0.04911037793652369	0.15273624311751918	0.09479721453708069	0.6758547568317906	0.027501407577085853
DLBCL_MC_F210_GWC	0.08951985504067417	0.6494733835335874	0.024654258249240436	0.16964997699687928	0.06670252617961872
DLBCL10972	0.8682415527639514	0.017116919945674595	0.019049324012541523	0.040766464532366306	0.05482573874546617
DLBCL_MC_F218_RAP	0.16147926212745511	0.016175353395480457	0.0427594292298193	0.7637882394160385	0.015797715831206618
DLBC_FF_A7CW_TP_NB	0.0065991272629962764	0.029220244814543824	0.030797257020285785	0.02168248517401827	0.9117008857281559
DLBCL_C_D_1139_NULLPAIR	0.07409599291545983	0.03616615399584428	0.027319682969836265	0.8472979112442193	0.015120258874640375
DLBCL10879	0.013534250798514858	0.012768227520896886	0.8469294860332897	0.05949032626802666	0.06727770937927198
DLBCL_MC_F815_BAT	0.021424130426208072	0.044761057227255256	0.819271728466973	0.09798153142321044	0.0165615524563532
DLBCL_LS4592	0.008428329642492172	0.018003057907087446	0.818040339116673	0.09259505461725151	0.06293321871649595
DLBCL10874	0.0918470932667707	0.45539852115992635	0.03552654594673753	0.13042633650866348	0.28680150311790187
DLBCL_RICOVER_1061	0.0469214039994063	0.009762527781364414	0.04386852770289486	0.8858905853678873	0.013556955148447083
DLBCL_MAYO_DLBCL_3653	0.8220421572525464	0.01929759825148019	0.02697939026764702	0.06500762611039149	0.06667322811793491
DLBCL_RICOVER_850	0.0077005704958608215	0.02990683253488269	0.01624219435183475	0.027436653780545717	0.9187137488368761
DLBCL11591	0.009539808247543061	0.8836200586490628	0.07901892985309936	0.010660620816169551	0.01716058243412529
DLBCL_C_D_1109_NULLPAIR	0.07700012810045778	0.010777650392537405	0.02749259775317151	0.8601958856945696	0.024533738059263736
DLBCL10833	0.0641422373513132	0.013488807026863775	0.01693561771084818	0.061348895458248516	0.8440844424527263
DLBCL10927	0.048999437523443226	0.00913474586911705	0.024049561810563058	0.9015437095238994	0.016272545272977237
DLBCL11527	0.048036349301477176	0.013862778508845179	0.04333371491692817	0.8625831113175333	0.03218404595521615
DLBCL10851	0.013966162317673713	0.9150661217376951	0.015457535326416076	0.007998527383167312	0.047511653235047774
DLBCL11670	0.002495757133901609	0.005396693758920915	0.9783042396407998	0.009711831424235193	0.0040914780421424535
DLBCL_LS3809	0.8684116164936014	0.025777270937314	0.02302300355276728	0.021728626490762352	0.06105948252555493
DLBCL10858	0.04422484372863299	0.011807501575204998	0.035569998517078254	0.2698380351940938	0.63855962098499
DLBCL10847	0.009135077368967244	0.016501052115623194	0.006782057282418881	0.005248317086293592	0.962333496146697
DLBCL10466	0.005926807070714921	0.02408526426541599	0.9223827005416557	0.03443055688058857	0.013174671241624834
DLBCL11501	0.6973203074112494	0.1858103867079539	0.02305136163468783	0.037014428597547715	0.05680351564856108
DLBCL10903	0.0035511572058947454	0.9714870830999621	0.01493522175358965	0.003584643144366274	0.006441894796187192
DLBCL10956	0.013382702915663866	0.9564009908691238	0.007797573456129324	0.005645204139763726	0.016773528619319338
DLBCL10880	0.007358383718902288	0.006240208409614833	0.01041227034362223	0.005102395387017321	0.9708867421408434
DLBCL10460	0.0035750465697586137	0.9789254680511027	0.010493112228781711	0.00292480807660938	0.004081565073747597
DLBCL10494	0.004426935101001129	0.9658328639254528	0.017526095285306312	0.005901303717093835	0.006312801971145998
DLBCL11429	0.9484055432459269	0.0039112933011796695	0.007575590666785785	0.028542947802217455	0.01156462498389027
DLBCL10483	0.0034241819008473586	0.9764947402327175	0.010934674892805616	0.0029173563831974897	0.00622904659043197
DLBCL11472	0.9320594866932862	0.004555463592465291	0.0109424338672446	0.03991421995575606	0.012528395891247834
DLBCL10895	0.006581303175006574	0.028525617359643204	0.013971267388534105	0.007997971946104802	0.9429238401307113
DLBCL_RICOVER_173	0.008985027635244081	0.009130346766072163	0.011019814016919332	0.029889187418555292	0.9409756241632091
DLBCL11539	0.959026870815646	0.0037998682072366676	0.012876485056433736	0.019832539134951633	0.004464236785732001
DLBCL11661	0.009679160201160948	0.9396133017345327	0.02417857431120363	0.019268609507496138	0.007260354245606605
DLBCL_MC_F307_JPS	0.9264126671569194	0.012757808940651896	0.008888465889366303	0.038378318036403104	0.013562739976659355
DLBCL_RICOVER_134	0.004836678741390056	0.01997721778167809	0.007295583255948715	0.008097104470181677	0.9597934157508015
DLBCL11353	0.002767961625345419	0.00857445385357121	0.008732682761508277	0.004771905711131232	0.9751529960484439
DLBCL10989	0.003805755263576559	0.9799647333672609	0.006634530086530864	0.002740973735177354	0.006854007547454409
DLBCL10987	0.01004343334630001	0.014337298935250035	0.00783214421988327	0.006842072422404609	0.9609450510761621
DLBCL_RICOVER_826	0.9867195154367221	0.002229418462929238	0.0015787256367300986	0.006697822570275614	0.0027745178933429723
DLBCL_C_D_1108_NULLPAIR	0.0026382976974704164	0.9857936543731383	0.003765554867305596	0.0020360685113998936	0.005766424550685874
DLBCL10889	0.002636027546478426	0.004619708233210795	0.005329443178297133	0.008338161537215697	0.9790766595047979
DLBCL11187	0.0020937448351577874	0.002551773911929418	0.0029269870872836454	0.004339248256248203	0.9880882459093809
DLBCL_RICOVER_533	0.003333560058521605	0.9878513721903898	0.00397076038089042	0.0024687226768557225	0.00237558469334247
DLBCL10901	0.0017472745989383412	0.0031706004506206827	0.00295435994793344	0.003789381469453234	0.9883383835330543
DLBCL10917	0.002238816154492179	0.9905518136203881	0.002534580153527619	0.002059752974380977	0.002615037097211069
DLBCL11195	0.002565636034055273	0.007757070333983388	0.005759472274970723	0.006158158831668964	0.9777596625253216
DLBCL_MC_F500_ECU	0.004476162193470844	0.9772768521299603	0.006731026129119005	0.0047849192551379476	0.006731040292311959
DLBCL10853	0.003181238968839237	0.003141155577733579	0.004394658790276263	0.004525284279211414	0.9847576623839395
DLBCL11651	0.006889455954462004	0.006769747543250505	0.9463311922363081	0.024436770493258625	0.015572833772720753
DLBCL11000	0.0010940387157632656	0.0018681620640722356	0.0018002366461478904	0.00221017548966919	0.9930273870843475
DLBC_FF_8043_TP_NB	0.004494583154198966	0.9823475981083796	0.005946894678048711	0.0027273978470625775	0.004483526212310165
DLBCL_C_D_1129_NULLPAIR	0.9731975297150381	0.00344486372194507	0.00619844656355214	0.009459093759356368	0.0077000662401082946
DLBCL11450	0.0034062274776268204	0.007251321996463151	0.0037011324039119085	0.007628905708817158	0.9780124124131809
DLBCL10510	0.003969099134082092	0.9831233872600622	0.004145107332110475	0.0030854606606117788	0.00567694561313347
DLBCL_MC_F519_ALT	0.0015304281405740965	0.0032324079409627197	0.0018698610947315555	0.0018283732101771809	0.9915389296135545
DLBCL11477	0.9770766887195076	0.0023961033566807853	0.003294363509732729	0.012549971762762622	0.004682872651316259
DLBCL_LS3749	0.0019460895248971121	0.9907728858066305	0.0031306863916346073	0.0023048458147740683	0.001845492462063776
DLBCL11569	0.003927341657995677	0.010314254086100184	0.973012858630553	0.009271877679385384	0.0034736679459658193
DLBCL10911	0.0001729799998484133	0.9992338495700479	0.0002702843925249555	0.00013125860227652928	0.0001916274353021682
DLBCL11672	0.007285397051011823	0.006053199352663818	0.9556353948789174	0.02096195143232886	0.010064057285078186
DLBCL11434	0.9927011206186864	0.0010440671257040777	0.0013689450744528125	0.0037111753337647113	0.0011746918473919444
DLBCL10897	0.9872575565605842	0.002200880035433738	0.001572643280345703	0.00574666470605473	0.003222255417581639
DLBCL10913	0.9900969597829667	0.0015238893039494032	0.0015309201905741269	0.0043269553336435194	0.002521275388866155
DLBCL10966	0.9968387338430128	0.00041836171697492123	0.0006156161445349797	0.001605065529252491	0.0005222227662248092
DLBCL10518	0.007147104400441042	0.005730549506311724	0.9509890192142161	0.027582769368985207	0.00855055751004598
DLBCL10996	0.9943381039674749	0.0007363150793409396	0.0012368253077189903	0.002329530558062621	0.0013592250874025172
DLBCL_MC_F349_BJJ	0.0013111552780155382	0.001898206855815702	0.9912155846188605	0.0035046273881791175	0.002070425859129127
DLBCL10997	0.9924972573891624	0.0011382045828859666	0.0010832915255645737	0.0036161547281204996	0.0016650917742665372
DLBCL_MC_F132_MLM	0.9885599888344365	0.0014731772101855237	0.0015640210269414663	0.005777835600239179	0.002624977328197323
DLBCL10554	0.0032801241373423746	0.0023585976282892458	0.9868114777983668	0.005323630546487333	0.002226169889514272
DLBCL11471	0.2904064757709299	0.2369457457301818	0.1398493899177454	0.17823012440089644	0.1545682641802464
DLBCL10955	0.1964542060926738	0.09882601747167624	0.11542433812263894	0.36409322392531185	0.22520221438769913
DLBCL_RICOVER_1060	0.1155633404709576	0.6341282399939353	0.02721763123816327	0.02284066570711631	0.2002501225898275
DLBCL_LS2590	0.033849912705443096	0.01892343318324534	0.06539113600675625	0.47601227103104576	0.40582324707350953
DLBCL10552	0.4159604675818932	0.020789137889076246	0.08050292815892732	0.47003092174434846	0.0127165446257549
DLBCL10501	0.00918105101746162	0.3964859921807193	0.5143454566914853	0.042462469385105124	0.03752503072522861
DLBCL11431	0.18234398616326764	0.14805660022043793	0.1112890943400016	0.07123892652258569	0.4870713927537071
DLBCL_C_D_1117_NULLPAIR	0.18615733827704792	0.5460292784702411	0.021626367632523767	0.22343999730997763	0.022747018310209567
DLBCL_RICOVER_773	0.018987091417642803	0.16653691917668859	0.2796833596921707	0.023781765573306524	0.5110108641401914
DLBCL_C_D_1112_NULLPAIR	0.020425093657678445	0.25566524230927157	0.6049447282216336	0.04289051015947112	0.07607442565194535
DLBCL_MAYO_DLBCL_234	0.12328583128679138	0.01248285678404951	0.325840679039672	0.5024001376716538	0.03599049521783332
DLBCL10934	0.03889876349153837	0.39270334460233236	0.027280564623838526	0.061202813361215	0.4799145139210757
DLBCL11455	0.23351160874596466	0.016102522691584	0.1411825199506655	0.5427906466441415	0.06641270196764437
DLBCL10780	0.020733563170816975	0.8034456724218578	0.11969850274933196	0.04356048377383497	0.012561777884158283
DLBCL10974	0.07161486525295756	0.021905220762156122	0.055011248129477046	0.5353480394210924	0.3161206264343168
DLBCL10964	0.03803382874123205	0.0595204454182792	0.023134296823739874	0.19254195002910895	0.68676947898764
DLBCL10878	0.2128239230910084	0.014411833209875184	0.023495103740099877	0.06663332914366707	0.6826358108153494
DLBCL_C_D_1148_NULLPAIR	0.3930745121605293	0.012082344348677741	0.12509122684106436	0.44702512688940005	0.022726789760328606
DLBCL_RICOVER_1150	0.5254036294691975	0.1761281037369421	0.022798938967489548	0.17180389953452999	0.10386542829184083
DLBCL11478	0.5177039328010499	0.055596585956762236	0.35576785558547214	0.05187898262057486	0.019052643036140904
DLBCL11474	0.6768403161287482	0.015008911681385538	0.01731618572576406	0.2608663198042931	0.02996826665980915
DLBCL11679	0.030150250871202967	0.938870629695345	0.013210802046622163	0.009139946383430799	0.00862837100339915
DLBCL10553	0.02719583869043887	0.03196739187969826	0.3845677214947784	0.5097533201611244	0.04651572777396
DLBCL_C_D_1106_NULLPAIR	0.02901757077284558	0.9426223741813617	0.008931718014769632	0.009570721220281443	0.009857615810741566
DLBCL10846	0.10155937482536236	0.7588493114871279	0.025239868668609663	0.04924682859656672	0.06510461642233335
DLBCL11468	0.09696331589615195	0.02975597034878196	0.5800158377845782	0.25829102204923554	0.03497385392125237
DLBCL11536	0.04399762493912065	0.3138208281451428	0.058761381976070934	0.5300614884340138	0.05335867650565193
DLBCL11683	0.02777460846402211	0.02185469541553652	0.7547662892531345	0.18034920566785972	0.015255201199447179
DLBCL10486	0.6321889377115734	0.1377135932336151	0.01598280457562021	0.08270022547548833	0.13141443900370306
DLBC_FF_A7CX_TP_NB	0.7331458047516979	0.027211133174242452	0.055075594307963584	0.0492238132135758	0.13534365455252026
DLBC_FF_8042_TP_NB	0.011813067133912156	0.11083208186498539	0.11253504551582649	0.05688252072384971	0.7079372847614263
DLBCL10871	0.06074641763363873	0.8273892594572227	0.029494085437166476	0.015948835232032835	0.0664214022399392
DLBCL10517	0.00933048619123246	0.8495008496255986	0.10364108461380826	0.016599154988705806	0.020928424580654883
DLBCL_LS4054	0.02604615469009311	0.9285884379907658	0.01107924541998332	0.0168067183935933	0.01747944350556442
DLBCL11491	0.18979158664808418	0.01722855037311812	0.07395061403146759	0.6345430675466478	0.08448618140068223
DLBCL_RICOVER_478	0.07871399374779169	0.7968887826923531	0.027330599454034314	0.015065048524762589	0.08200157558105832
DLBCL11663	0.7948685428694411	0.04035140675205355	0.05415170454736221	0.08198638001791332	0.028641965813229826
DLBCL10838	0.030565078395923543	0.23445521283429513	0.01954818216954772	0.0226307027880701	0.6928008238121635
DLBCL11507	0.009631359056171695	0.9405643791442371	0.03144833217495192	0.007724592618841135	0.010631337005798136
DLBCL_RICOVER_496	0.023674226119760895	0.8971599570394495	0.048711073410552135	0.019443020484257202	0.0110117229459803
DLBCL10891	0.009827946099879052	0.009886549665604786	0.04163738348380218	0.04615420066232767	0.8924939200883863
DLBCL11488	0.7998310771367495	0.009905140548089999	0.015272237718339526	0.05881669132834984	0.11617485326847111
DLBCL10456	0.033708242132778544	0.014160656495455018	0.058914234598879595	0.8375563516030825	0.05566051516980427
DLBCL_LS1921	0.011557247445351412	0.9439015732974142	0.016736583222064727	0.02069226974791071	0.007112326287258913
DLBCL_LS1683	0.008401788106862916	0.8709115000079434	0.026986037458255212	0.011743618084366846	0.08195705634257161
DLBCL11484	0.008730233724627955	0.9523227666713902	0.0165653563845306	0.007964657374345811	0.01441698584510547
DLBCL11462	0.9487911347643636	0.0054941521844343215	0.01180763460810586	0.013900989141563805	0.020006089301532356
DLBCL11470	0.8160937224945908	0.0068825531611627685	0.02878918588056495	0.13099907968307908	0.017235458780602456
DLBCL11457	0.7400269351093318	0.007141938878654983	0.052788463158052565	0.16864133063169282	0.03140133222226784
DLBCL11652	0.7177041247225001	0.17976149268573455	0.029991838374540097	0.03338901006944919	0.039153534147776003
DLBCL_RICOVER_1106	0.007753104225592763	0.05582555554539969	0.01768411050476173	0.036460418644151366	0.8822768110800945
DLBCL10835	0.011720185589489585	0.06912143849724608	0.016968805328620905	0.047140485074361055	0.8550490855102824
DLBCL11516	0.013058513095130455	0.8876131443589435	0.03671630621959025	0.03165362932123763	0.030958407005098217
DLBCL10930	0.04662443370511562	0.016421866293995065	0.020389460508791677	0.0143006645946982	0.9022635748973994
DLBCL11537	0.9201071518782127	0.006097974552840173	0.011831849550570884	0.021321708049560628	0.04064131596881565
DLBCL_MC_F064AB	0.010683721202292258	0.00998886632902345	0.9179876993277524	0.052697940159812905	0.00864177298111896
DLBCL10555	0.01881729332206618	0.014866444491993166	0.9455706501776288	0.015968498643931035	0.004777113364380866
DLBCL_RICOVER_1032	0.008195088304099494	0.06262048493863288	0.014711114049783197	0.014211841055935266	0.9002614716515491
DLBCL10961	0.006392417223449467	0.04129046099110749	0.020501992970770357	0.033491168178615104	0.8983239606360576
DLBCL11430	0.7552123680153521	0.011302745312648728	0.04304162413529997	0.1753970062175531	0.015046256319146134
DLBCL11658	0.03257180962179849	0.008909784538657477	0.027384121108460092	0.9014990238128673	0.02963526091821669
DLBCL10547	0.031716958859931886	0.012037081876761942	0.02508007044946981	0.9146568279201355	0.016509060893700855
DLBCL10995	0.009781227217626219	0.017331918460262833	0.9300566264239372	0.025224599088771282	0.017605628809402498
DLBCL11435	0.9007381192358924	0.0075475081472311245	0.008855229637455322	0.06520310068657419	0.017656042292846924
DLBCL_RICOVER_1329	0.01855116682001775	0.06598247690135077	0.011979384859946622	0.012500594323102684	0.8909863770955821
DLBCL11196	0.030085897576469296	0.00799061497908078	0.022395601747206284	0.9194150618035051	0.02011282389373861
DLBCL11520	0.9288988922613753	0.00637642696997917	0.00859540308208368	0.02484909356986202	0.0312801841166998
DLBCL11564	0.030741475472204755	0.01107533126617496	0.02515238381169189	0.9178152472422754	0.015215562207653
DLBCL10497	0.030552069168916257	0.009353344254419855	0.0242072993785618	0.9193570588762764	0.016530228321825654
DLBCL11676	0.7774598279083004	0.0206065320729332	0.0646928019270177	0.128964267224559	0.008276570867189735
DLBCL_RICOVER_945	0.9276870895613177	0.021226416278004992	0.005373016677697822	0.035843065833113086	0.009870411649866389
DLBCL_LS1065	0.0018573652959904207	0.992711356429374	0.002322754113529995	0.001338831416072216	0.0017696927450333373
DLBCL11203	0.0020727096807984227	0.9886668251084862	0.0031084643333008964	0.0030357682977553077	0.0031162325796591124
DLBCL10870	0.004489415421489516	0.009086743298238683	0.021751061590893267	0.011553112506762988	0.9531196671826155
DLBCL10898	0.00945265758600085	0.03370032949671084	0.009854834156863846	0.011958389389738125	0.9350337893706864
DLBCL_LS2089	0.0038778920335266337	0.9715663040097616	0.006853500343659555	0.00346441155337786	0.01423789205967435
DLBCL11523	0.009488212218292094	0.010282838859162069	0.01524233843637769	0.02836007566100804	0.9366265348251601
DLBCL_RICOVER_948	0.002437748924243766	0.984699766079739	0.007640657436068731	0.0017648517348754689	0.003456975825073092
DLBCL10529	0.004099962270392076	0.01670572047798463	0.008264058181398713	0.008478624608510432	0.9624516344617141
DLBCL11656	0.007009738625780675	0.007121467987471874	0.9328449145666995	0.023234305292803247	0.029789573527244716
DLBCL10857	0.025543931286857644	0.010570269540692671	0.011705318493408967	0.04260693760541653	0.9095735430736241
DLBCL10890	0.002781786729886273	0.005435672219352177	0.006404045726796442	0.0041162769913508845	0.9812622183326142
DLBCL_LS3245	0.0021427226740841103	0.9842606817881577	0.007483624655378269	0.002635333442889654	0.003477637439490178
DLBCL11677	0.9557578407642653	0.003663202821776394	0.00913807124486178	0.020310202268327745	0.011130682900768785
DLBCL10457	0.004754669920230776	0.012873033555806409	0.007386654495689194	0.00650959323885546	0.9684760487894182
DLBCL_C_D_1136_NULLPAIR	0.00017722221600456899	0.9992260234397934	0.00023283510655473132	0.00016089341881147552	0.00020302581883582002
DLBCL11541	0.005527144511560958	0.02523185041486222	0.9257662757120099	0.016795583865200286	0.02667914549636671
DLBCL11440	0.0028981482356557823	0.003270026741118517	0.0048160287273621444	0.003974047516137355	0.9850417487797262
DLBCL10950	0.9292426449036272	0.007361116265439457	0.010743373772772884	0.03159094316201506	0.02106192189614543
DLBCL10988	0.0006209607020558171	0.9967086004373463	0.0011193038280531084	0.0006685767306937181	0.000882558301851055
DLBCL10522	0.007247672556692003	0.005451124146235743	0.9646717711375089	0.010869213334397838	0.011760218825165526
DLBCL_C_D_1157_NULLPAIR	0.004312922635194618	0.003564279962602554	0.977683267125764	0.01120270046267332	0.003236829813765488
DLBCL_C_D_1113_NULLPAIR	0.004791199456769502	0.010260561457307053	0.968033456600216	0.010966321885846418	0.005948460599860999
DLBCL_RICOVER_417	0.0012885044343035595	0.002925665160900564	0.002915460430065189	0.0030892809121955485	0.9897810890625351
DLBCL10530	0.0020620338503133657	0.005116534726077784	0.0033942053285164844	0.0033884773675049032	0.9860387487275875
DLBCL10967	0.0011192803866411744	0.0018212198997457033	0.0023315007899085962	0.00170018534724512	0.9930278135764594
DLBCL10864	0.0010912112799912105	0.0019745829690596068	0.0024028464382843478	0.0023837188322940327	0.9921476404803709
DLBCL10534	0.0008854944297686609	0.001432203625645366	0.0013307766939336535	0.001579145690158767	0.9947723795604936
DLBCL_RICOVER_577	0.0038801812221853057	0.006146380121802313	0.9752224609511819	0.008390687721595977	0.006360289983234531
DLBCL_RICOVER_469	0.0034696932003959306	0.0026149748587205542	0.9835853848403591	0.0077567948631036224	0.002573152237420856
DLBCL11482	0.9934019111324784	0.0009043304935498211	0.0010418693192261082	0.0034635289683806027	0.0011883600863650556
DLBCL10884	0.9915651268915325	0.0011734607857617364	0.0016508174927798603	0.004083956871100633	0.001526637958825251
DLBCL_MAYO_DLBCL_5613	0.9957319335009235	0.0008333644259068395	0.0007521850116826607	0.0016673332424359754	0.0010151838190510614
DLBCL10465	0.0015920652662910124	0.0027344406758602925	0.9883086783574552	0.005007165852462955	0.0023576498479306093
DLBCL11681	0.3120954680992443	0.012690653825945647	0.47576416990720705	0.1300362379582848	0.0694134702093181
DLBCL_LS4619	0.02084798366328872	0.18521706129660934	0.48906581914154174	0.11798185242568067	0.18688728347287958
DLBCL_MC_F362_MJB1	0.01405615807402583	0.19006866802575137	0.631586976082429	0.021776737863489347	0.14251145995430448
DLBCL11446	0.21356677004383742	0.1799329657988453	0.19745976729269127	0.35959460645280433	0.049445890411821604
DLBCL_C_D_1138_NULLPAIR	0.02305216383111287	0.38068325529060804	0.3157847576243953	0.16275564491304348	0.11772417834084024
DLBCL_RICOVER_120	0.5459824069871351	0.04999835733753616	0.1794952604313975	0.044860788665232035	0.17966318657869926
DLBCL_RICOVER_978	0.5987517428866713	0.023801190675715112	0.09246280913900652	0.2663471175443544	0.018637139754252578
DLBCL11439	0.3414883452290528	0.017677742568380794	0.48877847008109854	0.06446983804519649	0.08758560407627144
DLBCL10869	0.5695347941327906	0.18653041847090987	0.1414133234886499	0.04738595722584489	0.055135506681804614
DLBCL_LS1304	0.020329089296896245	0.034405132291763604	0.48811129780803314	0.03274564712810379	0.4244088334752032
DLBCL10548	0.7496323478060234	0.08969876688057368	0.014392817922427211	0.12283986083284067	0.02343620655813512
DLBCL_RICOVER_338	0.41156160838009503	0.015607839564281613	0.05724009741188948	0.49444049406125723	0.021149960582476635
DLBCL_RICOVER_1018	0.06801173352944165	0.22404527475433045	0.03394352007224636	0.640615408925435	0.03338406271854657
DLBCL11433	0.05292023781896263	0.015012025068488706	0.08622589883401224	0.3457705821089282	0.5000712561696082
DLBCL10959	0.7489347986322825	0.02232417738410376	0.013854015040810269	0.16079914316874086	0.05408786577406262
DLBCL_RICOVER_111	0.04882560071828596	0.01981341371357459	0.2712846246528973	0.05459570270570088	0.6054806582095413
DLBCL_RICOVER_720	0.026833267698768405	0.4248049730792198	0.04096318696473314	0.014913309958765523	0.49248526229851314
DLBCL10503	0.048984005318185926	0.6448295241723467	0.11293323490629542	0.030976100663076628	0.1622771349400953
DLBCL11495	0.09223120607105265	0.01221882541382467	0.03668993230793326	0.200320859121587	0.6585391770856024
DLBCL10512	0.013124647316454225	0.09882334926319564	0.7295472242453942	0.033805582887539286	0.1246991962874166
DLBCL_LS2328	0.03368419630455059	0.3851306195680333	0.534805754700716	0.03326036270525261	0.013119066721447458
DLBCL11657	0.02110990430106445	0.049222497365077264	0.7872095442110786	0.12362976120571806	0.018828292917061677
DLBCL_RICOVER_1269	0.011817146330755075	0.1330385544916948	0.727838750156336	0.07145400443011651	0.055851544591097646
DLBCL_RICOVER_467	0.015663920324167458	0.6087506798550822	0.034190209991515154	0.014526188939845931	0.32686900088938925
DLBCL_C_D_1159_NULLPAIR	0.21259289645974194	0.013553907681612777	0.032491360613827514	0.719470015312133	0.0218918199326848
DLBCL_RICOVER_780	0.010142506279662268	0.8469206789711774	0.10303540025459054	0.025498645578648477	0.014402768915921387
DLBCL11504	0.09983603193775223	0.024561689160968965	0.03886170125375455	0.1366744926947737	0.7000660849527506
DLBCL10513	0.10628552806461156	0.04693603736581105	0.13666404357303394	0.6987468702142922	0.011367520782251317
DLBCL_LS951	0.8435256951368277	0.0462016180299262	0.034364970368959434	0.0665478197732739	0.009359896691012767
DLBCL10965	0.22647867692808787	0.012477331535796136	0.0416605644770585	0.6792596992569548	0.040123727802102695
DLBCL11479	0.032463130226151715	0.8452931424226693	0.061497033357800504	0.015109807016658683	0.04563688697671986
DLBCL10523	0.016888163354767876	0.009434442316962367	0.912860197911532	0.05375518229530225	0.007062014121435483
DLBCL_RICOVER_575	0.05666748309489694	0.02326818877775465	0.07770205162187917	0.8295646890973796	0.01279758740808963
DLBCL_RICOVER_258	0.23251351848242405	0.016162017760296552	0.14339297907173099	0.05460243120055876	0.5533290534849896
DLBCL11437	0.07780956287659802	0.009288153473992644	0.043287091719623916	0.7969301097780034	0.07268508215178202
DLBCL10894	0.15058962038174226	0.7526819156788842	0.020688750144973157	0.05874964384478455	0.017290069949615815
DLBCL11671	0.935742459326247	0.009927924506544368	0.011361828953023031	0.03755311885751815	0.005414668356667483
DLBCL10867	0.028350142292331734	0.23742289190576754	0.022517039372319823	0.0352152821575885	0.6764946442719924
DLBCL10877	0.7713233101289637	0.10359722624679976	0.04195540579482763	0.04675221252977153	0.03637184529963738
DLBCL10844	0.9069527063963261	0.019914392408433394	0.0075247055975445	0.02214519762533221	0.04346299797236384
DLBCL10981	0.025203020188339174	0.7974650268471454	0.04578632207327185	0.07720389591545097	0.054341734975792685
DLBCL_RICOVER_701	0.06718343961573536	0.013557995616552925	0.02450211066835426	0.8744685508448435	0.02028790325451394
DLBCL10536	0.015467857225011912	0.08829128276813272	0.8286228878911106	0.047461820529728284	0.02015615158601647
DLBCL10935	0.9102070971059633	0.039602258529960216	0.006424094929184465	0.026652645476372392	0.017113903958519677
DLBCL_LS2208	0.021259382031622892	0.09920836239501583	0.1603821812009984	0.029628121917063748	0.6895219524552991
DLBCL_RICOVER_274	0.046097030886726315	0.07355839535980471	0.03133690928248587	0.8019481519936853	0.04705951247729781
DLBCL10451	0.7687851915967832	0.022852496161951612	0.16015594841225828	0.03424028617570646	0.01396607765330042
DLBCL11664	0.07739596050246962	0.8341475920735162	0.035517575055078854	0.04174859230366207	0.011190280065273275
DLBCL_C_D_1156_NULLPAIR	0.8815837827227406	0.018625798738836855	0.010917252366165127	0.07568097863182631	0.013192187540431062
DLBCL10993	0.8966692458777139	0.006653233802248242	0.016412255710688113	0.05501983630894428	0.025245428300405458
DLBCL_LS1395	0.015718227671011595	0.06064547248555439	0.8866251753815533	0.015660145952864073	0.02135097850901665
DLBCL10939	0.03931798861243361	0.009271574750267004	0.023490882889480882	0.9068191503914611	0.021100403356357444
DLBCL10854	0.007058376455089516	0.014542633133818633	0.015236719895377924	0.04359580401245775	0.9195664665032561
DLBCL_LS2367	0.8761563507287737	0.03349576324171845	0.010207093941190624	0.05368653378493254	0.026454258303384704
DLBCL11512	0.9402648324093915	0.01205573740886154	0.008300857894818568	0.032942569868919774	0.006436002418008587
DLBCL_MC_F139_LJF	0.038212819554104174	0.010199396274339575	0.023788961695049356	0.9135308141084018	0.014268008368105154
DLBCL11208	0.013247239828173104	0.9436846487469608	0.022130177224709096	0.011074801768192184	0.009863132431964813
DLBCL_RICOVER_1165	0.010589995067956777	0.923748221661172	0.03347177647431949	0.0075410227028696025	0.024648984093682123
DLBCL_MC_F606_DMJ	0.010911176026248205	0.124021779515519	0.8272687754355897	0.02220427462391711	0.015593994398725945
DLBCL10549	0.01996234726031193	0.847132858796885	0.10464566667747718	0.015516802760855564	0.012742324504470324
DLBCL10544	0.03226840697678567	0.010594681454352417	0.03673339578897345	0.8507949333163589	0.06960858246352951
DLBCL11481	0.9370083945376171	0.006454681845546465	0.023893584953724515	0.017461935469713738	0.015181403193398176
DLBCL11673	0.006794086904828918	0.9563204265091717	0.021591990211862276	0.009197822794551967	0.006095673579585155
DLBCL_RICOVER_1289	0.01689276203510955	0.010468557260715015	0.017448004499305513	0.06255004282996424	0.8926406333749057
DLBCL11542	0.013654415258878035	0.05593405297412094	0.8636827785790498	0.05830877460397437	0.008419978583976761
DLBCL_RICOVER_1287	0.01427360761360829	0.05544611587842924	0.014759761348307674	0.014774185950606627	0.9007463292090482
DLBCL11526	0.010511865531033221	0.006985190494140074	0.9604302750970084	0.017509553264069007	0.0045631156137493165
DLBCL10881	0.04335673997086946	0.008666993961254815	0.012478288600295734	0.02548777044511009	0.9100102070224699
DLBCL10945	0.9712728774367227	0.0034379944667799066	0.0038460425301316123	0.010576497731107496	0.01086658783525827
DLBCL10541	0.0047101964837269914	0.9759176964052153	0.007004212410937127	0.004569724503261994	0.007798170196858617
DLBCL10904	0.008740743408848131	0.017074718210824184	0.025566569352372524	0.020225141644346578	0.9283928273836086
DLBCL10978	0.028935752469103036	0.011236528547205691	0.028789749937281162	0.9161078287211943	0.014930140325215726
DLBCL_C_D_1105_NULLPAIR	0.0647894020957684	0.8828905438915294	0.015936090164940218	0.018820130877747813	0.017563832970014067
DLBCL10900	0.008123880763734393	0.006651469126461315	0.008340230973060725	0.018926945304966757	0.9579574738317768
DLBCL10480	0.009426810070601558	0.9729783127694831	0.005713076597884903	0.004105647971405051	0.007776152590625338
DLBCL10467	0.015180419173294876	0.009694642359267062	0.029266789315389796	0.022396157009525745	0.9234619921425226
DLBCL10963	0.007100555552642564	0.017763940647171267	0.016389254337406563	0.020417328723459634	0.93832892073932
DLBCL10866	0.011189713591915128	0.01009944117106649	0.017964500044066762	0.04427397233904665	0.9164723728539049
DLBCL10922	0.004038676832185968	0.9843706207923221	0.004589788080262643	0.002769902592948545	0.004231011702280722
DLBCL10875	0.9788142495706024	0.0034577892488768655	0.004698181882144242	0.010399538905857758	0.002630240392518731
DLBCL10899	0.02153872322200457	0.02375640623747665	0.008155874064211043	0.025314700582264576	0.9212342958940432
DLBCL10484	0.001987190540341235	0.9889408462904302	0.004873609263462194	0.0022579000106705436	0.001940453895095833
DLBCL11669	0.006281787916523388	0.007043387930617309	0.9629795677225226	0.019498092108542385	0.00419716432179436
DLBCL11004	0.004378871466433766	0.007559191678263757	0.008606686382182005	0.018923086410561372	0.9605321640625591
DLBCL10463	0.0061354615342569686	0.010566008771290318	0.021687276270885503	0.04169261105884761	0.9199186423647195
DLBCL_MC_F729_MAN	0.0009751999524056548	0.9951741351299739	0.0014992313529811447	0.0007043024916181339	0.0016471310730211566
DLBCL_C_D_1163_NULLPAIR	0.0022286625659716083	0.003374120152696109	0.0037044489780917447	0.0058854089259530755	0.9848073593772875
DLBCL_RICOVER_1248	0.0013903763151949867	0.0025212308501690347	0.001529688086218636	0.002093860759765131	0.9924648439886522
DLBCL_C_D_1131_NULLPAIR	0.0017087696900040712	0.991092104490141	0.003521481605383398	0.0013402084481908463	0.002337435766280689
DLBCL_C_D_1125_NULLPAIR	0.0012372057567531533	0.0032466908899193713	0.0021350127189801874	0.0022014059890122627	0.991179684645335
DLBCL11188	0.0010336281828370038	0.994685727025643	0.0019229660743210536	0.00094207009685817	0.0014156086203407803
DLBCL10842	0.0014473559869346566	0.002287418071332921	0.002954811253070604	0.003062476698056003	0.9902479379906058
DLBCL11498	0.01250159325270072	0.9683423008631027	0.006616604767972827	0.004926840880782869	0.007612660235440843
DLBCL10834	0.0025065930920336863	0.9913857762961442	0.002652331478608857	0.001416918822375932	0.0020383803108373288
DLBCL10990	0.001586407604624152	0.0035290231371873336	0.0019069920141257227	0.0020587671613201837	0.9909188100827426
DLBCL10471	0.002149207857803681	0.0033294264267673397	0.0018186863039204137	0.0019231829771425603	0.990779496434366
DLBCL_C_D_1123_NULLPAIR	0.9815496633537826	0.004409869426818309	0.002736717610773161	0.008544123568048827	0.0027596260405771517
DLBCL11461	0.9911577522884766	0.0013132548279640936	0.0016980659919146636	0.004617848248231201	0.0012130786434134493
DLBCL11667	0.0011914397477670853	0.0018011927606530562	0.9928347725842767	0.002761316405814153	0.001411278501489037
DLBCL11666	0.0016365274202226865	0.0027916018272456608	0.9895479578118269	0.004367105287611275	0.001656807653093484
DLBCL11511	0.9884596565650943	0.0012848211912602206	0.0029857308024249973	0.004595735047962185	0.0026740563932583297
DLBCL10525	0.9858427009660155	0.0015990954117397278	0.0034120897091733317	0.005656040759367856	0.0034900731537036212
DLBCL11528	0.2345851025043809	0.37477514536183965	0.32777485105232734	0.03393018167112788	0.02893471941032444
DLBCL_RICOVER_910	0.2531887569563497	0.2094008620873892	0.03585439367683474	0.4717195426255942	0.02983644465383217
DLBCL11441	0.14607419071856115	0.01317980349510471	0.0761132587680733	0.33110529580016196	0.4335274512180988
DLBCL_C_D_1153_NULLPAIR	0.06589374379029796	0.123465206607368	0.028939346514322305	0.5327335041647487	0.248968198923263
DLBCL10492	0.5021817737103225	0.026738272355386512	0.015323069704900535	0.07063451701224899	0.38512236721714144
DLBCL_RICOVER_1081	0.07192831438605118	0.012559972130425699	0.10538764723358018	0.2678617367095106	0.5422623295404324
DLBCL_RICOVER_1046	0.009241812816288069	0.19208707290262564	0.7316603327256888	0.022788548214022503	0.044222233341375074
DLBCL10491	0.05189457928442338	0.3339356827810438	0.11312813198796147	0.4845363236401273	0.016505282306444102
DLBCL10969	0.6070362881879704	0.13783436628999102	0.10926109591877829	0.03135577955892409	0.11451247004433625
DLBCL_RICOVER_1190	0.11785415588651497	0.058819789519095465	0.1061175822595487	0.024875243811943972	0.6923332285228969
DLBCL10873	0.07415684143234322	0.42688941070198794	0.12442823780244755	0.3367561612976122	0.037769348765609126
DLBCL11002	0.29015418071024635	0.0286253126173719	0.059637129195395745	0.605686568601203	0.01589680887578316
DLBCL11469	0.01989274722138605	0.07306541779054546	0.6690435498559151	0.02472750987498021	0.21327077525717322
DLBCL10454	0.14341711150700337	0.20755580914371288	0.05137114382745294	0.016405296450056832	0.581250639071774
DLBCL10921	0.0295753506582975	0.28538847305039877	0.018485902225140988	0.018575008049704623	0.647975266016458
DLBCL_BWH_DLBCL64	0.19135204464284047	0.25219708971106725	0.06131803680317331	0.4800727424946185	0.0150600863483004
DLBCL10906	0.03769927073546954	0.5993622236957525	0.025550121655257423	0.01819634027873525	0.3191920436347852
DLBCL_RICOVER_711	0.23541314350153414	0.3802903281078453	0.023248066386369157	0.3302578496508069	0.03079061235344443
DLBCL11449	0.03588357600177476	0.5935262549077246	0.04075027943586772	0.02757386186736729	0.3022660277872656
DLBCL_RICOVER_506	0.01795118165099065	0.300784148890157	0.036667604549971124	0.01866236746185234	0.6259346974470289
DLBCL10962	0.030877823380884933	0.7210221267306384	0.12025679374564162	0.031231923980551565	0.09661133216228357
DLBCL_LS3499	0.08606563345841405	0.1090826710641851	0.045751494216927854	0.7323268332736776	0.026773367986795308
DLBCL10908	0.0613030233821765	0.10934438725737837	0.6364887245614782	0.044529718957232685	0.14833414584173424
DLBCL11206	0.022513733464436966	0.6006382241209652	0.07406282160548555	0.011589401109231004	0.29119581969988123
DLBCL10985	0.127229218770616	0.5711888051791496	0.02578142005087638	0.23827283971510646	0.03752771628425157
DLBCL11464	0.15714333693688515	0.01622631221936822	0.02425855482457632	0.7758336134853393	0.026538182533830938
DLBCL11525	0.21459965082906318	0.022017962354694998	0.5803969511358392	0.16817343797482226	0.014811997705580416
DLBCL10888	0.013915787672386498	0.010156800056478245	0.03811939660199611	0.05602981651715472	0.8817781991519844
DLBCL10916	0.007498114741315745	0.043910153851999506	0.015864150967707977	0.012842950820187157	0.9198846296187896
DLBCL11447	0.04178300311263714	0.014908638948758591	0.030319697665975892	0.8395560131815917	0.07343264709103668
DLBCL10848	0.011919547507466184	0.00742094611863015	0.018910667275648826	0.03076507213439773	0.9309837669638571
DLBCL_RICOVER_583	0.011329860157844145	0.8463162330254806	0.040697214408090536	0.010641544077317506	0.0910151483312672
DLBCL10482	0.8485250889849136	0.01955837979023824	0.011925261289993303	0.027953388955707537	0.09203788097914725
DLBCL10782	0.10273566138707073	0.03324128098609781	0.03829704778096541	0.810187766350988	0.015538243494878081
DLBCL11001	0.019437323121070216	0.009582928032133045	0.023029807346278703	0.026936707130414173	0.9210132343701039
DLBCL10488	0.7286719024970794	0.09832427261315527	0.08273651333572297	0.08270033801205749	0.007566973541984916
