	0	1	2	3	4
DFCIDL004_DT	0.42977529034101414	0.026723083118280696	0.02565551205545602	0.15820457327212556	0.35964154121312364
DLBCL11479	0.057537052444178526	0.24142664111924245	0.26373570470735525	0.04736647976783542	0.3899341219613884
DLBCL11534	0.052982175897717726	0.09034318699233697	0.30562274973609355	0.17237645287210626	0.3786754345017455
DLBCL_LS1304	0.017360788388682966	0.1810849282762898	0.3402887529053768	0.03131922067871388	0.42994630975093645
DLBCL_BWH_DLBCL64	0.18184074023431349	0.22659175508608173	0.05646280729292911	0.5122425586984656	0.022862138688210083
DLBCL_RICOVER_711	0.22848092625061103	0.1185161651125802	0.02437789356098207	0.5843199316442836	0.04430508343154308
DLBCL10981	0.05611985174390727	0.6087464413877381	0.049073652001442016	0.12169942361903369	0.16436063124787895
DLBCL11431	0.1696417912961318	0.32151440875395576	0.18132872878370476	0.1276454098133041	0.19986966135290368
DLBCL_C_D_PAIR13	0.16822025091322812	0.31621449859010914	0.1901776494922666	0.12828843603173745	0.19709916497265856
DLBCL_RICOVER_787	0.29351029760100716	0.09943490679591921	0.052708084163332766	0.48421248608678163	0.07013422535295921
DLBCL11565	0.021440117624772485	0.3112289733007512	0.052251907706267454	0.11220941668014944	0.5028695846880593
DLBCL_C_D_1159_NULLPAIR	0.21957147451073	0.060267229604575784	0.027458979236259534	0.6630927058139768	0.029609610834457834
DLBCL_LS1395	0.03463592996522524	0.2959657546718633	0.5993238162311213	0.017860803622690043	0.052213695509100176
DLBCL10915	0.061352355932578755	0.38332141120289903	0.03823488163741477	0.251463099767838	0.26562825145926944
DLBCL10858	0.03638774278204337	0.020860716044315063	0.025982512359187426	0.16096668136377854	0.7558023474506756
DLBCL10986	0.6122464514177253	0.12629499147005327	0.13284230851381407	0.08497911193981313	0.04363713665859424
DLBCL11652	0.5649981214105524	0.2725062734990313	0.0824252741535397	0.0526433319817651	0.027426998955111588
DLBCL_C_D_1148_NULLPAIR	0.4851906754735374	0.04286520569947773	0.1020531515449765	0.3434939226324663	0.026397044649542057
DLBCL_LS951	0.5980937603180102	0.27931512956260063	0.033671263911909353	0.06166372549903685	0.02725612070844301
DLBCL10874	0.054114168207506363	0.042342497056636653	0.03547215496793488	0.2794324983913308	0.5886386813765914
DLBCL10894	0.2865228181159864	0.5384858189538562	0.03719730327560316	0.11448713612524088	0.02330692352931347
DLBCL10879	0.02509256937873605	0.049978936942012386	0.6721691717236776	0.06752252495774376	0.1852367969978302
DLBCL10914	0.7433887584990585	0.11743454946526473	0.07949224729890018	0.029836684051508633	0.029847760685267916
DLBCL10835	0.017528783438803874	0.04806374288392665	0.01603940687204722	0.10067075663085764	0.8176973101743646
DLBCL_MC_F606_DMJ	0.015155307954573101	0.2781411887152788	0.6518223401965552	0.020649516093334958	0.03423164704025792
DLBCL10513	0.1392176769964142	0.13509106148383906	0.11617836840077798	0.5923902868522052	0.0171226062667635
DLBCL_MAYO_DLBCL_3653	0.7161961084734957	0.06572598939629508	0.04175455361479735	0.09001408419397898	0.08630926432143293
DLBCL_RICOVER_1045	0.6149497768734525	0.058646361058917774	0.023705388768678403	0.2576422774666588	0.04505619583229249
DLBCL_RICOVER_1046	0.011303087087309316	0.22240237086102618	0.6945503556850239	0.023669523308801267	0.048074663057839334
DLBCL_LS1921	0.05088958769480897	0.21241168458991783	0.11241693826854425	0.5948422011972009	0.029439588249527984
DLBCL10878	0.14292904000159254	0.027776133770131686	0.019250637675858124	0.07822515554074871	0.731819033011669
DLBCL10891	0.023491138784170765	0.020049277249805687	0.0735709383659182	0.11511020096373573	0.7677784446363696
DLBCL10461	0.011807051729107934	0.7232502145603966	0.06782749800667683	0.01997106313209352	0.17714417257172513
DLBCL10491	0.03991803494141286	0.6830274729474987	0.058471478199310666	0.20318802145506354	0.015394992456714206
DLBC_FF_8046_TP_NB	0.049247418115580144	0.089264624962302	0.8116543352043326	0.0348428640708205	0.014990757646964774
DLBCL10950	0.7734488354100828	0.02916076155656278	0.026302162434356353	0.058657490126379816	0.11243075047261826
DLBCL10866	0.01690372824949916	0.015081892459684568	0.018468585170640005	0.05469215331623757	0.8948536408039387
DLBCL_RICOVER_478	0.2045986103023827	0.2534947320326483	0.0709894698101898	0.03611714513245643	0.4348000427223228
DLBCL10521	0.022622579471029833	0.3785363131402551	0.026572731974213108	0.02606136407411075	0.5462070113403912
DLBCL10536	0.02228076120184414	0.5225473022316992	0.3699590646275514	0.03943352435819168	0.0457793475807136
DLBCL_RICOVER_111	0.04648457993637061	0.06490247964596854	0.1173258249617321	0.03908310443703921	0.7322040110188895
DLBCL11491	0.17509659967257946	0.039246921021382705	0.06829193538254476	0.6304605824223666	0.08690396150112648
DLBCL10867	0.015245584513827973	0.07608809680559284	0.015305870367890358	0.031319318860255636	0.8620411294524332
DLBCL_MC_F089_HCZ	0.008902337737927446	0.7634007402672531	0.10023674500416467	0.04992805182004654	0.07753212517060824
DLBCL10833	0.04279815137963135	0.024532046103322283	0.01146571767131787	0.04948534086033205	0.8717187439853964
DLBCL10466	0.008244257662557711	0.06298765607209121	0.8769253806922209	0.031055335536875388	0.020787370036254787
DLBCL10868	0.08225258451103429	0.023656426326443755	0.03293098285417595	0.7289631324787785	0.13219687382956744
DLBCL_MC_F815_BAT	0.016495317812613455	0.0352712556940136	0.8870093235505719	0.04680540057017418	0.014418702372626786
DLBCL10494	0.022035319711632594	0.3120123393656338	0.5950738884741354	0.04301214995939938	0.02786630248919883
DLBCL10900	0.014015952637140672	0.009561379978301901	0.008182188163130351	0.023446026183723483	0.9447944530377036
DLBCL11507	0.022612839221674032	0.8527252016705079	0.08907524247701065	0.015210571335620884	0.02037614529518651
DLBCL10983	0.04702849678049823	0.6049801867095624	0.030611890210192824	0.034554221031128686	0.2828252052686179
DLBCL_RICOVER_985	0.03233682002528239	0.10053124405935317	0.0899640075353871	0.727759317180175	0.04940861119980241
DLBCL10544	0.03829681266251182	0.02401460486248166	0.03382179274767079	0.8309910006619792	0.07287578906535651
DLBCL10847	0.015920198188713396	0.04266190263287426	0.010884241593425933	0.011317449559804028	0.9192162080251823
DLBCL10510	0.062206976939366575	0.7334130852836236	0.024416456230969403	0.03251539222814645	0.14744808931789394
DLBCL10529	0.007525106161239997	0.03983411124853845	0.01631358966903496	0.02148066527556062	0.914846527645626
DLBCL11476	0.015945576317860286	0.044273211424411305	0.010852574986748216	0.01705600617769537	0.9118726310932849
DLBCL11537	0.8620669688674627	0.012874963182091071	0.017467577695186823	0.030262593992592634	0.07732789626266674
DLBCL_LS3749	0.014352006502306608	0.9052990860784323	0.03196653867696784	0.0323282063804406	0.016054162361852625
DLBCL11662	0.860524194226089	0.01515471512380925	0.011118885194936227	0.05225910431639263	0.06094310113877298
DLBCL_MC_F500_ECU	0.013134150223222885	0.8654235988785932	0.030332591687289877	0.02140621301334882	0.06970344619754514
DLBCL11462	0.9238642666263298	0.011775240366149214	0.019209072121706167	0.018646699897843632	0.02650472098797118
DLBCL11481	0.9243620792759325	0.016571356447255995	0.02737394660371044	0.02014388052222947	0.011548737150871532
DLBCL10945	0.9405406542479164	0.008841220111034873	0.0072766187716973895	0.017740000761469168	0.025601506107882182
DLBCL11520	0.9427951025471288	0.008843794652861208	0.005801101391965606	0.018011171385027575	0.02454883002301677
DLBCL10456	0.0491663127353247	0.07091232270841535	0.04660209266872935	0.7816433889645205	0.05167588292301019
DLBCL_RICOVER_950	0.03624861814507326	0.04288494960614784	0.0506434324727707	0.8456547656805292	0.024568234095478963
DLBCL11459	0.03326107011309237	0.028574619367856113	0.024803856645462658	0.8878278789179975	0.025532574955591344
DLBCL11564	0.03575461974088809	0.028066989199434383	0.0252736440599994	0.8877125069599977	0.02319224003968042
DLBCL10547	0.044665502994818466	0.021302611770141852	0.028890722640755852	0.8704499018416683	0.03469126075261556
DLBCL11429	0.9470860610831627	0.007935221129225754	0.007281998651062887	0.024042898084047377	0.013653821052501304
DLBCL_RICOVER_829	0.9740326348667286	0.006503778076730213	0.003370204627069032	0.010466114902997248	0.0056272675264748915
DLBCL_C_D_1163_NULLPAIR	0.004055946675584715	0.006332045867474508	0.004802506759255259	0.011398833454158975	0.9734106672435265
DLBCL_LS2325	0.013025734143113579	0.055215724375448694	0.9045098616458178	0.01602380240956053	0.011224877426059337
DLBCL10846	0.03367342669180649	0.8840044478925914	0.017342847521323534	0.02033464835826592	0.04464462953601273
DLBCL11680	0.026624817463930642	0.03193993545721488	0.917241981296514	0.015903654250054314	0.008289611532286177
DLBCL11203	0.014979646474191567	0.8723071301279665	0.028005062372941127	0.05757795005308696	0.027130210971813888
DLBCL_C_D_1129_NULLPAIR	0.929922704041109	0.011652662749478317	0.011315075573680711	0.019894910454264413	0.02721464718146754
DLBC_FF_A7CQ_TP_NB	0.00938947376303031	0.012284521475172715	0.007987865448779904	0.023441119086599665	0.9468970202264174
DLBCL_RICOVER_1287	0.0063116218919653366	0.01898081858169402	0.008891223899851168	0.010842736178626676	0.9549735994478628
DLBCL10836	0.010031478538817818	0.006687616393286041	0.009122748598535907	0.014990363462267087	0.9591677930070931
DLBCL11672	0.010723215472548762	0.020710855235235193	0.9359278252982295	0.01900648347787264	0.013631620516113866
DLBCL_LS3200	0.004757383118991418	0.022418661286597804	0.007741056605015917	0.010074167479133575	0.9550087315102613
DLBCL_C_D_1108_NULLPAIR	0.009686689634670356	0.9187372625942751	0.016012289044783277	0.010565498806709565	0.044998259919561634
DLBCL11539	0.9481470276811377	0.008336064329415553	0.012238313913180586	0.025996341324856297	0.005282252751409931
DLBCL_C_D_1136_NULLPAIR	0.010911884492519673	0.944844396951101	0.012855745934846194	0.01684129726712704	0.01454667535440613
DLBCL10550	0.002564274538174782	0.006688075973330702	0.004147380765834288	0.004846116172522499	0.9817541525501378
DLBCL11461	0.967526870877201	0.007069256289754957	0.006271380392449	0.015397949888712067	0.0037345425518829425
DLBCL_MC_F519_ALT	0.003036113417676848	0.00815616587072571	0.003160901969637903	0.004125849834376923	0.9815209689075826
DLBCL_MC_F729_MAN	0.0063163684199269154	0.9693410515438319	0.011343515352849914	0.005948138130326674	0.007050926553064607
DLBCL10515	0.9717666168420287	0.007332819696477587	0.0036717024877330304	0.012448253275815793	0.004780607697944918
DLBCL11661	0.01223922783891906	0.9355396593816433	0.021873043028098168	0.020374518601921677	0.009973551149417819
DLBCL10555	0.04132451038022868	0.02678367986865613	0.900784377509191	0.01997896311762143	0.011128469124302702
DLBCL_LS1065	0.009142435318438408	0.9609218696546271	0.011138915954483426	0.009610687975557527	0.009186091096893568
DLBCL10992	0.002075071122348904	0.002556166034947771	0.002234944637839047	0.003378826388791551	0.9897549918160727
DLBCL_RICOVER_440	0.01000173474432623	0.0573590406934539	0.9053899631818155	0.014187656777483676	0.013061604602920737
DLBCL10997	0.9849593568663936	0.0033114022428049855	0.002444379421060007	0.006051811135046111	0.0032330503346953386
DLBCL10911	0.003914451906579742	0.9800092492744525	0.006652686561896144	0.0035034222231461166	0.005920190033925487
DLBCL_RICOVER_417	0.002640307649750791	0.007393068274284039	0.003636611954294187	0.007607138492458322	0.9787228736292126
DLBCL10853	0.004376536429557417	0.010133691679320048	0.004232143708443036	0.006197532296004269	0.9750600958866752
DLBCL_C_D_1114_NULLPAIR	0.9902928159811849	0.002093674302671123	0.0013145521283568647	0.004471278976751543	0.0018276786110355443
DLBCL10887	0.0021694839843295574	0.006609885699613551	0.005142863744184461	0.005063501761783405	0.981014264810089
DLBCL10912	0.989392827962953	0.0022720996718300713	0.0019919159455096236	0.004479312254048367	0.0018638441656589374
DLBCL_C_D_1130_NULLPAIR	0.9939614599106844	0.0012758893886478846	0.0010665147226478866	0.002405379534799671	0.0012907564432201347
DLBCL_RICOVER_449	0.0005050358781058654	0.0006610664433663329	0.0004258150911157868	0.0007755932368183719	0.9976324893505937
DLBCL11685	0.006073346731243037	0.01329196846505058	0.957190280779997	0.010559513010880647	0.012884891012828751
DLBCL_LS297	0.0077657304499324795	0.011733347657098955	0.9615893137808226	0.014130116888782566	0.004781491223363416
DLBCL11558	0.006389019620103696	0.011700627118388424	0.9647432404664974	0.012013897940628878	0.005153214854381557
DLBCL_DFCI_DLBCL_GOE16	0.005397729217853443	0.013108603978684952	0.9661472217749391	0.01009497584482494	0.0052514691836975606
DLBCL11428	0.007579700566525025	0.009600500126045936	0.967312359275217	0.009834729547294216	0.005672710484917844
DLBCL10936	0.16393719017157757	0.3136995850838371	0.17568642692855227	0.1271048948687687	0.2195719029472643
DLBCL10503	0.04179433359876918	0.2433944958942509	0.4410512727511279	0.07992341629675967	0.19383648145909235
DLBCL11478	0.4033635696777772	0.2866952637166783	0.25046021160139886	0.04259851150298442	0.016882443501161148
DLBCL10512	0.0273705201124901	0.2781480051427551	0.5329182003058875	0.06665441782109992	0.09490885661776736
DLBCL10856	0.03489965982026306	0.42295306670917215	0.2032581792501337	0.026759073793224102	0.31213002042720694
DLBCL_RICOVER_408	0.062438623179512716	0.6594035464949533	0.15807705183930695	0.022376928333394445	0.09770385015283263
DLBCL11430	0.5485190588727705	0.03178690952359515	0.0917680104917736	0.3073147769805496	0.020611244131311136
DLBCL10553	0.04183911778389469	0.06108239672695906	0.3134998039201832	0.5090338737056573	0.0745448078633058
DLBCL11590	0.1652808561431438	0.0335729061692357	0.5414605504348406	0.2027694592448249	0.05691622800795499
DLBCL11519	0.5678849576761659	0.03425210588976165	0.04255768456570882	0.3366003685879795	0.01870488328038417
DLBCL_LS4054	0.09335999771812199	0.19664930969391986	0.11227769445635126	0.4724446656463189	0.125268332485288
DLBCL11515	0.025254987700363638	0.17567515521209423	0.30004175628957375	0.027621641811669307	0.47140645898629907
DLBCL11204	0.27908605362868477	0.5406277362211022	0.06258685528811167	0.06498934234224855	0.052710012519852904
DLBC_FF_8043_TP_NB	0.07935756086259185	0.7529656069036671	0.04915698180705085	0.02240461983605922	0.09611523059063093
DLBCL11576	0.061031370181109615	0.518446230324283	0.06928257573844471	0.3226823755444291	0.028557448211733606
DLBCL10871	0.09464009981092035	0.6912905557100716	0.06549827873468457	0.03269903457789723	0.11587203116642626
DLBCL10452	0.015552782702445988	0.7428560740245567	0.0971215765231903	0.023799241506459005	0.12067032524334804
DLBC_FF_8042_TP_NB	0.014833536773920377	0.26202867592283674	0.18013166569682382	0.07390909693427762	0.4690970246721414
DLBCL_RICOVER_1018	0.05710813027153505	0.20353532221164447	0.029229085829107538	0.6634377698947502	0.04668969179296268
DLBCL10552	0.3624935094460359	0.08374732728729348	0.07124278317525994	0.46591523088758885	0.01660114920382178
DLBCL_LS3245	0.010451123687218209	0.6834623514952001	0.24039183490388957	0.025577555058932337	0.04011713485475986
DLBCL_LS2089	0.016931378960604974	0.7298268498955527	0.02778645603451035	0.01899010135801306	0.2064652137513189
DLBCL_RICOVER_1278	0.046176192527962144	0.028352198093963315	0.028330394385960054	0.1632445759052011	0.7338966390869134
DLBCL_LS2208	0.019956346588382995	0.4836819702581068	0.12268828788171961	0.035887442977488644	0.337785952294302
DLBCL_C_D_1117_NULLPAIR	0.1550379001343093	0.21415765138397513	0.028151123211070935	0.5743905698604856	0.028262755410159025
DLBCL10549	0.03447404034739442	0.2588276450098712	0.6579860111500925	0.03193966479429561	0.016772638698346252
DLBCL_LS3499	0.1776079460566365	0.1444717887067488	0.04488168038856441	0.5518536012261525	0.08118498362189784
DLBCL11673	0.026643188567793324	0.7342276828724148	0.16921340194418905	0.049609029840824735	0.02030669677477817
DLBCL_RICOVER_533	0.061726061250003524	0.7327092512804498	0.1267499586488384	0.05210079126272508	0.026713937557983146
DLBCL11436	0.05946357356886454	0.7697624085848015	0.02682041561859521	0.10015690462863346	0.04379669759910532
DLBCL11671	0.7732592523918808	0.08684106549170602	0.02970890888396792	0.09871254388525377	0.011478229347191487
DLBCL11528	0.36761628856179596	0.060787839510705245	0.49603463110521245	0.050612901549529285	0.024948339272757157
DLBCL_RICOVER_910	0.1122228908784754	0.35952696020222197	0.05629079995168365	0.4387532672004789	0.03320608176714006
DLBCL_RICOVER_274	0.04293736325024257	0.11615371082921057	0.035590401048791805	0.7323965867683329	0.0729219381034222
DLBCL10974	0.07886062031559833	0.044261370879059424	0.04129349910736618	0.36486371146282	0.47072079823515606
DLBCL_RICOVER_467	0.011921303954915568	0.7522065808641946	0.05270946532885148	0.018883113800730707	0.16427953605130766
DLBCL10517	0.011894422390188503	0.6462298471809502	0.27218448860164235	0.031562150068388646	0.03812909175883027
DLBCL11202	0.23953705295249406	0.055204314130693266	0.5147911079015153	0.17798347861354974	0.012484046401747582
DLBCL11536	0.04485247252747858	0.05995138528357388	0.03652454043448352	0.7849221645904594	0.07374943716400462
DLBCL_C_D_1156_NULLPAIR	0.7451316340908956	0.062200651138146636	0.02017746816175083	0.1479622183709449	0.02452802823826205
DLBCL11456	0.029478704342829093	0.7240644326361679	0.11034569512811139	0.11569813916558536	0.020413028727306288
DLBCL11496	0.7373767734778954	0.017479200940064426	0.041495524908461874	0.05131065956347818	0.15233784111010013
DLBCL10564	0.05068778046553032	0.02678556836442086	0.04952794646768831	0.8349699561228733	0.03802874857948724
DLBCL11566	0.028278504250517686	0.2021964568756099	0.7234568539780285	0.0328069536178712	0.013261231277972836
DLBCL11488	0.8405509661588241	0.014351515087546354	0.010727388840184303	0.045507876704574776	0.08886225320887056
DLBCL_RICOVER_978	0.7424223990752895	0.0190331809197864	0.06259580505672079	0.15489995154597813	0.021048663402225144
DLBCL10782	0.05246433742263858	0.031353396733338965	0.025629112459343673	0.8697830432498459	0.020770110134832907
DLBCL10472	0.0334157103948727	0.04851321012817382	0.7937390110649732	0.11021367438171832	0.01411839403026199
DLBCL10909	0.059525243226159125	0.041535138844781334	0.04860019896303635	0.7946649144008384	0.055674504565184815
DLBCL_C_D_1144_NULLPAIR	0.04553169682147556	0.28781386861990427	0.021284142845281708	0.04032725764770756	0.6050430340656309
DLBCL10994	0.8456898977429278	0.05473324694429021	0.01678482196222563	0.039601488224324764	0.043190545126231626
DLBCL10565	0.0397149316303848	0.05060228287739098	0.8316661976970066	0.06151867316034185	0.016497914634875807
DLBCL_RICOVER_945	0.939453360289601	0.00772558590820338	0.008546132883534471	0.033038263700305166	0.011236657218355959
DLBCL_RICOVER_314	0.010311848535369457	0.8958288808323697	0.028304334104483443	0.017276858051076892	0.04827807847670057
DLBCL_LS2245	0.048507356648508	0.04294021034878332	0.8626655910183365	0.0311876129511053	0.014699229033266875
DLBCL10962	0.010348065781723387	0.9305772447246335	0.026161829817583533	0.009953187013647526	0.022959672662412
DLBCL_LS4616	0.010852996789412237	0.12949142964696156	0.8125903986458977	0.031155653890091284	0.015909521027637246
DLBCL10935	0.8302086399934073	0.09901489195151725	0.011856700260726336	0.03643537631613565	0.02248439147821344
DLBCL10910	0.012880785141982315	0.8610835964171802	0.08403219841967402	0.02603871355675668	0.015964706464406748
DLBCL11437	0.06893264046621782	0.029108679555847228	0.029330738404982504	0.8241864189639403	0.04844152260901209
DLBCL_LS762	0.02268963298209273	0.06258253907817868	0.11165995114947341	0.03297534609442882	0.7700925306958264
DLBCL10927	0.07839726647284706	0.03572572983629109	0.026147142475614022	0.8367172340657393	0.023012627149508545
DLBCL10844	0.9065662800513318	0.017304071510249628	0.012080422092111558	0.024751183136303395	0.039298043210003575
DLBCL10922	0.00906327175676866	0.9614009235178255	0.01257072535519349	0.008080338354717933	0.00888474101549446
DLBCL_DFCI_DLBCL_GOE05	0.008071606500376213	0.9080316340366795	0.03228467071816867	0.00893986676450612	0.042672221980269515
DLBCL_DFCI_DLBCL_GOE07	0.005854249474617365	0.964296239188623	0.01273088370009895	0.005329314943801342	0.011789312692859402
DLBCL10993	0.885188962243334	0.01389370072135571	0.014493700686439046	0.05754102699190912	0.02888260935696213
DLBCL10903	0.006235580516557596	0.9472509974415401	0.02829152779656194	0.0067277289136251535	0.0114941653317152
DLBCL_RICOVER_577	0.010452614373559545	0.03348873950005489	0.9292142074494069	0.014977203769114503	0.011867234907864201
DLBCL_C_D_1118_NULLPAIR	0.9272284868978552	0.01229228948694534	0.007350199820491708	0.027394336588916005	0.025734687205791754
DLBCL10495	0.9156615264338951	0.04227574509725842	0.008072483064906426	0.022632410304731752	0.011357835099208334
DLBCL11658	0.03558623127054503	0.024418910363223925	0.03260830188824486	0.8572295874856124	0.050156968992373784
DLBCL10931	0.9726027057109662	0.0038363737198218568	0.004693310263165633	0.011523217568684086	0.007344392737362177
DLBCL_RICOVER_1106	0.00863634594039049	0.03538296776939627	0.011830219412004527	0.03527577177625787	0.9088746951019508
DLBCL11188	0.0036497990684828978	0.9800327790816762	0.0077847927365880774	0.003429665857947708	0.005102963255305138
DLBCL_RICOVER_1289	0.013813084881199455	0.01397129365025457	0.01097370468767241	0.04098562621703096	0.9202562905638426
DLBCL_LS146	0.003581862772284985	0.9827997109195113	0.005873046147143263	0.003193783969670674	0.004551596191389716
DLBCL11670	0.006787244278822982	0.04837181869055338	0.9051664191699617	0.02527253672382482	0.014401981136837124
DLBCL11470	0.9104763484775292	0.011317751441686327	0.013412188442267409	0.05287105287057706	0.011922658767939924
DLBCL_RICOVER_451	0.950941794088163	0.017427157263767434	0.010655266290879184	0.014449092996460595	0.006526689360729751
DLBCL_LS2599	0.010196471232340323	0.024980416265875535	0.9383756517458411	0.018329608274459806	0.00811785248148318
DLBCL11656	0.00655520957522358	0.012827394805044957	0.955589321371083	0.01179486587653442	0.013233208372114079
DLBCL10781	0.018776081378122637	0.025889839990131308	0.015096896503735425	0.06388978892161898	0.8763473932063917
DLBCL11667	0.005740308532519377	0.01643403321657762	0.9626718150318602	0.009234071190249049	0.0059197720287938035
DLBCL_RICOVER_977	0.9848564546218993	0.002568853790401686	0.002152217058422486	0.0064236748945022525	0.003998799634774238
DLBCL10465	0.004634614514207678	0.014832236566775108	0.9608396779777811	0.01207961081910008	0.007613860122136008
DLBCL10884	0.9812909840176225	0.003571757929089427	0.0034959625228621937	0.00814510933342992	0.0034961861969959778
DLBCL_LS2357	0.03480042673788781	0.030974371185237954	0.02860492160356955	0.8809647979987737	0.024655482474530976
DLBCL10525	0.996414328459844	0.0006765726904167797	0.0006771382347693938	0.0014569694080398237	0.0007749912069299856
DLBCL_C_D_1128_NULLPAIR	0.9841210668219418	0.0035236523716027503	0.002660214122332521	0.006329002358559161	0.0033660643255637905
DLBCL_LS1757	0.9926909045367529	0.0014837255269217345	0.0013637209372838696	0.0029639293702049263	0.001497719628836543
DLBCL11450	0.010840694959447693	0.018997896301475223	0.009752193008092647	0.03660382783885935	0.9238053878921251
DLBCL10885	0.01582177035496944	0.026744386811616866	0.0099333270256255	0.02816535755899135	0.9193351582487969
DLBCL10890	0.008508999911556956	0.035678514191635965	0.01967278070026503	0.013915043247764308	0.9222246619487777
DLBCL11353	0.006264206209607559	0.026766525583162996	0.0248394212819865	0.014341990365983884	0.9277878565592591
DLBCL10535	0.011223040111113839	0.0171975381390853	0.022289881163978866	0.013895885284485735	0.9353936553013362
DLBCL11195	0.00555768751668438	0.028921408089385002	0.011820037165850499	0.01690957390734658	0.9367912933207335
DLBCL11500	0.01600224424911282	0.012225301017147508	0.02023248376483489	0.0263249958188751	0.9252149751500297
DLBCL10921	0.005694025409116546	0.009868371233145204	0.004439229607923032	0.007235481014832838	0.9727628927349824
DLBCL10880	0.011874550127539303	0.011997284435943292	0.009022528153487835	0.007445095414339937	0.9596605418686897
DLBCL_RICOVER_221	0.0038624870460892058	0.013299359223305092	0.008847570770918696	0.011942318662482696	0.9620482642972044
DLBCL10895	0.003455358726189087	0.009722450269153287	0.006529478308718127	0.005207417144753679	0.9750852955511858
DLBCL_RICOVER_850	0.005621664189169927	0.020321103824682607	0.006242249241467862	0.012546610112772975	0.9552683726319067
DLBCL10852	0.0043852760121598335	0.009566724762713643	0.0043138875503786886	0.010505969591579139	0.9712281420831687
DLBCL10951	0.0017536299325714934	0.0047433474309396565	0.0019003709560001046	0.002852100708908243	0.9887505509715805
DLBCL10883	0.003985104286353491	0.00322968942351752	0.0025212692094966852	0.003935080374447561	0.9863288567061848
DLBCL10862	0.0019810889165567543	0.005968495833333143	0.0034229054050173	0.004046863599479551	0.9845806462456133
DLBCL_RICOVER_1248	0.00144950115156667	0.0023495059941001113	0.001004437596822704	0.0023117087244431994	0.9928848465330673
DLBCL10530	0.00048757028479298037	0.0008930650989416557	0.000590478229331421	0.0008337586835135778	0.9971951277034203
DLBCL_C_D_1125_NULLPAIR	0.0010533398504150196	0.002371292987774454	0.0014262989441979578	0.002304515124012212	0.9928445530936003
DLBCL10534	0.0	0.0	0.0	0.0	1.0
DLBCL10486	0.31477798759426157	0.27178774967114055	0.02781608176114601	0.1381029380597076	0.24751524291374422
DLBCL_C_D_1105_NULLPAIR	0.6877588726077805	0.15801706903051635	0.023119790539188008	0.07233736530450555	0.05876690251800965
DLBCL_RICOVER_216	0.04560435928080209	0.27462608976396713	0.3652129691526396	0.050316971891670025	0.2642396099109212
DLBCL11538	0.03860666109427562	0.040516896167676265	0.5790592305969904	0.20896119956957807	0.13285601257147978
DLBCL_RICOVER_773	0.020863813945108715	0.2054209596066728	0.2905497253057087	0.024358397309374044	0.4588071038331357
DLBCL_C_D_1133_NULLPAIR	0.018834859648707833	0.1621590093026444	0.7722223577625865	0.020213042307554073	0.026570730978507276
DLBCL_RICOVER_299	0.014893736502215893	0.2517497755072902	0.6680419134178998	0.01790843302693753	0.0474061415456566
DLBCL10930	0.21898886591465833	0.033644880603337396	0.04332137769231601	0.04293297854446489	0.6611118972452233
DLBCL10934	0.04148898656314697	0.6129096233116416	0.02360213338915881	0.05701884641108698	0.26498041032496567
DLBCL11474	0.6030250115344851	0.053849864116134516	0.015891893141730194	0.26684834678718666	0.060384884420463546
DLBCL11003	0.06344327820138888	0.20330896281891578	0.04055939301838769	0.06767845796068526	0.6250099080006225
DLBCL10780	0.038913707447387993	0.3274408403715003	0.5314157299472098	0.08525442647196642	0.01697529576193552
DLBCL11458	0.05291843294722692	0.0809071991435183	0.8144343656629632	0.018119566758114495	0.033620435488177086
DLBCL10898	0.021487071913340833	0.21384010305521453	0.01913209892837232	0.03197120555271335	0.7135695205503589
DLBCL_LS2590	0.04042099893224099	0.030598044331684157	0.06077877653672474	0.38281142546180774	0.48539075473754234
DLBCL_LS1668	0.04057639817963386	0.5825993931044653	0.14980928578183383	0.1757898010503874	0.05122512188367957
DLBCL11504	0.15372839376472497	0.056528676938428064	0.02989492208812474	0.12045390516634574	0.6393941020423765
DLBCL_RICOVER_496	0.06926174215701127	0.20891909257110294	0.5770492212121754	0.07786282326214104	0.06690712079756941
DLBCL_LS2154	0.6450843033957199	0.10551086834193966	0.08404403625496568	0.11969067744217968	0.04567011456519512
DLBCL10980	0.012948622415916948	0.3564285256748836	0.06021785164225653	0.04173678193418704	0.528668218332756
DLBCL10908	0.06225075535948024	0.1108267024413194	0.6990136456617054	0.053366913974892766	0.07454198256260221
DLBCL10902	0.015361576973970033	0.21515914428265048	0.03427185490540465	0.030277929224619943	0.7049294946133549
DLBCL11681	0.5271281328122077	0.025803097767794624	0.2960668389283413	0.09538133301073938	0.055620597480916995
DLBCL10963	0.022561945755277132	0.3435213277270429	0.03695711507864053	0.07037049554714858	0.5265891158918908
DLBCL_RICOVER_1210	0.016228247037885443	0.7271554035334832	0.19154686623808992	0.04624172904900242	0.018827754141539026
DLBCL10968	0.7154497039527365	0.018080635353693888	0.020181242162928395	0.19517673097866983	0.051111687551971346
DLBCL10985	0.08648663077648333	0.6540296096057998	0.025475936172637832	0.19735364246393083	0.036654180981148164
DLBC_FF_A7CX_TP_NB	0.2631073159242593	0.0719709075327195	0.07381581360256133	0.050749643587844055	0.5403563193526159
DLBCL11441	0.11940390582556369	0.033701261751609146	0.04782591294958218	0.24649145679970585	0.5525774626735391
DLBCL10539	0.024357187412509373	0.7837853929775995	0.03528585010642412	0.10312502463385938	0.05344654486960759
DLBCL11447	0.06069272343691257	0.041131237988723535	0.033121995424308354	0.7040689759491756	0.16098506720087996
DLBCL_RICOVER_1060	0.14950718894975704	0.564993209427754	0.06206531737627122	0.05329469750039549	0.17013958674582225
DLBCL_C_D_1119_NULLPAIR	0.6738623094234709	0.2137425046358298	0.03392436402254448	0.044063397341591835	0.03440742457656294
DLBCL10965	0.1297099062696397	0.02586327912769191	0.04205514373456742	0.7578050918719696	0.04456657899613128
DLBCL11002	0.17312717074071496	0.06783433119340916	0.0601937744567963	0.6773095129275688	0.021535210681510795
DLBC_FF_8062_TP_NB	0.09190525817843039	0.07728422484892136	0.09325732766851733	0.7100060776299304	0.027547111674200573
DLBCL_RICOVER_720	0.02645086732968731	0.3369325080213001	0.05038666766321601	0.021326128295805026	0.5649038286899916
DLBCL_MC_F307_JPS	0.7129643274026293	0.08748182322050357	0.027362474628502637	0.1304367992932668	0.041754575455097726
DLBCL_RICOVER_522	0.13093134936195194	0.07336775567651434	0.5510452710238015	0.22825356122086896	0.01640206271686329
DLBCL_RICOVER_473	0.5760057013698794	0.2701571789857017	0.038285432702682955	0.0762857977148072	0.039265889226928745
DLBCL_RICOVER_506	0.007908306714873171	0.054546389066736645	0.013499689815603906	0.01317691452222439	0.9108686998805618
DLBCL_MC_F218_RAP	0.18919056815425514	0.05180603690290453	0.04895637789619605	0.684680707564074	0.025366309482570314
DLBCL11480	0.7411656579752763	0.05540542736046691	0.08303105218906867	0.09592110479259064	0.024476757682597418
DLBCL10863	0.16083539496759508	0.05185282886779266	0.02515217918155794	0.5455836557838597	0.2165759411991946
DLBCL_RICOVER_956	0.01800085473563989	0.4105377018092805	0.038018458566833384	0.03069486605296087	0.5027481188352855
DLBCL11435	0.8642562818892592	0.012330479575457106	0.015166848711820027	0.08637146606565813	0.021874923757805552
DLBCL10957	0.6743178226362168	0.06747799316989271	0.08759199040138282	0.14773318143094322	0.022879012361564536
DLBCL_C_D_1126_NULLPAIR	0.06185665209480096	0.8723968361626029	0.016803451324195202	0.024907492946154453	0.024035567472246475
DLBCL10906	0.038418761015833976	0.6569531935749531	0.03445085980667603	0.03132247029597617	0.23885471530656074
DLBCL10502	0.025697169404399558	0.623733985228269	0.27912703728782967	0.04573950541141316	0.025702302668088626
DLBCL10532	0.03566566658496609	0.0327934233157257	0.19864917469260207	0.12091875022777393	0.6119729851789323
DLBCL11206	0.02980878733070907	0.5830225934943879	0.1410134459449316	0.02160085624536658	0.22455431698460493
DLBCL10969	0.5458195285472405	0.10028770802171165	0.2238345635979063	0.048314155730107354	0.08174404410303429
DLBCL10482	0.8205254195109812	0.036089954856967484	0.013663827617041793	0.0338533484941379	0.09586744952087159
DLBCL_RICOVER_1032	0.011101252317675841	0.07713828117225903	0.012791657112861825	0.02779873280605433	0.871170076591149
DLBCL10954	0.0197231641756238	0.8046623716636061	0.034303500328774966	0.029805331400797774	0.11150563243119731
DLBCL_LS155	0.026683969315286292	0.03557212128844229	0.7947715792458425	0.12074687973195747	0.02222545041847136
DLBCL_RICOVER_712	0.007196609711079606	0.03935787769929672	0.010954863982903117	0.017522432822123356	0.9249682157845972
DLBCL_RICOVER_701	0.06389403655936732	0.05630488522834336	0.026961106146101425	0.8296561774689627	0.023183794597225207
DLBCL_C_D_1109_NULLPAIR	0.08875103454728528	0.02514576577755675	0.024412944590187998	0.8240064755764397	0.03768377950853028
DLBCL10451	0.721308333184239	0.05403289820239359	0.17730336435182775	0.03012489612345715	0.017230508138082492
DLBCL11433	0.0355415548089718	0.02381589794594507	0.05399985621150202	0.2017464417607551	0.684896249272826
DLBCL11527	0.07064491614712695	0.02766458303595613	0.05991323309701051	0.746165969718114	0.09561129800179244
DLBCL11449	0.02783795569124069	0.7243315664291459	0.030568904128404108	0.02393312179296684	0.19332845195824255
DLBCL10490	0.8084579030604472	0.07041557869168635	0.01609758810208491	0.07135446337365331	0.03367446677212823
DLBCL_RICOVER_1061	0.05638957339657943	0.029611698232036993	0.04043333999209734	0.8550188699295028	0.018546518449783403
DLBCL11472	0.9126808853930319	0.010421083405034476	0.01358318995151337	0.04834896258837385	0.01496587866204637
DLBCL11484	0.025623826335309328	0.8285228973758844	0.048740601954007305	0.031113934230693713	0.06599874010410528
DLBCL_MC_F139_LJF	0.05400743065295043	0.02585263424631858	0.025288133063987858	0.8701558334675182	0.024695968569224857
DLBCL11460	0.03796367924521711	0.02543865642334544	0.022034676145386706	0.8907995742948243	0.023763413891226506
DLBCL10990	0.004287796281438714	0.01459542377350042	0.0048580913897319005	0.00654853349173066	0.9697101550635983
DLBCL10523	0.04488734271698703	0.022320214010427577	0.8419490921235325	0.07809027801423689	0.012753073134815928
DLBCL11486	0.6798358768838076	0.021904401040599805	0.032830489813022376	0.040395333572813906	0.22503389868975626
DLBCL_C_D_1112_NULLPAIR	0.02358528015536846	0.7463350156603337	0.13235374259732077	0.020979327147485544	0.07674663443949152
DLBCL_C_D_1113_NULLPAIR	0.013539059271632604	0.02897411588448341	0.9253086931794463	0.018415757513229693	0.013762374151208037
DLBCL10498	0.013888246423749893	0.04479837889103032	0.906821269427678	0.027118288251043822	0.007373817006497863
DLBCL_RICOVER_744	0.02719899222703126	0.0224380660209144	0.9259971297972479	0.014922225563036847	0.009443586391769588
DLBCL11457	0.8933488825239134	0.013103937714846019	0.01726212681339965	0.05594200261518496	0.020343050332655946
DLBCL_MC_F064AB	0.012214604509495864	0.028918568477558318	0.9068611508244379	0.03842535748093467	0.013580318707573253
DLBCL10972	0.8093735378583212	0.028456093461271665	0.028760374606818448	0.05485894755914906	0.07855104651443963
DLBCL10860	0.0033756749490957603	0.011883128812301223	0.007372471430012372	0.007973446275852954	0.9693952785327377
DLBCL10857	0.017446081210466636	0.015862593694209722	0.005817434386315763	0.024214440211330738	0.9366594504976772
DLBCL11526	0.02850876906724396	0.02294761419692232	0.9160598524561812	0.02483966825429834	0.00764409602535424
DLBCL_C_D_1131_NULLPAIR	0.017803032788914725	0.8188189121096642	0.08117447509584488	0.01317964071175838	0.06902393929381785
DLBCL10999	0.015816848263799185	0.032243789581900245	0.04951992356551359	0.15192257472173365	0.7504968638670534
DLBCL10834	0.035419540007014985	0.9203503013604458	0.020555940785458266	0.012247493822264746	0.011426724024816143
DLBCL_C_D_1141_NULLPAIR	0.008882542030735349	0.03123042599334519	0.9281769983664676	0.011518333516961509	0.020191700092490338
DLBCL11675	0.024646751955243504	0.01777673614374644	0.8499922741992411	0.05774847174933532	0.0498357659524337
DLBCL11666	0.0044068963552824775	0.010898210872311919	0.9722611331499744	0.008605283981223137	0.003828475641208038
DLBCL10483	0.017261245726209427	0.743320120858632	0.15845236252884312	0.012614545348602704	0.0683517255377128
DLBCL_MC_F349_BJJ	0.005546385939708361	0.009730933682892613	0.9686206165568519	0.00762879619624734	0.00847326762429973
DLBCL_RICOVER_1165	0.010565810871039052	0.9331127820527211	0.02741441729146086	0.007223646775628437	0.021683343009150625
DLBCL10459	0.004982879576814269	0.012642139030237759	0.9655042182872143	0.010870005836703327	0.006000757269030264
DLBCL_LS1098	0.004075177552773255	0.00998548089828479	0.9733589450405511	0.00850312432378942	0.004077272184601467
DLBCL10460	0.008226831129716547	0.9551647005181437	0.022959887771687414	0.00593267951612138	0.007715901064330878
DLBCL10925	0.013177453256672113	0.016651923470297196	0.00582272909042818	0.022961077705882137	0.9413868164767204
DLBCL_RICOVER_1192	0.003238502954666485	0.006189055226210943	0.005430086962786512	0.004665914211359107	0.980476440644977
DLBCL10977	0.0019200817472068822	0.002710511983598244	0.0021506736177156526	0.002345044885515137	0.9908736877659641
DLBCL_RICOVER_174	0.007926066896282053	0.9724833542878737	0.007517378723873303	0.005851074873751669	0.006222125218219315
DLBCL11000	0.0022155815606220183	0.004749600858614906	0.0032014112334180036	0.00629053303258618	0.9835428733147589
DLBCL_RICOVER_253	0.009603017539954635	0.9653986052354363	0.012569853255059228	0.005144341256503577	0.007284182713046248
DLBCL10889	0.0021066123926384885	0.004053417793841571	0.002602838023447474	0.0056870358003864975	0.985550095989686
DLBCL10842	0.0005518302455423977	0.0010257916567413031	0.0006948557389866464	0.001166419949309873	0.9965611024094198
DLBCL_MC_F262_WLC	0.9825334012119477	0.0033422493931768095	0.0022756135975845054	0.007709181419743079	0.004139554377547967
DLBCL10850	0.012102358111107058	0.9546994283991762	0.014904548626728124	0.005848848593692732	0.012444816269295902
DLBCL11205	0.9003637361213445	0.02942239914259062	0.03605234201941172	0.024683339583389717	0.009478183133263486
DLBCL10901	0.0018387426454068256	0.002703534258832815	0.002164314487826228	0.0036717885102257397	0.9896216200977084
DLBCL11512	0.9005678056936712	0.023960307021329508	0.015874200437160063	0.04986848578652634	0.009729201061312899
DLBCL_LS378	0.9773293018207408	0.006948311196325272	0.00498589024952414	0.007457199092382754	0.003279297641026981
DLBCL10458	0.9965887634869439	0.0007461894051976944	0.0007175714296439793	0.0013005354952797534	0.0006469401829346376
DLBCL11483	0.17578668431758915	0.2867679207403323	0.18959238208205617	0.12303246841276003	0.22482054444726227
DLBCL_MAYO_DLBCL_234	0.2666831336786169	0.04906700892644402	0.2201128796489355	0.4100768622297257	0.05406011551627798
DLBCL_MC_F927_JHS	0.07745337618427187	0.47692642164221793	0.12184316022371011	0.07406482476773817	0.24971221718206188
DLBCL11467	0.07620868748991218	0.1532476586437687	0.09660668236748594	0.4502734608171783	0.223663510681655
DLBCL10454	0.5691225387902968	0.06004799415520114	0.05714764223778337	0.04729916521991558	0.2663826595968031
DLBCL10971	0.11669685913807575	0.30918531925250725	0.03156505420839297	0.11968394173900417	0.42286882566201983
DLBCL10487	0.13052457255667518	0.2769502750956229	0.05681827546689856	0.4884563958515974	0.04725048102920593
DLBCL11469	0.017933904896942465	0.49104812279306403	0.31006709654494324	0.02350501319473287	0.1574458625703174
DLBCL10907	0.09451272222540809	0.5209607751607643	0.021306887674237465	0.06075219464079574	0.3024674202987943
DLBCL_RICOVER_575	0.07798576489492219	0.1663631533249037	0.07646418615539456	0.6600584233185811	0.019128472306198442
DLBCL11657	0.03781789415855349	0.12037617604921123	0.6492654525503003	0.1675550797415459	0.02498539750038903
DLBCL10492	0.5054077027046809	0.020988828204412776	0.02681986133303903	0.09293185165415103	0.35385175610371633
DLBCL_C_D_1166_NULLPAIR	0.014369605141658076	0.31165197137841183	0.036127284413908375	0.023791211791559488	0.6140599272744622
DLBC_FF_A7CW_TP_NB	0.016900116365170616	0.4573891347591096	0.057075803370566676	0.07633516582595222	0.39229977967920104
DLBCL_RICOVER_258	0.46889115512377816	0.05267386309679725	0.18912232456300612	0.07111101363442614	0.21820164358199226
DLBCL11683	0.04358807882963359	0.07051265465974008	0.6663922245372517	0.19077687901273432	0.028730162960640317
DLBCL10877	0.19193992074705155	0.6581810266260913	0.052619508027686626	0.05032263133300898	0.0469369132661615
DLBCL11498	0.20146191001800728	0.6694554367679805	0.028615716586275253	0.03321501404936729	0.06725192257836969
