	0	1	2	3	4
DLBCL10874	0.095737616071799	0.3033962139617339	0.027775955286957327	0.15785779839190062	0.4152324162876092
DLBCL11534	0.048756585514537175	0.027988881885204986	0.4453397720691373	0.17935472418736528	0.2985600363437553
DLBCL_BWH_DLBCL64	0.1834945172469688	0.2273969375618334	0.05610755510669492	0.5156360430778184	0.017364947006684436
DLBCL10986	0.7080452048753675	0.037333926719042544	0.10494152932488494	0.11647645678060738	0.03320288230009762
DLBCL_RICOVER_711	0.2659100035222162	0.2551883834704826	0.02209740097126909	0.4224556895646774	0.034348522471354594
DLBCL11431	0.14019214316232168	0.1386549296717857	0.1265496113657067	0.08605632255234132	0.5085469932478446
DLBCL_C_D_PAIR13	0.13427708251125628	0.1338413631235193	0.13097475962652147	0.08602976601835843	0.5148770287203446
DLBCL_LS1304	0.021531105494181944	0.02654171198051164	0.5826753116113274	0.03630607964906667	0.3329457912649124
DLBCL10915	0.06844274178414418	0.12699759968652183	0.04728899564510099	0.3561129322201438	0.40115773066408916
DLBCL10867	0.02974536094964813	0.29836850006765725	0.021338534458451325	0.04110921690691195	0.6094383876173314
DLBCL_RICOVER_787	0.22651295927377604	0.5201477034993367	0.045760870428032965	0.18150297373606827	0.026075493062785983
DLBCL_C_D_1148_NULLPAIR	0.4888480245936682	0.011606845059240535	0.11594963124595108	0.35896280808972686	0.024632691011413316
DLBCL_RICOVER_111	0.11527283468953207	0.027726828858132567	0.30583373451057966	0.07317747863619978	0.47798912330555593
DFCIDL004_DT	0.28974810932543044	0.014079862035101155	0.026000426072871428	0.14403994849397597	0.526131654072621
DLBCL11491	0.14887086293256002	0.01644910678978123	0.08524881170448587	0.6537302122605959	0.09570100631257701
DLBCL10981	0.03539821804149927	0.8163503928734189	0.03549138867490627	0.06765328786748558	0.0451067125426899
DLBCL10846	0.13057618831279424	0.7008593773752595	0.022246681802357893	0.07554154242026416	0.07077621008932423
DLBCL_C_D_1159_NULLPAIR	0.23904472285906003	0.01609951844888662	0.030619886969329876	0.688348277358006	0.025887594364717447
DLBCL11652	0.5120657314448508	0.36715574257426337	0.03697561621096324	0.03950924222688236	0.04429366754304023
DLBCL_LS2325	0.04081596036840368	0.36947185013556677	0.540754571946092	0.02788352970208299	0.021074087847854615
DLBCL_LS951	0.8201357719325628	0.062421062844841085	0.036310477834072444	0.07209984017473034	0.009032847213793372
DLBCL10491	0.05189018758690179	0.2999841706895282	0.09517164722461341	0.5334509142128898	0.019503080286066746
DLBCL10878	0.13226562125241956	0.013431504852213996	0.018573997881099646	0.06038916432430756	0.7753397116899592
DLBCL10456	0.03752888912712821	0.01435099489553904	0.045095015060734024	0.8503885720703769	0.05263652884622178
DLBCL10858	0.03983328615987091	0.011883575845602092	0.02677957218359377	0.18087028654991455	0.7406332792610187
DLBCL10894	0.12090211238750283	0.7837532028348718	0.019255711524418944	0.058331854748704635	0.017757118504501748
DLBCL_RICOVER_1046	0.013274056601453749	0.2676108924237272	0.6444117280729141	0.022344491088788606	0.052358831813116305
DLBCL_RICOVER_1045	0.7411771193265146	0.02561831124775344	0.015248685784367067	0.1865798922896457	0.031375991351719104
DLBCL10891	0.0110054189695789	0.01022618110330515	0.044139526451453304	0.04686104840685838	0.8877678250688043
DLBCL10868	0.06401259077462457	0.018964654878491492	0.02607918354810425	0.7737976381696005	0.11714593262917923
DLBCL10835	0.01163208804997541	0.05619477653102498	0.012095632118624598	0.041753964841162894	0.8783235384592121
DLBCL10513	0.11996845573160005	0.040097576788666066	0.1163585794552903	0.7101165633390135	0.013458824685430066
DLBCL10914	0.779396658124705	0.11411481483435272	0.05684683036688887	0.02942989402078082	0.020211802653272496
DLBCL_MAYO_DLBCL_3653	0.8102522989372035	0.0201482811132873	0.022605459152355067	0.0754212447431488	0.07157271605400532
DLBCL10866	0.010078483305918517	0.009177956597632745	0.013350037103517603	0.03114362244491794	0.9362499005480132
DLBCL10879	0.013361047763166801	0.012199358143437266	0.8719325681065107	0.04764188104538248	0.05486514494150283
DLBCL10833	0.05039069529553409	0.012335229313504132	0.013515691087754043	0.04630551359121803	0.8774528707119897
DLBCL_LS1921	0.01391787583689007	0.9352940928164756	0.01850252370602722	0.024190101517607816	0.008095406122999358
DLBCL_RICOVER_478	0.10886173319998817	0.7629527897344284	0.024936142667016017	0.016540674142637508	0.08670866025592998
DLBCL11539	0.9720853167403516	0.0021595930612005776	0.0073656885105895225	0.01492018826875329	0.003469213419105066
DLBCL11429	0.9456304737665563	0.0039011822888728605	0.007569173512066254	0.030393700930288182	0.012505469502216409
DLBCL_RICOVER_985	0.030877158869586335	0.01856776753308225	0.06237139253483663	0.8593896648266335	0.028794016235861333
DLBCL10950	0.9115490994125	0.008969973687003375	0.01287656341677614	0.041033210189742625	0.025571153293977907
DLBCL11479	0.026489175401896194	0.8619284756806297	0.06002005936625636	0.015109448036735766	0.036452841514481964
DLBCL10544	0.041628952302968876	0.014679249682400246	0.03861346568631645	0.8058884766659323	0.09918985566238206
DLBCL_MC_F606_DMJ	0.010602312226401319	0.08207771031016083	0.8758253045501695	0.017929512498819907	0.013565160414448463
DLBCL11661	0.008363897000862831	0.9506512108082362	0.016539687567460725	0.018030765204495192	0.006414439418945047
DLBCL10521	0.012680449197603241	0.07964875645489163	0.010131617499354515	0.012478155673814089	0.8850610211743365
DLBCL11520	0.9251087132443757	0.005636072496193751	0.00893940995839407	0.02458372612084349	0.035732078180192944
DLBCL10836	0.008568868132954908	0.004864314203346564	0.009975582557447597	0.016113147431302884	0.960478087674948
DLBCL_RICOVER_1287	0.009535565114628735	0.04110709173710888	0.012071115362097616	0.014687899092499278	0.9225983286936655
DLBCL11481	0.9309795356798463	0.0062653707210397385	0.02689872819553315	0.019689645240866503	0.01616672016271433
DLBCL11537	0.9090373362929461	0.006666608915654787	0.01254359968304314	0.02295511879804041	0.04879733631031557
DLBCL11662	0.9169636155607508	0.009406191343222858	0.007247778982242473	0.03427129801265981	0.0321111161011241
DLBCL10547	0.04173863310543528	0.015650027565981085	0.026710645501874845	0.8937491039970429	0.022151589829665957
DLBCL_RICOVER_950	0.03570612310705287	0.013028555759735666	0.049549296095644645	0.8829447577007631	0.01877126733680372
DLBC_FF_A7CQ_TP_NB	0.006230800829548513	0.005664466923817397	0.0053926012897431925	0.012233007217994207	0.9704791237388967
DLBCL10494	0.007421829227500561	0.9416159209953952	0.033833308772914274	0.00838670352690254	0.008742237477287532
DLBCL11564	0.03657030375911554	0.01354748098889242	0.024163632408352485	0.9080620682988958	0.017656514544743797
DLBCL11459	0.03632551778681446	0.011121114160480996	0.02333543125930806	0.9109473915153149	0.01827054527808158
DLBCL_MC_F500_ECU	0.0033436026760871734	0.9801149993580037	0.006103826566052334	0.004723042503297798	0.005714528896558967
DLBCL_LS3749	0.0019701994134472636	0.9910942849718737	0.0028358441541126954	0.0024513773609634477	0.0016482940996028945
DLBCL_MC_F815_BAT	0.018617849092889185	0.030861768817140547	0.850776569737069	0.08144095935974245	0.0183028529931588
DLBC_FF_8046_TP_NB	0.019144228393332192	0.0076176773316720256	0.9426777716620856	0.02009744544645785	0.010462877166452432
DLBCL_LS3200	0.007901416698460447	0.042993702839212125	0.009202876633925413	0.008871322175801503	0.9310306816526005
DLBCL10900	0.006667523672999058	0.0053270013943560075	0.005496242201390475	0.012326340995021263	0.9701828917362332
DLBCL10536	0.019821557205661047	0.09520035392192838	0.8086119088791642	0.0570098353546325	0.01935634463861386
DLBCL_LS1395	0.014065330757543503	0.03740198445167131	0.911253604783869	0.014048925261880672	0.023230154745035557
DLBCL11462	0.9462610247436544	0.004750669730601742	0.012448581079730207	0.01424866286399818	0.022291061582015548
DLBCL10887	0.002727444295330862	0.00478810629387252	0.00771447436967304	0.00631859836647638	0.9784513766746472
DLBCL11461	0.9840715988048343	0.00209682946127307	0.0031814811384233057	0.00854531191594774	0.002104778679521615
DLBCL_RICOVER_829	0.9733009579824506	0.004646329257101927	0.0030240089640005976	0.01336109730945329	0.005667606486993576
DLBCL10529	0.0042828104752807685	0.0188759531902799	0.007179340356156284	0.00887635539147967	0.9607855405868033
DLBCL10853	0.00469079934097406	0.00411404105299626	0.004292893635352727	0.006200359629041138	0.9807019063416358
DLBCL11203	0.0030661612969449213	0.985539250980801	0.0038549571985942357	0.004055460607787031	0.0034841699158728247
DLBCL_C_D_1129_NULLPAIR	0.9685402574963555	0.0031506466790109143	0.007833401190298865	0.011131529090393683	0.009344165543941012
DLBCL11507	0.01267452298254133	0.9404137127845856	0.030436004184362625	0.007027199018946895	0.009448561029563521
DLBCL11672	0.009851887529885393	0.0063193632959657855	0.9477507660808586	0.023602760544692878	0.012475222548597283
DLBCL11476	0.005710480113181756	0.008041914735575924	0.0035868014611461726	0.005385121820825115	0.977275681869271
DLBCL10945	0.9569710299100815	0.004954568719300137	0.005365908360342635	0.014295961548244501	0.0184125314620312
DLBCL10912	0.9947833993167322	0.0007014845613869336	0.0010538945274585463	0.0025994033406953995	0.0008618182537269488
DLBCL10466	0.005739655757201874	0.014485688439377923	0.9486444099754738	0.02168657154621203	0.009443674281734376
DLBCL10515	0.9848057241170628	0.0028114434146354955	0.0020373399093390034	0.007474619003918954	0.002870873555043786
DLBCL10847	0.008868243297070906	0.01325601389031793	0.004850535576135036	0.005350594794657178	0.967674612441819
DLBCL10992	0.0017264927543593092	0.002005305763651669	0.002694269362970365	0.00324790539647684	0.9903260267225418
DLBCL_C_D_1130_NULLPAIR	0.9976150224677334	0.00037783033547567253	0.0004137927624787364	0.0010314440999356514	0.0005619103343765744
DLBCL_C_D_1114_NULLPAIR	0.9897448477458877	0.0012797415216159107	0.0016367655571779879	0.00557148126684868	0.001767163908469714
DLBCL10555	0.016662746655863495	0.009988220885070809	0.9582707745382182	0.010970617482577877	0.004107640438269649
DLBCL10550	0.0023233460811913605	0.003000446147941162	0.0035344343853941883	0.003802966421392258	0.987338806964081
DLBCL_RICOVER_449	0.0015131865083629315	0.0018032498846276613	0.0014743707876365686	0.0022685873893398016	0.992940605430033
DLBCL_LS297	0.0032561542189193425	0.0027153209755189827	0.9837823130792895	0.0076848420596189754	0.002561369666653173
DLBCL11685	0.0029890383096829115	0.00324925409301763	0.9791434823535975	0.006827941263657972	0.007790283980043994
DLBCL_MC_F519_ALT	0.0011473230677596495	0.0019938437291813485	0.0011458061055395028	0.0014308283913544559	0.9942821987061651
DLBCL_RICOVER_417	0.0011077622156855597	0.002075691777532443	0.001755879081334751	0.002394418068443737	0.9926662488570035
DLBCL10997	0.990442403580731	0.0013256832517731356	0.0014478768357819131	0.004482384747231586	0.0023016515844823415
DLBCL_C_D_1163_NULLPAIR	0.0019241625695966451	0.0029377940265900735	0.0025707942885925977	0.0051166605224289485	0.9874505885927918
DLBCL11558	0.003379936031205711	0.003273010087923853	0.9852304515598427	0.006335750782019895	0.0017808515390079003
DLBCL_DFCI_DLBCL_GOE16	0.0007949118457773064	0.0008686810492039676	0.9956947188149694	0.0018423389896305002	0.0007993493004188345
DLBCL_MC_F729_MAN	0.0014678584734857314	0.9939244547479701	0.0016478347799221635	0.0009585579299047049	0.0020012940687173003
DLBCL11680	0.00527498700574873	0.003668123088978377	0.9828923346816769	0.0054513398008650136	0.0027132154227309264
DLBCL11428	0.001010249238804938	0.0011763594159740233	0.9951400104974277	0.0018626696381778397	0.0008107112096154448
DLBCL10510	0.004957334093568724	0.9818627254273978	0.003569886573627491	0.003140816722590035	0.006469237182815921
DLBCL_RICOVER_440	0.009884148650880324	0.9232016930107789	0.04824094954790294	0.0060297945427159865	0.012643414247721868
DLBCL_LS1065	0.001981514495245592	0.9924110105759206	0.002159505346372392	0.0014573368095964717	0.0019906327728649266
DLBCL_C_D_1108_NULLPAIR	0.003780150702858675	0.9823445940144144	0.003750580180364085	0.002566880969872148	0.007557794132490666
DLBCL_MC_F089_HCZ	0.001556896051033228	0.9897017915143317	0.003938451858387456	0.0020951829207892774	0.0027076776554583537
DLBCL10983	0.0068611742555545144	0.9730797457726694	0.005301244661853228	0.004845714062697436	0.009912121247225366
DLBCL10911	0.00044734862897608354	0.9981495652084703	0.0005833634051099623	0.00034698601913801114	0.000472736738305638
DLBCL10461	0.0015521538361217809	0.9902252522714193	0.0033967243209340994	0.001534764553374208	0.0032911050181506324
DLBCL11565	0.0008866208606235998	0.9959806489543369	0.0011379215602007765	0.0008925708467314939	0.001102237778107248
DLBCL_C_D_1136_NULLPAIR	0.0012004519482749112	0.9951394120489375	0.0013140065943626968	0.001126077550538625	0.0012200518578862822
DLBCL11536	0.05379865293339044	0.44290036778400027	0.041903540323346256	0.3859169942239031	0.07548044473535992
DLBCL11528	0.29014748225562464	0.2812847591417868	0.36821387865099664	0.03190465230445685	0.02844922764713515
DLBCL11204	0.26765060368698546	0.580874558731067	0.031071805018592132	0.05211617473881506	0.06828685782454041
DLBCL11590	0.1952575515742717	0.01533731036601572	0.4914833886996148	0.2383016324325405	0.05962011692755733
DLBCL10503	0.049112696274227735	0.5030392046277594	0.17627027338980622	0.0421150761810206	0.22946274952718607
DLBCL11202	0.20453232690098527	0.05918747137741567	0.6148573066366175	0.11185162815744608	0.009571266927535535
DLBCL11436	0.16520660844207063	0.5304220274782968	0.02950331193838777	0.21660511769613047	0.058262934445114364
DLBCL10974	0.05647185114346889	0.022837568693496756	0.05523183844331707	0.5606827570586065	0.3047759846611108
DLBCL10936	0.15903126647884197	0.46898612833802683	0.1471645696778332	0.10990081343497204	0.11491722207032604
DLBCL10885	0.05857624207706098	0.7072954237231713	0.01738317723703776	0.03976098477931477	0.17698417218341506
DLBCL11430	0.670659208644845	0.014465522696064305	0.05470154083801497	0.2416525917027149	0.018521136118360943
DLBCL_C_D_1117_NULLPAIR	0.15015837782210936	0.5600597828668579	0.02267494840454997	0.2362414767060475	0.03086541420043525
DLBCL_RICOVER_910	0.19282999917505123	0.1726514570834672	0.04130371233669067	0.5662671363988607	0.026947695005930125
DLBCL_DFCI_DLBCL_GOE05	0.009909878156356272	0.6133960770953405	0.08433766548461694	0.0217585900417136	0.2705977892219727
DLBCL10512	0.018447944066762718	0.09702597030728531	0.6901600801621753	0.035639305057711256	0.1587267004060654
DLBC_FF_8042_TP_NB	0.015718392585225904	0.1509805860512957	0.07935282955356517	0.05247893130362894	0.7014692605062843
DLBCL11519	0.5909809751621969	0.030796470969582376	0.027644565995416225	0.3350290641214155	0.015548923751388994
DLBCL11515	0.02277720203410174	0.0792136696620629	0.7316820073415737	0.03423942138376389	0.1320876995784977
DLBCL10553	0.040992218991660084	0.02713319193091386	0.2868724628528672	0.5869092705602189	0.05809285566434
DLBCL10962	0.032118190434086216	0.8266181552921468	0.07201724565434843	0.02896832769373281	0.04027808092568571
DLBCL_RICOVER_1018	0.07161329422117224	0.17873609457223985	0.03135269033956867	0.6804650008888563	0.037832919978162974
DLBCL_LS2208	0.020023365071348845	0.07721158654228333	0.16657055027263598	0.04134418477518602	0.6948503133385459
DLBCL11496	0.7653740161466747	0.019157917950545573	0.03133502590753931	0.04323961930403731	0.14089342069120322
DLBCL10871	0.04443147008053508	0.8542436490054722	0.027722024917858898	0.015888881563722305	0.05771397443241151
DLBCL10517	0.011048789660153342	0.7199576854171088	0.20873662131842918	0.029150898676432255	0.031106004927876466
DLBCL10921	0.03232416013738689	0.3471062020868914	0.01849309886076306	0.022677839653438756	0.5793986992615199
DLBCL10909	0.06849622460186301	0.017415429966286585	0.057515541620818754	0.7180250173910735	0.13854778641995816
DLBCL_RICOVER_314	0.013792888343751896	0.12066070657139565	0.053604883188210835	0.040598334717075434	0.7713431871795662
DLBCL10910	0.016786046170454684	0.09014765627322088	0.7512729987895845	0.11197775008407088	0.029815548682668985
DLBCL_LS3499	0.09808087751636778	0.13985226721569607	0.046723418937662686	0.6803055571125309	0.035037879217742575
DLBCL_C_D_1156_NULLPAIR	0.7943803442585627	0.022179183824769806	0.018178594658707584	0.14718402541209757	0.01807785184586234
DLBCL11576	0.057225922032629536	0.19073852161104354	0.06523708150691401	0.6579280291953096	0.02887044565410334
DLBCL10565	0.038550378067387946	0.014815272999670363	0.8666210064717396	0.06937796886331406	0.010635373597888098
DLBCL_C_D_1118_NULLPAIR	0.3628528699060459	0.5423732255000397	0.017057795910622574	0.04546992249407376	0.032246186189217985
DLBCL11478	0.583701490473368	0.04337637499313212	0.30941237599873883	0.045324268939683436	0.018185489595077774
DLBCL10782	0.11740310571282388	0.04386358502995032	0.032958919469652036	0.7826066610202339	0.02316772876733979
DLBCL10994	0.8535376935186052	0.03434170796522963	0.015324718837426761	0.04418117719558934	0.052614702483149055
DLBCL11437	0.06892870994577803	0.010596154019743616	0.0361207753863468	0.8185916145290684	0.0657627461190632
DLBCL10552	0.3145870339008678	0.022234300902297225	0.06194451549537348	0.5836984982309168	0.017535651470544703
DLBCL_LS4616	0.009436074885270053	0.1172317371512991	0.826540121883653	0.02917359848307158	0.01761846759670626
DLBCL10844	0.8859579992819687	0.020720284933264638	0.010513168998206892	0.02450555432531462	0.05830299246124517
DLBCL10564	0.042335056473351125	0.026286008896860467	0.04680516055298019	0.8627505942940822	0.021823179782725965
DLBCL_RICOVER_274	0.04670380631862971	0.0566023173580914	0.02678803999215223	0.8242481817184566	0.045657654612670066
DLBCL_LS762	0.022614601846920525	0.02217661176638123	0.10264842739525326	0.03382451837623132	0.8187358406152137
DLBCL10549	0.023959517725733768	0.8221072856775621	0.12318275443646531	0.017313632060952086	0.013436810099286751
DLBCL11488	0.779639564092257	0.011910670426993463	0.012173743193925585	0.06725550523604017	0.12902051705078377
DLBCL_RICOVER_1106	0.007347960126953812	0.032904489818036155	0.010429073301290826	0.02666795480244151	0.9226505219512777
DLBCL11658	0.03636353126717342	0.010688764342512728	0.035792164023685576	0.8771162861825564	0.040039254184071824
DLBCL10472	0.019229963083677602	0.014594821614860379	0.8889296593796836	0.0675942525680883	0.009651303353690077
DLBCL10927	0.05630617175072512	0.012242491237086608	0.02273883680656382	0.8912316663034121	0.017480833902212417
DLBCL_LS2357	0.03366834582940094	0.010986951869779141	0.021849191471859673	0.9147258456705004	0.018769665158459826
DLBCL_RICOVER_1278	0.046058051014669414	0.0225583704633446	0.025639814667526916	0.21824934425304818	0.6874944196014109
DLBCL10993	0.8618451203552049	0.007433012747853481	0.02243310991112447	0.08073218060240081	0.027556576383416347
DLBCL11656	0.007274622958604787	0.005584081955481939	0.9446601322859701	0.015655895401347403	0.02682526739859575
DLBCL_RICOVER_978	0.7394688160514145	0.014526582961487221	0.07719159592578688	0.15121660775542337	0.017596397305888103
DLBCL_RICOVER_467	0.01729343062938624	0.6343617474717288	0.03070053917774021	0.014960439502298995	0.3026838432188458
DLBCL11671	0.9452069004744361	0.007929671494716316	0.009868763853105	0.03205855952802336	0.004936104649719196
DLBCL_LS2089	0.006826769282661132	0.9559018803091265	0.00865426891374888	0.004882678566479812	0.023734402927983705
DLBCL11470	0.8909910258908588	0.0059382145839051	0.01776972681480827	0.07167559359518443	0.01362543911524348
DLBCL11456	0.017888132084966615	0.8954979628439363	0.034523282829739536	0.0417039917184648	0.010386630522892747
DLBCL_LS2245	0.05709153690854433	0.7467060246290408	0.15178946253695313	0.022891197805916173	0.021521778119545584
DLBCL_RICOVER_945	0.920682438598517	0.01964850122780114	0.006918136355048785	0.03896534793338805	0.013785575885245073
DLBCL10856	0.03873224833099714	0.05204725697862344	0.30240946033805693	0.03733108448734463	0.5694799498649779
DLBCL_C_D_1144_NULLPAIR	0.01872551582551767	0.04316907397890172	0.00901067234140881	0.01760353833310156	0.9114911995210703
DLBCL_LS4054	0.01726300143327552	0.9386480760068054	0.01074956501742256	0.01742220964561835	0.01591714789687814
DLBCL_RICOVER_577	0.004364135873536305	0.004281662756187484	0.9801433187954879	0.00610047789206345	0.005110404682724926
DLBCL10935	0.9194059265956974	0.032515163486925236	0.00584166850308777	0.025084618118479955	0.017152623295809615
DLBCL10465	0.0006254065734892432	0.000954866710610554	0.9961729753378844	0.0014863744937376915	0.0007603768842781433
DLBCL_RICOVER_850	0.008414454996792027	0.02825999750062857	0.0136734173784977	0.031140777155475224	0.9185113529686064
DLBCL11667	0.0007317694877112826	0.0008871573326465078	0.9962761008366471	0.0013545223493353876	0.0007504499936597796
DLBCL11566	0.008004107945414451	0.018840461099321186	0.9547878043250834	0.012729056884222498	0.005638569745958474
DLBCL11670	0.0020242365950787866	0.003518736111961793	0.9843329925561023	0.007113131959245589	0.0030109027776114876
DLBCL11673	0.0059291706022557514	0.9678831396809233	0.014362308954160585	0.006599985089553538	0.005225395673106751
DLBCL_RICOVER_1289	0.014835144154951671	0.010670814559388545	0.01377244792009595	0.05347745454068905	0.9072441388248748
DLBCL10931	0.9652916439866267	0.0027750043540116297	0.0059287461709140905	0.017350200335382423	0.008654405153065184
DLBCL10495	0.9678855975943653	0.009292653993391593	0.003287934938744803	0.012670833949812041	0.006862979523686282
DLBCL_RICOVER_408	0.009267835259959226	0.9575859784801128	0.01907990666453079	0.0060437077910516545	0.008022571804345445
DLBCL_RICOVER_977	0.9752504039393728	0.00257577376720763	0.0036410651236554853	0.012588431630140676	0.005944325539623468
DLBCL10903	0.003557276965636739	0.9704177186491671	0.015281007064456918	0.004125175714916931	0.006618821605822269
DLBCL10922	0.0053738471095819045	0.9772730102242253	0.00667123842678513	0.004571938894597715	0.006109965344809907
DLBCL10895	0.006647522556513532	0.024945598472192923	0.012075484525970452	0.008282590329750006	0.9480488041155731
DLBCL11195	0.0030461177268695763	0.010664917772983555	0.005760624921625156	0.008037680851841648	0.9724906587266801
DLBCL_RICOVER_1248	0.0017812484431363035	0.003140379681576975	0.0014459469339932883	0.0024769058649730122	0.9911555190763204
DLBCL_RICOVER_451	0.9802817634417542	0.0028183449510773844	0.005359043360978271	0.008333188076209109	0.003207660169981035
DLBCL_LS2599	0.011124634737778501	0.012102852932786306	0.9529696964386064	0.01908554206601258	0.004717273824816219
DLBCL_LS1757	0.9900842962788099	0.001640520564131471	0.0015952512955665556	0.004939424276806551	0.0017405075846854768
DLBCL10781	0.003810984278859037	0.005335076199353247	0.004221529784239575	0.009936688574790443	0.9766957211627577
DLBCL_RICOVER_221	0.0017644728801934897	0.004042055170476804	0.002868120101853041	0.0034981040495666573	0.98782724779791
DLBCL10535	0.005775761691467387	0.008498546638624949	0.009266760222012414	0.0063560821972302225	0.970102849250665
DLBC_FF_8043_TP_NB	0.007311228993052922	0.9773834025975123	0.00623476233628278	0.0034306154040014995	0.005639990669150477
DLBCL10880	0.008949311829982659	0.005395435083838888	0.00823611752562845	0.005385488435381688	0.9720336471251683
DLBCL_DFCI_DLBCL_GOE07	0.0032802019680314995	0.9861780733709604	0.004200358966313401	0.002217248197717922	0.004124117496976744
DLBCL_C_D_1128_NULLPAIR	0.9933025171544992	0.0009833390309533822	0.0011043954982164089	0.003033100230525768	0.0015766480858051624
DLBCL10884	0.991219317960011	0.00099673577638408	0.0016650243561879335	0.004609011265129404	0.001509910642287648
DLBCL10452	0.00315905456852852	0.9802411010041592	0.006832404902757798	0.003097014065050116	0.006670425459504422
DLBCL10852	0.0066675525091865	0.009550882701181547	0.007091110840464566	0.02198205091484118	0.9547084030343262
DLBCL_LS3245	0.0034206365700384317	0.9746618512223926	0.012359910986642565	0.004288714772394082	0.0052688864485323575
DLBCL11450	0.003322628601513755	0.00698747713106529	0.0035283863574026683	0.007358788538705454	0.9788027193713128
DLBCL10951	0.0009000516575930267	0.0016752394160106257	0.0009858692334356893	0.001182238605740038	0.9952566010872206
DLBCL10525	0.9831746741301031	0.0015558937319756336	0.004228948380801925	0.006813391625063025	0.004227092132056354
DLBCL10890	0.0025709063985138426	0.00479782108707669	0.004693684278035318	0.004133153936106518	0.9838044343002676
DLBCL11353	0.0032943442804626304	0.009560988270498935	0.008744728848687893	0.006119527652184174	0.9722804109481664
DLBCL10530	0.0013057590244723272	0.003007091828168121	0.001765979656535944	0.0020153990527790573	0.9919057704380445
DLBCL_RICOVER_533	0.004131041269242415	0.9850816943637	0.004718165801535433	0.003253348361307198	0.0028157502042150404
DLBCL11500	0.0055742617828842015	0.00563377408653386	0.00821331274500575	0.009803146031893402	0.9707755053536827
DLBCL11188	0.000938018326163908	0.9954547302838073	0.0015734735034736785	0.0009116703206104443	0.001122107565944704
DLBCL10883	0.0015546869551216693	0.0015123756486152106	0.001497503037322709	0.0018967010360834587	0.9935387333228569
DLBCL_LS146	0.0	1.0	0.0	0.0	0.0
DLBCL_C_D_1125_NULLPAIR	0.0012066617909830537	0.0029859399700298	0.0017205921557318852	0.0021653798052430973	0.9919214262780122
DLBCL10862	0.0011142341321925184	0.002181715047276449	0.001956577762329087	0.001972616486802032	0.9927748565714
DLBCL10534	0.000549170457559292	0.0008915893672073003	0.0006913495684592415	0.0008878647334948495	0.9969800258732793
DLBCL_LS1668	0.06530950388392469	0.2947803126679386	0.24370462974526402	0.34176417592226926	0.054441377780603414
DLBCL11449	0.03922134425362062	0.6086253632836142	0.035521711920188985	0.038680411866884215	0.27795116867569203
DLBCL11003	0.0646978577282725	0.5774766430096061	0.01895578484044388	0.03043228454004783	0.3084374298816297
DLBCL_RICOVER_522	0.16555836828098391	0.05001170016003931	0.4660402656448729	0.30683261101330755	0.011557054900796287
DLBC_FF_A7CX_TP_NB	0.5050943729224286	0.040915303663717734	0.09097275247319785	0.07111510086325158	0.2919024700774042
DLBCL11433	0.03788367669392951	0.02061148136860623	0.08267647473396597	0.3469871287485448	0.5118412384549536
DLBCL10985	0.1007115447687062	0.5571585366459666	0.025164941301598083	0.2824357005185468	0.034529276765182255
DLBCL11441	0.10520440471834815	0.01586458782011344	0.07090524262417816	0.34221288824561424	0.4658128765917461
DLBCL11681	0.5434682793713576	0.012278717019699263	0.2917280262031616	0.0934497321452412	0.059075245260540345
DLBCL10539	0.06519595325767709	0.28139861722286724	0.06738063575466756	0.47126122645285523	0.11476356731193288
DLBCL_RICOVER_773	0.020103044066327173	0.21296737098722776	0.2939675078602818	0.026160904490466187	0.4468011725956971
DLBCL_LS2590	0.03158366388628411	0.020554263941999492	0.06481325988661081	0.39043412083419343	0.4926146914509122
DLBCL10486	0.4731532213547154	0.16804119220256988	0.020881251084052206	0.14808715371843212	0.1898371816402305
DLBCL10906	0.043386465199736296	0.5265038676603833	0.01975389301583081	0.02108659325689972	0.38926918086714996
DLBCL10969	0.5417838606029658	0.16653733066758084	0.13969769145969535	0.03783716717442362	0.11414395009533444
DLBCL_C_D_1112_NULLPAIR	0.034939636998059395	0.33765903770924355	0.49488911631118915	0.049566324546119304	0.08294588443538861
DLBCL_RICOVER_216	0.05968779664077634	0.07480448021308761	0.3742772108753666	0.0497515130839649	0.4414789991868047
DLBCL11538	0.03099174397652325	0.012707498599638881	0.6468794731686955	0.16810270291563462	0.14131858133950764
DLBCL_LS155	0.041979290335085906	0.011131616654020784	0.7298300123093374	0.18411447743279113	0.032944603268764756
DLBCL_LS2154	0.3065415266673588	0.5367322072848174	0.060758957993402314	0.07335625816874344	0.0226110498856781
DLBCL10965	0.19299625270892498	0.016020864336091473	0.042262968300114896	0.7075167962316554	0.04120311842321328
DLBCL10934	0.04001154660413529	0.3322093957394916	0.02267880321859629	0.06235305206424464	0.5427472023735322
DLBCL11480	0.6325958114697036	0.019618081881842615	0.1610234110835448	0.082213034536963	0.10454966102794608
DLBCL_MC_F218_RAP	0.1396056567596874	0.016163866155601392	0.04289127238256717	0.7817684377304461	0.019570766971697885
DLBCL10908	0.05421345163760918	0.0898793180091547	0.6798325690736462	0.04174208669063603	0.13433257458895398
DLBC_FF_8062_TP_NB	0.09383969310267758	0.018323209662247066	0.10076858447121524	0.7632979662743284	0.02377054648953169
DLBCL_RICOVER_720	0.029866360750350263	0.5655199307124887	0.03304348180688543	0.01736190218673693	0.3542083245435386
DLBCL10957	0.7061512650159142	0.018062285909497183	0.08567276742802621	0.17564283148533585	0.01447085016122656
DLBCL_RICOVER_1060	0.10860908827996434	0.5927927245334653	0.028463268180434556	0.026750563752945655	0.24338435525319013
DLBCL10451	0.7859255922275648	0.01997360831939448	0.14692730441052565	0.034204586515444155	0.012968908527070954
DLBCL11447	0.0517429816620044	0.01822205220160154	0.029425180777662173	0.7807023124316826	0.11990747292704922
DLBCL11002	0.22516405579350657	0.025452342320730972	0.052096023418932436	0.6799350854373384	0.01735249302949153
DLBCL10863	0.09729070325772382	0.01665815312663617	0.02994659371056336	0.7648625243593916	0.0912420255456851
DLBCL11206	0.026640959201239277	0.6000256157326979	0.06447586965339215	0.013478249591770667	0.29537930582090005
DLBCL_RICOVER_956	0.014185897367995567	0.2343983417003351	0.03073268707217663	0.02680620110978591	0.6938768727497068
DLBCL10482	0.8430877142211826	0.01951296307078205	0.013544881238178284	0.03174892567782524	0.09210551579203187
DLBCL_MC_F064AB	0.014114008325021781	0.008775404474116313	0.9213451134356442	0.04674626033222586	0.009019213432991901
DLBCL11504	0.08977532778500107	0.027805189451113474	0.030360970300607564	0.12575521053976282	0.726303301923515
DLBCL10490	0.8711211788195614	0.016308941613172128	0.012217052823595097	0.07247794556571464	0.027874881177956716
DLBCL11474	0.6254509776911761	0.017183812144738114	0.017679937519564523	0.2972402147920396	0.042445057852481656
DLBCL10532	0.026380717972904144	0.01950354756596307	0.2187028311946888	0.09817174225713711	0.6372411610093068
DLBCL_MC_F307_JPS	0.8456879729112291	0.022522533176510488	0.016223235926665747	0.09493943005221953	0.020626827933375155
DLBCL10972	0.8491596153493702	0.018287470110451703	0.018497847017257214	0.05243236780622114	0.061622699716699654
DLBCL10999	0.010724575629021672	0.023398140865800984	0.04868769069439747	0.10858266387798075	0.8086069289327992
DLBCL_C_D_1119_NULLPAIR	0.06527543084476352	0.8955035732985321	0.013531014452488447	0.011791452569939478	0.013898528834276416
DLBCL_RICOVER_506	0.0176810061146867	0.41275571709065223	0.038038350218809	0.01937773133026882	0.5121471952455832
DLBCL11457	0.8830452008679	0.005481089059430229	0.021864104318499573	0.07179859327701242	0.017811012477157807
DLBCL_C_D_1109_NULLPAIR	0.0569053660917637	0.011459952554237407	0.02292365209553114	0.8884847984198395	0.020226230838628186
DLBCL11527	0.05168205399402255	0.016471693711704274	0.03836943140369131	0.8511421255853775	0.04233469530520438
DLBCL_RICOVER_701	0.06756923249549866	0.017254765197409382	0.023107756004000272	0.8679194793968344	0.024148766906257207
DLBCL_MC_F139_LJF	0.050560148019514285	0.01242893608416133	0.02204334941604851	0.8970908510530636	0.017876715427212204
DLBCL_RICOVER_473	0.8975910471250935	0.03305794242209357	0.012718974742933768	0.045113603995099186	0.011518431714779925
DLBCL11460	0.03644736749153798	0.014727723986787787	0.02409238026141918	0.9070997310668664	0.01763279719338863
DLBCL_RICOVER_1061	0.047846855405848196	0.00982073809632774	0.0396375274691207	0.8862208891544623	0.0164739898742411
DLBCL_RICOVER_1165	0.013395867803957063	0.9027799588791081	0.0417241429182784	0.01020078350909967	0.03189924688955674
DLBCL_C_D_1105_NULLPAIR	0.08747668134090873	0.8530138373580509	0.017076337129567864	0.020288313249520486	0.022144830921952022
DLBCL10980	0.008309518357960791	0.10885386764031926	0.04319372687238672	0.033420027369485274	0.806222859759848
DLBCL11205	0.9425784398992875	0.010046731105055532	0.02399655398180898	0.01753859828934917	0.005839676724498807
DLBCL10857	0.01764113442708953	0.009610401230599452	0.007893323193015592	0.033342601596258424	0.931512539553037
DLBCL11486	0.8553139634436671	0.012231664828822918	0.01789970325883051	0.02655889809758727	0.08799577037109224
DLBCL10968	0.7166125079688492	0.010475780613422013	0.01841634984819565	0.21157509107170824	0.04292027049782481
DLBCL11472	0.9136328756823181	0.004961242511623764	0.012509297810025974	0.05360837331681934	0.015288210679212827
DLBCL10780	0.021389472516090285	0.8234163596901982	0.10173284313358423	0.03972039649276254	0.01374092816736474
DLBCL_RICOVER_299	0.014075175703563219	0.8430437603168913	0.11054360650384623	0.011590278241047662	0.020747179234651556
DLBCL_C_D_1126_NULLPAIR	0.03779757850409059	0.913589050016989	0.012674548929784897	0.014565455392088273	0.021373367157047265
DLBCL10523	0.018477997319936046	0.00842538200946703	0.916527015327388	0.04856391288867135	0.008005692454537609
DLBCL10498	0.0034873653003530502	0.003127827074660554	0.9832416362415276	0.008013199126551091	0.002129972256907659
DLBCL11435	0.8959259069473512	0.00757931510806566	0.009207897780407873	0.0668229045088925	0.020463975655282792
DLBCL_RICOVER_744	0.017992738809312424	0.007419451741801755	0.9590377503979282	0.009011555698275187	0.006538503352682432
DLBCL11675	0.023626220512910558	0.00877722074381629	0.8022986406509709	0.062248547304272754	0.10304937078802945
DLBCL10930	0.05960367793461785	0.01893248908295443	0.018951806360276737	0.016500060110259878	0.8860119665118911
DLBCL10925	0.029252387920645797	0.03766544331990163	0.010275886255837948	0.04489288430523309	0.8779133981983815
DLBCL10834	0.006051966625732438	0.9828334088785498	0.0041573647245058375	0.003007765559389094	0.003949494211822851
DLBCL_C_D_1141_NULLPAIR	0.0029696397885637695	0.005825479276144586	0.9798703514778819	0.005192463360521923	0.006142066096887803
DLBCL_RICOVER_496	0.011268629936816266	0.9519541507238475	0.021223144098644717	0.009252149818547953	0.0063019254221435665
DLBCL_RICOVER_1032	0.007732601836573455	0.03854292824827937	0.008203084820331339	0.012396454323818095	0.9331249307709978
DLBCL_C_D_1133_NULLPAIR	0.003710659098735601	0.0069211828946537735	0.9806042630585068	0.006020639504124718	0.002743255443979154
DLBCL10889	0.003529531069300217	0.005394680373181177	0.005381157209240984	0.010432835514430219	0.9752617958338474
DLBCL10963	0.01780710102189881	0.028067621610465263	0.016446210966087955	0.04515109654881807	0.8925279698527299
DLBCL10902	0.005382251430195632	0.021530191398178963	0.015476815944357479	0.016593386274484177	0.9410173549527837
DLBCL_LS1098	0.002681691562340383	0.0023452801646367378	0.9875033802988941	0.005483219732476683	0.0019864282416521104
DLBCL_MC_F262_WLC	0.9896505707355162	0.0014560578989780654	0.0014228826650801033	0.00525068907946743	0.0022197996209581496
DLBCL11458	0.02081256022329334	0.013896371844996763	0.9454075517039459	0.010769140395055965	0.00911437583270808
DLBCL10954	0.009504353385880222	0.9423798939260738	0.011966569260187916	0.009347142987116825	0.02680204044074124
DLBCL_LS378	0.9904364725287298	0.001371769509359335	0.0024402781860919554	0.004339832181595351	0.0014116475942236176
DLBCL11512	0.9457576868170507	0.008576180406957847	0.008987208116871636	0.030202142876270623	0.006476781782849183
DLBCL10898	0.008583526480518302	0.031605620568020173	0.0069070323083810095	0.012192059137200223	0.9407117615058803
DLBCL11526	0.012368945240770852	0.006720535110906808	0.9613817448951943	0.01527457312457364	0.00425420162855435
DLBCL_RICOVER_712	0.002835771105587558	0.006404427069832729	0.0035196727361932845	0.005168352779455322	0.982071776308931
DLBCL_C_D_1113_NULLPAIR	0.0042996244188822875	0.005654233527105405	0.9790836375045745	0.00695582650002571	0.0040066780494121
DLBCL10459	0.0010147250452084433	0.001522845186225378	0.9937712733076318	0.002558398315781867	0.0011327581451524877
DLBCL10842	0.0024827058473367632	0.0036459412336475434	0.0038838895365138205	0.005544559349220816	0.984442904033281
DLBCL10860	0.0016561117627369563	0.003057432435896246	0.0035421103515850265	0.003576687326733116	0.9881676581230486
DLBCL10458	0.9942527037448609	0.0006980026263710413	0.0012864776022903158	0.0027747276359512255	0.0009880883905265512
DLBCL10901	0.0017309308537194002	0.0030464798412434364	0.002521858230426145	0.003928533110628903	0.9887721979639821
DLBCL11000	0.0007171860035501854	0.0013617759609426431	0.0010585728219575303	0.001646943340551163	0.9952155218729984
DLBCL10977	0.0023118451866224574	0.002186797947523074	0.0029526052077965665	0.002977411228016	0.9895713404300419
DLBCL11484	0.006930368959311635	0.9606723697026689	0.01428176502509433	0.007125446512556641	0.010990049800368452
DLBCL_RICOVER_253	0.0009076862630053149	0.9964656380227669	0.0010582546882007397	0.000624834510695433	0.0009435865153316747
DLBCL_RICOVER_1192	0.0024992772008427247	0.005586342809103675	0.0034363308385745132	0.0030876515460424793	0.9853903976054366
DLBCL10990	0.0013358186671328894	0.00278066446169842	0.0014566166426077318	0.0017748324634599163	0.9926520677651011
DLBCL11666	0.0012954462299036656	0.0016484497462085287	0.9931150531649349	0.0027348661009909746	0.001206184757961933
DLBCL10502	0.005815068350472415	0.961265539022288	0.018743387101454484	0.006761106707944435	0.0074148988178406846
DLBCL_MC_F349_BJJ	0.0006512420706189	0.0008399585397051275	0.9961507472511044	0.0014248079261178642	0.0009332442124537327
DLBCL_RICOVER_1210	0.004501328252919459	0.9692644229158537	0.01441619211267599	0.0061340843128023384	0.005683972405748541
DLBCL10483	0.004317390117069576	0.9744108768868026	0.01155506437215505	0.003196896721047284	0.006519771902925469
DLBCL10460	0.003439465962253702	0.9829909290704423	0.007669144368714334	0.002569615975418319	0.0033308446231713374
DLBCL_RICOVER_174	0.0016047644776147677	0.9944370472530119	0.0015677072107824197	0.0010492563799852086	0.0013412246786057157
DLBCL10850	0.0020634876872375543	0.9927242769873953	0.002212689928540128	0.001240012946696794	0.0017595324501301836
DLBCL_C_D_1131_NULLPAIR	0.0022693442703039988	0.9872245674219283	0.005349253122461756	0.001898234008664714	0.003258601176641229
DLBCL11483	0.13460399195926312	0.31933259391874963	0.10437722408285659	0.07304035981715072	0.36864583022198005
DLBCL_MC_F927_JHS	0.11453621430646617	0.22780784436658646	0.15375930286712539	0.08965621466424895	0.414240423795573
DLBCL10971	0.16669493327982252	0.2559101888926665	0.022283969065779095	0.08019347194440055	0.47491743681733123
DLBCL11467	0.08479911739937648	0.055562491126591805	0.09333807570098605	0.5096212403475469	0.2566790754254989
DLBCL11678	0.09554880526767046	0.025619586268487964	0.2548568790635164	0.6026017868710126	0.021372942529312582
DLBCL11455	0.1758163658029213	0.01631865883021648	0.16449489001066617	0.5657063046708745	0.07766378068532163
DLBCL_MAYO_DLBCL_234	0.2096584852349922	0.013212059372508295	0.3373417860453977	0.40670169335809275	0.033085975989009156
DLBCL_RICOVER_258	0.22846570456404192	0.016196732933269405	0.13787218803940066	0.06046938070189978	0.5569959937613883
DLBCL10450	0.7165337799326436	0.06597087586526927	0.012822399080405722	0.130220643032593	0.07445230208908851
DLBCL_LS2328	0.04022183303200944	0.6184263465665434	0.3016620223943766	0.02628154701135823	0.013408250995712334
DLBCL10454	0.14770076724094777	0.12219548457138041	0.04130745025912951	0.015705967098201927	0.6730903308303403
DLBCL_RICOVER_1190	0.13573563897271335	0.056938827042639945	0.07843901112399473	0.02685871755454044	0.7020278053061115
DLBCL11535	0.06421529239229887	0.028683284963618886	0.022110201528056754	0.281094530637699	0.6038966904783265
DLBCL10501	0.011142052753060358	0.34682696179142364	0.568493076244849	0.03679118542325788	0.03674672378740909
DLBCL11657	0.030396604558808372	0.049947401945072044	0.7468570901265029	0.144878913892467	0.027919989477149607
