	0	1	2	3	4
DLBCL11515	0.012825815186660762	0.24838654421535256	0.32127422108093684	0.03425360880677013	0.3832598107102797
DLBCL_MAYO_DLBCL_3653	0.3577193993291978	0.03477162836630251	0.07269493979967151	0.2325311631416469	0.3022828693631812
DLBCL10971	0.30070198465265596	0.42285469499149697	0.020534710829519777	0.060301487753283936	0.1956071217730434
DLBCL10869	0.4462492247644564	0.11157715686033677	0.3224732641071271	0.07120133311109218	0.04849902115698758
DLBCL11525	0.2506653082959008	0.028485762657131247	0.5732108008005954	0.12274121661486632	0.024896911631506296
DLBCL10907	0.24440980284521072	0.4033171088427529	0.04044679083426933	0.20166883316793596	0.1101574643098311
DLBCL_LS1668	0.021543342680599566	0.25121906130287214	0.1871140579594106	0.4657427883257303	0.07438074973138734
DLBCL11673	0.04135709153232729	0.3008161131431558	0.5333677670867626	0.09942113339491322	0.02503789484284106
DLBCL11471	0.44656471468475445	0.26485170844442146	0.03418513413563098	0.19419718138204875	0.06020126135314445
DLBCL11458	0.1633199330310073	0.040984763817346705	0.680381097435179	0.03911135822278478	0.07620284749368215
DLBCL10970	0.037988062005651066	0.3563741788849814	0.08116238259760733	0.47573376798012174	0.04874160853163843
DLBCL_LS2590	0.04014005140640825	0.02235830361473883	0.04328435438165329	0.5545423671646723	0.3396749234325273
DLBCL10509	0.5204459051164594	0.34699810280016896	0.019912199123737997	0.07511994619688075	0.03752384676275298
DLBCL11474	0.7222553911006451	0.012537404107534931	0.016399253230833428	0.21654177986465073	0.032266171696335874
DLBCL_MC_F218_RAP	0.2511593698020057	0.019393051187778985	0.15593817528245466	0.552943906061448	0.020565497666312597
DLBCL10969	0.7403389940251583	0.12399393860698123	0.05850567790232904	0.038075923766288634	0.03908546569924272
DLBCL11468	0.23435670553942403	0.022087970868976323	0.5399997206930283	0.15812261250517828	0.045432990393393144
DLBCL10957	0.5942375374604607	0.02242020439614227	0.22205109721992025	0.13887417982782507	0.022416981095651684
DLBCL10927	0.7256798955899756	0.013044655988991837	0.022982926375989515	0.22121507213929342	0.017077449905749664
DLBCL_LS4616	0.010503622063941087	0.21714699414564953	0.7037132803905558	0.047006758800401165	0.021629344599452465
DLBCL11467	0.10259415961047648	0.07359424205691671	0.11794689320357407	0.5518857135118767	0.153978991617156
DLBCL_RICOVER_1060	0.1624820424517579	0.17623678018421085	0.03253464160973218	0.02258700238314646	0.6061595333711526
DLBCL11003	0.10156130087258532	0.12601446233301417	0.029293980800085568	0.12265669525573432	0.6204735607385806
DLBCL10965	0.18838973355305288	0.02349126303597236	0.024164539243045045	0.6576817352072574	0.1062727289606724
DLBCL_LS1395	0.01831624790370237	0.1356063449834079	0.8077547464728502	0.01931207272994454	0.019010587910095068
DLBCL_RICOVER_338	0.35401079741444313	0.02671451309542105	0.030794975277888006	0.5605322744495695	0.027947439762678335
DLBCL11436	0.09225939264553541	0.5048910882667161	0.09792289120268609	0.25974255429609583	0.04518407358896655
DLBCL10973	0.17808935830064412	0.020171493663399653	0.0969120144192254	0.6686972212976644	0.03612991231906642
DLBCL11473	0.6777820614251047	0.07969495658875311	0.015044605829103655	0.20347517562674267	0.024003200530295955
DLBCL_RICOVER_1190	0.3437647274346763	0.045992088745527744	0.19545849854254438	0.03770446725700046	0.37708021802025105
DLBCL10899	0.19647863705448262	0.0895281631315157	0.020272454002496453	0.17556346509339862	0.5181572807181066
DLBCL_MC_F500_ECU	0.03301589974693941	0.6951908206186945	0.14759514142099853	0.08680272463703367	0.03739541357633383
DLBCL11652	0.7420458770164852	0.08242049383188557	0.020848375646259173	0.02621864878489898	0.1284666047204711
DLBCL11469	0.017960103395587134	0.056713508134547126	0.7943816767855492	0.021897161151453435	0.10904755053286318
DLBCL10544	0.03313966472035098	0.0140920454787894	0.04600479520949421	0.7927036978338686	0.11405979675749679
DLBCL_RICOVER_467	0.02273958932249269	0.29157163681690945	0.028070690206999094	0.013959505110256626	0.6436585785433422
DLBCL10527	0.023916349138467213	0.04259582802989718	0.052290119304310524	0.7616234125260289	0.11957429100129612
DLBCL10934	0.0924074188550946	0.5303204645467409	0.024895720071297086	0.09409735241133188	0.25827904411553554
DLBCL10873	0.049079611330922694	0.03939594813825801	0.08760345521042408	0.7955258197077729	0.028395165612622293
DLBCL11512	0.8782299894011467	0.02042996986665459	0.022665748544807136	0.07151729119744876	0.0071570009899428
DLBCL_RICOVER_320	0.02874184494918884	0.1615166827268682	0.7197966539447983	0.04679966480184944	0.04314515357729523
DLBCL_RICOVER_850	0.006892952647977022	0.041140883336078383	0.05616250782869277	0.055747703806551356	0.8400559523807005
DLBCL_LS2325	0.016274839084044278	0.15799772569052264	0.7811120353162505	0.02855505443354989	0.01606034547563267
DLBCL11472	0.8363685396244548	0.007566149154532453	0.0283076695618321	0.10957906126884322	0.01817858039033742
DLBCL_RICOVER_701	0.07075913617215199	0.015166068170005136	0.02378983867069944	0.8483471586757717	0.0419377983113717
DLBCL_LS3204	0.0322687424633871	0.8307157473905428	0.06156601333680858	0.06385905696773064	0.011590439841530844
DLBCL11480	0.857643478615983	0.025010089428377978	0.02024057989443597	0.023090084482009447	0.07401576757919358
DLBCL_RICOVER_151	0.05727985562538844	0.2445684932510838	0.06562874698024783	0.5933053504424369	0.03921755370084306
DLBCL_C_D_1141_NULLPAIR	0.012373616247386999	0.03959008592026167	0.872223937326901	0.01425682610526648	0.06155553440018385
DLBCL_C_D_1115_NULLPAIR	0.07724087000488777	0.05509237834328201	0.032144885125227514	0.8009566475376656	0.03456521898893709
DLBCL11566	0.024762247533336054	0.555071505758696	0.37312221930550993	0.025718307425001617	0.02132571997745649
DLBCL10564	0.04478875046693137	0.060055692212481235	0.0896253099234968	0.7745011990098144	0.03102904838727618
DFCIDL004_DT	0.13072411607787743	0.011613316886473988	0.03752143170259276	0.1777728703604565	0.6423682649725994
DLBCL11477	0.8789833776380489	0.011388519242167567	0.009283087584873137	0.06913208646387885	0.031212929071031514
DLBCL_RICOVER_1287	0.023808596830885008	0.08717832154438247	0.030633998395763827	0.023071910096945192	0.8353071731320235
DLBCL10961	0.006311300640483344	0.03425897785218583	0.024613765614051035	0.045875602108680885	0.8889403537845989
DLBCL_C_D_1109_NULLPAIR	0.11757150879944053	0.012426588196412252	0.027693467779346784	0.8087370394688258	0.0335713957559746
DLBCL10993	0.8584847850701113	0.009688831328361704	0.015575122565614252	0.03663819451696263	0.0796130665189501
DLBCL10935	0.9073204452914874	0.03653283357137714	0.009874843723035707	0.03726893675134915	0.009002940662750616
DLBCL10954	0.009783079447688641	0.8553678144843094	0.06594443618292788	0.02923718966532431	0.03966748021974976
DLBCL_RICOVER_773	0.009968917295560544	0.05798918082765303	0.06486364225396699	0.012746451467775298	0.8544318081550442
DLBCL11195	0.010375681768968198	0.09252451735171063	0.017936883392979906	0.021957548783153064	0.8572053687031882
DLBCL10837	0.10749586376572029	0.026913696821422715	0.08350735556048809	0.08206992256930884	0.70001316128306
DLBCL10918	0.7552178456841676	0.047322068534023015	0.013115740207591228	0.024589424536319324	0.1597549210378988
DLBCL10980	0.009477363320683004	0.04462704090440495	0.01267249704345792	0.020043766516336114	0.913179332215118
DLBCL10457	0.018208496629252228	0.05369428038608361	0.0177903208474561	0.013083890543641265	0.8972230115935668
DLBCL_LS4593	0.007269427243251529	0.040593765688348694	0.9136326770536415	0.024126611429499577	0.014377518585258693
DLBCL11541	0.008578110217587599	0.03890212918198607	0.8963733047706689	0.019740035031337335	0.03640642079842013
DLBCL10885	0.02268781928008435	0.847500509417829	0.025307768633830798	0.032473426021949664	0.07203047664630621
DLBCL11564	0.03489332665106395	0.01327996161994926	0.021684705670348584	0.9087285438817702	0.021413462176868077
DLBCL11439	0.03862791192809889	0.009616665374482733	0.8817523677084745	0.04610782151320636	0.02389523347573742
DLBCL_LS1757	0.9649416322487829	0.009384991254481332	0.0040455118504319045	0.016588334360051804	0.005039530286252004
DLBCL11486	0.9425039192904416	0.012074597363637037	0.0068386373590462405	0.017458448394070597	0.02112439759280449
DLBCL10902	0.006225126093180189	0.013317660521994991	0.01602217926442722	0.008168528295048702	0.9562665058253489
DLBCL11484	0.011726892439837218	0.8903621743878469	0.04870036945729688	0.013415483680936821	0.0357950800340822
DLBCL_RICOVER_1289	0.007829854265693685	0.004147607185654495	0.012313404934274026	0.012969900316247097	0.9627392332981307
DLBCL11495	0.05092003516892038	0.010555481929372534	0.01561403509311687	0.06345708117565901	0.8594533666329313
DLBCL10554	0.01373079354651008	0.009251060271921812	0.9565101059398647	0.012404266609003614	0.008103773632699757
DLBCL10915	0.024739125210822752	0.887180614064841	0.02831026720483545	0.016461773431370244	0.04330822008813046
DLBCL_C_D_1118_NULLPAIR	0.06581228736263788	0.867297491336723	0.0236414140431707	0.029693970124638952	0.013554837132829557
DLBCL10495	0.9782190287184698	0.0057182228450165665	0.002608591057149784	0.00907438720334277	0.00437977017602106
DLBCL11669	0.017721259550826807	0.012581318260374078	0.9452736076282965	0.01741587284810737	0.0070079417123952385
DLBCL10896	0.9747812888874123	0.003344304378734261	0.003435900977642488	0.013938029118178043	0.004500476638032869
DLBCL11670	0.004229219728548119	0.018070113854757607	0.9504726953101608	0.011601259711621221	0.015626711394912268
DLBCL_RICOVER_401	0.02707571017040301	0.7758537218606162	0.16814399176222145	0.015590081980870633	0.013336494225888755
DLBCL_LS3200	0.010010362093620922	0.043858487051048944	0.013173645135285178	0.00900136791760277	0.9239561378024422
DLBCL_C_D_1130_NULLPAIR	0.9858692889923641	0.0022311088436031408	0.002128684448622745	0.007279931153231508	0.002490986562178463
DLBCL10459	0.0038053939347852013	0.007273956359609295	0.9706982970526977	0.009986622927769456	0.008235729725138294
DLBCL_LS378	0.9879078066933377	0.0019818506522239375	0.0020058726113490947	0.006169349898484234	0.0019351201446050532
DLBCL10997	0.9807769621685054	0.0031035833221748823	0.002961636882383907	0.009170067450530157	0.003987750176405672
DLBCL10480	0.025097519658778652	0.9322767348083986	0.011246289629939244	0.010681447024170858	0.02069800887871271
DLBCL10848	0.004068463397691053	0.0033475245570534226	0.0044825427504907155	0.009494584758785826	0.978606884535979
DLBCL10999	0.0026218704579263077	0.004726207942065221	0.005372738691384228	0.0071304286706171185	0.9801487542380071
DLBCL10781	0.0036849951673449347	0.004501896349111828	0.002948436349564704	0.006810885651885924	0.9820537864820926
DLBCL10880	0.02396680060729583	0.007519778803594581	0.007697259067004153	0.00834161813081524	0.9524745433912902
DLBCL_RICOVER_533	0.006276739565789997	0.9595948610056363	0.018938947523844805	0.009405547934403716	0.0057839039703251605
DLBCL_RICOVER_1032	0.004500571421475697	0.013568389639929058	0.006038256769111929	0.005922132677092039	0.9699706494923913
DLBCL_LS2089	0.0142439301810002	0.8611166713887882	0.02571653898186217	0.008940091770046782	0.08998276767830263
DLBCL10862	0.0020880574323544235	0.0025510261709719025	0.002211137407319484	0.002185042129318986	0.9909647368600352
DLBCL11656	0.0029109291458608573	0.003653683988291821	0.9829407977134068	0.005428737642015988	0.005065851510424508
DLBCL10834	0.003448386567301322	0.987564597672061	0.004364635058466456	0.00202124056143682	0.0026011401407344714
DLBCL10889	0.00183654549786506	0.0020168947098766796	0.0031400746466944043	0.003086504476991802	0.989919980668572
DLBCL_RICOVER_417	0.0011808935399970223	0.0017394708661884921	0.0013145113826171866	0.00165589868076273	0.9941092255304346
DLBCL10901	0.001811537816740927	0.00232746670112655	0.002747841546609955	0.003105360847819992	0.9900077930877026
DLBCL10550	0.0012562660962667153	0.0014599203134188085	0.0015824271194765918	0.001870790804285533	0.9938305956665523
DLBCL10530	0.0016137134527520838	0.002862991054512253	0.0024799521016744047	0.0024387115081281495	0.9906046318829331
DLBCL10849	0.006257575604611027	0.956437909319606	0.011469232792095394	0.005107349290407459	0.020727932993280126
DLBCL10903	0.003913200700514618	0.9799793714873709	0.007709934325617407	0.004217896781078488	0.004179596705418572
DLBCL10864	0.001098597912322307	0.0015491083019356772	0.002018344839085462	0.0016663352459724838	0.993667613700684
DLBCL11203	0.003804183838177476	0.9705304377946344	0.009376021045781014	0.009776486988267883	0.006512870333139208
DLBCL_C_D_1136_NULLPAIR	0.001496138629935985	0.9899530319935556	0.0037475360378615716	0.002411647807393799	0.002391645531253115
DLBCL11188	0.002291565703130923	0.9879977773936132	0.004821669671835651	0.002383671624445163	0.002505315606975126
DLBCL10904	0.15226231898530673	0.10779955432721668	0.1956755832582029	0.2394400969668129	0.3048224464624608
DLBCL11441	0.20917232273250275	0.01921412992979911	0.3248103833636304	0.25214501889629076	0.19465814507777696
DLBCL11455	0.3479109785902538	0.035491659850327345	0.12932375084916495	0.46471813377238125	0.022555476937872666
DLBCL_RICOVER_314	0.01722835767054659	0.23503370159164003	0.16036754943629286	0.07927945022111461	0.5080909410804059
DLBCL_BWH_DLBCL64	0.17648921677488444	0.22910852504869936	0.04708376413813805	0.5293277292787554	0.017990764759522798
DLBCL11496	0.5100244435919469	0.019436193303274434	0.08538284810270647	0.04301345554838828	0.3421430594536839
DLBCL_MAYO_DLBCL_234	0.2830026611551799	0.010003341571956443	0.14119051269952915	0.19995214740178735	0.36585133717154716
DLBCL11433	0.09896435245288343	0.015181993782494633	0.11531646935891167	0.459099048811644	0.31143813559406625
DLBCL10450	0.3001103139930362	0.14499959590543315	0.027789658125230987	0.4023377781934467	0.12476265378285298
DLBCL_RICOVER_1329	0.05302402379715593	0.3700428394168015	0.0316883033821487	0.026057534169004585	0.5191872992348894
DLBCL10974	0.061155029965318165	0.025785731702476333	0.0488115778394963	0.49025734963498596	0.37399031085772316
DLBCL11590	0.1090217825284008	0.014467442967927843	0.17621608140987954	0.6104838506613334	0.08981084243245852
DLBCL10782	0.3536646587010231	0.10614502280288955	0.027647712625271072	0.47801832973161346	0.034524276139202906
DLBCL_LS2245	0.0652639461252757	0.4853802055572354	0.38920023574017865	0.040167915599300885	0.019987696978009426
DLBCL_LS2328	0.04329017146346296	0.5522557952493693	0.3586729985342683	0.03493150929491718	0.010849525457982326
DLBCL11504	0.09480983076760924	0.16301371217219382	0.08231217713997221	0.08521790476398743	0.5746463751562373
DLBCL_MC_F739_AMA3	0.016038777966594035	0.3554361220271063	0.5731035638511607	0.03844117236613893	0.016980363789000162
DLBCL10914	0.5724530748417842	0.2608285685593628	0.0497111311553872	0.04483054871381323	0.07217667672965264
DLBCL_RICOVER_299	0.012037391992600253	0.7426821573416578	0.19370825324043794	0.01539015902111952	0.036182038404184505
DLBCL10566	0.036711479673390404	0.5964155393703278	0.045415852282262005	0.016536175093593293	0.3049209535804265
DLBCL11206	0.03153171760782951	0.6249139067999187	0.06083012796561944	0.011979145713385982	0.27074510191324647
DLBCL11536	0.03391641416365157	0.6047348244799019	0.08291405709584783	0.25363607367949526	0.02479863058110344
DLBCL11518	0.5873428237046134	0.2091635298129096	0.13736517826514466	0.04509991884667829	0.02102854937065404
DLBCL10539	0.060810741720495345	0.18407376473863998	0.04048696206693309	0.6482871394162866	0.06634139205764497
DLBCL10838	0.011692685899083458	0.07193768095397032	0.018409414767079513	0.022509058272011953	0.8754511601078547
DLBCL10894	0.08420852245326972	0.8500444986788991	0.01619604938134235	0.03565663005987857	0.013894299426610218
DLBCL10503	0.04513113330659388	0.10543971997809731	0.7551042820086319	0.0160061700132103	0.0783186946934666
DLBCL10547	0.06757949715470594	0.028040001902647365	0.032327136359120164	0.8442839299252662	0.027769434658260275
DLBCL_RICOVER_408	0.01707691732076006	0.8017882734660704	0.14140383251798064	0.027648678982813594	0.0120822977123753
DLBCL10780	0.024675305680128202	0.7067407986867493	0.18993513740536735	0.06222323568180563	0.016425522545949537
DLBCL_LS762	0.018597495957266282	0.028793361014304533	0.10957707029931404	0.01922049744414277	0.8238115752849724
DLBCL10932	0.0985942893411381	0.013776956540936813	0.02677335502741749	0.833963611379897	0.026891787710610557
DLBCL10854	0.010270501305629003	0.028747590156088007	0.022308506913191604	0.06095050249489991	0.8777228991301915
DLBCL_RICOVER_945	0.8961628723590415	0.01647908533589139	0.013036816434182046	0.06193460495263214	0.012386620918252952
DLBCL10986	0.8556243219664563	0.018480566732941343	0.03751980327516066	0.07004509613047265	0.01833021189496894
DLBCL10492	0.13759819514147656	0.03929397758446614	0.02413638524306808	0.16610088367307732	0.632870558357912
DLBCL10890	0.010680075965932238	0.02999789393412161	0.019299819885513887	0.035772660438227084	0.9042495497762052
DLBCL10456	0.05913370231838329	0.015150250864262575	0.06326099683266317	0.8236576813754938	0.03879736860919725
DLBCL_RICOVER_950	0.03521660711692491	0.01587137844398667	0.04354494383749227	0.8885761967404452	0.016790873861150933
DLBCL_RICOVER_361	0.029770908226449615	0.012909123358082758	0.0349485226942763	0.8901614754009906	0.03220997032020077
DLBCL10857	0.016633371982457398	0.012394487298745078	0.015819770780764207	0.06317385456884984	0.8919785153691835
DLBCL_C_D_1103_NULLPAIR	0.027679018763252676	0.03451867779560016	0.03925178488021312	0.8710064657447985	0.02754405281613562
DLBCL_RICOVER_712	0.010475844404291754	0.035852552943168386	0.010435610670700651	0.02053123405105538	0.9227047579307838
DLBCL10978	0.033952754124586836	0.016237521561039473	0.039249040291439136	0.8788811766779525	0.03167950734498206
DLBCL_MC_F139_LJF	0.047365284674969046	0.013500564369960617	0.03264408952697743	0.8891446499066967	0.017345411521396178
DLBCL10490	0.8063461083122812	0.0287869221795728	0.010073580218751974	0.041835201504207525	0.11295818778518654
DLBCL11454	0.9133368655790762	0.012243042342569415	0.00876414889939396	0.057835486663782534	0.007820456515177833
DLBCL_C_D_1112_NULLPAIR	0.024680170358256884	0.0769119269940334	0.846640476700826	0.026652619775200892	0.02511480617168287
DLBCL10981	0.026988604326122177	0.7798645699741196	0.040929505406324236	0.11866058346706823	0.033556736826365785
DLBCL10847	0.02382850849181563	0.026304034903118428	0.010592908126904908	0.00879616969431858	0.9304783787838424
DLBCL11662	0.8451621599146675	0.013531415558186268	0.010838127214078177	0.08031268204153078	0.05015561527153733
DLBCL10871	0.015611864760332422	0.9180731712323129	0.035499325095550364	0.010273600895515819	0.020542038016288455
DLBCL10487	0.06341279903463037	0.8225873537843873	0.030825582516338386	0.06216366464817786	0.021010600016466135
DLBCL10906	0.02541278554707385	0.8068578536994314	0.02316214810328982	0.02683423212373842	0.1177329805264665
DLBCL_MC_F815_BAT	0.00634441656971674	0.021794248372880177	0.9198213366404407	0.03832294950864393	0.0137170489083184
DLBC_FF_8046_TP_NB	0.038259240657042774	0.0248887950070332	0.8921316898516138	0.025357274072482245	0.019363000411827935
DLBCL10913	0.8909727034566142	0.031054616842177384	0.008272850582349904	0.05085945423487911	0.018840374883979463
DLBCL10984	0.00637490397863701	0.016010926289049682	0.00897048377692171	0.01736307406999138	0.9512806118854003
DLBCL10959	0.9087867539938251	0.010241952662133003	0.008670158689683594	0.05941994577006701	0.012881188884291236
DLBCL10879	0.007863753948295773	0.009562821351723583	0.9379294212442152	0.022389709965306204	0.022254293490459237
DLBCL10916	0.00757824855893798	0.019973389329787337	0.010361853655711468	0.019474950182924566	0.9426115582726386
DLBCL_LS3809	0.8699125663380507	0.02070081750765582	0.030553070670228725	0.019465982298194198	0.059367563185870525
DLBCL10453	0.005738412616400042	0.013436491819790747	0.012723386774222854	0.013164608931207623	0.9549370998583787
DLBCL_RICOVER_134	0.0022259781441358586	0.00568146809954101	0.005601387356138559	0.006259180800574944	0.9802319855996097
DLBCL_RICOVER_978	0.9590137438073729	0.004299592360292418	0.01514669023674554	0.015580475462381975	0.005959498133207099
DLBCL11573	0.011562239681017347	0.07026429402292785	0.8823023167878513	0.021926200994965662	0.013944948513237819
DLBCL10502	0.006141490418930442	0.9613172539977396	0.01962741261723678	0.007230790294558847	0.005683052671534321
DLBCL11516	0.01687757025588391	0.921193157063832	0.018937775135557156	0.01888015686902711	0.02411134067569983
DLBCL11542	0.01086691067483867	0.052326192658419285	0.8935102601934878	0.035039667566099324	0.008256968907154964
DLBCL_MC_F729_MAN	0.009980437736861093	0.9572753435634448	0.01748691725015879	0.00798797421331595	0.007269327236219335
DLBCL10989	0.029387304959805405	0.9202618799094282	0.012222030400005371	0.01670935029773296	0.021419434433028003
DLBCL_C_D_1126_NULLPAIR	0.03778863149168464	0.8958803279656317	0.018803904790821304	0.02248582780322555	0.02504130794863682
DLBCL_LS3245	0.004577605146956995	0.9535688130913716	0.0247753346763229	0.00854793388566155	0.008530313199686872
DLBCL11482	0.8542817864558548	0.006525045493853051	0.05413178178244091	0.0507982128512488	0.03426317341660244
DLBCL11429	0.9443305974651199	0.004112956497662511	0.007497252902717842	0.023106489643135483	0.02095270349136425
DLBCL11565	0.005261754118868813	0.9411869445996736	0.019288770650490464	0.015563333274629627	0.018699197356337533
DLBCL11498	0.03397400664350993	0.9289523470566863	0.01734001585988239	0.007777457827156095	0.011956172612765345
DLBCL11666	0.004461921529322828	0.015027886929176951	0.9658542360393594	0.007513285473146711	0.007142670028994077
DLBCL10532	0.0050420239189548945	0.006092746532984152	0.01034383429781427	0.011581501475766334	0.9669398937744803
DLBCL_RICOVER_1106	0.0033713318599645366	0.006836521461891708	0.004255105394561905	0.008718208037673042	0.9768188332459088
DLBCL10887	0.006271979947458671	0.009926363290971553	0.02993838618756853	0.011675581790524902	0.9421876887834764
DLBCL11679	0.024185262190016914	0.9422604355538308	0.017591045547909544	0.007258077141593423	0.008705179566649334
DLBCL10515	0.952085777710161	0.006588389919015117	0.004268810174240738	0.027831586874512766	0.00922543532207037
DLBCL_LS1098	0.00963668613489679	0.006281893394744216	0.959698014148591	0.017325729432230878	0.007057676889537103
DLBCL10950	0.9651400142573513	0.004010140562567144	0.0059454404749854	0.02017246811079725	0.004731936594298943
DLBCL10462	0.9570947462147028	0.0033067191883855086	0.008045035787141889	0.022953988159396022	0.00859951065037376
DLBCL10883	0.016861542142125617	0.005410929910745228	0.015100841626147204	0.008428586158539541	0.9541981001624424
DLBCL_DFCI_DLBCL_GOE16	0.002578735144921951	0.0032693428947124514	0.9853184512089865	0.005260944596382691	0.003572526154996329
DLBCL11428	0.0029435771194183413	0.004129803155834967	0.9833235329031017	0.005982449195403438	0.003620637626241511
DLBCL_LS3749	0.004454779904663684	0.9587638169667559	0.017809367624247275	0.01207837800795698	0.00689365749637611
DLBCL10498	0.006934698430912377	0.009342568581178929	0.9706511322617961	0.009487006280055263	0.0035845944460573434
DLBCL10924	0.003052882502758665	0.0024488815075049256	0.002407874463630005	0.005521165234033503	0.9865691962920728
DLBCL_RICOVER_948	0.0031824717550666994	0.983184979717447	0.007230556647584354	0.0022752702373048527	0.0041267216425970735
DLBCL10975	0.9785851959264347	0.002408358004960974	0.0026254328115088207	0.011639710969086612	0.004741302288008886
DLBCL10988	0.0036191081748666335	0.978733630654194	0.007484772429528724	0.006099338295127778	0.004063150446282781
DLBCL10917	0.00683326403594743	0.9739983195030536	0.009110952329356319	0.0034328173509909385	0.006624646780651668
DLBCL10836	0.006072243361909138	0.002667269237860534	0.003620459438556646	0.005669144867087906	0.9819708830945858
DLBCL11191	0.9817366778509359	0.0021482516755065434	0.003249156687242789	0.009218055230946468	0.003647858555368268
DLBCL10853	0.00475105468486187	0.003032814340886305	0.0025475032311977827	0.0035096635656544483	0.9861589641773996
DLBCL11434	0.9777748883142406	0.0035479581308759684	0.003919532059767137	0.011865545717804899	0.002892075777311396
DLBCL11450	0.0019182910109452698	0.0016585488965325766	0.001277028001554125	0.002362376838357123	0.9927837552526109
DLBCL11537	0.977826665902099	0.0020657309508758702	0.004629253957970262	0.008934499052749031	0.0065438501363058
DLBCL10471	0.002228420467534211	0.002278771344558399	0.0015993135741705882	0.0015973945219675946	0.9922961000917692
DLBCL11539	0.9755354282907915	0.0023172755963610557	0.004533590640340075	0.013974413648513588	0.0036392918239937875
DLBCL_RICOVER_1293	0.0024718557128550174	0.0017023734475563582	0.0014634729516897857	0.002270705514418028	0.9920915923734808
DLBCL10983	0.008253199015639662	0.9669166816723632	0.007694545322965039	0.006790007015646496	0.010345566973385617
DLBCL_RICOVER_449	0.0015854787170746596	0.001364501011037282	0.0011670100461094056	0.0019689398620047053	0.993914070363774
DLBCL10850	0.002382467086315762	0.9896626797007098	0.0036334510296835015	0.001756711296165833	0.002564690887125104
DLBCL10842	0.0013460337836411658	0.0013466469093035144	0.001388891453925668	0.0022125998804095074	0.9937058279727201
DLBCL10876	0.0015208065088541385	0.002586852701294484	0.002288188533511884	0.002260446618803542	0.9913437056375359
DLBCL_C_D_1125_NULLPAIR	0.0017428284225911445	0.0034754712572613315	0.0024913621076756497	0.002739317821581808	0.98955102039089
DLBCL_MC_F927_JHS	0.20299266379663902	0.18258914906731538	0.20936209958546104	0.14073760608334285	0.26431848146724185
DLBCL10513	0.39503125593130567	0.22509930987734655	0.14073528087996862	0.22240044968423547	0.0167337036271437
DLBCL11466	0.09152931888042584	0.4532202295268518	0.07846387000119849	0.28345523177396315	0.0933313498175607
DLBCL_RICOVER_111	0.021516433922677138	0.11084550072236321	0.26600172816365053	0.10687308899511387	0.4947632481961953
DLBC_FF_A7CX_TP_NB	0.24168393681198783	0.010868463765467818	0.20739935276074153	0.07816983956638997	0.4618784070954128
DLBCL10908	0.11278817667113603	0.38276047543971276	0.11030287879547085	0.06364104753811564	0.3305074215555647
DLBCL10994	0.4336028398747943	0.19902879579696564	0.049603121197012386	0.07861408892320401	0.2391511542080238
DLBCL10548	0.5741265891138415	0.2051783077951503	0.01669618974390321	0.1704604674776641	0.033538445869440874
DLBCL_RICOVER_258	0.32883616091975415	0.023560797871329118	0.06824180363481057	0.0633488439620259	0.5160123936120803
DLBCL11657	0.07555183426873334	0.06276113312884787	0.3428994682503583	0.0730224505122519	0.44576511383980855
DLBCL11478	0.6755604812797676	0.06594895529919896	0.1904595045221627	0.058027644796992926	0.01000341410187781
DLBCL10856	0.05098706662960378	0.06276538496828513	0.24547634688443218	0.036278294962577146	0.6044929065551018
DLBCL10909	0.03610641115181383	0.029229826606102752	0.04774267249060517	0.3104070608182383	0.5765140289332399
DLBCL_C_D_1117_NULLPAIR	0.2236711398953814	0.4092086450586047	0.029700483428706174	0.31292636208684826	0.024493369530459445
DLBCL_RICOVER_274	0.029992483559834346	0.10192467730517316	0.04317786757984323	0.6775677568031878	0.1473372147519615
DLBCL10451	0.6936122601372032	0.02794847270524269	0.2284126759461013	0.03656966786491667	0.01345692334653614
DLBCL10843	0.6714942690229735	0.022227842588102186	0.016509600024562112	0.2593820277367506	0.03038626062761162
DLBCL10881	0.1793824656055052	0.020107807095121426	0.021293494069953855	0.10051774870249681	0.6786984845269227
DLBCL_RICOVER_583	0.03561200905655224	0.39982454690239894	0.09981522892889497	0.017742163672696713	0.4470060514394571
DLBCL11446	0.3105166795677132	0.5589930602797344	0.05016835272148727	0.05208996429707902	0.028231943133986158
DLBCL11501	0.10659096236407391	0.74875319060606	0.021938768351370406	0.02433165643430251	0.09838542224419312
DLBCL_RICOVER_216	0.06585414100003718	0.1888855306705292	0.05014364610483803	0.030159889108750636	0.6649567931158449
DLBCL10895	0.02393332282416019	0.23219057400402782	0.10685097336598176	0.016907579658062034	0.6201175501477681
DLBCL_LS3499	0.10282210298666482	0.07157299494399393	0.05474198571599406	0.7354944463405814	0.03536847001276575
DLBCL11479	0.07926605693622685	0.6416910196249119	0.13354119660178612	0.07385306561598437	0.07164866122109079
DLBCL10517	0.01337659774789079	0.6852479156188247	0.2531778887079822	0.01966855745519713	0.02852904047010527
DLBCL10878	0.15905660995575346	0.0670836068770299	0.0324649227191679	0.03783689166144934	0.7035579687865994
DLBCL10846	0.28459582496741354	0.5438402973518948	0.03723105732251039	0.09629458997581332	0.03803823038236803
DLBCL10454	0.087003313947479	0.6073691653143907	0.04446151911493059	0.019054402354631923	0.2421115992685678
DLBCL_C_D_1140_NULLPAIR	0.06314179787680482	0.04619487620357583	0.09529537408407524	0.09069793926884633	0.7046700125666977
DLBCL11510	0.6696295775926404	0.13357852131878936	0.04392688048628007	0.06186522570664355	0.0909997948956466
DLBCL10968	0.7156711630151864	0.012980278903815751	0.015544529738314088	0.151965218198906	0.10383881014377777
DLBCL11202	0.37029441888965176	0.12744141738928283	0.416663919442791	0.07405889725054605	0.011541347027728318
DLBCL11591	0.012840873704388234	0.7325140187766227	0.21127801839852473	0.015523909166396321	0.02784317995406805
DLBCL10985	0.07061837164279455	0.6130664244877733	0.03177909947498977	0.24982805776218406	0.034708046632258426
DLBCL10549	0.02921276117586761	0.3799251606538262	0.5466737396220004	0.027976966192704192	0.016211372355601644
DLBCL11449	0.07061194094921443	0.687172330073976	0.04875494646774097	0.025014930359207814	0.16844585214986071
DLBCL_MC_F362_MJB1	0.012606899997199697	0.6857300057998515	0.22510696068577865	0.016687134237050424	0.05986899928011968
DLBCL_MC_F064AB	0.04208441723114706	0.027440357267300933	0.588085695610839	0.30568844959082303	0.036701080299889895
DLBCL11208	0.030325203555363722	0.7878680477691096	0.0963471487252958	0.04085685633458533	0.044602743615645576
DLBCL11663	0.7402318205545808	0.06606258307486619	0.06709662557891292	0.08357223950705382	0.043036731284586245
DLBCL_RICOVER_1046	0.011189686725749368	0.7896784330371056	0.1463236065297038	0.011723497748368117	0.04108477595907309
DLBCL11481	0.7463094979393704	0.020415524817311032	0.13851270181550088	0.04900907746907549	0.045753197958742164
DLBCL10565	0.057121912318659554	0.035723531810789126	0.693203297599674	0.17593944570845274	0.03801181256242455
DLBCL10486	0.7835380491212093	0.07587002412115834	0.013353234594731308	0.08113977242339862	0.04609891973950248
DLBCL_RICOVER_522	0.08499458666443668	0.04430619101341927	0.5089304383871037	0.34531449531848757	0.01645428861655268
DLBCL_C_D_1153_NULLPAIR	0.06441342644723394	0.1500705839913952	0.025367936320588865	0.28939177883183903	0.470756274408943
DLBCL10964	0.0126166058113516	0.029498626294480777	0.02490226195687462	0.12075095537945135	0.8122315505578417
DLBCL_LS951	0.8620312430239381	0.03340505504034004	0.033732968007312146	0.06180575776103026	0.009024976167379524
DLBCL10868	0.059375758336635144	0.013573444537356528	0.024359423747246558	0.8321537022033298	0.07053767117543189
DLBCL10947	0.13878022871809825	0.734437935980726	0.017543189720078765	0.01673936617019288	0.092499279410904
DLBCL_LS1304	0.01332094794020063	0.026062979396041384	0.8999230847846892	0.020120569274130046	0.04057241860493874
DLBCL10485	0.04028055856421305	0.13145415527058857	0.017837326399408972	0.01660982711486801	0.7938181326509214
DLBCL10962	0.01627240872859092	0.9118264919700303	0.035010870909203136	0.008562639500060684	0.028327588892114976
DLBCL10552	0.15139182024626333	0.021747883623725633	0.04922169189027011	0.7612592343222563	0.01637936991748457
DLBCL11460	0.05084225795437049	0.021340541779128575	0.02581243517961958	0.8743069960260119	0.027697769060869435
DLBCL_RICOVER_440	0.009571574397928325	0.11461907511697979	0.8320170639632007	0.02094826757321224	0.022844018948678848
DLBCL_RICOVER_1204	0.015768367659277485	0.02586065031328861	0.028095989284437222	0.14348756671966992	0.7867874260233267
DLBCL11437	0.06488552144224832	0.013750334945591794	0.026609318257038547	0.8360677556394088	0.05868706971571253
DLBCL10939	0.053269634246410014	0.012000835920199031	0.02781047016549719	0.8798793393882287	0.027039720279665
DLBCL10553	0.02836507711666408	0.022732830655303706	0.03436249528694226	0.8870906327847561	0.027448964156333893
DLBCL10884	0.8888699451521513	0.0075703194313969085	0.013137442974360156	0.08010784030128434	0.010314452140807276
DLBCL_C_D_1151_NULLPAIR	0.04811060190043611	0.01976311224128669	0.03016781070555954	0.8851641023676978	0.016794372785019846
DLBCL11004	0.021820099138945847	0.012197962255668725	0.020304291522969045	0.11139583735098066	0.8342818097314357
DLBCL11459	0.034260948864590295	0.014183825231866405	0.026773132386269778	0.9038438140805839	0.020938279436689633
DLBCL11196	0.031212959264941217	0.009791252817345842	0.024377635254200933	0.9137649246728141	0.02085322799069792
DLBCL10472	0.0228517521052032	0.015919574018265256	0.8565675437258238	0.08114033920379596	0.02352079094691179
DLBCL_C_D_1129_NULLPAIR	0.941207998420646	0.012905634154450889	0.02214582247802837	0.012918442077125716	0.010822102869749117
DLBCL11651	0.015019805458540661	0.018482192510292074	0.8945082959460496	0.042817358997649185	0.029172347087468433
DLBCL10925	0.03128938774476816	0.06159939301129925	0.0211440846314759	0.09718414491486368	0.788782989697593
DLBCL10542	0.9089705041258083	0.005139537762315979	0.01923855751376459	0.03774480003085771	0.0289066005672535
DLBCL_LS4054	0.013459293210578198	0.9114249881982224	0.02217882815552398	0.027035662880344744	0.025901227555330655
DLBCL10521	0.020345851543530823	0.09011847482065026	0.013427469061989909	0.012216607841466675	0.8638915967323624
DLBCL11476	0.056195038570875676	0.028927060946449472	0.01299316189831717	0.015514961122187483	0.8863697774621703
DLBCL_RICOVER_173	0.00900025324101968	0.0067620111502372645	0.013152250834215552	0.03097323722729774	0.9401122475472298
DLBCL_RICOVER_829	0.9254675693924418	0.011852602680637404	0.005308271328940025	0.02938297895016113	0.02798857764781964
DLBCL10458	0.9854263546864218	0.0027316128578416376	0.0023542491701312343	0.007474161646888456	0.002013621638716822
DLBCL11470	0.9741733836114095	0.002337480795207465	0.004678539093373757	0.014435596769394918	0.004374999730614344
DLBCL_C_D_1135_NULLPAIR	0.02100754167813974	0.9267087503277095	0.027690946887769897	0.01654320194771454	0.008049559158666286
DFCIDL009_DT	0.00687782945304516	0.029459999517264034	0.9442762489835448	0.012148585763057409	0.007237336283088634
DLBCL_MC_F132_MLM	0.973267677856649	0.0025653229043661246	0.004049299960975281	0.014749255338383779	0.005368443939625839
DLBCL10900	0.013222395964567365	0.004668674199623976	0.006060659694329006	0.0112165092147054	0.9648317609267743
DLBCL_RICOVER_826	0.9804595784623008	0.002801060758645996	0.0028462002743786263	0.010188472057557345	0.003704688447117181
DLBC_FF_8042_TP_NB	0.006187567531635332	0.0200553730306092	0.015454543900204853	0.0086220998441383	0.9496804156934123
DLBCL_RICOVER_866	0.011280855252521023	0.013438679677762341	0.9077332694594964	0.056675546873776655	0.010871648736443536
DLBCL_RICOVER_335	0.004689675363585174	0.9716393393713012	0.007728868732762775	0.009196903905880347	0.006745212626470544
DLBCL10996	0.9849030349876418	0.0015756098763965549	0.004179531609902294	0.00658498055554942	0.00275684297051
DLBCL_RICOVER_288	0.007376389559111486	0.9723068195547888	0.007894539060173695	0.008095983146317065	0.0043262686796089675
DLBCL11672	0.0058221538111679965	0.009593021720913203	0.9404218445136175	0.024363635559936703	0.01979934439436459
DLBCL10519	0.0032501322185944513	0.9774996016701709	0.009261866914380258	0.005904082492733757	0.004084316704120589
DLBCL10522	0.00624774339382064	0.005801668390027109	0.9696053709884271	0.009189393235180664	0.009155823992544478
DLBCL_RICOVER_678	0.005058643538821401	0.9702608959871416	0.007538804928012682	0.005864902038385744	0.011276753507638567
DLBC_FF_A7CR_TP_NB	0.0036662651683324666	0.0021112861644666083	0.0033502169255456653	0.005000615191193849	0.9858716165504614
DLBCL_MC_F089_HCZ	0.0023693982116751435	0.9785401999964874	0.00895116984790431	0.005407603631145064	0.0047316283127880375
DLBCL_RICOVER_1219	0.0019632397502350445	0.003162820261221329	0.0025347807328002254	0.004747434952037744	0.9875917243037057
DLBCL_LS1065	0.005488102897494741	0.9687497288923806	0.009920102542452406	0.004243879178170573	0.011598186489501673
DLBCL11677	0.9934476594604762	0.0011005838585772209	0.0012512016123731114	0.002987325915377966	0.0012132291531954768
DLBCL11685	0.0035637617740933466	0.0044768376687772	0.9772335194603958	0.007404687582545554	0.007321193514188101
DLBCL_C_D_1157_NULLPAIR	0.018176265013655254	0.010422101190954658	0.9460824763863941	0.016430128426407797	0.008889028982588231
DLBCL10897	0.9852281525346156	0.002147161069455289	0.002264608748113798	0.007207006783033706	0.003153070864781638
DLBCL11569	0.0037937113465480645	0.009010245942735808	0.9762231053306792	0.007476221027033492	0.003496716353003362
DLBCL_C_D_1133_NULLPAIR	0.009856849276328645	0.020813091736989395	0.9486361884924257	0.010948651606186632	0.009745218888069646
DLBCL11507	0.008939019004250589	0.9636693572532951	0.015755738719941525	0.004565799698218266	0.007070085324294525
DLBCL_RICOVER_1192	0.003309960641054498	0.0057429719491433285	0.0037244565515158518	0.003122477616165054	0.9841001332421213
DLBCL_RICOVER_174	0.0050230387124104246	0.9806700531931664	0.007337853804602835	0.0036488210523965667	0.0033202332374238264
DLBCL10860	0.0009690905874133911	0.0009853937707112574	0.0010109463269230195	0.00141138362003979	0.9956231856949126
DLBCL11500	0.0028270086217010767	0.0020249622573344454	0.0032338808756516703	0.002894720964258285	0.9890194272810545
DLBCL10977	0.0013693762494793628	0.0015620079426286366	0.0017814352721571664	0.002011707475421392	0.9932754730603135
DLBCL_LS146	0.002278805345917801	0.9887447225265092	0.004077119998549061	0.002172385874976887	0.0027269662540470325
DLBCL_MC_F519_ALT	0.0013834927382365247	0.0023005056713370654	0.0016360343991519296	0.0018376950121320674	0.9928422721791424
DLBCL_C_D_1148_NULLPAIR	0.2696638724759502	0.014334579914893408	0.1860829386427193	0.5003443728003253	0.029574236166111777
DLBCL11432	0.31737181867732606	0.009560908805820313	0.22821578072900606	0.38456147641665234	0.060290015371195285
DLBCL11683	0.04553883264778123	0.034571747846002546	0.6122250122355497	0.2713546065299427	0.03630980074072386
DLBCL_LS4619	0.012730582824230062	0.08290717513601091	0.5670844562919503	0.0328931748509631	0.30438461089684565
DLBCL_RICOVER_1269	0.01826972150668027	0.18587026141971413	0.7363841554233267	0.03768055245309884	0.021795309197180104
DLBCL11659	0.4003537041923342	0.05194387964806536	0.3409052869079519	0.19338808004858887	0.01340904920305957
DLBCL_C_D_1119_NULLPAIR	0.17105875805123513	0.7524922328328307	0.03164606271899042	0.023142416457903804	0.021660529939039917
DLBCL_RICOVER_1165	0.023989984943393296	0.6538589326284077	0.25204710648846723	0.02032456767552725	0.0497794082642045
DLBCL_RICOVER_711	0.1356975314529001	0.5077024822137531	0.0417410543342191	0.29275323907124795	0.022105692927879634
DLBCL11509	0.5080014570513689	0.07508404404660073	0.08329727246513013	0.2975004195642205	0.036116806872679645
DLBCL11678	0.06391846107327352	0.035245129449267644	0.5817524417671414	0.2923271517551772	0.026756815955140206
DLBCL11576	0.08536846425874953	0.10802941246426734	0.1697138296698233	0.5953142446767159	0.041574048930444
DLBCL10995	0.07840056462818715	0.21690604807256939	0.5177990166278634	0.08694606953469608	0.09994830113668403
DLBCL11574	0.0808013871153858	0.2095849225114683	0.5215372124698713	0.08712321828874386	0.10095325961453065
DLBCL10963	0.10660697727267167	0.06793979610493579	0.020058007534790288	0.13820527151479042	0.6671899475728118
DLBCL10921	0.02201440095234702	0.3043589618789341	0.049593675428889775	0.0336590649230187	0.5903738968168104
