	0	1	2	3	4
DLBCL11431	0.18826685391079734	0.18325117806370397	0.22281522601830714	0.13474636612295635	0.2709203758842353
DLBCL_C_D_PAIR13	0.1883348800792874	0.17884723158877783	0.22665034556437152	0.139283765679352	0.2668837770882112
DLBCL_RICOVER_711	0.15793271341127457	0.5535758579330021	0.02358473409391816	0.2384450523461763	0.026461642215628908
DLBCL11491	0.2427592825915353	0.024409800956279034	0.031701773954046227	0.5469917437914311	0.15413739870670828
DLBCL11534	0.041663231724323374	0.03278897535093082	0.47513642699218567	0.12813032854905676	0.32228103738350333
DLBCL_BWH_DLBCL64	0.21406346673247895	0.24692295117453633	0.02887120026490394	0.48345107202387	0.026691309804210816
DLBCL10846	0.20515597970245825	0.5820623747894412	0.04562071295256	0.1161434285305791	0.051017504024961434
DLBCL10986	0.3394979848794914	0.11190226144132404	0.42175621064023777	0.10351153042487711	0.023332012614069652
DLBCL_MAYO_DLBCL_3653	0.2194711001335113	0.03716835854728461	0.09088674140561086	0.16800775419675443	0.4844660457168389
DLBCL10915	0.05657261243023256	0.144029160797115	0.08248770240074126	0.49548822915846713	0.22142229521344403
DLBCL10858	0.026648995562650293	0.009137024461712486	0.025686210467151378	0.1484402656590197	0.7900875038494661
DLBCL_RICOVER_1045	0.3959007204021813	0.032267731852747616	0.027405601476476964	0.49690231507610816	0.04752363119248608
DLBCL10874	0.10921135983539815	0.39917004500808023	0.017173113252680124	0.16550650580418785	0.30893897609965365
DLBCL_C_D_1148_NULLPAIR	0.5445392819761701	0.012454362319165121	0.1318345879459859	0.27900021021311705	0.032171557545561856
DLBCL10491	0.039193090776909696	0.390774870618391	0.11215870580321635	0.43614905515324937	0.02172427764823357
DLBCL10891	0.017353697448992858	0.010060896098253105	0.062235000687705634	0.09278264799050784	0.8175677577745405
DLBCL11479	0.06440438149286216	0.5075006562284122	0.3480206978490217	0.04792236971446248	0.032151894715241436
DFCIDL004_DT	0.23103767688994506	0.011097866791994492	0.02816273370319589	0.16050274194393838	0.5691989806709261
DLBCL_RICOVER_478	0.2118221343222876	0.582689029103823	0.03731309952202105	0.02304925812799489	0.1451264789238734
DLBCL_RICOVER_1287	0.03033444270857872	0.3330990174859774	0.0480750362221293	0.03379397575057223	0.5546975278327423
DLBCL_C_D_1159_NULLPAIR	0.3060276596918519	0.01666973589648304	0.03282904797284928	0.607842893553537	0.03663066288527872
DLBCL_LS1304	0.017276408277498434	0.021534177883955282	0.7451182289364489	0.03432295688622455	0.18174822801587284
DLBCL_RICOVER_787	0.13205454628829685	0.7081348846562376	0.049869121569171046	0.09452002477295086	0.01542142271334354
DLBCL10868	0.053131814773020564	0.016325871355919466	0.028290192481287047	0.7725274901544492	0.12972463123532374
DLBCL_RICOVER_1046	0.011853286109593054	0.4284252086763481	0.48433250549229456	0.02544705400709615	0.049941945714668125
DLBCL10544	0.03656457483518173	0.017193053993588638	0.04202371721562737	0.7698729386699708	0.1343457152856315
DLBCL10513	0.15347996054225221	0.0594826655801337	0.03914658447771739	0.7289492495094619	0.01894153989043479
DLBCL_LS1395	0.014979587373281795	0.07773294857974038	0.8670657045311788	0.01773762495384173	0.022484134561957282
DLBCL10878	0.05437264475538873	0.011489567555551887	0.02012967762488452	0.06726466546998325	0.8467434445941916
DLBCL_RICOVER_985	0.026666519776417433	0.03555996752786988	0.14724440906168537	0.7308995677868811	0.05962953584714619
DLBCL10536	0.014449775981009511	0.1341611573636968	0.7925697309745016	0.039581717594607574	0.019237618086184495
DLBCL10466	0.006911459800434858	0.06301207174455108	0.8571397916831984	0.04795823711195188	0.024978439659863762
DLBCL_RICOVER_111	0.13446416153877785	0.02976617443130276	0.1437862619387699	0.04843339706121584	0.6435500050299336
DLBCL11429	0.9252725007736112	0.004850752364552927	0.013069650054567016	0.037049260810050826	0.01975783599721801
DLBCL10981	0.016521950025183797	0.8202352691726253	0.08382390072809986	0.060398266821558466	0.019020613252532532
DLBCL10894	0.058167161753419405	0.8791808336050134	0.010693730373059764	0.03619186670176344	0.01576640756674396
DLBCL10866	0.007282540751499145	0.005622801646016113	0.012668664598384732	0.022047832923034763	0.9523781600810652
DLBCL11652	0.7136996803469178	0.15933621873810153	0.01477141452673869	0.04059148096404157	0.07160120542420044
DLBCL10900	0.015898424547880555	0.005272985752434767	0.014674452550299245	0.030042019237117065	0.9341121179122683
DLBCL10950	0.9056446797483184	0.006609426727557818	0.025035958307904192	0.038103203633018674	0.024606731583200904
DLBCL10456	0.03866763345413696	0.0191771724875753	0.0656158043610956	0.8255987612872083	0.05094062840998382
DLBCL_LS2325	0.01743668600362377	0.055681165784661264	0.9012653231060493	0.01699849148379354	0.008618333621872037
DLBCL10547	0.0384764681155928	0.0230237346287314	0.030311834502531835	0.8748972103573505	0.03329075239579348
DLBCL11520	0.8494862190971125	0.008266917237545095	0.01309667848685235	0.03454134579238648	0.09460883938610351
DLBCL10914	0.8422932545880484	0.03807293132391215	0.0755641789300517	0.022717631980156094	0.02135200317783168
DLBCL_MC_F500_ECU	0.010446799677436239	0.9168478451965939	0.030944596305598288	0.024727527860653763	0.01703323095971784
DLBCL11661	0.02229009599797702	0.817782552408244	0.079354401408736	0.06903093614081651	0.011542014044226407
DLBCL_LS951	0.9292937919995479	0.01939795618778803	0.01585912550054072	0.02932848866830567	0.006120637643817707
DLBCL10833	0.07107556800292701	0.01069009912538864	0.015277514003529743	0.06257886954502863	0.8403779493231259
DLBC_FF_8046_TP_NB	0.016959709602531636	0.009321901776131816	0.9424043380442618	0.01698164981748114	0.014332400759593543
DLBCL_MC_F815_BAT	0.005968117728664646	0.014899240733898502	0.9424049223026622	0.02898325907220974	0.0077444601625649735
DLBCL10835	0.009802109264286669	0.04036595132512573	0.015957858092041328	0.05129196087909471	0.8825821204394516
DLBCL11539	0.977371353470702	0.002484111070586206	0.004972224304314254	0.011997937625517962	0.0031743735288795715
DLBCL_RICOVER_950	0.03249746375948203	0.018791842451480904	0.06269744614465386	0.8642195906515681	0.021793656992815106
DLBCL10529	0.008977709920502838	0.04827323803422871	0.019080532960876567	0.03130187632982815	0.8923666427545638
DLBCL11564	0.030880280664159893	0.016671065958509045	0.024281614233990834	0.9066591966574471	0.021507842485893162
DLBCL10983	0.005644413975558032	0.979076113253923	0.004863221089835467	0.0044895015323589285	0.005926750148324599
DLBCL10887	0.006785690518618361	0.010728122938383716	0.04992532723982448	0.017054896308825836	0.9155059629943476
DLBCL11476	0.04298918870143774	0.018661742930231116	0.01208564886576191	0.013672512879065464	0.9125909066235037
DLBCL11459	0.029875875430468542	0.01434518316640676	0.024780164434373895	0.9104448192904702	0.020553957678280648
DLBCL11537	0.9561484326524811	0.004313510543655826	0.008767524442550117	0.01175617125608909	0.019014361105223938
DLBCL11462	0.9363878150042443	0.005518553318315726	0.023164029580085167	0.015636033551676823	0.019293568545678
DLBCL10555	0.01233604499529847	0.019185540187689695	0.9534001873663576	0.01031001664769393	0.00476821080296038
DLBCL11662	0.9272804375521781	0.012579350227651836	0.0050324911391981765	0.02744923763529074	0.027658483445681042
DLBCL_RICOVER_829	0.9539128475554044	0.010287504599634133	0.0038714160131205198	0.018677628063607937	0.013250603768232984
DLBCL_LS1921	0.014096601692281531	0.9144441317776763	0.02799350293141364	0.03539899173236985	0.008066771866258675
DLBCL_C_D_1129_NULLPAIR	0.9268191921023561	0.007489227175851933	0.021708291866571867	0.01597399783099837	0.02800929102422169
DLBCL_MC_F606_DMJ	0.004227284622350685	0.01695993267049671	0.9638333427345821	0.007850136947239702	0.007129303025330782
DLBCL10879	0.005521754001617119	0.0073759931094497305	0.9591712156494568	0.017946272326141734	0.009984764913334571
DLBCL11203	0.004445067546543468	0.9716395979749817	0.008340353014298174	0.009154613496175416	0.006420367968001317
DLBCL10521	0.010762149715944561	0.06415360183212511	0.014114193756738282	0.011635758716472629	0.8993342959787194
DLBCL11481	0.9443333786930309	0.0060502892729004335	0.016624579770843983	0.014005913788393649	0.018985838474831016
DLBCL10510	0.006413137630268273	0.9791637838826053	0.004899362752192496	0.003428040142070701	0.006095675592863306
DLBCL10867	0.010287839218771385	0.10045660451022997	0.017547785762635194	0.025129777270251518	0.8465779932381119
DLBC_FF_A7CQ_TP_NB	0.008207048327804152	0.004522236922704311	0.007933664100355758	0.016413026442991554	0.9629240242061442
DLBCL11672	0.0034453011330553957	0.0053183905888682485	0.9727352099500692	0.010885957610184328	0.007615140717822772
DLBCL10836	0.006066689119133334	0.002811446466964718	0.00580257893473739	0.009169988124251087	0.9761492973549135
DLBCL10494	0.009912220025364583	0.902126445627904	0.06673283403763058	0.011411753566566233	0.009816746742534617
DLBCL11565	0.002312529210844451	0.9883663210937572	0.003360883434399205	0.002847674313502289	0.0031125919474968805
DLBCL10945	0.9790521055451115	0.0024770202120462464	0.003720597970909751	0.007172836648584782	0.007577439623347793
DLBCL_C_D_1108_NULLPAIR	0.0030356293720721246	0.982261203234497	0.005560166091808759	0.0029022355988503105	0.006240765702771838
DLBCL11680	0.014578349522191142	0.009671603601618825	0.960450699054553	0.009852987888001225	0.005446359933635803
DLBCL11685	0.0035194721512113777	0.004626352484285533	0.973301409454342	0.007941266133574614	0.010611499776586535
DLBCL11428	0.0033693900673448236	0.004896847963820845	0.9838768051858351	0.0057005038117999	0.0021564529711993836
DLBCL_MC_F729_MAN	0.005111395011025591	0.9756169423463371	0.010827432997757756	0.004501658997597926	0.003942570647281649
DLBCL_LS1065	0.004244399701776177	0.9838526912482234	0.0053581077920504105	0.0028458737377919405	0.0036989275201580814
DLBCL10912	0.981607333101542	0.0031543607406259665	0.0047485032243028856	0.007719341127071962	0.0027704618064571564
DLBCL_RICOVER_440	0.0100165720324888	0.902537381118022	0.06783674113216982	0.00852643749937873	0.011082868217940743
DLBCL_MC_F089_HCZ	0.00321379385305239	0.9737175076641423	0.0099717739264652	0.005710327106706888	0.007386597449633192
DLBCL_LS3749	0.002332993682477636	0.9885848231125824	0.004025481202049669	0.002980790875327229	0.0020759111275630224
DLBCL11558	0.0035314895490771952	0.004835544698806542	0.9824619862894736	0.006975902521805896	0.00219507694083677
DLBCL10997	0.988897550077053	0.001638836197002288	0.0018818166818323327	0.005272707054073947	0.002309089990038402
DLBCL_C_D_1136_NULLPAIR	0.0010953896345981546	0.9952218285736988	0.0014198258148974787	0.001078277630522889	0.0011846783462826473
DLBCL_C_D_1114_NULLPAIR	0.9900468925792065	0.0013281329048543112	0.001563225594080009	0.005106511669478759	0.00195523725238037
DLBCL10515	0.9817733687160219	0.0032966739127425976	0.0027598273415970066	0.00799447086307695	0.004175659166561455
DLBCL10853	0.0038705613314759	0.0022269370490100395	0.004521174385328881	0.005074082950542834	0.9843072442836424
DLBCL_LS297	0.002373133730074434	0.0032451288100058583	0.9863775373678394	0.005672759944987782	0.0023314401470924985
DLBCL10461	0.0016233590245143688	0.9900673947376164	0.0038102578276970425	0.0016229585698579875	0.0028760298403142353
DLBCL11461	0.9886192837353189	0.0018395952429711	0.002402328569637226	0.005524971912731024	0.001613820539341704
DLBCL10847	0.010270725470156058	0.008370913009397277	0.009247457477738275	0.006119948150287218	0.9659909558924211
DLBCL11507	0.014646618556647834	0.911366470982594	0.05570006973862419	0.008908839130864528	0.009378001591269409
DLBCL10992	0.0021239827477714467	0.0019104107356839835	0.004207986683084491	0.004005726119198788	0.9877518937142613
DLBCL_DFCI_DLBCL_GOE16	0.001405557277688195	0.0020389684176683916	0.9916415993255745	0.0033807358887751418	0.0015331390902937286
DLBCL10550	0.0026449893980841667	0.0023536550606881364	0.003908950950511464	0.00475920712401817	0.986333197466698
DLBCL_C_D_1130_NULLPAIR	0.9956273039034941	0.0007720316841042232	0.0008186545689751879	0.0018556957452945432	0.0009263140981320127
DLBCL_C_D_1163_NULLPAIR	0.0010718424638434323	0.0013105869187662544	0.0017684450726374648	0.0026957841656502393	0.9931533413791026
DLBCL_RICOVER_417	0.0016961927943550256	0.002906325180657474	0.004053270068347701	0.003891426674682631	0.9874527852819571
DLBCL10911	0.0006796898646961209	0.9970077471601588	0.0010943572667799397	0.0005209299074914039	0.000697275800873672
DLBCL_RICOVER_449	0.000302327940724665	0.00031406872955314015	0.0003270339370763576	0.00048821493093538417	0.9985683544617104
DLBCL_LS3200	0.003999572846286271	0.010717066747600368	0.006209575413969861	0.004840430274952774	0.9742333547171907
DLBCL_MC_F519_ALT	0.0013370139830313418	0.001633114699750885	0.0016280068772392216	0.0016971318513303774	0.9937047325886482
DLBCL_C_D_1117_NULLPAIR	0.13279249913823152	0.6016884217937731	0.022319858345343786	0.21294952356637123	0.030249697156280342
DLBCL10910	0.018656959543928105	0.4686521679226629	0.34042706974758036	0.1310945772980345	0.04116922548779409
DLBCL10974	0.047012566692606825	0.02711741068431519	0.05091386455035247	0.4064106119966739	0.46854554607605153
DLBCL11436	0.18248225952840263	0.3874513087016365	0.061858579043984875	0.32914481750601204	0.03906303521996389
DLBCL_RICOVER_1278	0.06569148976022497	0.04264384598126143	0.03130730310841952	0.3355048890518851	0.524852472098209
DLBCL10782	0.13508260948493164	0.06948344625876535	0.03255740768289352	0.7368566026988701	0.026019933874539426
DLBCL11515	0.017885784875582726	0.15143604200056932	0.3385620142709569	0.03736121435372103	0.4547549444991699
DLBCL10552	0.18388865953943898	0.025743062329266746	0.0892797460428707	0.6822877179429898	0.018800814145433786
DLBCL10936	0.13762108189792663	0.47583064282340004	0.1416058307272582	0.10285930987381482	0.14208313467760028
DLBCL11536	0.04309473248122089	0.3969384828626061	0.05461524647710271	0.4467738260310063	0.05857771214806406
DLBCL_LS2245	0.13849433801201902	0.45341086336076264	0.33859880920559743	0.047914937274375895	0.021581052147244904
DLBCL10885	0.05635929645303119	0.7212799019465683	0.019681337983043057	0.040262570484374136	0.1624168931329832
DLBCL11528	0.27527036524806375	0.5037201113320315	0.1661832339395957	0.03138702608366557	0.02343926339664342
DLBCL_RICOVER_467	0.02216425178677323	0.42826203678037483	0.03286471909290724	0.01711637978814085	0.49959261255180376
DLBCL10517	0.011629490378790871	0.36337364913904086	0.5654124019787026	0.03269460666219828	0.026889851841267447
DLBCL11519	0.524601368460648	0.04703452387291364	0.03136330391960843	0.379587674454443	0.01741312929238696
DLBCL11202	0.33877013515864024	0.10713808868329967	0.404711332265309	0.1386630922527612	0.010717351639989832
DLBCL_RICOVER_274	0.04067518959729769	0.10167567320658681	0.02952947025303242	0.7681172209313653	0.060002446011717905
DLBCL_RICOVER_910	0.11237671303686395	0.20466071757859963	0.053803584234526754	0.5945256900012036	0.0346332951488061
DLBCL10921	0.029018630803606185	0.5144613514661646	0.028538367981064138	0.034507656916767576	0.3934739928323976
DLBCL10512	0.011904861968119098	0.15396191575258122	0.49064881682893646	0.039854358572182585	0.30363004687818074
DLBCL11430	0.5941332489451746	0.018189628485475104	0.11955361297671879	0.24827722431010818	0.019846285282523312
DLBCL_LS4616	0.010287368796265262	0.3399766083830405	0.5802905421418679	0.04281550832903952	0.02662997234978687
DLBCL11576	0.05790880373834196	0.258736977032053	0.04677103733331301	0.5893612812807963	0.047221900615495783
DLBCL11204	0.10563692575463476	0.7956447360495824	0.04164750083940527	0.032548998716621265	0.024521838639756266
DLBCL10503	0.03978840104686551	0.6352799336027508	0.2602397158131788	0.025837885258236517	0.0388540642789684
DLBCL11478	0.6579788079917626	0.045846266015218455	0.23806030595029654	0.04226623582074191	0.01584838422198052
DLBCL10962	0.034294569551455927	0.8292319987065581	0.05948002579744669	0.03901603605616206	0.03797736988837723
DLBCL10549	0.030021888090074476	0.7659450544279192	0.1751129461653387	0.016989287155747827	0.011930824160919867
DLBCL_LS2208	0.030624998191395733	0.060518344639501113	0.37241393264342687	0.0525115514399751	0.4839311730857012
DLBCL_LS3499	0.09397652263436068	0.11706956421581804	0.044125167239447774	0.7004882700565551	0.04434047585381836
DLBCL_RICOVER_1018	0.04907890015657892	0.060268090510745755	0.028885713969129038	0.8361678895194984	0.025599405844047834
DLBCL11496	0.5240440709298196	0.029089547583044134	0.05273362448499989	0.04722797869493231	0.34690477830720406
DLBCL_RICOVER_1106	0.010191445894643155	0.04056429139204126	0.02370578784476713	0.07425741396577153	0.8512810609027769
DLBCL10909	0.0570239312450959	0.01902972554173684	0.10661616175474116	0.6300569290762353	0.18727325238219078
DLBCL11590	0.3437215539191363	0.018614863091312255	0.28276308814725637	0.26313980186555735	0.09176069297673764
DLBCL10564	0.03895081816370783	0.06283722731211928	0.07077478718023524	0.7933341640425497	0.03410300330138796
DLBCL_C_D_1156_NULLPAIR	0.7728809133722194	0.029340100459987965	0.018843783443553364	0.15638142299392618	0.02255377973031307
DLBCL10553	0.035876485455434086	0.038099211357877714	0.07841593059441657	0.8128598035850733	0.03474856900719837
DLBCL10472	0.043024000190120176	0.022864152339088825	0.7615892168419813	0.15392448303071554	0.01859814759809414
DLBCL_LS762	0.020549699819994598	0.025812140876869772	0.18754287332255332	0.03238486165282738	0.7337104243277549
DLBCL_C_D_1118_NULLPAIR	0.10004998975944118	0.8356862162714265	0.01571262753447477	0.028725439789369984	0.019825726645287575
DLBCL10927	0.06591696718256364	0.017255899459961897	0.025064037052320232	0.8698482617197189	0.021914834585435385
DLBCL_DFCI_DLBCL_GOE05	0.009933242462261915	0.7126367018592059	0.05451173253234964	0.02022430215381598	0.2026940209923666
DLBCL11437	0.06321605745461925	0.01181501416543868	0.04590648566831178	0.8081224240179917	0.07094001869363853
DLBCL10565	0.045468391051142226	0.026903153837325024	0.8147620002160693	0.09792038109804999	0.014946073797413454
DLBCL11673	0.027833112988546665	0.8367776747004321	0.08567767474881922	0.0369858272548191	0.012725710307382876
DLBCL10994	0.8002468332397988	0.06377088014605968	0.027004803368647915	0.043632060753291374	0.0653454224922022
DLBCL_LS2089	0.011897104917190211	0.9078707892364305	0.014806316206918859	0.008640095776264931	0.056785693863195506
DLBCL_RICOVER_314	0.015643410385304094	0.04474027743527027	0.10179826134539988	0.03347067968345208	0.8043473711505736
DLBCL10856	0.031849647716534916	0.06213498774111165	0.11915528008855128	0.024637956421115974	0.7622221280326862
DLBC_FF_8042_TP_NB	0.007709734156818198	0.022014017419440885	0.023513227762357772	0.026868724691162138	0.919894295970221
DLBCL_RICOVER_945	0.8004269654160456	0.08726823332379599	0.013256070517345805	0.073158356624016	0.025890374118796553
DLBCL10844	0.7880995274624287	0.04273792139918205	0.01877715539738278	0.025574683492363016	0.1248107122486434
DLBCL11658	0.03340484652548449	0.014103335259651382	0.03729616983826428	0.8675924931506325	0.04760315522596732
DLBCL_RICOVER_1289	0.010792177193098154	0.008476681282354579	0.018223249961815555	0.050928994848675316	0.9115788967140563
DLBCL10922	0.022727815776837045	0.906567776152123	0.03606591887338841	0.0159819117205547	0.01865657747709679
DLBCL_LS2357	0.03302300322583943	0.015846586052716504	0.02464371910955235	0.9040476678369893	0.022439023774902426
DLBCL11456	0.013014470408604699	0.9258135771666718	0.026487017332052325	0.0267059871615248	0.007978947931146412
DLBCL10852	0.009203960649291387	0.007950857845439195	0.009740226599005563	0.031240471623861937	0.9418644832824019
DLBC_FF_8043_TP_NB	0.02463028994884535	0.9436595375456663	0.010966660830341212	0.008005327937603269	0.012738183737543797
DLBCL10895	0.016214527588380625	0.10599883508384733	0.07698209279920461	0.01764493246339779	0.7831596120651697
DLBCL11488	0.7022557579462063	0.009161948351461993	0.019142429557513357	0.07693180103939799	0.1925080631054203
DLBCL10871	0.021653099731644896	0.8974705116818217	0.04187496541630995	0.01147632531232498	0.02752509785789848
DLBCL_C_D_1144_NULLPAIR	0.0062139969865429205	0.023669946625621587	0.011008603375662625	0.013254609431850162	0.9458528435803227
DLBCL_RICOVER_850	0.00687795156464798	0.02742849281292157	0.02092805219627114	0.029709982412668645	0.9150555210134906
DLBCL10535	0.0029523592658438837	0.0032284718987607712	0.0027616202232684023	0.0031087385712108566	0.9879488100409161
DLBCL10935	0.9420552702072937	0.02259461692897764	0.006860520493661873	0.02062142603827676	0.007868166331789979
DLBCL10890	0.006991487577431658	0.009016422001156441	0.010768715595726062	0.015442311745218576	0.9577810630804673
DLBCL_DFCI_DLBCL_GOE07	0.006020595078976823	0.9639022214885352	0.014721386825880959	0.004291671073116961	0.011064125533490015
DLBCL10993	0.8236493565774695	0.009934748755071846	0.024812257705257683	0.09705944013256883	0.04454419682963212
DLBCL_RICOVER_978	0.9113676819909147	0.012262164905464907	0.02045581244243268	0.04895140296644925	0.006962937694738464
DLBCL10880	0.013311549941446349	0.004761998313847743	0.00877631443957605	0.006484235485823606	0.9666659018193062
DLBCL_RICOVER_408	0.005649085735255676	0.9656522984778582	0.018401071987038036	0.005225431716992451	0.00507211208285571
DLBCL10781	0.0033928404431170724	0.0046777873511775325	0.005690077804278004	0.011097109808278983	0.9751421845931484
DLBCL_RICOVER_577	0.006949118674375859	0.013053673274560796	0.9609496132368733	0.009690355287982432	0.00935723952620759
DLBCL_LS4054	0.017553427025880784	0.9266411526334704	0.011725182112679238	0.01907974756635474	0.02500049066161491
DLBCL10525	0.979929417336094	0.00206767165379531	0.006198830737500126	0.007159823971755592	0.004644256300855023
DLBCL_RICOVER_977	0.9396724095018263	0.004855608246665928	0.00690362687389186	0.023963315963302114	0.02460503941431385
DLBCL11450	0.0020104953382545643	0.0026438862562866913	0.002161098608434434	0.004444135229646978	0.9887403845673773
DLBCL_RICOVER_221	0.005073130261811072	0.007656224021853757	0.01904684450310632	0.016155298084312743	0.9520685031289161
DLBCL11500	0.003796085734166463	0.003094808248312706	0.004677875186344591	0.006732222275190078	0.9816990085559861
DLBCL10452	0.005166781448241576	0.9586575887783295	0.02160555764213422	0.006085074838374176	0.00848499729292056
DLBCL11353	0.005882284245179233	0.014520994447642453	0.03381070373786288	0.011636825805829271	0.9341491917634862
DLBCL11671	0.9562719236325405	0.008490612405775479	0.0073588608301809934	0.02314291630303461	0.004735686828468359
DLBCL_RICOVER_1248	0.0009704709627531294	0.0008792724246320933	0.0008238728928213519	0.0015853087714445726	0.9957410749483488
DLBCL11566	0.012443634360036942	0.051952813643575645	0.911466262317362	0.016571247837845887	0.007566041841179488
DLBCL10495	0.9584747371448014	0.013967170828094512	0.0037571665859826406	0.012262450088317783	0.011538475352803713
DLBCL10903	0.002846030095060715	0.9824410167243436	0.008475213178977871	0.00296632003396838	0.0032714199676494643
DLBCL_RICOVER_533	0.0030238359802228394	0.9864545213792365	0.00531469157227698	0.0028297958656852483	0.0023771552025784355
DLBCL11195	0.003355131249830694	0.01191173752046717	0.008007103639178448	0.011817224484223609	0.9649088031063001
DLBCL_C_D_1128_NULLPAIR	0.9895997755597912	0.0015831993584674723	0.0019983356795206875	0.004404605787572033	0.0024140836146486493
DLBCL_LS3245	0.005231356460524876	0.9541500989574386	0.02641539357733443	0.006987091341404584	0.007216059663297517
DLBCL10862	0.0007451546361682431	0.0009188707628520343	0.0009977933149402497	0.0010528961950285061	0.996285285091011
DLBCL10883	0.003688825251591067	0.002339569608774674	0.004818244664675245	0.0042118240262111785	0.9849415364487478
DLBCL10951	0.0006706497517176055	0.0008366587290056721	0.0008686899425702808	0.0009125265398902314	0.9967114750368162
DLBCL10931	0.9595409556109149	0.003067782742832937	0.00793026633988865	0.018071761039998177	0.011389234266365334
DLBCL_LS2599	0.007254227837673602	0.008599919946316549	0.9666357009714518	0.013259039235725228	0.0042511120088328785
DLBCL10530	0.0028370974387652128	0.006702456379434389	0.00639766826404824	0.005685267744485644	0.9783775101732665
DLBCL_RICOVER_451	0.990722613976332	0.0015090979613972932	0.002175050166484412	0.0037374256152870678	0.0018558122804992188
DLBCL_C_D_1125_NULLPAIR	0.0015729431973551774	0.003393129338910613	0.002973176757672085	0.0029695986409159192	0.9890911520651462
DLBCL11470	0.9411043099892358	0.004913533467665304	0.009725120031700302	0.03618186298834619	0.008075173523052415
DLBCL11188	0.001447608738301103	0.9927949891450101	0.002922622624611909	0.0012797649138391804	0.0015550145782377432
DLBCL10534	0.0	0.0	0.0	0.0	1.0
DLBCL10884	0.9848267031158925	0.002267594176403186	0.0021342716340869354	0.007990199576483194	0.002781231497134211
DLBCL_LS1757	0.9877989849413239	0.0026052394842512915	0.0016029998791781506	0.00561506575129852	0.0023777099439481475
DLBCL10465	0.001230805975791758	0.0026936846669802987	0.9909951970772632	0.0030522385512494346	0.002028073728715289
DLBCL_LS146	0.001932879591147527	0.9902664143945122	0.004349193531905705	0.00143752925735425	0.0020139832250802713
DLBCL11656	0.0033326005216813095	0.004152414328114594	0.9778596872645371	0.00702158840335249	0.0076337094823144686
DLBCL11670	0.002125196482959616	0.005310401967482854	0.9809067222965646	0.007741994332814273	0.003915684920178601
DLBCL11667	0.002427000456332942	0.004194161469711767	0.9868844612016835	0.004299006438738618	0.0021953704335331554
DLBCL11003	0.22251813387917396	0.4003959997208307	0.04664793135106028	0.08406179345489416	0.2463761415940409
DLBCL10906	0.14298562812844706	0.5294503944965833	0.044280353710873736	0.048209512238882805	0.23507411142521317
DLBCL10908	0.12304842341730693	0.2867911933754865	0.09897868392434304	0.06585011405066385	0.42533158523219966
DLBCL_RICOVER_773	0.011864532523283365	0.2259996454677831	0.10043049573271391	0.022218254161842723	0.6394870721143769
DLBCL11504	0.20555721971572766	0.040123108811471894	0.07254269356685883	0.23513331402363805	0.4466436638823036
DLBCL11441	0.20428185395364154	0.015686660803809233	0.13478834952421287	0.3597639829766223	0.2854791527417139
DLBCL10985	0.06395914726060128	0.5482076917512169	0.03202089000908868	0.31470447474026764	0.04110779623882554
DLBCL_RICOVER_216	0.0595598227468942	0.07454110121713056	0.3844728814638909	0.0353498668422139	0.4460763277298703
DLBCL_RICOVER_956	0.014002139251512379	0.2796981272013143	0.07443420375875132	0.03483067303849001	0.597034856749932
DLBCL10969	0.3231466473608214	0.5322359260915248	0.042181803989181574	0.029987199378652855	0.07244842317981941
DLBCL_LS1668	0.04659609598892825	0.29129744557278314	0.2526613176713275	0.33965602902085834	0.06978911174610274
DLBCL11206	0.030243519501037743	0.5357147493271202	0.09526501319590228	0.012628212420746526	0.3261485055551933
DLBCL11449	0.0720712923544876	0.6097456638200535	0.06935549818657362	0.03663326563394016	0.21219428000494517
DLBCL10934	0.04585391509261586	0.20537255446190936	0.022124026754198906	0.08460847876606904	0.6420410249252069
DLBCL11486	0.6395159663479908	0.024402106032702122	0.020209478912476028	0.037045270478586495	0.27882717822824443
DLBC_FF_8062_TP_NB	0.10854994279410451	0.026867597120183932	0.1976217406443416	0.6320819686916106	0.03487875074975932
DLBCL_RICOVER_506	0.012537693466092795	0.2438405839351462	0.060346394244539865	0.020647480665499648	0.6626278476887215
DLBCL_LS2154	0.26567674239693434	0.5880034966271824	0.049557414564622475	0.06954955803251332	0.027212788378747393
DLBCL10486	0.6925169140151161	0.08346065563259847	0.019165691710349257	0.1337859209795883	0.07107081766234799
DLBCL11433	0.04323590230437537	0.017883038689646844	0.14962022165386651	0.14831811199063324	0.640942725361478
DLBCL11512	0.8002162393453841	0.043563548476053496	0.036500031682970134	0.10656824651239902	0.013151933983193195
DLBCL_MC_F064AB	0.026782270214437576	0.02798192843869873	0.7585742947762094	0.16270952808807077	0.023951978482583514
DLBCL_RICOVER_522	0.1059887013403935	0.10008281991448396	0.3689106454970673	0.410975995159366	0.014041838088689243
DLBCL11474	0.6996435917529483	0.0180271865801693	0.021423699694086796	0.23041776551462181	0.030487756458173743
DLBCL10539	0.06373904913458059	0.15605773361708775	0.043084154205449615	0.6586456061696837	0.07847345687319829
DLBCL10972	0.7725609522264654	0.03605595560656656	0.015361815019189633	0.05820330387430146	0.11781797327347704
DLBCL10902	0.006726025241892203	0.028491520865212602	0.057013770663701	0.020361225776218794	0.8874074574529753
DLBCL_LS2590	0.0383802660378899	0.024012472576217744	0.037515330393597474	0.6213361394733155	0.27875579151897933
DLBCL11538	0.026860501986222744	0.015163920021517929	0.7424008962311403	0.11874056865820554	0.09683411310291354
DLBC_FF_A7CX_TP_NB	0.36460513474439665	0.029830999505350314	0.08112162457279573	0.04829583324590527	0.47614640793155205
DLBCL_RICOVER_299	0.012662540345228712	0.8253395630150835	0.1302290004665147	0.011024533872015114	0.02074436230115797
DLBCL10451	0.7115976248515055	0.02878689727575584	0.20981618087748122	0.03565091461286249	0.014148382382394978
DLBCL_MC_F218_RAP	0.13987598106040516	0.020023452123647565	0.0472266370099983	0.7693847111049356	0.02348921870101336
DLBCL_RICOVER_1165	0.02075368156311234	0.8302583388811323	0.11256281854318144	0.0128454468039614	0.023579714208612504
DLBCL10863	0.09756343477653531	0.02011389488392726	0.025919472192862798	0.6830302572553473	0.17337294089132732
DLBCL11002	0.27014661520184696	0.04339214798497851	0.030110436465417514	0.6305286911772626	0.025822109170494458
DLBCL_RICOVER_1060	0.1857061423365936	0.13004415281128948	0.031020401996304448	0.030023972039676813	0.6232053308161356
DLBCL_LS155	0.020822760079575144	0.010874090494815216	0.8656818938215524	0.08253502270674877	0.02008623289730854
DLBCL10957	0.7565142421483373	0.020954601859123394	0.09087448880315126	0.1163691938324449	0.015287473356943191
DLBCL11480	0.792821971260223	0.024370241409320512	0.03162615155382134	0.056075797685689974	0.09510583809094512
DLBCL_C_D_1112_NULLPAIR	0.04292871896727545	0.2545400783097692	0.6204823679844244	0.05266046184206518	0.029388372896465835
DLBCL10999	0.009007346299381996	0.021611576598523866	0.06815609249037957	0.10426402061509825	0.7969609639966163
DLBCL10965	0.14348636158170402	0.018961254922128776	0.03859227417224739	0.7606550407743314	0.03830506854958837
DLBCL11681	0.792739006567383	0.00988778990185553	0.07652312418529778	0.07338939419514179	0.047460685150321806
DLBCL11447	0.039571225323842496	0.021044477555505953	0.02875470015044116	0.8068176156669634	0.10381198130324702
DLBCL10780	0.016438491046819693	0.8663273081420232	0.07022175323789243	0.03592867100421055	0.011083776569054191
DLBCL_MC_F307_JPS	0.8212326513763056	0.025988764315341244	0.019936438607042303	0.09539763004564716	0.03744451565566368
DLBCL10490	0.9227251341483844	0.011004962340002505	0.013187953846842328	0.03381360600170094	0.019268343663069815
DLBCL11527	0.047874928856789636	0.023582776225717233	0.08885524631127642	0.7761935947645348	0.06349345384168192
DLBCL10968	0.6106594439580935	0.011021550903147508	0.02589721388831335	0.2645721317364369	0.08784965951400873
DLBCL_RICOVER_473	0.9356116436537905	0.016620843043044092	0.006502819379868237	0.03379407741647509	0.007470616506822093
DLBCL10482	0.8623678102090764	0.019247513772464565	0.017533617394974558	0.02363954327092646	0.07721151535255809
DLBCL_RICOVER_701	0.0532231999850648	0.017954893172703615	0.024007687986274766	0.875060207828149	0.02975401102780791
DLBCL11205	0.9111045532531878	0.0202368663976828	0.04129000045822155	0.019437743966058182	0.00793083592484958
DLBCL10532	0.014149928756139159	0.019736547939316368	0.12128670429274742	0.06292991682419552	0.7818969021876016
DLBCL10980	0.009744815205948644	0.09457322421726416	0.028031103707846915	0.03231760703144382	0.8353332498374965
DLBCL11435	0.8911038585168356	0.007537472689264926	0.01216537746050211	0.06797290798357615	0.02122038334982125
DLBCL10898	0.0113249328379124	0.04000971834790826	0.01953769971292387	0.02276695537195224	0.9063606937293033
DLBCL11484	0.011197626397273364	0.8975979331274831	0.045841566776574666	0.013647188084880033	0.03171568561378876
DLBCL11675	0.020841074846808104	0.010257312645849856	0.8273830864416676	0.05444571545620951	0.0870728106094649
DLBCL_RICOVER_720	0.0228457149121852	0.12106465141260263	0.035255517791757424	0.014660246744801491	0.8061738691386532
DLBCL10930	0.05930783436938734	0.013085513995004606	0.011056310304664361	0.016092357105283107	0.9004579842256606
DLBCL11457	0.8600723014458908	0.00631913742626165	0.03238551342855782	0.07308050802857413	0.028142539670715654
DLBCL_RICOVER_496	0.012853146535670441	0.9352519104452973	0.03256369428267141	0.010682519747055634	0.008648728989305226
DLBCL10502	0.011069202788229421	0.9236842739840463	0.0435295880285628	0.013810892784169172	0.007906042414992343
DLBCL_C_D_1109_NULLPAIR	0.057145464849447526	0.014343952782947672	0.023824998960541324	0.8735654730055091	0.031120110401554362
DLBCL10857	0.012644560623727225	0.007076394072045448	0.009215868310396825	0.030694533313589043	0.9403686436802414
DLBCL10954	0.015682603632725785	0.90118359066729	0.03198315261300355	0.02058702438386301	0.03056362870311769
DLBCL11460	0.03377122109184694	0.01724178737212904	0.023941612041471837	0.9028180694763972	0.022227310018155012
DLBCL_RICOVER_1061	0.034745859032225636	0.012933465114813825	0.029736931357194466	0.903189487852896	0.019394256642870096
DLBCL_MC_F139_LJF	0.0343459002438644	0.01348568466217715	0.023593568224347647	0.9084317729066208	0.020143073962990043
DLBCL10963	0.018210504154515837	0.01906373820325505	0.017462096339317994	0.07240791353342381	0.8728557477694873
DLBCL10925	0.010319131515157334	0.017559570104672136	0.009262965386853415	0.02980191689595722	0.9330564160973599
DLBCL_C_D_1119_NULLPAIR	0.06283665449811787	0.8951906291751237	0.01564088262707285	0.012585193219752157	0.013746640479933389
DLBCL10460	0.004633403854530958	0.9761788820757277	0.012140259168331531	0.003030349208087312	0.004017105693322542
DLBCL10523	0.014919206035415761	0.009945996871903126	0.9302417353196843	0.037520196576431665	0.007372865196565127
DLBCL_C_D_1141_NULLPAIR	0.006695130010010468	0.020080794386783604	0.9410331366932014	0.00956618477235631	0.02262475413764816
DLBCL10889	0.0022312086330517947	0.0026292993957374	0.003992923324044608	0.005893494996508311	0.9852530736506578
DLBCL11458	0.10050835860711076	0.07210388909539382	0.7796222992522661	0.018513650047729053	0.029251802997500263
DLBCL_RICOVER_712	0.002773819112279727	0.003583379723518256	0.003975187295153517	0.005711880684775469	0.983955733184273
DLBCL_C_D_1126_NULLPAIR	0.04611315220797943	0.8846066820252266	0.021916105407935746	0.01563408973240306	0.031729970626455196
DLBCL_RICOVER_1032	0.003659134412719417	0.012197997319325726	0.007174025125487847	0.008683600118060842	0.9682852430244062
DLBCL10860	0.00272887182700657	0.004447788491044422	0.008277104472472126	0.006825495215406646	0.9777207399940703
DLBCL10842	0.0015101584095887901	0.0016044358389444948	0.0023290732732446627	0.0031759497719733337	0.9913803827062487
DLBCL11472	0.9146758592821078	0.005392107413264103	0.018833121030189512	0.046059701422548706	0.015039210851889803
DLBCL10990	0.0013052199234246254	0.0011846187865463874	0.001488261850773018	0.001621325718752742	0.9944005737205033
DLBCL10498	0.012239136443346845	0.015243733203689918	0.9427550736733908	0.02513202216076989	0.004630034518802536
DLBCL_RICOVER_744	0.02439188542364565	0.011949439990419248	0.944979536615102	0.010425915478830384	0.008253222492002655
DLBCL11000	0.0008758841191589396	0.0011522977177203088	0.0014278522649761043	0.0020754057456086094	0.994468560152536
DLBCL10901	0.0017466856266751777	0.0029080548342075093	0.0036378622348788147	0.004611795739573335	0.9870956015646651
DLBCL_RICOVER_1192	0.0021239321573624393	0.0034981955757485716	0.0022741532689888088	0.0027648413710346254	0.9893388776268656
DLBCL10483	0.0034637954546655318	0.9773767180251045	0.011791308078918625	0.002807037186641575	0.004561141254669732
DLBCL10977	0.0013878705581372055	0.0008723287020022059	0.0014866937393405665	0.0018009060831918617	0.9944522009173281
DLBCL_C_D_1113_NULLPAIR	0.004716698435594621	0.008496741970631098	0.9758221126507559	0.00688502420548159	0.00407942273753677
DLBCL10459	0.002532359405778302	0.006418237769207841	0.9805043594706109	0.007342470308306932	0.003202573046096016
DLBCL_MC_F262_WLC	0.9934734087536568	0.0010571130851258573	0.0010444551778175022	0.0030069146151820375	0.0014181083682179056
DLBCL_C_D_1133_NULLPAIR	0.005735292836507891	0.00980697143261247	0.9708049264243396	0.008619716838741706	0.005033092467798323
DLBCL_C_D_1105_NULLPAIR	0.1291316648579915	0.7993006108262232	0.014876769690842565	0.029539741750225574	0.027151212874717265
DLBCL10458	0.9975880432261984	0.0003839874030316347	0.0004948975399565237	0.0010782390665145805	0.00045483276429885154
DLBCL11526	0.006453551050921465	0.0051505030156766855	0.9773652984290991	0.008056192786547579	0.0029744547177551787
DLBCL_LS378	0.9905002770978248	0.0016955831062226837	0.00214180925925064	0.004111677497910959	0.0015506530387908689
DLBCL_LS1098	0.0023044155794228675	0.002254238231412305	0.98945201129892	0.004262652086120195	0.0017266828041245799
DLBCL_RICOVER_1210	0.003314660000161256	0.9761362312125073	0.011599599525488731	0.004801936174824211	0.004147573087018594
DLBCL_C_D_1131_NULLPAIR	0.002201146750724351	0.9893313353820619	0.00414665543125048	0.0016655566159406068	0.002655305820022678
DLBCL_MC_F349_BJJ	0.0016393180731932566	0.002847695391039927	0.9886118052277953	0.004051100104623039	0.0028500812033483897
DLBCL11666	0.0016670235580602082	0.0030823370304323603	0.9895652511997746	0.00378724852099659	0.001898139690736299
DLBCL_RICOVER_174	0.001662960633048463	0.9933637806320039	0.002319611279127735	0.0013707660698432113	0.001282881385976658
DLBCL10850	0.0015104978226641204	0.9943102367489397	0.001895609488063394	0.0009938285363931766	0.0012898274039395664
DLBCL10834	0.004030018475631471	0.9882009547207175	0.003093246099573249	0.002220588019851133	0.002455192684226668
DLBCL_RICOVER_253	0.0016237649383770052	0.9942842531844472	0.0017179499932186446	0.0010332861295520158	0.0013407457544051108
DLBCL_MC_F927_JHS	0.18894858860466543	0.1825167226021843	0.22721457615074367	0.1378433162523162	0.2634767963900904
DLBCL11483	0.14852688387552498	0.4336388154936405	0.15318778336793373	0.1083756103462521	0.15627090691664874
DLBCL_RICOVER_1190	0.3074260214266869	0.029867535815004582	0.2330678229524915	0.038396090213394636	0.3912425295924224
DLBCL10971	0.31917361536251154	0.3705006021579531	0.041367653001306334	0.07309573669566914	0.19586239278255999
DLBCL11448	0.029493540963488087	0.056337741158542655	0.22283966771332933	0.2844289478344368	0.4069001023302031
DLBCL10454	0.30848500377411275	0.37963023454362993	0.05530735799660388	0.01919959297315714	0.23737781071249622
DLBCL11467	0.06376228110424834	0.05842002397121407	0.10338866918480315	0.3453383644516443	0.42909066128809004
DLBCL_RICOVER_258	0.19981537401116448	0.020796717402156696	0.11545666011275212	0.04988527286172213	0.6140459756122045
DLBCL_LS2328	0.032503450212946976	0.5919189839682681	0.3383425129729401	0.025787806211832496	0.011447246634012278
DLBCL11535	0.05230714914579925	0.02978585592362148	0.032018365641581656	0.3822472653664439	0.5036413639225537
DLBCL_RICOVER_120	0.5110410709222774	0.05024304357239427	0.0198920814083048	0.047317847615890175	0.37150595648113344
DLBCL11657	0.022491326669053565	0.0512344769434499	0.7928046559658147	0.11118812724980208	0.02228141317187973
DLBCL11473	0.5530499722583488	0.08826030997965141	0.018326110318826132	0.30168041245402694	0.038683194989146776
DLBCL10865	0.4207428516250297	0.12321878948277563	0.07268407385251957	0.18204062135208193	0.2013136636875932
DLBCL11664	0.20046614040024918	0.6785624863827957	0.047915331504901564	0.05934982349536175	0.013706218216691764
DLBCL11501	0.3789692855516958	0.48682757567925616	0.015950300767895984	0.041773256676489685	0.07647958132466229
