	0	1	2	3	4
DLBCL11431	0.2006954844328383	0.1860989279060556	0.22119529512041972	0.14640581355305807	0.2456044789876283
DLBCL_C_D_PAIR13	0.19916593739123978	0.18043189014028577	0.22360750595395515	0.15097226115829798	0.24582240535622132
DLBCL_MAYO_DLBCL_3653	0.3392765035858173	0.050079855101643964	0.07574494182250856	0.24042299439331136	0.2944757050967187
DLBCL_RICOVER_711	0.20793665456742658	0.44145156844384487	0.04050551721459084	0.28778353153748315	0.022322728236654602
DLBCL10986	0.5372951726687104	0.07264279016406176	0.22866239843524136	0.1404633351641255	0.020936303567860907
DLBCL11534	0.057558347472902914	0.030859920151652266	0.3163940830561124	0.17275198888781962	0.4224356604315129
DLBCL_C_D_1148_NULLPAIR	0.5617727595413797	0.011123079128295084	0.08359104917419355	0.31701633290767445	0.026496779248457183
DLBCL_BWH_DLBCL64	0.1396594049514497	0.4688535040766406	0.10288525599956072	0.2713212671967383	0.017280567775610635
DLBCL_LS2325	0.04589612946610112	0.382192577646113	0.5211040645481612	0.030497132504255287	0.02031009583536941
DLBCL_RICOVER_1046	0.012375767318603485	0.5527828078513288	0.3532465008494077	0.02290159977728749	0.05869332420337257
DLBCL10858	0.08651459022012636	0.011259565153550078	0.037108638288552244	0.4868256374220005	0.37829156891577076
DLBCL10513	0.2614110344449796	0.03538249290677152	0.051109683461595175	0.6336878163609141	0.018408972825739653
DLBCL11491	0.21175154981974154	0.013213823035328077	0.06500127173421442	0.6432608215708029	0.06677253383991308
DLBCL_C_D_1159_NULLPAIR	0.36145798975052873	0.01702773520515924	0.03283197708232476	0.5610504579715435	0.02763183999044381
DLBCL_RICOVER_985	0.03542984258065158	0.034062954952549726	0.16981487358486202	0.7100737060337071	0.05061862284822955
DLBCL10868	0.07387701211516984	0.014673861780370707	0.028496363334618368	0.7319126621872506	0.15104010058259046
DLBCL10846	0.07271665133612386	0.8212974760810012	0.025974976571517854	0.041172858889261185	0.03883803712209584
DFCIDL004_DT	0.5362847349972693	0.011230275610993922	0.02757804699900221	0.20057437142625337	0.2243325709664813
DLBCL10981	0.03069173482079197	0.8291613638149826	0.05451926416437141	0.06108835134237123	0.02453928585748276
DLBCL_RICOVER_1045	0.5183820698463362	0.04160194872267008	0.03235985033039527	0.36561518014802435	0.04204095095257424
DLBCL_LS1921	0.035700197408348476	0.8330482081649696	0.059442182520447855	0.061643300105400735	0.010166111800833301
DLBCL_RICOVER_478	0.03970215817526704	0.8419730656635533	0.025926615768093953	0.011897486196040806	0.08050067419704485
DLBCL10833	0.06944829044070587	0.013468199599208521	0.017382999017214407	0.0930567722910311	0.8066437386518401
DLBCL_RICOVER_111	0.11647871800275156	0.06655814594512109	0.5944017469273463	0.07804571539893769	0.14451567372584342
DLBCL10891	0.01486953367412706	0.009171566956521092	0.05634953843059813	0.0558073982537706	0.8638019626849831
DLBCL11661	0.020588768457512244	0.848708503621669	0.05689201466418994	0.060877475205717575	0.012933238050911185
DLBCL10874	0.02369246764314654	0.8216195510065543	0.02525416770842501	0.03185239618057476	0.09758141746129945
DLBCL10867	0.03023958457312113	0.41174467779413626	0.021756936137121256	0.02371012553264729	0.512548675962974
DLBCL_RICOVER_1287	0.026465970503238928	0.2341965631821385	0.033594032517142956	0.027033102229463115	0.6787103315680165
DLBCL10494	0.01079896309957291	0.897722194433631	0.06554413829958033	0.012351149511298665	0.01358355465591714
DLBCL_RICOVER_440	0.011193428790881903	0.8915362580611021	0.07230245171379703	0.007778136291490559	0.017189725142728388
DLBCL10915	0.023441245263689757	0.14918253956034305	0.05715776995910683	0.06455517425598528	0.705663270960875
DLBCL10914	0.8408439280837825	0.04963550946966423	0.059058214812530076	0.029308294669729583	0.02115405296429364
DLBCL11479	0.013643454742116088	0.8986083867777566	0.051394556356960976	0.010464945853222279	0.02588865626994408
DLBCL_LS1304	0.01584792716375522	0.03870788476015102	0.8262790355746903	0.023386243246130943	0.09577890925527255
DLBCL10544	0.041650273018052436	0.01296695312525411	0.04466999826169349	0.7533727888461248	0.14733998674887513
DLBCL_RICOVER_787	0.10680853662960055	0.7460862265150835	0.04832256005507433	0.08413370308042942	0.01464897371981229
DLBCL10547	0.041472868304208266	0.01376982215339893	0.02589416586047113	0.8859616074093332	0.03290153627258851
DLBCL10491	0.05041523981123773	0.17379789195777381	0.11831800964211407	0.636412648253848	0.021056210335026294
DLBCL10456	0.04225474002305453	0.010952016370347116	0.03161473965460634	0.8799007653720653	0.035277738579926686
DLBCL11462	0.8543552339733173	0.01605598124127777	0.047945262322398215	0.02826293979437233	0.05338058266863437
DLBCL_C_D_1108_NULLPAIR	0.010912541172656946	0.9130915380914884	0.013512441683875777	0.008197097220933702	0.054286381831045234
DLBCL10536	0.029997856496968046	0.17231804767012301	0.6714149352555675	0.08565249928524253	0.04061666129209892
DLBCL_LS951	0.9145581294622555	0.02501627360676466	0.014617131941609166	0.03932956908317795	0.006478895906192788
DLBCL11507	0.028075492373760096	0.8667538558421263	0.07586480085477487	0.014602809631763133	0.014703041297575555
DLBCL_MC_F500_ECU	0.006056547083901726	0.9521779294538234	0.01578153530335314	0.009417213875749925	0.01656677428317183
DLBCL10894	0.04219712421603175	0.9033941048563716	0.017101156121736807	0.02727483686730572	0.01003277793855408
DLBC_FF_A7CQ_TP_NB	0.02486007010506568	0.01069216413726323	0.010696399801789274	0.046275940195323564	0.9074754257605583
DLBCL10878	0.017016542084370805	0.00872985595911863	0.011871932606395756	0.015080377053627093	0.9473012922964877
DLBCL_LS1395	0.01688254633631466	0.06399058641456463	0.8767186513515234	0.01721532541813258	0.025192890479464786
DLBCL_RICOVER_950	0.03382363812686094	0.011624687440122421	0.05040256852983017	0.8823467680099867	0.021802337893199766
DLBCL11476	0.02143395973156955	0.021120319915117574	0.008031860697751157	0.009784847970772823	0.9396290116847889
DLBCL11564	0.03553314673631588	0.01161289997679445	0.026760537241357824	0.9036135572898794	0.02247985875565253
DLBC_FF_8046_TP_NB	0.025992347332302733	0.0174157856327885	0.919080332669685	0.02442217196014894	0.013089362405074861
DLBCL11459	0.03424365614476272	0.010635688493825856	0.026301821692766066	0.908539952760983	0.020278880907662406
DLBCL11520	0.9218055407053797	0.005779015200143267	0.00863143427819259	0.029188921045119835	0.03459508877116466
DLBCL11429	0.9329961102432304	0.0045445614990817	0.009290635537638604	0.0388739943639409	0.014294698356108446
DLBCL_MC_F815_BAT	0.006445312859125005	0.014644210997488711	0.9338735975691806	0.03347374305452268	0.011563135519682985
DLBCL10866	0.01716960553594647	0.007176110657829331	0.017468128752641508	0.0400361201534453	0.9181500349001374
DLBCL10900	0.01605151575961785	0.006346052423675741	0.008958070357461875	0.02270711327003066	0.9459372481892139
DLBCL11672	0.009358989248411234	0.008307887001832256	0.9356119682049319	0.028652377367053075	0.018068778177771617
DLBCL11652	0.8963481986636034	0.027744958098580637	0.016743024470541976	0.03300801944883148	0.026155799318442502
DLBCL10836	0.024325082192539947	0.005754364729367606	0.02027971064944236	0.03147094719074968	0.9181698952379004
DLBCL10835	0.015181698277676231	0.06176763940928503	0.01657926119810117	0.05763583646871605	0.8488355646462216
DLBCL10466	0.005374392828842659	0.01870347802605726	0.9398731498303322	0.024998832491189192	0.011050146823578725
DLBCL10879	0.004818048849464394	0.007107722101870436	0.9595796881920523	0.01638757544538449	0.012106965411228379
DLBCL10521	0.015984740915680556	0.0758766604195767	0.009609832678398522	0.01206301980836037	0.8864657461779838
DLBCL_LS3749	0.004136579405048491	0.9789121364578875	0.007121994268181895	0.005785639378855788	0.004043650490026314
DLBCL_MC_F606_DMJ	0.007785767259418972	0.04470080028594461	0.918742986348049	0.015556150125823188	0.013214295980764235
DLBCL11539	0.9691439668898938	0.0027274706432186832	0.006174075142276719	0.018295093816414167	0.0036593935081966093
DLBCL11558	0.006096824148913703	0.006895681618086124	0.9696004967319803	0.013491628790131941	0.003915368710887841
DLBCL10887	0.003120725994419139	0.004989931972196124	0.009872295924599326	0.006902253517718782	0.9751147925910666
DLBCL11685	0.004802526698765862	0.006025436764136325	0.9637222451376751	0.010947317674672889	0.014502473724749831
DLBCL11662	0.9494367729650766	0.005403551633907467	0.006120236592849211	0.025304051108987917	0.013735387699178836
DLBCL10945	0.9510349498204601	0.0050034452890746275	0.0061080964317330975	0.016908642481455315	0.02094486597727689
DLBCL10510	0.005681595912221147	0.981739698312227	0.004514734195222448	0.003078576089064002	0.004985395491265449
DLBCL11203	0.004146261289009518	0.9776049973768342	0.006885688631398719	0.00591275451681015	0.005450298185947473
DLBCL_LS297	0.0045759079659197805	0.004724932310751967	0.9736640959386716	0.012509532178558843	0.004525531606097742
DLBCL10529	0.007520259994443243	0.03802676550065163	0.015245301673069164	0.0171834319784699	0.9220242408533661
DLBCL11481	0.9544361831194932	0.006142506514235199	0.01476595795934296	0.015097328007328987	0.00955802439959967
DLBCL_C_D_1129_NULLPAIR	0.947338251009457	0.006461947353924603	0.016613997563443707	0.016374626974978396	0.013211177098196233
DLBCL10847	0.012254274294712441	0.027255735410817602	0.007944233565751219	0.008150156511428547	0.9443956002172902
DLBCL11537	0.9731110908519427	0.002582305584236499	0.0047503458878016755	0.010454279979073167	0.009101977696945993
DLBCL10983	0.006770827211478531	0.9712648747132409	0.007004316191739901	0.004788903601459939	0.01017107828208078
DLBCL10461	0.0024297748572809958	0.9835644205788908	0.0057591748919586325	0.0021301699279789327	0.006116459743890663
DLBCL11680	0.01980954468500581	0.01079290782076533	0.9488877120038666	0.01311430267019805	0.007395532820164268
DLBCL_LS3200	0.00772677887239254	0.033179012418079586	0.008038135468464255	0.008445001749726283	0.9426110714913374
DLBCL10950	0.9331295871885862	0.00730950692494599	0.01157286128466454	0.030525774130919437	0.017462270470883837
DLBCL10555	0.003351509081616754	0.004508512024078515	0.984929238465558	0.004824277671334865	0.0023864627574118145
DLBCL11565	0.003990573271344876	0.9798993929883357	0.005362031215037561	0.004134260330862094	0.0066137421944197795
DLBCL_DFCI_DLBCL_GOE16	0.0016931243739257697	0.0019991926562088016	0.9903527979438361	0.003929187003030587	0.0020256980229987707
DLBCL10550	0.0024069459106621617	0.003951241860079276	0.006514091416382686	0.006224058894373894	0.980903661918502
DLBCL10853	0.008528178624780025	0.004891063298195925	0.0046135208335485196	0.006985104830627249	0.9749821324128483
DLBCL_RICOVER_829	0.9626754935694257	0.0067939114073357915	0.003670087134583579	0.018966989195754156	0.007893518692900735
DLBCL_MC_F729_MAN	0.0021415677383409236	0.9908461575356596	0.002927930851439041	0.0013699398671530713	0.002714404007407372
DLBCL_MC_F089_HCZ	0.002526037359657209	0.9821086943604389	0.0075698710900003185	0.003484509733403366	0.0043108874565001565
DLBCL11428	0.002810557172381375	0.003206194858810648	0.9866896295732122	0.005145877967642414	0.002147740427953371
DLBCL10912	0.9882774893700176	0.0017159559766332746	0.0024984818884684723	0.005898093308707868	0.0016099794561728559
DLBCL10515	0.9663925040895047	0.00487900348372352	0.004291390092751444	0.018530450741021536	0.005906651592998822
DLBCL_RICOVER_417	0.0011216673265488858	0.0017486175472793241	0.0018713062052221887	0.0027399206713753913	0.9925184882495742
DLBCL10992	0.0008535510242141521	0.0007996380674124541	0.001286550580874244	0.0015401313539498197	0.9955201289735494
DLBCL_LS1065	0.003539036213763354	0.9874297710568398	0.0035040238515688647	0.00184271972872993	0.0036844491490980453
DLBCL_RICOVER_449	0.000740444721768537	0.0007218693143874369	0.0008032587250275568	0.0011472457348780404	0.9965871815039384
DLBCL10997	0.9778583348996097	0.0035415417597265846	0.003134207569174021	0.011746984266681157	0.0037189315048085305
DLBCL_C_D_1163_NULLPAIR	0.001157853265369401	0.0012966955626684778	0.0016542054101983319	0.0028687692006432093	0.9930224765611205
DLBCL_C_D_1114_NULLPAIR	0.993575685839634	0.000908812733362661	0.001103651663581327	0.003365564172787823	0.0010462855906341747
DLBCL_MC_F519_ALT	0.0005271793039746853	0.0006918139859918824	0.0004409379807130587	0.0006102192531630846	0.9977298494761573
DLBCL10911	0.0010102668524013029	0.9959933058195293	0.0013531735706102024	0.0006615077786901929	0.0009817459787689858
DLBCL11461	0.9900618031572499	0.0013615346567647506	0.0018471628721250266	0.0053918586603001065	0.0013376406535602467
DLBCL_C_D_1136_NULLPAIR	0.00117346182768638	0.9946166770501771	0.0015972950177778485	0.0011341670117770068	0.0014783990925816399
DLBCL_C_D_1130_NULLPAIR	0.9955970555415732	0.0006751077278999854	0.0007090623403963053	0.002206537905422268	0.0008122364847082441
DLBCL10503	0.08795628746291168	0.22073058450824223	0.39996375273419515	0.021233550996144802	0.2701158242985061
DLBCL11528	0.48743566575124625	0.31302965311825975	0.13177870464305064	0.042581997788130564	0.025173978699312833
DLBCL_C_D_1117_NULLPAIR	0.2150579770383275	0.2502353756915101	0.031448781495702204	0.4740423827130719	0.029215483061388207
DLBCL10936	0.14323274811447145	0.4454206268543771	0.158129750416411	0.107905821269206	0.1453110533455344
DLBCL_RICOVER_314	0.011864720926796348	0.5942031113089072	0.08869138607533177	0.04972996854633593	0.25551081314262875
DLBCL_RICOVER_910	0.446358479719946	0.11478300798932123	0.08737756707762717	0.3239125531232604	0.027568392089845184
DLBCL10994	0.6206498915091435	0.12152671569130237	0.028599242119941512	0.09163936358710958	0.13758478709250296
DLBCL_DFCI_DLBCL_GOE05	0.011950069265604938	0.3032618491339336	0.07036939113397188	0.022798734192977937	0.5916199562735116
DLBCL11515	0.019470092718452594	0.14143592406506833	0.5469927133731873	0.045890115820653374	0.24621115402263832
DLBCL_LS2245	0.08224915699526708	0.38235249300209123	0.46917715880178845	0.03693711997331243	0.029284071227540794
DLBCL10910	0.0211360924312579	0.1764050543400113	0.703372561548428	0.05320479184949284	0.04588149983080997
DLBCL10974	0.07835342016297524	0.018200402935924904	0.046786258557486846	0.53751907433373	0.319140844009883
DLBCL10517	0.012779021702554601	0.5901539559842255	0.3241518247091659	0.03486900886681096	0.038046188737243
DLBCL11430	0.5649914668790662	0.015971067799896554	0.09873928961371871	0.297201607045395	0.023096568661923392
DLBCL10782	0.17115413303249005	0.04141925991515411	0.03640826334382678	0.7255641784074345	0.02545416530109451
DLBCL11519	0.33141514399396343	0.03032047220768725	0.03180272547140986	0.5858107107553843	0.020650947571555233
DLBCL_C_D_1156_NULLPAIR	0.7027656175898197	0.027439724427337255	0.029326897850245552	0.22147745359927112	0.01899030653332641
DLBCL11488	0.5913334322123093	0.01208755321987622	0.021587491205558952	0.14152668795987783	0.23346483540237772
DLBCL_RICOVER_1278	0.0754187096442036	0.023695908205127736	0.032040654130347034	0.3052989819622736	0.5635457460580481
DLBCL11590	0.0690460603605138	0.01416932605384541	0.526479499246946	0.26711456591536353	0.1231905484233312
DLBCL10553	0.035811915786198134	0.03616096831451921	0.07881821721223442	0.8145999640600966	0.03460893462695165
DLBCL10512	0.012412179882829177	0.13936869725735088	0.5698247938842455	0.06183938337365405	0.21655494560192046
DLBCL_LS2208	0.01968513614235161	0.1286702578253243	0.17907559430259543	0.039690375169428284	0.6328786365603004
DLBCL_RICOVER_1018	0.061335362493236095	0.10167071719844804	0.033947453957436265	0.7667889736049556	0.036257492745923985
DLBCL11436	0.046076054823392956	0.7423573513776395	0.041781032253399825	0.07569665607752585	0.09408890546804188
DLBCL11576	0.09992461197071947	0.1485091840468005	0.12430760838454931	0.5825941957926455	0.04466439980528521
DLBCL_LS3499	0.10568411562171243	0.09452913916761292	0.060778624349203315	0.705495726228339	0.033512394633132325
DLBCL11202	0.24848029220100018	0.09258076178339637	0.5730134098010788	0.07461145609002126	0.011314080124503318
DLBCL10564	0.04932941656482431	0.03365288656891369	0.056707785718032554	0.8355334371193603	0.024776474028869146
DLBCL11496	0.6959784868694526	0.014255272646998935	0.03620176661410316	0.06331519797422913	0.19024927589521617
DLBCL10909	0.043370100906019414	0.018600374103843492	0.06900424799896503	0.7526741305355305	0.11635114645564153
DLBC_FF_8042_TP_NB	0.009007492737053611	0.040201635761667874	0.057119146367692296	0.02097512533410468	0.8726965997994816
DLBCL10472	0.03517194612399117	0.013488270568593056	0.8344449874393572	0.0989840342209142	0.017910761647144325
DLBCL11673	0.03813391484936606	0.7654464771043997	0.11611194389587388	0.047558915499815155	0.03274874865054518
DLBCL10844	0.8421088424532173	0.04754630924921591	0.013611554094116348	0.033250954908852985	0.06348233929459755
DLBCL10565	0.03576989833668687	0.016838081000023094	0.8580141573042136	0.07524860295242135	0.01412926040665509
DLBCL_RICOVER_945	0.8929192812573855	0.028651420788466733	0.010365348319630938	0.05484541953359424	0.013218530100922563
DLBCL10921	0.020079333155362852	0.7008991972114023	0.024562749915330643	0.015647977323208304	0.23881074239469594
DLBCL11437	0.06492672163786352	0.009114478802101814	0.03820556460826825	0.8373223720890809	0.05043086286268554
DLBCL10552	0.10812346825474742	0.01676768832266418	0.052968327954172736	0.8044984675245379	0.017642047943877744
DLBCL_RICOVER_850	0.005389741545412301	0.015414965968855365	0.013415462174640765	0.02269423860677179	0.9430855917043198
DLBCL10927	0.09292207511146067	0.013367681247766022	0.032466659987048875	0.8380236526520639	0.023219931001660563
DLBCL10885	0.03160529177012469	0.7440425569209048	0.024699309816350053	0.03455641312820021	0.16509642836442023
DLBCL_RICOVER_577	0.010979896562403606	0.01350501129250649	0.9398319138368274	0.016571762296739054	0.01911141601152349
DLBCL10935	0.8478777977082095	0.07619657566238382	0.011135713374437715	0.044901037769628976	0.01988887548534004
DLBCL10993	0.8453425955013304	0.00733588088999672	0.02756335058581404	0.07535815088331145	0.044400022139547364
DLBCL10852	0.006614192398226056	0.00898310165485239	0.010472599164572683	0.024671410547106972	0.949258696235242
DLBCL_LS762	0.0220776926282195	0.01996917384244339	0.09412840380463361	0.03181607268085045	0.8320086570438531
DLBCL10871	0.026252483066235465	0.8748763148567246	0.031545459754403045	0.012261587885988794	0.05506415443664818
DLBCL10856	0.05964906419655397	0.09619529183803673	0.1500189899475976	0.04179032974881325	0.6523463242689985
DLBCL_RICOVER_274	0.04422673063761904	0.041081459838224796	0.027980880310216436	0.8442149839864743	0.04249594522746545
DLBCL11456	0.018561393926366937	0.8700461474507348	0.04869187617046029	0.048543778909582704	0.014156803542855216
DLBCL11671	0.9103414616458457	0.013161019921592899	0.011856351751834244	0.05735836734013468	0.007282799340592493
DLBCL11204	0.03346141888172828	0.888974435693704	0.026488572926313868	0.02718793950271216	0.023887632995541634
DLBCL11478	0.8581526208278822	0.02411217354927571	0.06941158696491716	0.03858145828066608	0.009742160377258845
DLBCL_RICOVER_1106	0.002791192767271885	0.007786719833424676	0.005275293307102104	0.008503725114185446	0.9756430689780159
DLBCL11658	0.03650772584144012	0.009279908143362485	0.03521660246827895	0.8741183764470494	0.044877387099869034
DLBCL11536	0.04755637005400981	0.6004024491106519	0.06536748246768141	0.24888439797114711	0.03778930039650983
DLBCL_LS2357	0.03544850015809866	0.008777865688402267	0.02433321974101228	0.9064682014229868	0.02497221298949998
DLBCL10962	0.019956642828015018	0.87209241780343	0.05696612760618157	0.01062854782019332	0.040356263942180004
DLBCL10549	0.02269211013011141	0.8621751989797891	0.08807166788653177	0.014278160275874514	0.012782862727693212
DLBCL_RICOVER_467	0.01940674760215448	0.5545346981325919	0.03444900070364019	0.015608908416624198	0.3760006451449892
DLBCL_LS4054	0.021488637429087732	0.8923720042875546	0.019310763625494512	0.028731066723105846	0.038097527934757354
DLBCL_C_D_1118_NULLPAIR	0.2987624375435111	0.6000093369380133	0.021780290719720152	0.04706232416589762	0.03238561063285788
DLBCL10452	0.008808352042054875	0.9163107720290399	0.03322527383662907	0.009973980300884665	0.03168162179139155
DLBCL_RICOVER_978	0.9158200346896049	0.00834643103561018	0.026539026391607993	0.04196731302182313	0.007327194861353808
DLBCL10495	0.9255882472453426	0.02818913801601899	0.006780057824062689	0.027087217941367647	0.012355338973208048
DLBCL10781	0.005501533700043853	0.007093915929269334	0.007847367259374852	0.018375836056605924	0.961181347054706
DLBCL11353	0.004621760505768671	0.019615924424077006	0.025739427663054967	0.012038264402575643	0.9379846230045237
DLBCL10895	0.009612198203923441	0.03492011358358969	0.016406847736421065	0.009264415493768365	0.9297964249822974
DLBCL_LS2089	0.00997708294704132	0.9089413508212921	0.016160560795942365	0.007463168852389461	0.057457836583334705
DLBCL_RICOVER_408	0.0051113740456367966	0.9694395076304159	0.014073610394389348	0.0042593346264374315	0.007116173303120554
DLBCL_RICOVER_977	0.9446176319154423	0.004106489758456972	0.007152816572981536	0.026568834494709145	0.017554227258409952
DLBCL_RICOVER_221	0.003139460575736575	0.006014199366312032	0.008324309677068029	0.007835073312732675	0.9746869570681507
DLBCL11670	0.003342813651590612	0.007153777847393135	0.9675957632869986	0.014537307057458496	0.007370338156559204
DLBCL_LS3245	0.004528156159096179	0.9676110239361455	0.016070248644059856	0.005311938887354927	0.006478632373343568
DLBCL10903	0.003422611290875252	0.9745013144953587	0.012932447215972533	0.0031849548708330487	0.005958672126960467
DLBCL11656	0.004636990027531855	0.004612916532383893	0.9719516684064703	0.009120973575409108	0.00967745145820489
DLBCL10931	0.9662077642593383	0.0029388562761237286	0.005284240598890385	0.015239574209796422	0.010329564655851173
DLBCL10465	0.002317266821380554	0.004329625607196238	0.9823324993030343	0.00636052053761014	0.004660087730778694
DLBCL_C_D_1144_NULLPAIR	0.00804426624726362	0.029724734272505552	0.010910601707988023	0.011667742828212181	0.9396526549440306
DLBCL_RICOVER_533	0.0024730227861181767	0.9887568027164643	0.004138829625441855	0.002326613843199629	0.00230473102877605
DLBCL_LS4616	0.00863750121441646	0.06360402080309402	0.8821512812438014	0.03141640241235879	0.014190794326329362
DLBCL_DFCI_DLBCL_GOE07	0.004075779382472016	0.9819512410008248	0.006365567407463579	0.002403024964038437	0.005204387245201183
DLBC_FF_8043_TP_NB	0.00785873747704503	0.9755991892382504	0.0075469488362953285	0.0032807199936465458	0.005714404454762722
DLBCL11566	0.008095862930989232	0.0303890581625609	0.9394722138882718	0.014624582017320455	0.0074182830008575696
DLBCL_LS2599	0.02113327151919384	0.017930460665884905	0.9161739312927101	0.03593996105480118	0.008822375467409972
DLBCL10922	0.0028065674595373537	0.9849073577038234	0.005609668405822193	0.0027415757104218242	0.003934830720395175
DLBCL_C_D_1128_NULLPAIR	0.9889916232684791	0.0014532951657845593	0.0018912655579557695	0.005572983005398585	0.0020908330023819213
DLBCL_LS1757	0.9881105894536427	0.0019697288883927604	0.0019255646641302433	0.006109792647557849	0.0018843243462764506
DLBCL11470	0.9750385000922679	0.0023628321111626802	0.0044260535405526505	0.014427599311117171	0.0037450149448996542
DLBCL10884	0.9830193897186879	0.0020984750597024954	0.0028343750602441136	0.009710625967971717	0.002337134193393835
DLBCL11188	0.0008751077658674952	0.9957411827005238	0.0015782368681380033	0.0007163729547776578	0.0010890997106930518
DLBCL_LS146	0.0006412065147257031	0.9969031951575767	0.0011491037219095814	0.0005171102071877352	0.0007893843986001922
DLBCL10525	0.9929568127820446	0.0008511277637718392	0.001292121541561483	0.0035477891493928353	0.0013521487632291909
DLBCL_RICOVER_451	0.9935460242962216	0.0012584085766523905	0.0011002867245027967	0.0030428487428133142	0.0010524316598099065
DLBCL10535	0.00590881728036763	0.005536011439789267	0.008167050684732483	0.006351987225333693	0.9740361333697769
DLBCL11667	0.0024746756896448186	0.003789418807796695	0.9859351946646794	0.004910237090802622	0.002890473747076531
DLBCL10880	0.020930140600707046	0.006825246016703467	0.011523597195093284	0.008786977699687722	0.9519340384878084
DLBCL_RICOVER_1289	0.010619260952503191	0.006916008991621676	0.012138695800045085	0.03164920110232346	0.9386768331535066
DLBCL10890	0.001765119444170073	0.002963694340395612	0.0022693162636333525	0.0025481260379386444	0.9904537439138623
DLBCL11450	0.00200565262560522	0.0027645938127798014	0.001728441378978208	0.003134231560831526	0.9903670806218052
DLBCL11195	0.0013857620299025054	0.0030124184326721626	0.002579097793677503	0.0035207264837269175	0.9895019952600209
DLBCL10883	0.005282261678915603	0.002645629744908203	0.004121985298817064	0.005039653755223723	0.9829104695221355
DLBCL10862	0.0024651264010393803	0.004991871330346865	0.005285463132753359	0.004103694500638966	0.9831538446352214
DLBCL10530	0.0011890591905939082	0.002506911396001467	0.0017784674861571399	0.0021001421435977528	0.9924254197836497
DLBCL11500	0.007630979804021746	0.004790563395646274	0.010695728011990714	0.012036751779712819	0.9648459770086284
DLBCL10951	2.3055913370370827e-05	3.7265983552684674e-05	2.7276299592427843e-05	3.06503405014116e-05	0.9998817514629831
DLBCL_C_D_1125_NULLPAIR	0.0004137062272451854	0.0008940962815669679	0.0005834436170808334	0.0007619896792825351	0.9973467641948245
DLBCL_RICOVER_1248	8.030887540879812e-05	9.912713707874354e-05	6.753631385761803e-05	0.00011882113493307499	0.9996342065387218
DLBCL10534	0.0	0.0	0.0	0.0	1.0
DLBCL11441	0.2815685322254064	0.014034091318297113	0.07100967150589499	0.4192734927242222	0.21411421222617935
DLBCL10486	0.558692687678338	0.10177080423308153	0.02256518834715408	0.13791010996616812	0.17906120977525827
DLBCL10539	0.06516108699590625	0.2427860816215958	0.05076551135869766	0.4984209365703262	0.1428663834534741
DLBCL_RICOVER_1060	0.09633309721790045	0.3531490341866399	0.04087526758273274	0.02637313546634515	0.4832694655463817
DLBCL10969	0.5525979927926103	0.2026192617651246	0.11366918138891498	0.047072816424264335	0.08404074762908575
DLBCL_RICOVER_720	0.02757795560740511	0.2383217696976616	0.020766112721761723	0.017148893307777524	0.696185268665394
DLBCL_RICOVER_506	0.01726492123352713	0.29289343838282145	0.037127010550683154	0.018305737052924227	0.634408892780044
DLBCL_LS1668	0.05408170080529872	0.20123660992576	0.39340101803790456	0.2941849180843726	0.05709575314666419
DLBCL10451	0.6079342887624545	0.04345672695320961	0.28506451268132205	0.048883116051140846	0.014661355551873072
DLBCL_LS2590	0.042174666557890005	0.018787856685715247	0.052205350909486165	0.4038018118677574	0.4830303139791512
DLBCL11433	0.06747323797411821	0.01211763284863093	0.04598743154577267	0.18601252497972648	0.6884091726517517
DLBCL10934	0.037252832942815194	0.3502341457052946	0.020666807274417963	0.06474147958681353	0.5271047344906588
DLBCL11002	0.2738949879993981	0.0191240870352209	0.05030013588457374	0.6344854539522432	0.02219533512856405
DLBCL_RICOVER_956	0.015119762593803534	0.25404154637054677	0.036562216203831266	0.02663081244619016	0.6676456623856283
DLBCL10908	0.05239320868568326	0.09705875307834143	0.6184577422469266	0.0470112973659626	0.1850789986230861
DLBCL_LS155	0.0363814757229659	0.012242376864091995	0.7844581293300681	0.14051654306197572	0.02640147502089825
DLBCL11538	0.02647350493124335	0.017025635062685483	0.6450323894919168	0.18779959370547508	0.12366887680867936
DLBCL10972	0.824083812688772	0.02032568828622714	0.017412809994630143	0.06147921832181261	0.07669847070855813
DLBCL_MC_F218_RAP	0.3544096379982323	0.013240265965660225	0.08299295494569342	0.5226259703986179	0.026731170691796122
DLBCL10965	0.17218135888257569	0.01598527744173859	0.03281301965127502	0.7438826747537504	0.03513766927066033
DLBCL10980	0.010003358847632943	0.19379983858024608	0.08031840029897927	0.041201771935811635	0.67467663033733
DLBC_FF_A7CX_TP_NB	0.2671397253837717	0.048111267044924605	0.10917060833109131	0.092675307489654	0.4829030917505584
DLBCL11480	0.7543620443066725	0.023511252662693334	0.09230879364953805	0.04027231151701557	0.08954559786408052
DLBCL11504	0.04878423023699502	0.035455818106071034	0.061474748586970426	0.10996101194374515	0.7443241911262184
DLBCL_RICOVER_216	0.05980901573901588	0.1166436203665242	0.06091540455465766	0.04142620083486785	0.7212057585049344
DLBCL10906	0.029083360384766117	0.5892165652369055	0.025223647394731406	0.023881352303929522	0.33259507467966754
DLBCL11449	0.05964573810076345	0.6571443475893552	0.027956883082973026	0.029047855160119686	0.2262051760667886
DLBCL10863	0.0906086511161651	0.012387672180412122	0.03177858279864379	0.8008688188473573	0.06435627505742166
DLBCL10957	0.8211569383986809	0.013117543164371016	0.038630666767987	0.11278940765154034	0.014305444017420746
DLBCL11474	0.6192267392537653	0.01633850581337497	0.02331039614531747	0.31145880325471176	0.029665555532830536
DLBCL_C_D_1112_NULLPAIR	0.04012947792439829	0.5432201089530821	0.2464017908975903	0.04337643175810121	0.12687219046682802
DLBCL11003	0.04084476279879664	0.27757397293819097	0.023312838965838988	0.03840048085277134	0.6198679444444021
DLBC_FF_8062_TP_NB	0.10164239420992127	0.012065449568862631	0.11127280554848143	0.7346448019966775	0.04037454867605714
DLBCL11205	0.9320850924769009	0.02176411071396333	0.017269053992011334	0.022171190767230828	0.0067105520498936784
DLBCL_LS2154	0.23600951272844037	0.6016637740034562	0.07048460348091345	0.06514157072688889	0.026700539060301065
DLBCL_RICOVER_701	0.09334213270221409	0.01454494819652623	0.023494325357993548	0.8422680475634026	0.026350546179863574
DLBCL11447	0.05994005649876503	0.011909656011025971	0.02842933555726585	0.8100739027026362	0.0896470492303069
DLBCL_MC_F064AB	0.018904629170107396	0.012341034083590354	0.8831895964672758	0.07175029938541601	0.013814440893610436
DLBCL11206	0.025299133668085966	0.7281957268957238	0.03655570628676721	0.011292462731267994	0.19865697041815497
DLBCL11675	0.03198787080843074	0.011054388464263232	0.6767173982587835	0.09237744511226192	0.18786289735626058
DLBCL11457	0.876148418926356	0.006160156277043567	0.02355130256588961	0.07548938071906734	0.018650741511643507
DLBCL_MC_F307_JPS	0.771287931189776	0.02471668422371588	0.024961991464302863	0.14980849012917877	0.02922490299302652
DLBCL_C_D_1109_NULLPAIR	0.06316217478638586	0.010608865511369178	0.025679360777778926	0.8764226269988804	0.024126971925585636
DLBCL_RICOVER_773	0.013020409339054006	0.49420683727162507	0.16853598943509865	0.02231718136364847	0.3019195825905739
DLBCL10963	0.028459045518723955	0.04936130798497307	0.023739256620889226	0.0632822357618364	0.8351581541135773
DLBCL10985	0.09469367838232272	0.6044818355663549	0.033873767084042786	0.22966175680630307	0.037288962160976415
DLBCL_RICOVER_1061	0.048709233219092984	0.00844890510393561	0.04413821218728742	0.8786795910322279	0.02002405845745608
DLBCL10968	0.6494509922361232	0.010511631241323895	0.02596106302883698	0.2616234423504467	0.05245287114326913
DLBCL_C_D_1105_NULLPAIR	0.22903384341720762	0.6795424130892865	0.039012495590521556	0.020559761281519994	0.03185148662146423
DLBCL_RICOVER_522	0.11969330634603308	0.058988480714526	0.26538101540342157	0.5409332039559858	0.015003993580033546
DLBCL11681	0.8303867294598676	0.008778638703201336	0.06920144672400143	0.045071696585248046	0.046561488527681695
DLBCL10857	0.012286500387049178	0.00806729833456276	0.01023918052097161	0.035163836058542924	0.9342431846988736
DLBCL10780	0.025025070836014553	0.6487349883707942	0.2694438116026986	0.0362738700883423	0.0205222591021503
DLBCL11527	0.04125689438040967	0.01563051020720053	0.06352870199144316	0.8410758469630722	0.03850804645787443
DLBCL11460	0.03889727752983603	0.011469637507811898	0.024888864844047016	0.9005182247776907	0.02422599534061435
DLBCL_MC_F139_LJF	0.04774130277379211	0.010992455347742607	0.027559363686438833	0.893419336190349	0.020287542001677462
DLBCL10999	0.008036590871270474	0.017383316745258143	0.03456655033074677	0.06052535155442818	0.8794881904982964
DLBCL_RICOVER_299	0.013214397828080406	0.8535741036757133	0.10153457797530296	0.009695293588690571	0.02198162693221282
DLBCL11458	0.03542144205381095	0.040656715503809185	0.8824813196489445	0.01783249762581056	0.023608025167624818
DLBCL11512	0.8584337284333309	0.014896596975073029	0.024644602334597015	0.09136357564119102	0.010661496615808027
DLBCL11486	0.8811606286815712	0.012231607695220172	0.017717945534650063	0.029236412269026152	0.05965340581953242
DLBCL10482	0.9321189453253605	0.010000893396611516	0.0082732488530563	0.021096023259020935	0.028510889165950657
DLBCL_RICOVER_1032	0.006850800857741418	0.030727218116751172	0.007216552222196352	0.008949426491774059	0.946256002311537
DLBCL10490	0.9385460859298997	0.008429695118276442	0.007164687021115768	0.033107002946023645	0.012752528984684453
DLBCL10902	0.008261453076341945	0.02797415758982777	0.02303633440582438	0.013627821254152024	0.9271002336738539
DLBCL10954	0.008437001439267925	0.9112175518701136	0.023297826887266556	0.011180247918348329	0.04586737188500366
DLBCL11472	0.898212362185457	0.006422299784656445	0.015071526404033576	0.06765014731197366	0.012643664313879406
DLBCL_RICOVER_496	0.014727050583738452	0.9248553599435279	0.03793373985201197	0.012121892755857547	0.010361956864864125
DLBCL10925	0.019171707244343653	0.02792890999036387	0.015231328597935809	0.05545000221006934	0.8822180519572873
DLBCL10930	0.07100336699549346	0.018581407807119685	0.015343120964395269	0.01881760230119226	0.8762545019317993
DLBCL_C_D_1141_NULLPAIR	0.005983277544865295	0.010323760817784949	0.960009716089916	0.009587580586109213	0.014095664961324502
DLBCL11435	0.9413613747833055	0.004737329764314241	0.006949499505577791	0.03657806992898663	0.01037372601781587
DLBCL_RICOVER_473	0.9435860012861719	0.012224500332300044	0.007832182347426777	0.029686058822289384	0.006671257211811946
DLBCL10523	0.01464748867889023	0.008420943561343116	0.9308480664064352	0.03740619954784148	0.008677301805489873
DLBCL_RICOVER_1165	0.010299233854837676	0.9032365547743333	0.049460253602490976	0.008752623305101065	0.028251334463237
DLBCL10532	0.009222771157966603	0.009245104734266488	0.024646309195275707	0.02209857732459236	0.9347872375878988
DLBCL10498	0.00976152063349296	0.008106990962847707	0.9544450278478368	0.022850106633941932	0.004836353921880647
DLBCL_C_D_1113_NULLPAIR	0.006596271979389908	0.010680911715237601	0.9646897487997204	0.010260934408707552	0.0077721330969445475
DLBCL_C_D_1119_NULLPAIR	0.09580340849924093	0.850055621304713	0.02041710106361779	0.016421780584635122	0.01730208854779313
DLBCL10898	0.010258169350484644	0.023256211697943365	0.00679974653120332	0.011616754533068452	0.9480691178873002
DLBCL11484	0.00774685891382255	0.9466174217698555	0.020909566400610154	0.00830460956333917	0.016421543352372645
DLBCL_LS1098	0.003893680456970321	0.003311604281043749	0.9807041880390535	0.008619335569377036	0.0034711916535553897
DLBCL10459	0.002125533488167008	0.004098218389626691	0.9842372325083595	0.00638197674116163	0.0031570388726851733
DLBCL_C_D_1133_NULLPAIR	0.0045017001102118	0.007138106952487369	0.9770830509352	0.007020598200463204	0.004256543801637613
DLBCL_RICOVER_712	0.0025485333842978014	0.006043490631072126	0.0035407591836803132	0.004969428663316763	0.982897788137633
DLBCL10990	0.0035365518590902553	0.00697018230430805	0.003014806075920358	0.0033062271179313744	0.98317223264275
DLBCL_LS378	0.9785182505058556	0.0041363268720810325	0.004810538133267847	0.010025222025185777	0.002509662463609705
DLBCL11000	0.0012613967522928581	0.002035754443053749	0.0022167966865303678	0.0031581524284762285	0.9913278996896467
DLBCL10977	0.0017204683307851273	0.002239207910506271	0.003885532686636045	0.003322329926034572	0.988832461146038
DLBCL_RICOVER_1210	0.004782059021469716	0.9685731218893733	0.013662709059083563	0.007149880122628802	0.005832229907444647
DLBCL11526	0.010351515918550862	0.007546766134859416	0.9627128284251557	0.014230639911498776	0.005158249609935212
DLBCL10889	0.001737080322358238	0.0019771096016701606	0.0028411561769516474	0.004203110633419253	0.9892415432656007
DLBCL10458	0.995145265098271	0.000668539619528617	0.0010185282071826357	0.0024606176384262953	0.0007070494365914983
DLBCL11666	0.001801245013156816	0.00286160821976952	0.9889046805560856	0.004274313559982703	0.0021581526510053356
DLBCL_MC_F262_WLC	0.9921711687713126	0.0011223618083445023	0.0011778236998492462	0.00407368496935126	0.0014549607511423767
DLBCL10842	0.0013454089417902118	0.001587061421818216	0.002137787549550656	0.002726214291175163	0.9922035277956658
DLBCL_RICOVER_253	0.0013599568658081956	0.994583791425959	0.0018618248920901318	0.000797841093885829	0.00139658572225681
DLBCL10901	0.0011255231323221925	0.001506873036694678	0.0015424681404646865	0.0023964679356242207	0.9934286677548942
DLBCL_MC_F349_BJJ	0.0024365639504965067	0.0035314842655776563	0.984370010902874	0.005602388672163456	0.004059552208888329
DLBCL10834	0.00529860204309864	0.9838388973248157	0.004790513058339931	0.002606093961906516	0.0034658936118391933
DLBCL_C_D_1126_NULLPAIR	0.01077474357969082	0.9664406073751256	0.008743104456890593	0.006651478693269437	0.00739006589502351
DLBCL_RICOVER_744	0.008738033122045604	0.00558636835930744	0.9731131327697863	0.007657797158584985	0.004904668590275695
DLBCL10860	0.0021510653638227247	0.0036531214815427194	0.005807576812548001	0.004774379857508451	0.9836138564845781
DLBCL10502	0.008043434955403881	0.9459402573312992	0.027547636178184915	0.0097519365883317	0.008716734946780356
DLBCL10483	0.005164535295456093	0.9586322275656824	0.021973216049891917	0.003994606347621344	0.010235414741348222
DLBCL_RICOVER_1192	0.001611695304496179	0.0027244533394481197	0.0018318737994224303	0.0019076766526128577	0.9919243009040204
DLBCL_RICOVER_174	0.002213580290542188	0.9917289753418753	0.0026137189628278852	0.0015042291138118045	0.001939496290942776
DLBCL_C_D_1131_NULLPAIR	0.0053196705677937585	0.968154131094801	0.014534901042324652	0.003765574895991251	0.008225722399089329
DLBCL10460	0.0038337778343947426	0.9835834104148363	0.0068844055176612694	0.002452397564411011	0.003246008668696686
DLBCL10850	0.0015616842145333687	0.9935636385243567	0.002304482188125166	0.0010257699030043624	0.0015444251699804157
DLBCL10907	0.11518759174845496	0.5987282484298699	0.03373991258821312	0.08883253621290288	0.16351171102055906
DLBCL_MC_F927_JHS	0.10913863173476769	0.23414987278670726	0.1581744686239549	0.08516876053406089	0.4133682663205093
DLBCL11483	0.15584607865376862	0.408902194359907	0.16674765760124105	0.1101296039747817	0.15837446541030165
DLBCL10548	0.4532441598436071	0.3536735267462566	0.024591485649670224	0.14119983624079976	0.027290991519666203
DLBCL11448	0.038326350850099354	0.0653441762022154	0.21232776781431947	0.4440456101254278	0.239956095007938
DLBCL10450	0.5996394811349198	0.08561158060855477	0.020084676291427076	0.18610095717252595	0.10856330479257235
DLBCL10971	0.2112211210780746	0.4520043718105848	0.03138050834926982	0.06978780924350501	0.23560618951856574
DLBCL11467	0.08568466781654775	0.0435676925304793	0.09425662382310557	0.5002750624539379	0.2762159533759294
DLBCL11678	0.12474757022706982	0.02678890702442536	0.2567785611528676	0.5688908314095154	0.022794130186121864
DLBCL_LS1683	0.01362921910670516	0.6391364699347962	0.044209052358757224	0.02092848655286476	0.28209677204687655
DLBCL11664	0.34773178994830806	0.5071310810341867	0.04677153582604613	0.08265433519876662	0.01571125799269251
DLBCL11535	0.0819174067337072	0.021583965544749666	0.03352752987688096	0.5488189402108937	0.3141521576337684
DLBCL10454	0.27114198552750546	0.5050101302230956	0.05394675133327226	0.02184909866480246	0.14805203425132427
DLBCL_MC_F502_RFK	0.012572283304849295	0.7770993368420431	0.16656337752697004	0.01113063465407481	0.0326343676720627
DLBCL11469	0.026655458983288163	0.07644498316079963	0.3157520043526571	0.033486531166791025	0.5476610223364641
DLBCL_RICOVER_258	0.2696445527335393	0.015645496894410346	0.1394454858098551	0.10742523481315448	0.46783922974904063
