	0	1	2	3	4
DLBCL10915	0.061915995381646424	0.17317047578940054	0.05287243827251057	0.3214086853883313	0.39063240516811126
DLBCL_RICOVER_787	0.3442431128492923	0.3050228902586166	0.04792407728801276	0.2725282839127197	0.030281635691358555
DLBCL10874	0.08018244059303342	0.44456981887645525	0.02921369351785472	0.1502817334446632	0.2957523135679935
DLBCL11534	0.05376830821532764	0.03346579267884531	0.42161871244423976	0.18275458885824578	0.3083925978033415
DLBCL10986	0.5421765530625816	0.05613948158306406	0.19425133184930066	0.15625616484241228	0.05117646866264139
DLBCL_RICOVER_711	0.2261995127140671	0.46801804013829135	0.02499063321099794	0.25689328406626505	0.02389852987037868
DLBCL_LS2325	0.04370590410055861	0.3474668970817732	0.5613706525187134	0.028406203805561026	0.019050342493393716
DLBCL_LS1304	0.024284021050433854	0.030193309261322937	0.5684763508037661	0.03597784708037636	0.34106847180410066
DLBCL_LS951	0.8597507097246317	0.03399864005207403	0.03239596694091801	0.06566083296590661	0.008193850316469591
DLBCL_BWH_DLBCL64	0.16317445905478026	0.25296629389978154	0.05546603705032554	0.5123065047526275	0.016086705242485164
DLBCL11431	0.14100544854436245	0.1389646116297354	0.13122056982536223	0.08535743629178945	0.5034519337087505
DLBCL_C_D_PAIR13	0.13797534499574732	0.13694055928508603	0.13491433330702274	0.08632930562069299	0.503840456791451
DLBCL10867	0.03204681490920083	0.5774735461410613	0.021953602062882847	0.0433215069582496	0.3252045299286055
DLBCL_RICOVER_111	0.07344128668619902	0.021434538647270095	0.23885407612258736	0.06390119365694029	0.6023689048870032
DLBCL11652	0.5806231026534366	0.27770514845589755	0.049817903569815754	0.04508776792528311	0.04676607739556691
DLBCL_MAYO_DLBCL_3653	0.7830071140967602	0.020479686274661783	0.028161770193843434	0.08771758727161971	0.08063384216311492
DFCIDL004_DT	0.2732540166600781	0.012869319813307125	0.024725838749868893	0.13251990779700862	0.5566309169797372
DLBCL10981	0.03467046989201674	0.7924007174544383	0.04108318710224922	0.07938261546082216	0.05246301009047359
DLBCL_RICOVER_1045	0.750518538964912	0.026859623596475344	0.016312642740233058	0.17508416500698804	0.031225029691391442
DLBCL10456	0.039053063838653264	0.018859653780909376	0.05683064052378768	0.8137707173528006	0.07148592450384905
DLBCL11491	0.1691607754161702	0.018857131554151866	0.08482878305783553	0.617061774795695	0.11009153517614735
DLBCL10950	0.8874312702506223	0.009825696072891792	0.01655169658516924	0.05214047491705052	0.034050862174266165
DLBCL_C_D_1148_NULLPAIR	0.49218615514069586	0.012835037208479932	0.11125701553499787	0.36069630593079344	0.023025486185032938
DLBCL10491	0.05015145177936185	0.33747264160544077	0.08090881288883439	0.5125863825949362	0.018880711131426784
DLBCL10914	0.7475083543428942	0.13718216418109658	0.06109203884903064	0.034670247049967746	0.01954719557701083
DLBCL_C_D_1159_NULLPAIR	0.27955951915886923	0.018449142408588068	0.02914469409438952	0.6449597113920231	0.027886932946130052
DLBCL11429	0.9383354650481682	0.004051698692158377	0.008611721410000774	0.03493170676475189	0.014069408084920697
DLBCL10868	0.06587401348463097	0.018244662727377608	0.02715489316793185	0.7390265365063522	0.1496998941137074
DLBCL11479	0.0335302550417066	0.8070475936764298	0.08869290127292229	0.02163210057260638	0.04909714943633491
DLBCL10513	0.1350428918861038	0.05431218563663529	0.10883163031651714	0.689159023786942	0.012654268373801765
DLBCL_RICOVER_1046	0.012376383243161709	0.22537092955177437	0.6871016434799215	0.024458756842444557	0.05069228688269778
DLBCL11507	0.012528479884625044	0.9293674343514745	0.03869031208733373	0.008945375523146799	0.01046839815341994
DLBCL10878	0.3082142236006462	0.016152796791286426	0.025966037010623392	0.08495942082693847	0.5647075217705055
DLBCL10894	0.15039850849233286	0.7355890460348767	0.02059456781781363	0.07435089525406705	0.019066982400909697
DLBCL10846	0.09354146792514734	0.7495912831318501	0.025136130003705195	0.06700370131552492	0.0647274176237724
DLBCL10858	0.050084832898441116	0.012749698552877914	0.02927436167841879	0.2477311720895024	0.6601599347807597
DLBCL10835	0.01257808246453002	0.06292162895254637	0.013321242875134042	0.04251792845384474	0.8686611172539448
DLBCL11520	0.9163272238439661	0.005347253720694589	0.009915644885038705	0.025597241750983275	0.042812635799317295
DLBCL_RICOVER_478	0.09869160705754791	0.7593673220151848	0.030062052521495932	0.019135785099728245	0.09274323330604319
DLBCL10891	0.012290293637637796	0.011452815891136925	0.05646778212185665	0.05172380137975775	0.8680653069696109
DLBCL_MC_F815_BAT	0.018993990184102243	0.042946612812224824	0.8461449234428184	0.0759105483449479	0.01600392521590656
DLBCL11462	0.9449372441340398	0.004727284194878011	0.013541989373338894	0.01563700622118871	0.02115647607655465
DLBCL_RICOVER_985	0.03392132403492208	0.02801104713484267	0.09229795781504871	0.8151911829920718	0.03057848802311469
DLBCL11481	0.9347143207907191	0.006164148738051737	0.025410346893591805	0.01904204823002727	0.014669135347610064
DLBCL10547	0.04187999039302366	0.019741718872828783	0.028423743167979888	0.887700246123462	0.022254301442705727
DLBCL11537	0.9611098718456906	0.003496607570020902	0.006450201144229512	0.012987255483633693	0.015956063956425275
DLBCL10521	0.012363247435220152	0.08511864185046933	0.01117708848630181	0.011669022797179327	0.8796719994308294
DLBCL10536	0.02269723192979829	0.11523146850186132	0.7765754870446837	0.0651087048652479	0.020387107658408805
DLBCL10544	0.040700625267141875	0.01502369056072405	0.038735662392643394	0.7996381273647458	0.10590189441474485
DLBCL_RICOVER_950	0.03603666910867272	0.01585182047027758	0.049071765192264735	0.8817259026622096	0.017313842566575335
DLBC_FF_8046_TP_NB	0.03751723445729658	0.012922819916416887	0.9003140601705264	0.03308529353683457	0.01616059191892553
DLBCL_RICOVER_829	0.9752071668413229	0.004323431236540899	0.002856355289852801	0.012467450228362265	0.005145596403921152
DLBCL11459	0.031864650575423765	0.011545387759920875	0.023640233782420184	0.914131744791207	0.018817983091028175
DLBCL_RICOVER_1287	0.011195714913101248	0.05465184151537443	0.015004058003971837	0.01706583123289618	0.9020825543346563
DLBCL11661	0.012216618023260316	0.9221908572168311	0.02677196786583333	0.030422777360663806	0.008397779533411405
DLBCL_MC_F606_DMJ	0.013203784378672718	0.1142142173612058	0.8362468552525507	0.020853378276654653	0.015481764730916068
DLBCL11564	0.03575934602636277	0.015340494071098346	0.025059597046353226	0.9066089579097318	0.017231604946453784
DLBCL10879	0.0071006232900020375	0.009454166691813112	0.9382882196142373	0.023941232061654227	0.021215758342293334
DLBCL10945	0.9547494446040333	0.0046024919610515485	0.005530635034748137	0.014913801551567005	0.0202036268486
DLBCL_LS1395	0.015336756042097215	0.04381836427316349	0.9015359580440006	0.015398113507160156	0.02391080813357863
DLBCL10466	0.00604877884619817	0.019220643753644916	0.9391057068440083	0.024521215535273585	0.011103655020875063
DLBCL_C_D_1129_NULLPAIR	0.9665662594208689	0.003291069289012189	0.008516973823620665	0.010952252944067412	0.010673444522430822
DLBCL11662	0.9637520213845502	0.0052237356802892244	0.004145465688967833	0.0171624913764176	0.009716285869775116
DLBCL10836	0.012694381173058818	0.005197755875329903	0.012766672354585524	0.019621844094669588	0.9497193465023561
DLBCL_MC_F500_ECU	0.00453025572675742	0.9724399495663553	0.00849516584157637	0.006720453185255876	0.007814175680055047
DLBCL11461	0.9809052914137095	0.002632359242515665	0.0040727968759688106	0.010143378131196392	0.0022461743366096252
DLBCL11539	0.9675544978113146	0.0026994018786181697	0.008609187304344457	0.017450537160434158	0.0036863758452885817
DLBCL10494	0.008826756571396397	0.9343693413937296	0.03852517672211696	0.009054908768616905	0.009223816544140099
DLBCL11672	0.0093945541595689	0.00694232582904295	0.9533395706720973	0.02084338068461516	0.009480168654675693
DLBCL_MC_F089_HCZ	0.0024091588638035224	0.9802457169114795	0.00806964336292335	0.0040754406196674585	0.005200040242126175
DLBCL10847	0.018639047509222496	0.030871511758361517	0.00859274039967839	0.008183777326425909	0.9337129230063117
DLBCL_LS1921	0.01877043229683448	0.9016181240160545	0.02603717273495059	0.04355629751319055	0.010017973438969943
DLBCL10529	0.003594849426127821	0.015178270749462167	0.006888043403996074	0.007761717824852839	0.9665771185955611
DLBCL10912	0.9944228776598961	0.0008112368504447754	0.0011850402204953054	0.0027563778883701044	0.000824467380793661
DLBCL10983	0.006994190014684414	0.9704980295679813	0.0066549056894511785	0.005886174062912078	0.00996670066497104
DLBCL10866	0.013044823746198463	0.009928458475711154	0.014152591283163013	0.039201072172842195	0.9236730543220851
DLBCL11685	0.003984304621230123	0.004206585374335542	0.973922628112852	0.008537685992818053	0.009348795898764306
DLBCL10515	0.9902591598208398	0.001797556928697776	0.001404719589475861	0.004806991833239165	0.0017315718277473781
DLBCL11203	0.003239572002084439	0.9816961388947286	0.004978246906214309	0.005639380169661971	0.004446662027310655
DLBCL10992	0.002226721734146714	0.0023922634993458324	0.003787331157036575	0.004030701733593911	0.987562981875877
DLBCL_LS3200	0.005339290692330722	0.0223860732651232	0.005740022187676274	0.006278808074686201	0.9602558057801837
DLBCL_RICOVER_440	0.006802418908885223	0.9389424447693282	0.03759126976048011	0.006092002265984773	0.010571864295321663
DLBCL11476	0.004958206494763425	0.007212998637004049	0.0033501005507140676	0.004421028355360757	0.9800576659621577
DLBCL11558	0.004864710551322897	0.005056098868059512	0.9787843822600671	0.008910554925400561	0.0023842533951499174
DLBCL10887	0.0030651430016887743	0.005131816024431895	0.0090731124731208	0.006553566944804573	0.976176361555954
DLBCL11565	0.0013713318166741417	0.9928953608856808	0.002074913222237241	0.0016915806427566223	0.0019668134326512516
DLBCL_LS297	0.0036459499242352464	0.0030412237567815715	0.9831594635032769	0.007655625376487027	0.002497737439219323
DLBCL10555	0.02097543507701702	0.0126195271904907	0.9479214309289623	0.013844383534709861	0.004639223268820078
DLBCL_C_D_1114_NULLPAIR	0.993216920840896	0.0008566183237777702	0.001078008399398293	0.0037307359041840104	0.0011177165317439112
DLBCL10853	0.0024631231385580537	0.002331991533438711	0.0025987751859692363	0.0034401429025056702	0.9891659672395283
DLBCL_C_D_1130_NULLPAIR	0.9967100980160877	0.0005144914413369047	0.0006003550725774843	0.001432861719899498	0.0007421937500984523
DLBCL10510	0.00597730254328973	0.9770454699856157	0.004629126682529739	0.004213659033220432	0.008134441755344422
DLBC_FF_A7CQ_TP_NB	0.005810396901068307	0.005096619375812533	0.005241825545188339	0.01150706891230516	0.9723440892656257
DLBCL10550	0.0017613180579244825	0.002291496992589286	0.0028359496554982424	0.002775258848233325	0.9903359764457547
DLBCL_DFCI_DLBCL_GOE16	0.0008776900389431908	0.0009445855154941616	0.9954678191300144	0.001966356003757619	0.000743549311790657
DLBCL10997	0.9911376296079946	0.001171238804340545	0.0013497224620816902	0.0043379657084839105	0.0020034434170993066
DLBCL11680	0.008283990741797668	0.005031920997595579	0.9764591280457177	0.006872543746796829	0.0033524164680922134
DLBCL10833	0.0744841040552921	0.014502177722622125	0.014005664033261641	0.060069421364267205	0.8369386328245569
DLBCL_RICOVER_417	0.0007900531587791425	0.0015854821170611217	0.001207369304141999	0.0015872394297919644	0.9948298559902258
DLBCL_C_D_1108_NULLPAIR	0.0034027569842696834	0.9812463229925105	0.004574681125567258	0.00311408925956665	0.007662149638085968
DLBCL10461	0.00181120929553637	0.9866001314869527	0.005096851167854699	0.002088975924105822	0.004402832125550396
DLBCL11428	0.0017928739285590213	0.0018741286355665567	0.9924323855895008	0.0028247429324291273	0.0010758689139445724
DLBCL_LS3749	0.003217313571199549	0.9853898630941587	0.0046344726893509216	0.004229637909676712	0.002528712735614147
DLBCL_MC_F519_ALT	0.0011751634929772358	0.0019876017051226407	0.0011247671769537163	0.0014178138159705212	0.9942946538089759
DLBCL_MC_F729_MAN	0.0016974693567427613	0.9913003032544894	0.002690139933003487	0.0015369808839044165	0.0027751065718600158
DLBCL_RICOVER_449	0.0010340431163276605	0.0011515431690485155	0.0011195605237575245	0.0015262765398036972	0.9951685766510626
DLBCL10900	0.006908411316275597	0.005175745590053302	0.00521783728828287	0.011748876491875272	0.970949129313513
DLBCL_C_D_1163_NULLPAIR	0.0018538198839359614	0.002537748161345755	0.00248502951052597	0.004520828445335854	0.9886025739988564
DLBCL10911	0.0	1.0	0.0	0.0	0.0
DLBCL_C_D_1136_NULLPAIR	0.0006080538769902373	0.9974331692688567	0.0007124229379446217	0.0006168086306677941	0.0006295452855405766
DLBCL_LS1065	0.0019903025600340077	0.9920488908931111	0.0023600474116179278	0.0016016213766160122	0.0019991377586210026
DLBCL10503	0.045200885189283446	0.19062664599869167	0.3077118962171295	0.05524466599021679	0.4012159066046785
DLBCL11202	0.1972127199625345	0.06833865779725724	0.5907754146145234	0.13460980901220929	0.009063398613475555
DLBCL10512	0.02283203789161607	0.35994919190087443	0.315175838994077	0.04596683629969668	0.2560760949137358
DLBCL10553	0.04138592658693545	0.040560103283925224	0.34799990933947966	0.5328384331334283	0.03721562765623144
DLBCL11528	0.29640933652309126	0.270304508728658	0.36580304666716956	0.03974071314146918	0.027742394939611982
DLBCL10782	0.12072232006883427	0.051527505385039675	0.03757390918798051	0.7708442928082843	0.019331972549861326
DLBCL11519	0.5818172481139541	0.040992580398409306	0.02944253669528706	0.3334488790027811	0.01429875578956851
DLBCL10974	0.059633879599701164	0.023251401005867613	0.05404964746046291	0.5715626566355709	0.2915024152983974
DLBCL_C_D_1117_NULLPAIR	0.13352315397149983	0.5613078511833024	0.02166601494182194	0.25326840262094585	0.03023457728242998
DLBCL10936	0.1596948378527547	0.47965327671584324	0.1402028674995658	0.11210531982462105	0.1083436981072153
DLBCL_LS2208	0.019628705216848872	0.09015503127535014	0.18458461030835904	0.039778836206491724	0.6658528169929502
DLBCL10962	0.05306786915871834	0.5749510935937824	0.2024875175371582	0.059242930858973246	0.11025058885136782
DLBCL_LS3499	0.11579607919731914	0.15088612105822655	0.04785962793073623	0.6511016392004438	0.03435653261327419
DLBCL10552	0.3585786642675652	0.024331459304899605	0.06982711619689948	0.5317293208950313	0.01553343933560432
DLBCL11430	0.5987062069009789	0.015448571978558335	0.06495206601368402	0.3013754816113661	0.019517673495412644
DLBCL11204	0.19220562138863262	0.6823237777945391	0.02938040556513325	0.04532352043729646	0.05076667481439866
DLBCL11478	0.6259614515346474	0.0371113404104304	0.27326494943240187	0.04664391684424304	0.017018341778277275
DLBCL11590	0.1736756760963212	0.01705481317971122	0.5491239320697106	0.21291732077066078	0.04722825788359626
DLBC_FF_8042_TP_NB	0.014205901729450483	0.07450284828157004	0.075574647429308	0.04316578242451487	0.7925508201351565
DLBCL10921	0.029155340563634773	0.23097594650283826	0.017462417442269954	0.02070846620283251	0.7016978292884245
DLBCL_RICOVER_314	0.01359228810874304	0.12008127652881648	0.036546951918220064	0.0344146927401018	0.7953647907041187
DLBCL11576	0.0458284376019935	0.09696015360149268	0.06488700721165733	0.7656179592561626	0.026706442328693986
DLBCL_RICOVER_1278	0.06595263668827095	0.029427060273702257	0.02510141252225648	0.28455679866427036	0.5949620918515
DLBCL10909	0.06640676613564839	0.017141508690395827	0.06969255779273681	0.6670653000154596	0.17969386736575932
DLBCL10856	0.03594869479493484	0.05350197609013507	0.26304275587589643	0.03682927634973259	0.6106772968893011
DLBCL11436	0.12975954896332684	0.5608876064720681	0.03400048571196681	0.21716329762986547	0.058189061222772696
DLBCL_RICOVER_1106	0.011024586841117718	0.06019859294073611	0.014356496406327789	0.040180415221462276	0.874239908590356
DLBCL10910	0.016470322243572293	0.09666002338504819	0.7522541881376088	0.10403741415243947	0.030578052081331228
DLBCL_DFCI_DLBCL_GOE05	0.010537772035204068	0.6285631172143596	0.08779088914976882	0.02294720810404308	0.2501610134966244
DLBCL_LS4616	0.00802181498739177	0.07032041212961253	0.8821969982673464	0.0245579535105226	0.01490282110512662
DLBCL10564	0.048971990021024224	0.041148443683294955	0.055444137023996504	0.8336561129396963	0.020779316331987967
DLBCL_RICOVER_1018	0.07062656748129738	0.21768740971897657	0.03185001691001407	0.6436643669823316	0.0361716389073803
DLBCL11496	0.7616506373479649	0.01929045374289769	0.031921905202967574	0.0427077590761314	0.14442924463003848
DLBCL11515	0.019310362013230293	0.07793936015331902	0.7260239854027015	0.035429994214335216	0.14129629821641393
DLBCL_RICOVER_910	0.11593720804797265	0.04503280471186017	0.043969193088283474	0.764307979032699	0.03075281511918465
DLBCL_RICOVER_850	0.008243246188361529	0.03117559735360145	0.012745927889784145	0.027197436607572647	0.9206377919606802
DLBCL_LS762	0.023559431298003853	0.02441483999434119	0.12263010602567428	0.03413678114729576	0.795258841534685
DLBCL10994	0.8446815560394931	0.031799735515347184	0.016720824750769147	0.04631164705246458	0.0604862366419259
DLBCL_RICOVER_274	0.051558336189830745	0.0912565992486139	0.027919811957945816	0.7838286026381911	0.0454366499654185
DLBCL10871	0.04852253287249351	0.8493849588127018	0.028997116236129987	0.016986407317309306	0.05610898476136543
DLBCL11437	0.06491113758323613	0.01163003493974547	0.0378220351471465	0.820889949486115	0.06474684284375685
DLBCL_RICOVER_945	0.9006599917513068	0.029708545312894546	0.008103854085595115	0.04674090734764127	0.014786701502562258
DLBCL_C_D_1156_NULLPAIR	0.8146032897415035	0.023650364729912648	0.016781406179543438	0.12944654954300694	0.015518389806033482
DLBCL10844	0.8823160747346589	0.02174183718289532	0.011516949647236442	0.024349443167293122	0.06007569526791617
DLBCL10549	0.02387761458035834	0.799054984334437	0.14352038187678773	0.019960501859866614	0.013586517348550311
DLBCL_C_D_1118_NULLPAIR	0.3662740014730726	0.5365015376698352	0.01719870872553897	0.05250012492042377	0.027525627211129493
DLBCL10927	0.0746876747212889	0.015121867187273349	0.027408039866355403	0.8649273157457499	0.01785510247933248
DLBCL10565	0.034848631260420815	0.01696555836646874	0.8707752862301921	0.06727599743105689	0.010134526711861507
DLBCL11658	0.03468616502061355	0.0111921394813224	0.032629317209466234	0.883268900447045	0.03822347784155285
DLBCL11488	0.7384064401860075	0.010089120852510097	0.014668150224306918	0.07395829991538012	0.16287798882179538
DLBCL_LS2357	0.03491066913196139	0.012077610415891412	0.022787444936901536	0.9104987463804981	0.019725529134747604
DLBCL_RICOVER_978	0.785753468917886	0.016626672742225863	0.048915351598279866	0.13481913925971292	0.013885367481895398
DLBCL10781	0.003543959369093654	0.0050543377085073065	0.004059052608195375	0.008911282170528681	0.978431368143675
DLBCL10472	0.023223484242089067	0.01304968918805174	0.876250450013828	0.07603214120363515	0.01144423535239603
DLBCL10852	0.007003540253023342	0.008452493229410562	0.006528253302474898	0.018371776459352514	0.9596439367557387
DLBCL10517	0.010124943242548305	0.7885482781253962	0.15357054826984454	0.02361155693632254	0.024144673425888465
DLBCL11671	0.9425653436126389	0.009182060103029934	0.010278014789435479	0.03312917759121978	0.004845403903675962
DLBCL11536	0.05098819521115999	0.45041238652028714	0.044803203269363115	0.39013634676053616	0.06365986823865363
DLBCL10895	0.007201603263215236	0.028822149751041477	0.015805664439859025	0.009187215270943324	0.9389833672749409
DLBCL_C_D_1144_NULLPAIR	0.016244560032135844	0.03883186807475895	0.008493120923148165	0.01549459338669571	0.9209358575832614
DLBCL11450	0.003665405834428958	0.007969792020121685	0.00364174554411051	0.007570075436924974	0.9771529811644138
DLBCL10993	0.8811369288435194	0.00700539426668353	0.018502828158200514	0.07029303749590622	0.023061811235690354
DLBCL11195	0.002453967931250602	0.0075985799421484455	0.005008765726419028	0.006128338409102403	0.9788103479910795
DLBCL10885	0.03989800361078031	0.8215031986421217	0.015191732984977176	0.031374621964920225	0.09203244279720056
DLBCL_RICOVER_1248	0.0015864129458965036	0.002748510320428229	0.0013001635506051544	0.0021349789853892013	0.9922299341976809
DLBCL11456	0.017095755645771083	0.9018966110281071	0.03074977872030515	0.04078246930892784	0.009475385296888725
DLBCL11673	0.007696288312060538	0.956137279225757	0.02036437525179217	0.009678579412132194	0.0061234777982580695
DLBCL11470	0.9008771966425357	0.005905160203622743	0.016278865803309034	0.06640543763360886	0.010533339716923582
DLBCL_RICOVER_577	0.005046448333883032	0.006034786134275059	0.9758024742870257	0.00776636086283495	0.005349930381981222
DLBCL11566	0.0048291362468799144	0.008786825288545437	0.9752832666537213	0.0074983693107004866	0.0036024025001528447
DLBCL_RICOVER_451	0.9831604691805389	0.002594301485466789	0.00463480398097559	0.006957390308988751	0.002653035044029976
DLBCL_LS4054	0.012706878441066643	0.9497102954069971	0.009916564571700582	0.015353081894645503	0.012313179685590151
DLBCL_RICOVER_408	0.0077894515009106985	0.9662680868113452	0.014306807718151739	0.005452572925953117	0.006183081043639246
DLBCL_LS2245	0.04191405305159213	0.7996104605413432	0.12318508837061416	0.018515139753488456	0.016775258282962016
DLBCL10465	0.0014840667563115377	0.002320233901844968	0.9912985379699336	0.0032704849186496426	0.0016266764532602204
DLBCL_RICOVER_221	0.0015200822107149317	0.0030733346993373238	0.00256501878223256	0.0028123729203779458	0.9900291913873372
DLBCL_LS2089	0.0045836496775093355	0.9703298032991564	0.007157145830202635	0.004054157406844801	0.01387524378628679
DLBCL10535	0.006156177258303357	0.010232365031781605	0.01137821986692694	0.0072204288312639	0.9650128090117241
DLBCL11667	0.001721650265232755	0.0022778523693125627	0.9915168983201446	0.0030632805824582026	0.0014203184628518674
DLBCL11353	0.0030756627581738725	0.008786442884587718	0.008444040480398917	0.005566185288152281	0.9741276685886872
DLBCL11670	0.0025594081835266748	0.0050610643066722905	0.9784845513529302	0.009755576064192919	0.0041394000926779275
DLBCL10951	0.0009598065330488675	0.0018379767512923407	0.0010568930297770475	0.0011922187375751987	0.9949531049483066
DLBCL10890	0.0023043096794608422	0.004416809027695735	0.004400220055038443	0.0034633352512648714	0.9854153259865401
DLBCL10530	0.0017425544059291702	0.00431233943106516	0.0023802219410534423	0.0028339686865386828	0.9887309155354136
DLBCL10880	0.00556686212511982	0.0035486704883002386	0.0047523923259717715	0.0034267283346492107	0.982705346725959
DLBCL_RICOVER_1289	0.018223970629593703	0.01104127895392135	0.0158371381479132	0.06366295620217138	0.8912346560664004
DLBCL11656	0.004201093340681769	0.00401755688665867	0.9740258170191618	0.008455807134720363	0.009299725618777385
DLBCL_RICOVER_467	0.015962580271933074	0.651773196240265	0.03544669373058397	0.015638398141145676	0.2811791316160724
DLBCL_LS2599	0.012158191788709184	0.013958511568186931	0.945302390569743	0.02313852381381321	0.00544238225954769
DLBCL10935	0.9167015711567482	0.034878153824086135	0.006432725668643848	0.02600005330746543	0.015987496043056357
DLBCL10931	0.9651036409261433	0.002470204714470429	0.005975923317586228	0.016699181438382484	0.009751049603417591
DLBCL_C_D_1125_NULLPAIR	0.00162815503027623	0.004402026117300389	0.002162678781236443	0.0026865887888681394	0.9891205512823188
DLBC_FF_8043_TP_NB	0.007871472235500623	0.9746532954385583	0.007463265116226869	0.0038954094218035373	0.006116557787910682
DLBCL_RICOVER_533	0.005105125492154095	0.9801032103036985	0.006587102380210991	0.004659658432702981	0.0035449033912334322
DLBCL_DFCI_DLBCL_GOE07	0.005065047339568747	0.9731875743224918	0.008534712870990856	0.004259130783828279	0.008953534683120318
DLBCL10903	0.004165998615169645	0.9636842451563	0.019982321880261934	0.004722827987544336	0.007444606360724105
DLBCL_C_D_1128_NULLPAIR	0.9940862967379146	0.0008377524408008972	0.0010038250298634438	0.002749970803398293	0.0013221549880227657
DLBCL11500	0.0051234419693203925	0.005115336468687215	0.007759382947007396	0.00896244120824144	0.9730393974067435
DLBCL10922	0.005362976442934097	0.9769570452774092	0.006951010393702836	0.004833480021134332	0.0058954878648195055
DLBCL_LS3245	0.0035071981161298995	0.971481988480716	0.01445482793412504	0.005131126607575319	0.005424858861453753
DLBCL10862	0.001588177217150381	0.003050169574141977	0.00303391770462778	0.0025923837550840085	0.9897353517489959
DLBCL10495	0.9684067557974888	0.009632854086276236	0.0032445755760437092	0.012395861146947778	0.006319953393243519
DLBCL10525	0.9863549923049643	0.0012961243472730893	0.0030969286271345163	0.005648601647256347	0.003603353073371771
DLBCL10884	0.9900129828655062	0.001221290107547603	0.0018852980325882599	0.005363663721342756	0.0015167652730151784
DLBCL10883	0.0014160258321373222	0.0013253408769499117	0.0013871248632007763	0.0017592138627021024	0.9941122945650099
DLBCL_RICOVER_977	0.9733340394471558	0.0025298803433849116	0.0039038780798796133	0.01312775229449571	0.0071044498350839955
DLBCL_LS146	0.0007534591314774531	0.9961954801226285	0.0013782219328030713	0.0007213070791425309	0.0009515317339484813
DLBCL10534	0.0001572377459548529	0.0002457190798110475	0.0001997786576223438	0.00023368843525454474	0.9991635760813572
DLBCL_LS1757	0.9939662573881172	0.001042575667144514	0.001040910960469227	0.002938173773429758	0.0010120822108393428
DLBCL11188	0.0011745388115831257	0.9937604145102111	0.002297900020569358	0.0012502368190178267	0.0015169098386185959
DLBCL10452	0.002387478709526917	0.9848455884201613	0.005844137655036858	0.0025643461747137507	0.004358449040561166
DLBCL11449	0.04504666397607838	0.5560550062667602	0.03963812216268512	0.04594081346290184	0.3133193941315744
DLBCL10969	0.5083914673633657	0.2569170085652717	0.1503077578283591	0.034520317327106594	0.04986344891589696
DLBCL11681	0.42576668180531907	0.011059691360010403	0.36647804392299455	0.10550762539484061	0.09118795751683534
DLBCL_RICOVER_216	0.05884178703718093	0.08635572904270918	0.4371773420912845	0.048304437986170255	0.3693207038426552
DLBCL11441	0.1273515400108778	0.013929434202913295	0.06570272496045469	0.3221639839967615	0.47085231682899265
DLBCL_RICOVER_720	0.03086732705966834	0.563691413281466	0.03811829796276032	0.019266845017147045	0.3480561166789583
DLBCL_LS2590	0.03635174020895659	0.021999750727750556	0.06889127965106388	0.5147503646917412	0.35800686472048776
DLBCL11206	0.02838954699128369	0.5858431239759344	0.061737491705861416	0.015026325629604717	0.3090035116973158
DLBCL10957	0.6918209017180498	0.021706110388969968	0.08725927649372664	0.18494956273782986	0.01426414866142368
DLBCL11433	0.043721117986852805	0.017240000290919506	0.06804237989297335	0.3183526993421289	0.5526438024871255
DLBCL10539	0.05320900047063126	0.4551671430260294	0.08170171793206583	0.2958006255871542	0.11412151298411931
DLBCL_RICOVER_1060	0.09048104045821827	0.66200353377872	0.03170851362872077	0.026276685539935587	0.18953022659440538
DLBCL_RICOVER_522	0.1790619145615407	0.058681876102536015	0.4179635677363756	0.33249702079877913	0.011795620800768377
DLBCL_LS155	0.03957797419709428	0.012468661037991461	0.7565722881350946	0.1621822565130105	0.029198820116809233
DLBCL_LS2154	0.2799213198444952	0.5620556899133247	0.0596073942224216	0.07687218377956478	0.02154341224019375
DLBCL10486	0.49486786845099495	0.15925473946842425	0.02077163795521712	0.12759537237662538	0.1975103817487384
DLBCL_C_D_1126_NULLPAIR	0.061355019232653595	0.8688047365259307	0.013238427815002986	0.023772734570487942	0.032829081855924765
DLBCL_MC_F218_RAP	0.1551619412315852	0.015065055654736122	0.048090425269389094	0.7628676138220711	0.018814964022218512
DLBC_FF_A7CX_TP_NB	0.5317643377214029	0.04752639353953483	0.08709691157415582	0.06893222438666291	0.26468013277824365
DLBCL10780	0.021654657997081946	0.8118985100463414	0.11102162446223253	0.04221289823301563	0.013212309261328454
DLBCL_RICOVER_299	0.013095635752792802	0.8457318896515276	0.10958720929392853	0.01164826682558662	0.019936998476164473
DLBCL11457	0.8666960131850708	0.0057499716075510784	0.027024995012593818	0.08303193424988821	0.017497085944896035
DLBCL10985	0.11294699656358718	0.2261694012032808	0.03398795200285548	0.5886849539447958	0.03821069628548076
DLBCL10972	0.8249234963118927	0.021877419557327558	0.02377276800244529	0.0592484982144736	0.07017781791386096
DLBCL_LS1668	0.0648513830554413	0.2418997043710219	0.25730716802516557	0.384471701151233	0.051470043397138156
DLBCL10906	0.04988601948496564	0.5783473726948994	0.020136798393954863	0.0239135266087949	0.3277162828173852
DLBCL10934	0.040450969669599046	0.37169666866150963	0.02096993512217426	0.05923582367636439	0.5076466028703527
DLBCL10965	0.1598964510715873	0.017507467816730602	0.04247886584278252	0.746305928093006	0.0338112871758935
DLBCL11003	0.05980749298954406	0.5399510106789017	0.022297518195449933	0.03155323936133651	0.3463907387747678
DLBC_FF_8062_TP_NB	0.09208478759056883	0.024158609992378406	0.1215331756178314	0.7408377184606505	0.021385708338570893
DLBCL10908	0.05198503541772787	0.09625131948699747	0.6926034042175323	0.043799122894200404	0.11536111798354194
DLBCL11480	0.7320976341442409	0.02157893106562697	0.07632397353550319	0.07237515255274021	0.09762430870188875
DLBCL11002	0.208505084318791	0.029818547770470678	0.057777718797922435	0.6876874611837999	0.01621118792901597
DLBCL_RICOVER_1165	0.010887378895021175	0.9183729746703064	0.036509987375253565	0.00907244412767138	0.025157214931747458
DLBCL_MC_F064AB	0.013543658362575319	0.009987903023604227	0.9225831783360001	0.045546098612542794	0.008339161665277563
DLBCL10863	0.11170474865922568	0.01838269389798561	0.02964258779468341	0.731764690778314	0.10850527886979133
DLBCL11474	0.6977785766136172	0.018022248762383453	0.017662537636103034	0.23983491187353484	0.026701725114361457
DLBCL10451	0.7356016704941246	0.024293271441716374	0.19146179915195563	0.03628272986050927	0.012360529051694059
DLBCL11447	0.05638776411553297	0.01947164111884258	0.028486697657462173	0.7576542149913315	0.13799968211683086
DLBCL_RICOVER_506	0.016198791091894437	0.2687869370913696	0.035209924573519624	0.02027831009841979	0.6595260371447966
DLBCL_C_D_1119_NULLPAIR	0.08539967805558368	0.8661407188559672	0.01666287675545152	0.01700613590311023	0.014790590429887394
DLBCL11504	0.08505538333202103	0.020509955151698032	0.024821699310842722	0.09262713744042164	0.7769858247650165
DLBCL_RICOVER_773	0.01921354000245834	0.165395903836686	0.3590671990789547	0.029821386114947657	0.42650197096695336
DLBCL_RICOVER_496	0.02503352686060097	0.8929958965158098	0.05034961153887146	0.021489452285908494	0.010131512798809321
DLBCL10999	0.011222594433917243	0.0235461217837844	0.05354045429294918	0.12322562672502045	0.7884652027643287
DLBCL10482	0.8263780586898272	0.01790325055100351	0.01475670855782951	0.03182156538795883	0.10914041681338098
DLBCL10532	0.027261609229731244	0.021293238371502918	0.20111138360889685	0.10759890436639749	0.6427348644234715
DLBCL_C_D_1112_NULLPAIR	0.03708257005491898	0.3670186125361977	0.4739586506164855	0.0486177634055648	0.07332240338683305
DLBCL_C_D_1109_NULLPAIR	0.06997917474392229	0.013450055717945417	0.025083973226111743	0.8654535952159719	0.026033201096048692
DLBCL_RICOVER_956	0.014926098539752351	0.24436305792125423	0.03285606845499752	0.026121351239708886	0.6817334238442869
DLBCL11538	0.027596127899641	0.013670251705710337	0.7751029294629738	0.13149829437665975	0.0521323965550152
DLBCL10483	0.0049900288714445655	0.9664426895019598	0.01750033251944207	0.004065680030910476	0.007001269076243153
DLBCL_MC_F307_JPS	0.8475210322956135	0.022594768459492487	0.017789497884636768	0.09219422912334584	0.019900472236911382
DLBCL10490	0.8866788952742263	0.012736159578122457	0.011751356652003489	0.06372627143008916	0.025107317065558608
DLBCL_RICOVER_701	0.07129389531528044	0.019128995431313234	0.021472741688141356	0.8654263670390347	0.02267800052623023
DLBCL11484	0.00907053165890605	0.935837180851263	0.02523224886589229	0.011301327625573739	0.018558710998364904
DLBCL11486	0.7646603405287402	0.014345030484781657	0.02425537592645933	0.03428666828380119	0.16245258477621757
DLBCL11527	0.04957983837104049	0.01706181747619291	0.04641260470209462	0.8388213890435743	0.04812435040709773
DLBCL_MC_F139_LJF	0.051752111729249435	0.014217215339165337	0.02509665846014212	0.8899554452876799	0.018978569183763214
DLBCL10857	0.020099739827739625	0.009362362642482396	0.008122303453667884	0.03356319486717148	0.9288523992089386
DLBCL11460	0.03957365528016084	0.017146359702439846	0.028456453480298106	0.897017150541862	0.01780638099523915
DLBCL10980	0.009846892317311022	0.13194996880365642	0.06037895638246151	0.03666317089223223	0.7611610116043388
DLBCL_RICOVER_1061	0.053216530108569034	0.012628140604909114	0.04395238359610238	0.8735513834214104	0.016651562269009105
DLBCL11205	0.9307401089234064	0.013960302811584646	0.027990815003632163	0.021489228035770525	0.0058195452256062236
DLBCL_RICOVER_473	0.8963719657834359	0.030714941292620715	0.012593606537980058	0.04924805761239596	0.01107142877356729
DLBCL11512	0.908518460864444	0.015495983446493854	0.019243066707162512	0.049109026988446	0.00763346199345361
DLBCL10968	0.7015474056468778	0.010878551537044751	0.01995396583946395	0.21306937095523207	0.05455070602138134
DLBCL11472	0.9119173290495761	0.004684229362601147	0.012261520570529833	0.05621579615408233	0.014921124863210507
DLBCL11435	0.8950238233174832	0.007386179955067915	0.009557663079773675	0.06924510787803846	0.0187872257696367
DLBCL10523	0.0191264272033717	0.009268770598688999	0.9189470880026448	0.04556043291278193	0.0070972812825126136
DLBCL11675	0.02186696356297016	0.00958679041309949	0.8229968433502535	0.06011950630388106	0.08542989636979584
DLBCL_C_D_1105_NULLPAIR	0.08184341295531472	0.8590518068222364	0.016500014395105674	0.02199911434977569	0.0206056514775675
DLBCL10889	0.003243664712937407	0.004705084538533398	0.00554118594229692	0.009692316528320704	0.9768177482779116
DLBCL10502	0.00647174202371166	0.9501003270055907	0.026038250299390758	0.008911201782694084	0.008478478888612882
DLBCL_RICOVER_744	0.021478133529048413	0.008553399110956818	0.9519243473930226	0.011146739232019632	0.006897380734952573
DLBCL10902	0.004601858426660962	0.017783773763752578	0.0133338934752157	0.01253319033164677	0.951747284002724
DLBCL11458	0.0262482911213039	0.019963608070690027	0.9302104486657926	0.012513573927681982	0.011064078214531427
DLBCL_LS1098	0.0035425258799843826	0.003157190618610706	0.9839056332369918	0.00697069853543622	0.0024239517289769657
DLBCL10954	0.006574830563995013	0.9604240962411743	0.01007376458720643	0.007002250507502372	0.01592505810012186
DLBCL10498	0.003964506718742966	0.0037908193365546383	0.9812542828210531	0.008793150016349551	0.0021972411072997064
DLBCL10460	0.0027931887028585785	0.9858359986455453	0.006036345712383787	0.0024063534561133628	0.002928113483098969
DLBCL_RICOVER_1210	0.00408829452596671	0.9723264364200671	0.012930088131315964	0.0058066977605188055	0.004848483162131411
DLBCL10925	0.03404623758831525	0.037136074192351466	0.009775160227365806	0.05066454098339189	0.8683779870085756
DLBCL_RICOVER_1032	0.009859271466564146	0.06074216760049632	0.00939237480999413	0.01444201990161182	0.9055641662213336
DLBCL10963	0.010769823024846765	0.01903350962467372	0.01384459809274879	0.03009576170878548	0.9262563075489453
DLBCL_C_D_1131_NULLPAIR	0.002115544126431514	0.98849259142168	0.004883618379924431	0.0019174878802196299	0.0025907581917444097
DLBCL_C_D_1141_NULLPAIR	0.004161830084542544	0.007890758196191684	0.9752173947930525	0.005970398799948351	0.006759618126264939
DLBCL_MC_F262_WLC	0.9905279110210995	0.0012808319748336167	0.0013246209569871172	0.004780490359341785	0.002086145687738008
DLBCL10930	0.0465646735291125	0.013490636527462387	0.018129331848070328	0.01381884372995042	0.9079965143654044
DLBCL_C_D_1113_NULLPAIR	0.00611596309724448	0.008546321978951313	0.9715439767153619	0.009028689934789867	0.004765048273652536
DLBCL11526	0.013786043571066067	0.00790524863654878	0.9564634824142888	0.017569276137951475	0.004275949240144855
DLBCL_LS378	0.9859626711857951	0.0021111021026604545	0.0035707503793712706	0.006488576386436035	0.0018668999457371524
DLBCL10458	0.9962237353742163	0.0005057146125339034	0.0008731003088538265	0.0018031654337527362	0.0005942842706432155
DLBCL_C_D_1133_NULLPAIR	0.004375591684432728	0.007732396995654807	0.9782630348879072	0.006678568560594712	0.0029504078714105743
DLBCL10901	0.0020954866777161234	0.0037787942148928833	0.003098912886933829	0.004763608712396929	0.9862631975080602
DLBCL10842	0.0018589543558927954	0.0025795381506808763	0.003060595423689202	0.0038179480820770004	0.9886829639876601
DLBCL10459	0.00172505302778599	0.002742152547529058	0.9899878088378704	0.003933185896470014	0.0016117996903445262
DLBCL10898	0.0075895719955110024	0.028433444862027455	0.006625985737851172	0.010490930441482834	0.9468600669631275
DLBCL_RICOVER_712	0.0027903646482657606	0.00625998226819499	0.003474820627212666	0.004730189426285131	0.9827446430300415
DLBCL11000	0.001003227627102974	0.0016442924626156217	0.0013681219811374347	0.00198429266710888	0.9940000652620351
DLBCL10860	0.0017068615042049316	0.003051514471704436	0.003908404804283734	0.0034748463949181825	0.9878583728248888
DLBCL10850	0.002389378167985277	0.9908063980331522	0.0030884809003779426	0.001671541849665529	0.002044201048819055
DLBCL_RICOVER_1192	0.0027227394034912067	0.006040504518231376	0.003877596219910514	0.003404205640754322	0.9839549542176126
DLBCL11666	0.001593605824571575	0.002203021020608465	0.9913506834058438	0.0033541261338443274	0.0014985636151318557
DLBCL_MC_F349_BJJ	0.0018273894044321308	0.002331314726662999	0.9900977165241869	0.0036266154747296975	0.0021169638699882806
DLBCL10990	0.0007713132958107776	0.0015897922767372167	0.0008452587819755348	0.000927140371892123	0.9958664952735844
DLBCL10834	0.003950596144452357	0.987262455553612	0.003389442987227942	0.0025830886170227327	0.0028144166976849113
DLBCL10977	0.002455355592354282	0.0021426452737145054	0.0034573559659394665	0.003136547252057625	0.9888080959159341
DLBCL_RICOVER_253	0.0010922762430815875	0.9956980229347909	0.0013591138748431774	0.0007739228627690549	0.0010766640845152368
DLBCL_RICOVER_174	0.001959526092192254	0.9922479401001504	0.002385071824739723	0.0017304413389997383	0.0016770206439178925
DLBCL11467	0.08358053786717264	0.05815364835444539	0.10254809613831344	0.49773709777590197	0.2579806198641666
DLBCL11483	0.12948929049530913	0.37991542682173357	0.10691971046010607	0.0756810884110866	0.30799448381176464
DLBCL_MC_F927_JHS	0.11411979572558158	0.21919654274511388	0.16331892892680347	0.0882446638312943	0.41512006877120683
DLBCL11455	0.16126375213256924	0.020669842612215907	0.19420897767027773	0.5600264685696434	0.06383095901529365
DLBCL10450	0.6108897729576593	0.08327151082372461	0.01514942860678213	0.17318117705981925	0.11750811055201467
DLBCL_LS2328	0.039931349757666844	0.38714966656813593	0.5257663287484079	0.033288131321921315	0.0138645236038679
DLBCL10907	0.10077886394657666	0.31276608677413054	0.020666192038065235	0.06217799442897958	0.5036108628122481
DLBCL11473	0.6168166356137066	0.05362024520839615	0.020567873251215226	0.28268908963193645	0.02630615629474554
DLBCL11657	0.031150802123519682	0.08509765792108566	0.6989904177144701	0.15495480637144873	0.029806315869475793
DLBCL_MAYO_DLBCL_234	0.20759843156341506	0.015498354437535064	0.40683220756322797	0.3365118189959466	0.033559187439875196
DLBCL11448	0.03291230153409083	0.07900987879839234	0.17516862266854355	0.48036776761580136	0.23254142938317193
DLBCL_RICOVER_1190	0.12704975031571483	0.05632358726553297	0.11018900451846043	0.027767163240812427	0.6786704946594793
DLBCL10454	0.16310740064670076	0.17565116864307875	0.034990197160095236	0.018740108245413077	0.6075111253047122
DLBCL11664	0.11421406772835899	0.7878691785061093	0.033881175081501375	0.050717338503293796	0.013318240180736648
DLBCL10487	0.11214483425198665	0.5759059734554696	0.044284157628222486	0.22452548526076052	0.043139549403560754
