	0	1	2	3	4
DLBCL_C_D_PAIR13	0.15386488082801236	0.24771082978214662	0.16021962611314322	0.11345781154386335	0.32474685173283435
DLBCL10494	0.043228192375249844	0.5317151403875475	0.21124610869058072	0.13411097591840074	0.07969958262822113
DLBCL_BWH_DLBCL64	0.21316962829631833	0.44762328862998585	0.04600700344997856	0.26255027171411977	0.030649807909597575
DLBCL10914	0.28697579324938477	0.05463379332527521	0.4611233110995621	0.08833875771995527	0.10892834460582251
DLBCL11479	0.13322499831542275	0.14456700808993853	0.4278633282108433	0.07077576229832648	0.22356890308546906
DLBCL_C_D_1148_NULLPAIR	0.461166282820364	0.017758119577766653	0.3086659493700368	0.1793707286322144	0.03303891959961814
DLBCL_MAYO_DLBCL_3653	0.5107186114532913	0.11520657764056294	0.09241965899608909	0.085879392549084	0.19577575936097266
DLBCL11481	0.2957510249375422	0.056842304832219186	0.480639567999281	0.10824306047651873	0.05852404175443886
DLBCL_LS1395	0.07982519070542375	0.3646262889343638	0.47083666166172083	0.04330190204715002	0.04140995665134169
DLBCL10536	0.22950195831488812	0.03341924901536297	0.45220984520074575	0.2186511565486722	0.06621779092033082
DLBCL10521	0.043119730255267476	0.3643484104064253	0.02047115065902716	0.021871845977422123	0.550188862701858
DLBCL10915	0.09480073224618507	0.21585747832350421	0.06611425981109854	0.40597761686168604	0.21724991275752606
DLBCL11662	0.5058012360632184	0.07393990519260128	0.027333522884772327	0.25416038216883996	0.138764953690568
DLBCL_RICOVER_985	0.03904657390211063	0.03659472212450661	0.48836555441905605	0.3285238084262753	0.10746934112805144
DLBCL11431	0.0841729189015992	0.1940335165314881	0.13210979991569988	0.0824274891350738	0.507256275516139
DLBCL10513	0.15619114483543417	0.04891157042962095	0.11234795684974012	0.6557823250657476	0.02676700281945713
DLBCL11507	0.17457195215085053	0.6383580502256311	0.10530153540791415	0.05100711745148631	0.03076134476411795
DLBCL10879	0.07991118228733785	0.027634445516096937	0.43862071849749273	0.16266694231359705	0.29116671138547534
DLBCL_MC_F500_ECU	0.10513291679562853	0.5708325332802376	0.07529863047215545	0.12287154370168524	0.12586437575029313
DLBCL_RICOVER_711	0.30642817598052785	0.09994867712443764	0.031153716775445886	0.5023271170372499	0.06014231308233878
DLBCL_C_D_1159_NULLPAIR	0.5593605674632365	0.021747618968577038	0.040123731740785554	0.33570675261435345	0.04306132921304748
DLBCL10981	0.043968581036993776	0.17863460344677548	0.03334114277175524	0.2847811884857576	0.45927448425871786
DLBCL_RICOVER_440	0.009089416291959838	0.8964994872851225	0.06412344632467767	0.011274230253953962	0.019013419844285943
DLBCL11537	0.6580230041156953	0.028281280070981997	0.023203403771888707	0.038216456424225644	0.25227585561720844
DLBCL11476	0.07977094416218543	0.10252832778823896	0.05023921879256499	0.14514509160843778	0.6223164176485728
DLBCL_RICOVER_787	0.505380764709563	0.07910991022334124	0.15926747577041359	0.18759341820048198	0.06864843109620027
DLBCL_RICOVER_478	0.16688079121716826	0.3747656552203706	0.12470714192674862	0.03812297790274607	0.29552343373296647
DLBCL10466	0.0170553510644745	0.5472071821796693	0.30678016287398857	0.09350980859297696	0.03544749528889068
DLBCL11491	0.13623433848014496	0.035193090888425836	0.1486303911654568	0.5937297948516933	0.08621238461427912
DLBCL10986	0.6659792123091134	0.04095280565413936	0.0905588256411156	0.1403714883812502	0.06213766801438146
DLBCL11539	0.7805890383300869	0.013925139521451576	0.07589524271443009	0.10701717182811614	0.02257340760591538
DLBCL10878	0.6847273859841018	0.02079977345339286	0.038828725303206815	0.11976293657574251	0.13588117868355604
DLBCL11534	0.09600565320979607	0.0752421562642612	0.6383763591674688	0.07839671493702918	0.11197911642144474
DLBCL_RICOVER_1287	0.026845981356231844	0.2008093020982861	0.024217230431468353	0.03463936499418164	0.7134881211198321
DLBCL11652	0.5214106034468114	0.14847197389748337	0.09434827304201658	0.16124304185311852	0.07452610776057006
DLBCL_RICOVER_950	0.07982191618976253	0.025073154532032835	0.14266142949359986	0.7109889989384469	0.04145450084615785
DLBCL_MC_F729_MAN	0.0640210092181696	0.6953999939364397	0.05161861845605346	0.08094972345917208	0.10801065493016523
DLBCL10833	0.26444124619786763	0.0449980451072732	0.01679311916551808	0.07014403169447936	0.6036235578348618
DLBCL_RICOVER_111	0.02718761545607296	0.07268812167683433	0.12376490240880698	0.044747805892586076	0.7316115545656997
DLBCL10547	0.11641744508499377	0.05072517257840114	0.10352290743220886	0.696480533283678	0.032853941620718155
DLBCL10529	0.031924009713269724	0.045034328814848805	0.019059763342682518	0.09063585138774981	0.8133460467414492
DLBCL11462	0.7840026937689177	0.018359035344686924	0.05839816062330698	0.045842287243976064	0.09339782301911233
DLBCL10846	0.695940725902777	0.13706323252362249	0.021464352343574137	0.08749395357828048	0.05803773565174587
DLBCL_MC_F815_BAT	0.034824871690157015	0.026995998455917176	0.7835661604310546	0.1271241790133241	0.02748879040954708
DLBCL10510	0.09011127807682671	0.1544755535868454	0.016712995069065678	0.024100668199996626	0.7145995050672657
DLBCL10456	0.09612625953504093	0.024700306971463266	0.12347884830405126	0.6179686083892582	0.13772597680018633
DLBCL10491	0.07574819444183878	0.0833451721332349	0.08964857800534866	0.7199809900933895	0.03127706532618817
DLBCL10867	0.029693199269735262	0.18804066305391287	0.01318535310956256	0.02066456716622037	0.7484162174005689
DLBCL10945	0.7402582560641516	0.0399505942219279	0.01871423127973639	0.051087769015485084	0.149989149418699
DLBCL_LS951	0.8367901360925256	0.06181465796742323	0.02199216019089757	0.04396472306837882	0.035438322680774764
DLBCL10868	0.1431402458429871	0.04293139466966298	0.02897047203664214	0.6073615384929644	0.17759634895774337
DLBCL11203	0.016045970600466457	0.8790053094856229	0.023178553609716553	0.056799838095080865	0.024970328209113154
DLBCL10891	0.01358263867193253	0.009907179603249624	0.02321675598729035	0.028521943478709427	0.9247714822588181
DLBCL_LS1304	0.015926656696937762	0.050305479532890725	0.8553108725011734	0.025979656663183522	0.052477334605814566
DFCIDL004_DT	0.033459375227685675	0.015086371567111732	0.011473698252883895	0.050164508750569464	0.8898160462017493
DLBCL11520	0.8764301240256106	0.016970856529821138	0.011420714232028758	0.03450854473045487	0.06066976048208468
DLBCL11459	0.0807533658988973	0.027840541694584865	0.055225429600105826	0.8048246910755789	0.03135597173083319
DLBCL_LS1921	0.011153514416608674	0.9151496118998875	0.027468808449997932	0.03309214770879399	0.013135917524711813
DLBCL10555	0.03260584201451797	0.09538475283988779	0.8286476024317027	0.033751376072042434	0.009610426641849175
DLBCL_C_D_1130_NULLPAIR	0.8684778721977804	0.018599058434123416	0.017451739058717816	0.04811801621039682	0.04735331409898155
DLBCL_MC_F089_HCZ	0.013494828705732495	0.8076807462393563	0.08286624446709341	0.020109298077498124	0.07584888251031971
DLBCL10544	0.056803001448980324	0.028094305973504582	0.04409546649884431	0.8035365607959003	0.06747066528277046
DLBCL_C_D_1129_NULLPAIR	0.8449207899055913	0.03536979245879553	0.036491986458556794	0.04167284352614508	0.04154458765091136
DLBCL11564	0.08710032344457583	0.025548389644174756	0.037899451939497716	0.8070935269773603	0.04235830799439143
DLBCL10983	0.02035425356756127	0.8974037425928343	0.008815584559624128	0.015183950218325653	0.05824246906165471
DLBCL_RICOVER_1045	0.8168627397014621	0.03807086274291028	0.028930419138462414	0.09096627503803176	0.02516970337913343
DLBCL10950	0.8645985482288491	0.020091929778672506	0.023874953246780628	0.06176859050945865	0.02966597823623916
DLBCL10858	0.01838610396882629	0.011028617911076052	0.0088731049344044	0.035683362243418136	0.9260288109422751
DLBCL10894	0.7988562663132885	0.08241131676089146	0.01259013655467031	0.08038443591171457	0.025757844459435072
DLBCL10866	0.017404095874401133	0.01532333090803006	0.01623031753676297	0.03960037114346519	0.9114418845373407
DLBCL10997	0.917957771387865	0.010099352287431123	0.010648945163481301	0.03488859295649152	0.026405338204731038
DLBCL11429	0.9172443354628184	0.011216836528669021	0.011682880510482009	0.03697112530283671	0.022884822195193888
DLBCL10835	0.016568167319242048	0.08288241000459345	0.010218616908304634	0.04368641659307825	0.8466443891747816
DLBCL10836	0.017446829224578898	0.008330579358798147	0.008316349186319308	0.02377970002717144	0.9421265422031322
DLBCL11461	0.8889306266345541	0.01902404587227567	0.022775222144648475	0.05549069462081857	0.01377941072770316
DLBC_FF_A7CQ_TP_NB	0.036263677372755404	0.013438495246359863	0.013057614554948914	0.04384039821606689	0.893399814609869
DLBCL_RICOVER_829	0.8247931025066371	0.07401018781800081	0.011508417958914465	0.04420579854112805	0.04548249317531962
DLBCL_RICOVER_1046	0.012500913701065956	0.07177128866473521	0.8684038623589013	0.029798286413842395	0.01752564886145515
DLBCL11428	0.014791884843460902	0.02910664781118311	0.9053325572549531	0.03534936939396306	0.015419540696439873
DLBCL_MC_F606_DMJ	0.01206143462041946	0.027435489873578644	0.9307838140783399	0.019547924693152547	0.010171336734509451
DLBCL11661	0.014042592199239343	0.9117804225699475	0.03181095225653841	0.027227888165859145	0.015138144808415622
DLBCL_LS3200	0.0091914040500315	0.028841143649244384	0.011005904035791622	0.013645000529339042	0.9373165477355935
DLBCL10515	0.9343394901405865	0.012569085265156307	0.008875689390209609	0.02867286869077874	0.015542866513268904
DLBCL10900	0.03342203242694753	0.01025941350561095	0.01090113600653798	0.04270053450727879	0.9027168835536248
DLBCL11672	0.0261465853639896	0.019954778930320962	0.8989878154690883	0.036554611869854155	0.018356208366746934
DLBCL_C_D_1114_NULLPAIR	0.9241207783805262	0.012068825874827707	0.010048409960805915	0.03824906315905202	0.015512922624788164
DLBCL10874	0.018488324082886552	0.9407443944857724	0.008156017408664059	0.015150280793839826	0.017460983228837178
DLBCL10912	0.9377298589276142	0.015258982947051804	0.00703242191953209	0.025162627612779345	0.014816108593022551
DLBCL_MC_F519_ALT	0.009472506045286447	0.009942795511743215	0.006782172404224224	0.012220448546875472	0.9615820774918706
DLBCL10847	0.032315901239721896	0.018924090847025135	0.010877198129932167	0.015292263303873411	0.9225905464794474
DLBCL10853	0.024652198489483735	0.008803053243948335	0.006247591759812069	0.014353087045017268	0.9459440694617386
DLBCL_C_D_1108_NULLPAIR	0.011171547840866361	0.9469735200881236	0.00747781008043779	0.007128312221206454	0.027248809769365754
DLBC_FF_8046_TP_NB	0.016582908475211322	0.01702258887658066	0.9304683369266737	0.024189009401868307	0.011737156319665988
DLBCL10550	0.00776399148623785	0.010841078964284037	0.009717592967799369	0.010862987531754836	0.9608143490499239
DLBCL11565	0.005887521817682663	0.9527489537670728	0.008081591080281825	0.006721703919639483	0.026560229415323242
DLBCL_DFCI_DLBCL_GOE16	0.00960015212348663	0.01653099834279424	0.9455047946205468	0.021522586029889136	0.006841468883283154
DLBCL_LS1065	0.007449189685489168	0.9481830606057152	0.015736107489950437	0.0119522831677327	0.016679359051112456
DLBCL_C_D_1136_NULLPAIR	0.0038811641046329853	0.9796250397517983	0.0034213298939384565	0.004969933835971979	0.008102532413658329
DLBCL11558	0.012861587503436609	0.025939725900121193	0.9303079751084398	0.024637567183151965	0.006253144304850437
DLBCL_LS297	0.009877401635797678	0.015679851311899418	0.9459827085321818	0.022944338027615547	0.0055157004925055104
DLBCL11685	0.007632911185243402	0.009455873068874144	0.9644260377880217	0.012326327810292647	0.006158850147568044
DLBCL_RICOVER_417	0.006308184699560261	0.01928057631722476	0.011249369183365648	0.017987098425100528	0.9451747713747488
DLBCL10461	0.006277160687668601	0.9510481143510066	0.01341431635598119	0.0066783239605518385	0.022582084644791833
DLBCL10992	0.006412645327446211	0.003949821993202246	0.0027505557182147377	0.00429412546869472	0.9825928514924421
DLBCL_LS3749	0.003475035458388376	0.9820100401377588	0.003828153365657673	0.005752496096870447	0.004934274941324644
DLBCL_LS2325	0.007906811488120832	0.008152947834433882	0.967231369764723	0.012690579778228286	0.004018291134493989
DLBCL_RICOVER_449	0.009314640835482998	0.005196440288655088	0.0022397956481898518	0.005730955661398123	0.977518167566274
DLBCL11680	0.00935751981694016	0.008730598832471612	0.9626769586643653	0.013801294288270271	0.005433628397952606
DLBCL10887	0.0022539354769290287	0.003200913930503268	0.002061606310062688	0.00324991164868152	0.9892336326338235
DLBCL_C_D_1163_NULLPAIR	0.0015746713231625073	0.0015499978481757094	0.0010619564143295804	0.0025119959004506628	0.9933013785138816
DLBCL10911	0.001429758255810942	0.9930696193481757	0.0016977106917109867	0.0012751071985187565	0.0025278045057835407
DLBCL10962	0.3608324214699059	0.11231650064955412	0.05217587317460017	0.26030395681242696	0.21437124789351283
DLBCL_LS762	0.1499023013238336	0.2455383570692039	0.1478224752959236	0.11070319806992501	0.3460336682411138
DLBCL10781	0.293404755341316	0.07503371276878366	0.0281898248251189	0.3878198769957338	0.2155518300690476
DLBCL11590	0.24873330695650012	0.02100184210872685	0.41004896432454835	0.24429416601206014	0.07592172059816447
DLBCL_RICOVER_978	0.2869016382207962	0.13949020758643588	0.07610991596421303	0.42958602439658433	0.06791221383197053
DLBCL11202	0.10766711482459157	0.05247079337875074	0.5385442466811146	0.28321120699389535	0.018106638121647728
DLBCL10974	0.056413953076144815	0.08953211130859101	0.027510745039236697	0.2569120163073692	0.5696311742686583
DLBC_FF_8042_TP_NB	0.06184289893343749	0.16857893309888294	0.33434936527327774	0.381871416828272	0.05335738586612971
DLBCL_RICOVER_910	0.08087245065245961	0.3456342026719367	0.0736796235649098	0.4384959532185571	0.06131776989213689
DLBCL10472	0.04064404509693108	0.04629147802078529	0.6859068559730263	0.20432590109518478	0.022831719814072667
DLBCL_LS3499	0.16451645305357304	0.24234232964019428	0.05605219427638946	0.47938034714097755	0.05770867588886566
DLBCL_LS2245	0.25611925274069147	0.18489789973506832	0.47692922814532673	0.060400969776679386	0.021652649602234116
DLBCL10909	0.08537520862776773	0.03378375086120895	0.10413875171543523	0.5580306373210416	0.2186716514745465
DLBCL_RICOVER_314	0.04554108007847332	0.16492621350911504	0.6379913660921838	0.04788326990118075	0.10365807041904708
DLBCL10885	0.02666277449834463	0.6315915147139171	0.0178079342131011	0.03262054870783363	0.2913172278668036
DLBCL10517	0.020096876833710534	0.3831997154286875	0.5013383481700626	0.05571180730647298	0.039653252261066384
DLBCL11576	0.07057949454885389	0.5690571787286004	0.14402681800460282	0.1904763699543483	0.025860138763594658
DLBCL_RICOVER_577	0.09450102186882511	0.05894633904575356	0.5035450755827092	0.2801533841109684	0.06285417939174372
DLBCL10994	0.2485506346804443	0.36973300767857453	0.02758375186422595	0.07516435859963187	0.2789682471771234
DLBCL11456	0.06766736067820947	0.22050969265271225	0.2191540872175635	0.4440190395793523	0.04864981987216245
DLBCL10856	0.055241779755370424	0.19250672951187764	0.10012347073256263	0.036732919915966056	0.6153951000842233
DLBCL_RICOVER_1278	0.13444852231810356	0.10492086719916162	0.02382507010304982	0.17951059354012236	0.5572949468395627
DLBCL11478	0.550485805140824	0.05975374777052821	0.2889655660038173	0.07227993667478115	0.02851494441004936
DLBCL_C_D_1144_NULLPAIR	0.10570682948908389	0.5169603157179739	0.02083523213349931	0.04624944734625473	0.3102481753131882
DLBCL_LS2208	0.05402196497031488	0.19486142817332672	0.28327290882512124	0.08913719090644623	0.3787065071247908
DLBCL_RICOVER_1106	0.03432663799698367	0.12395043549598847	0.0273256922587057	0.2049003011842224	0.6094969330640997
DLBCL10549	0.07374036196400889	0.31010299535395397	0.4505579013028698	0.11565116301848367	0.04994757836068356
DLBCL11528	0.10160549918744512	0.2879866975092338	0.5367411330644007	0.04263516998212546	0.03103150025679483
DLBCL_LS4616	0.016958930402919153	0.5361000083212689	0.3799982112894319	0.028824620420022797	0.03811822956635731
DLBCL11515	0.054570823798833094	0.04991910814590474	0.5076655013306505	0.05398544771677789	0.3338591190078338
DLBCL10922	0.10498335248730699	0.6770480051209131	0.027439513884416893	0.0513574927420472	0.13917163576531577
DLBCL10512	0.023933023574993325	0.536220247431964	0.23823446472502038	0.03661539046033915	0.1649968738076831
DLBCL11519	0.19598301170280497	0.07239441568125826	0.03798008246508073	0.6625493228701799	0.03109316728067627
DLBCL_RICOVER_1018	0.08037309849836696	0.15926885658867512	0.037546887736477144	0.6599713851558452	0.06283977202063556
DLBCL11671	0.6581449633853416	0.05484849763671967	0.06897966971365897	0.18498368001215015	0.03304318925212959
DLBCL11436	0.038017259852170714	0.6491005826393388	0.10108863047559599	0.14024620887005343	0.07154731816284111
DLBCL_DFCI_DLBCL_GOE07	0.06581603978854488	0.6497266129876731	0.07609023292468534	0.054708947047878966	0.1536581672512177
DLBCL10936	0.06410810849346434	0.6708121063926912	0.06930147949645386	0.05311415985377644	0.14266414576361416
DLBCL10564	0.039191743971250206	0.39868072409230976	0.12942550086644525	0.34226966917712887	0.09043236189286596
DLBCL11437	0.467995002078167	0.02593824026286514	0.05514729621391421	0.3116363805523788	0.13928308089267483
DLBCL11536	0.10003875659903953	0.12026467075349584	0.02883611284131156	0.6567442702042882	0.09411618960186491
DLBCL10535	0.03274554764199657	0.1368430240593614	0.0880169805622045	0.0515864288714543	0.6908080188649832
DLBCL_RICOVER_221	0.05496210291953084	0.09161751003282918	0.028360626696746223	0.15355662310349646	0.6715031372473973
DLBCL11658	0.10729579104163227	0.022397213157558996	0.06070476319705621	0.6825157453674506	0.1270864872363019
DLBCL_LS3245	0.014582036856980679	0.7334154207519545	0.18451522686189656	0.04291712196888241	0.024570193560285863
DLBCL_C_D_1118_NULLPAIR	0.4510369440688166	0.2821860253735133	0.017300479365435932	0.1266894758961366	0.12278707529609761
DLBCL10910	0.08360630998370755	0.13777995261149859	0.04479389109271948	0.6431654644547429	0.09065438185733148
DLBCL11204	0.03341917434530493	0.8428748758529031	0.012619856886456936	0.03356911270172161	0.07751698021361345
DLBCL_DFCI_DLBCL_GOE05	0.02578632856783313	0.3245786899011175	0.021388383677085596	0.025385177944457	0.6028614199095067
DLBCL_LS2089	0.014422735763866589	0.8071178994795013	0.015737106292436933	0.012698490293763786	0.15002376817043137
DLBCL11450	0.052380072813628734	0.08460859941168564	0.009188924954736655	0.04420884297895194	0.809613559840997
DLBCL10844	0.7948848493345027	0.05251603822330648	0.02318010122016024	0.0442402032925997	0.08517880792943087
DLBCL11430	0.36290780966793956	0.020692004699872896	0.16344328142261655	0.40935339655060826	0.04360350765896261
DLBCL10782	0.20250503112964793	0.06116636436167997	0.0481087868930012	0.6604839065153816	0.027735911100289275
DLBCL_RICOVER_274	0.07483793834689681	0.1741178489854741	0.03457342635666353	0.6060109664433542	0.11045981986761134
DLBCL10935	0.48708483157386157	0.36795801042507137	0.023494035016450275	0.08456454096696527	0.036898582017651546
DLBCL10927	0.15496122896450182	0.046360027454642926	0.03650655010647623	0.7224163803856295	0.03975581308874958
DLBCL10553	0.069267382331823	0.04213199077858927	0.09805932724582926	0.7379877860113664	0.05255351363239216
DLBCL10921	0.030589558813627703	0.14312728040997225	0.012025937227642943	0.02327688776082873	0.7909803357879284
DLBC_FF_8043_TP_NB	0.04920428642472905	0.8352891468936187	0.015417717162605933	0.025265816857078637	0.07482303266196767
DLBCL10452	0.01164274417257713	0.9312993242140539	0.010017412859937652	0.007700805409490665	0.03933971334394062
DLBCL_LS2357	0.07325451573840176	0.036297569865113975	0.043989362002231754	0.812400593626854	0.03405795876739844
DLBCL_RICOVER_945	0.1643695826939331	0.6656837750092297	0.023839637426517856	0.09421436028052856	0.05189264458979084
DLBCL_C_D_1117_NULLPAIR	0.15741468544647427	0.5636155633961356	0.023228371116929603	0.20406934186090936	0.051672038179551134
DLBCL11488	0.8512963440386709	0.018693759767980128	0.012283435975594928	0.047060185853891594	0.07066627436386246
DLBCL11496	0.7911478685187905	0.07222397147567562	0.015539250372128742	0.038519973353763615	0.08256893627964154
DLBCL10565	0.03384111029481646	0.14274085004785975	0.6735303875754639	0.12821934701959492	0.021668305062264977
DLBCL_C_D_1156_NULLPAIR	0.7789003367856205	0.05456493739783824	0.027699218754519202	0.11263376766741419	0.026201739394607758
DLBCL_RICOVER_977	0.9117127343152144	0.01204566843509975	0.010691823491067318	0.026905247274561346	0.038644526484057196
DLBCL10871	0.05785280550704751	0.8033312168210903	0.043997021282491625	0.03371087121359206	0.06110808517577851
DLBCL11667	0.021075114023269604	0.020678514059421466	0.9105846648259532	0.03253836574373225	0.015123341347623442
DLBCL10503	0.04838700895478866	0.7304883982804431	0.08599736818463935	0.06196072196806811	0.07316650261206077
DLBCL10552	0.8594239445695979	0.01405115141008891	0.025054591782826027	0.08492154507721038	0.01654876716027677
DLBCL11673	0.01758116786984014	0.9053166457846537	0.03205906171710199	0.027867519002922576	0.017175605625481635
DLBCL10525	0.9127990146929527	0.00973141683366926	0.011843065329082313	0.02862850331029369	0.036997999834002086
DLBCL_RICOVER_467	0.007159903321072994	0.9382708059138204	0.009556479294837399	0.0077385411133373255	0.03727427035693188
DLBCL11470	0.872371365976073	0.010642884429958638	0.021427959890139958	0.0722900464688819	0.023267743234946493
DLBCL10884	0.8753619483208346	0.0180851970839851	0.0193602542989956	0.0675215563524986	0.0196710439436861
DLBCL10931	0.9242743348199091	0.010499824267592854	0.010265666767522242	0.03320225865545122	0.021757915489524663
DLBCL_RICOVER_408	0.02679303124635772	0.8322503140902735	0.05343546983747806	0.024807945840428614	0.0627132389854621
DLBCL10495	0.8906393895327896	0.04395250088663035	0.01135770450402207	0.033810879820897914	0.02023952525565994
DLBCL10993	0.8910343810319792	0.025873623521421217	0.017072911813012858	0.02937392774213661	0.03664515589145011
DLBCL10895	0.027006175228630084	0.1793293883486967	0.024369150344014236	0.02909293518042433	0.7402023508982347
DLBCL11353	0.00944436492199559	0.07255873327645133	0.08963005342008858	0.027982263843930363	0.8003845845375341
DLBCL_RICOVER_451	0.8866349992571063	0.012625347309868192	0.027274996787685177	0.043975674950730785	0.029488981694609534
DLBCL_RICOVER_533	0.09705063725559314	0.7587195394790456	0.07546704028489619	0.032908272345130336	0.03585451063533475
DLBCL11500	0.0417151216118603	0.02196222978245201	0.007061055879741247	0.040700639001017565	0.8885609537249289
DLBCL_C_D_1128_NULLPAIR	0.9215178983613981	0.017751181088260203	0.010819708814180906	0.023801268081915197	0.026109943654245637
DLBCL11670	0.009784250228957004	0.019246279097678173	0.9411425467770349	0.023307033763564314	0.006519890132765617
DLBCL_LS4054	0.01242065397752629	0.9353561040807976	0.015044541564740605	0.011252504552095874	0.02592619582483966
DLBCL11656	0.012371691348574479	0.010149148904309898	0.9329587400523746	0.023922166225613065	0.02059825346912804
DLBCL_LS1757	0.9481711377539841	0.010714080259952219	0.007485616372786897	0.017576981165496757	0.01605218444777999
DLBCL10862	0.009691327355962476	0.015811522444457174	0.009462000023557269	0.01012169889855784	0.9549134512774652
DLBCL10465	0.007549650436637282	0.011936558144225446	0.9562729466516353	0.01743431735143222	0.006806527416069725
DLBCL11566	0.010245375749281254	0.014803225077637714	0.9473033605670331	0.021971259534760184	0.0056767790712877
DLBCL11195	0.00970040141324758	0.029739260104787044	0.007072678476402169	0.020675886033589348	0.9328117739719739
DLBCL10852	0.014852703056263756	0.0165890755104796	0.008242035263589482	0.030833930361819306	0.9294822558078478
DLBCL11188	0.0037736588075135383	0.9821465132485567	0.004457709020195422	0.0032645526111005256	0.0063575663126338245
DLBCL_LS2599	0.007676862352633965	0.008035320269976783	0.9685000192442782	0.010721659002213262	0.005066139130897819
DLBCL_RICOVER_1248	0.017705817741894517	0.01934386861368546	0.004278952959087081	0.008118082309644632	0.9505532783756883
DLBCL_RICOVER_1289	0.007112852388671822	0.008519305877531066	0.00439162711937234	0.014453252965153632	0.9655229616492711
DLBCL10903	0.0021175422546292166	0.9891161242754637	0.002791003727083902	0.0021816563894027983	0.0037936733534204184
DLBCL10951	0.007428466025588519	0.0068778931154482885	0.0031171452507783243	0.006197395797466875	0.976379099810718
DLBCL_LS146	0.003285921186653493	0.9760546348285313	0.008789596409627379	0.004292671994328235	0.007577175580859596
DLBCL10890	0.002883435260331874	0.0036353331796276245	0.0028629671280992973	0.006074430158935223	0.984543834273006
DLBCL10883	0.0024853056939894676	0.0027023346889384404	0.0011335528354624832	0.002529949171422148	0.9911488576101875
DLBCL10880	0.0045582558783007245	0.003099844267852806	0.0028150405588153148	0.0037452201426653544	0.9857816391523658
DLBCL10530	0.004430822223975055	0.010908885953116334	0.002861249244530609	0.005915724830401534	0.9758833177479764
DLBCL_RICOVER_850	0.0035162769480813227	0.00407668893676373	0.0015383345045755456	0.0029466881771129227	0.9879220114334665
DLBCL_C_D_1125_NULLPAIR	0.003511220191219761	0.009008229943656047	0.0029196164194926185	0.005818980295450835	0.9787419531501808
DLBCL10534	0.0	0.0	0.0	0.0	1.0
DLBCL10954	0.20957794259166693	0.30062603034833435	0.13828885635226085	0.16283895857115008	0.18866821213658777
DLBCL10908	0.1519510928515654	0.25252022792962425	0.16034218627899668	0.11050821104317499	0.32467828189663867
DLBCL11457	0.45710841710328237	0.01969478893059063	0.06383526673772923	0.3290695085430295	0.13029201868536833
DLBCL_RICOVER_712	0.11006969081487757	0.2430095421899828	0.05276279558532352	0.27736041498161434	0.31679755642820173
DLBCL11460	0.11880619328994727	0.3391820332156313	0.04486264965700389	0.4361633961786239	0.06098572765879365
DLBCL_RICOVER_522	0.19515380769262228	0.05978832250856096	0.5118486161213727	0.2150376189735844	0.01817163470385969
DLBCL_C_D_1131_NULLPAIR	0.022842639487064748	0.613256232942205	0.021197759462798327	0.022156140333660642	0.32054722777427136
DLBCL10780	0.039558592913345604	0.5049940514753265	0.2887908225293534	0.14413084507875784	0.022525688003216766
DLBCL_RICOVER_1060	0.4085176895771054	0.3382542326593342	0.07465908087590678	0.09456354741915993	0.08400544946849364
DLBCL11441	0.1808448941746675	0.025084539676602628	0.21382711857248343	0.22113194837816305	0.3591114991980834
DLBC_FF_8062_TP_NB	0.4623665774835924	0.023455069233185636	0.3469492900997686	0.07954252877269587	0.08768653441075744
DLBCL_RICOVER_473	0.4610519460050706	0.12225103195304958	0.03475356212682594	0.3245402346964713	0.05740322521858252
DLBCL11433	0.055496227258421196	0.03363517878639106	0.08298719869755405	0.3353031930688605	0.49257820218877324
DLBCL10490	0.5381124867843413	0.08252791947339237	0.02991981831007263	0.20735308146113104	0.1420866939710627
DLBCL10934	0.065609619109415	0.5791155931763874	0.017194437109654674	0.06436293328597968	0.27371741731856325
DLBCL11681	0.46913737038871073	0.023081179229282368	0.20788719694018495	0.11703588485473229	0.18285836858708976
DLBCL_MC_F218_RAP	0.5072777237480629	0.061068619401123014	0.0948094689676136	0.3152412904589886	0.021602897424211974
DLBCL10539	0.21599246031014466	0.03804849035898307	0.1151627264506145	0.5864769058984896	0.04431941698176831
DLBCL_MC_F139_LJF	0.17624136994223574	0.051653428017307	0.04273173554891699	0.6957048921105555	0.0336685743809848
DLBCL10969	0.10753395991251169	0.16932773382000513	0.516037934235313	0.04508077502439415	0.16201959700777616
DLBC_FF_A7CX_TP_NB	0.061580288463856346	0.14860103298640243	0.11399889671506494	0.03427364276369548	0.6415461390709808
DLBCL11447	0.102909077126693	0.03853844892644284	0.0301486788110621	0.4893090831058244	0.3390947120299776
DLBCL_C_D_1112_NULLPAIR	0.6173515013654837	0.1103122296440031	0.0749346182185433	0.11013203711654991	0.08726961365541999
DLBCL11435	0.2903047895923246	0.03693747242226169	0.03999882397254355	0.5733519855902285	0.05940692842264172
DLBCL_RICOVER_720	0.0590755533929852	0.32299261764067305	0.027231785004200947	0.015937958071594073	0.5747620858905467
DLBCL_C_D_1109_NULLPAIR	0.2700560467740709	0.041925228262456433	0.028341868917084678	0.579470698489894	0.08020615755649409
DLBCL11486	0.29663859401690185	0.11720531229531378	0.01929622051166936	0.04202500305994196	0.524834870116173
DLBCL11512	0.24285678176231895	0.0663065841932606	0.07455149026057906	0.5854610445278196	0.030824099256021864
DLBCL10486	0.6452506518864876	0.07671081957837356	0.030780956603231917	0.1688791372211323	0.07837843471077473
DLBCL11474	0.5897631190610169	0.04733380781343751	0.027808218968638134	0.26060784582755725	0.07448700832935026
DLBCL11527	0.05194123444098985	0.1688470926348393	0.5106890032173423	0.1877799782650386	0.08074269144179003
DLBCL10532	0.03857046419402163	0.03664405635065752	0.27915774918084474	0.09178116458257343	0.5538465656919027
DLBCL10957	0.13997043343783827	0.026314073639578387	0.07851896093191	0.6958720808096271	0.05932445118104618
DLBCL_LS1668	0.04321894250286566	0.13012176971766337	0.41550455594849245	0.32571341014675187	0.0854413216842267
DLBCL10906	0.11253443413747324	0.08083996718782112	0.050874081919645056	0.17112571690802575	0.5846257998470348
DLBCL_RICOVER_496	0.04004352140958133	0.5996862215052982	0.20881866554309753	0.050427343028260393	0.1010242485137626
DLBCL11205	0.19665461225823733	0.643086584415833	0.08464788541752068	0.05515619215454881	0.0204547257538602
DLBCL_RICOVER_216	0.09711030285243169	0.0760714346164858	0.6365017514443422	0.0797263125584657	0.11059019852827466
DLBCL10968	0.7711320989616045	0.016068408063287395	0.026461561255335754	0.1433389035971239	0.04299902812264842
DLBCL11526	0.5760795126273643	0.021192366906450603	0.22660176763054374	0.14315016455190635	0.03297618828373497
DLBCL10963	0.16227671500275181	0.06886724838619457	0.038060582325485585	0.6585186679175089	0.07227678636805913
DLBCL11002	0.16994444889695234	0.045335611967326585	0.039435659368596554	0.7015136108652119	0.04377066890191257
DLBCL11458	0.16081324330123417	0.06798697787411585	0.7077284376462807	0.03425665068872696	0.02921469048964235
DLBCL11003	0.04655812239764114	0.7395166955402513	0.04995584603443773	0.021283055386623017	0.14268628064104674
DLBCL11538	0.07363978243091858	0.01616977228978243	0.7040168291750999	0.07729522440676491	0.12887839169743417
DLBCL10965	0.13851278253882224	0.0210222646874568	0.06622972408027601	0.7309630546410641	0.043272174052380846
DLBCL_RICOVER_773	0.02130849801320089	0.10015895472076222	0.021391250171454726	0.0166463686607203	0.8404949284338619
DLBCL_RICOVER_701	0.09801563603332847	0.024532334841515537	0.0442633680051762	0.7901856008504465	0.04300306026953321
DLBCL11206	0.027060416554258487	0.7702601503891967	0.04823051108080055	0.017721845128263764	0.13672707684748053
DLBCL_RICOVER_1061	0.11851446114643241	0.026451376603440522	0.045337189983862394	0.7768829773715239	0.03281399489474074
DLBCL11484	0.027497639347612186	0.7746383204540016	0.04687455077841374	0.03267528052355075	0.11831420889642173
DLBCL10930	0.7369544757783343	0.047452959595873416	0.015960696810754807	0.038970055762153295	0.1606618120528842
DLBCL10523	0.04554030556751481	0.02053945248263562	0.8299060599694714	0.0909005566887259	0.013113625291652258
DLBCL11472	0.7492983901677435	0.018537223954401993	0.03179204380980966	0.1303741524347181	0.06999818963332678
DLBCL_C_D_1133_NULLPAIR	0.04890681404872078	0.017166167130094882	0.8554108567402171	0.06076319549392721	0.01775296658704007
DLBCL10863	0.11272373629860939	0.05288824898829535	0.0264133128677677	0.4460943038441467	0.3618803980011807
DLBCL10980	0.019077817784802612	0.13593571313681263	0.02143914483627142	0.02755366044761046	0.7959936637945029
DLBCL_RICOVER_299	0.012267536451116686	0.7171400723283835	0.19526817225867477	0.02233045333559271	0.05299376562623241
DLBCL11480	0.7371056347461786	0.03020376439077765	0.066079615800994	0.1135656182585144	0.05304536680353529
DLBCL10451	0.803224244436307	0.04761963382493258	0.08537998350824484	0.04597929602250029	0.017796842208015227
DLBCL_RICOVER_506	0.01714440126557769	0.11209842586109475	0.014306275174472924	0.02021419049592556	0.8362367072029291
DLBCL_LS2154	0.10349436375963939	0.7746140232088147	0.03617812598782705	0.04011659201698636	0.04559689502673256
DLBCL11675	0.03623230967266024	0.010162949107758596	0.8875222034892134	0.044668504344608145	0.021414033385759645
DLBCL_MC_F307_JPS	0.7661938988972276	0.11292932202709074	0.034970444491440975	0.0453594819059105	0.040546852678330185
DLBCL_LS1098	0.030534521560029344	0.010439473623862097	0.9106767685868011	0.033598439918772684	0.014750796310534713
DLBCL10985	0.030641036207215772	0.8270951052231982	0.021679882202887774	0.09193305281380008	0.028650923552898198
DLBCL10898	0.04564422635236944	0.10643073372573034	0.013521251126212898	0.02741572906402787	0.8069880597316594
DLBCL10990	0.029297298773104653	0.04179033446425955	0.030379127277844385	0.033188411045919596	0.8653448284388718
DLBCL_MC_F064AB	0.025120544259989313	0.037765190813871585	0.8608476341256314	0.06517677761061402	0.01108985318989376
DLBCL_C_D_1113_NULLPAIR	0.027487628719953087	0.04693701202928611	0.8629217157811466	0.03611955160628654	0.026534091863327575
DLBCL10482	0.029273973323056087	0.027285529933402608	0.006997806478511536	0.015027764918853168	0.9214149253461766
DLBCL10459	0.01286105985278715	0.046086965267316815	0.8897480246662192	0.03999886276872153	0.011305087444955307
DLBCL_RICOVER_956	0.02181076557194927	0.05697501690143523	0.017493720345075292	0.028071432829748784	0.8756490643517915
DLBCL_MC_F262_WLC	0.890130114973274	0.023820131813135477	0.011094078641233284	0.0434400155082191	0.03151565906413813
DLBCL11449	0.019045405479721157	0.09007262864072031	0.013331797682329942	0.046625236578922466	0.830924931618306
DLBCL10458	0.8916260727072485	0.022221306608532918	0.024479553565701802	0.048999200998987795	0.012673866119529057
DLBCL_LS155	0.015226988825969059	0.01566384802356012	0.9094352438637092	0.04973576162046331	0.009938157666298278
DLBCL10999	0.023623812925543317	0.01714065966327479	0.036760648262014056	0.1064517275298425	0.8160231516193253
DLBCL_LS2590	0.02594636838459253	0.024542697779605337	0.02233142914294118	0.09745330884373357	0.8297261958491273
DLBCL10502	0.013961054694984052	0.8323329892298698	0.09638129023509157	0.02849466164422573	0.02883000419582886
DLBCL10483	0.009168174162645783	0.8916484347736152	0.06313833582891477	0.014641987858625688	0.021403067376198542
DLBCL_RICOVER_1165	0.009716755550223962	0.9368172178450149	0.01247218488526757	0.007423201497191096	0.033570640222302404
DLBCL_RICOVER_1032	0.016713705231158303	0.09623237877883488	0.010755506209391712	0.02515601996808449	0.8511423898125307
DLBCL10972	0.9128280423752556	0.0151541630004841	0.011632768407784586	0.033470281475678654	0.026914744740797057
DLBCL_LS378	0.9473162617591678	0.008421782918835507	0.010332995352503413	0.022928073730251766	0.011000886239241496
DLBCL11504	0.019380303989381863	0.016073608573544576	0.007282326972494866	0.022391988638503148	0.9348717718260755
DLBCL_C_D_1126_NULLPAIR	0.015359918997162018	0.9411299251107298	0.011780580823272548	0.011675771543380477	0.020053803525455185
DLBCL10925	0.022028254521794723	0.015402232821660785	0.0075926213543471505	0.04103386339670378	0.9139430279054935
DLBCL_C_D_1119_NULLPAIR	0.037389855974252414	0.9241856498749766	0.01344535170537605	0.01104830551759856	0.013930836927796333
DLBCL10460	0.013941208342330152	0.9496293379989778	0.012429910078511094	0.00759537544659887	0.01640416813358216
DLBCL_RICOVER_744	0.008743161785073436	0.011088131000316527	0.9639993308581679	0.011097262563593174	0.005072113792848987
DLBCL10498	0.015131477391208596	0.014898133042837321	0.9395474433815056	0.02547761202917136	0.0049453341552770915
DLBCL_C_D_1141_NULLPAIR	0.007706313893771019	0.013140287910331089	0.9576460742854943	0.014595546220713176	0.00691177768969035
DLBCL_MC_F349_BJJ	0.008141774864925242	0.012168498853179987	0.9569681811447787	0.013450707338421894	0.009270837798694262
DLBCL10977	0.008982342390899054	0.006720843105201945	0.004320285020090058	0.006406126710740727	0.9735704027730682
DLBCL11666	0.005305416700113172	0.008065860179623845	0.9702489908580002	0.011580905930496616	0.004798826331766192
DLBCL11000	0.0010258255969421179	0.0018016778489445596	0.0011504652503133434	0.0017059740285275584	0.9943160572752724
DLBCL_C_D_1105_NULLPAIR	0.008549712901362503	0.9550285944172671	0.010366219581639505	0.014911363573491652	0.011144109526239239
DLBCL10842	0.008203061693481733	0.005427631400489174	0.003365301967721418	0.010681577484398788	0.9723224274539088
DLBCL10901	0.0038962872282043786	0.008032086929353891	0.002886102438325639	0.0054927953975847195	0.9796927280065314
DLBCL_RICOVER_1210	0.003910510173697889	0.9787114203287954	0.006003899159215189	0.004852221687722737	0.006521948650568729
DLBCL10860	0.0027413846136839434	0.005247479353535023	0.0020218273563474025	0.005242065607437854	0.9847472430689957
DLBCL10850	0.004272303852184745	0.9874917029208083	0.0025111382690071937	0.0021618088476185716	0.003563046110381114
DLBCL10834	0.006178874312215306	0.9812068979234025	0.004048009723368045	0.0035232460440462643	0.005042971996967872
DLBCL10889	0.0012778275134546582	0.0019607450785062226	0.0009187115371222922	0.0014419407672934283	0.9944007751036233
DLBCL_RICOVER_253	0.0029011214281088804	0.9898132831964337	0.002263236424882014	0.0019588601472996722	0.0030634988032757163
DLBCL_RICOVER_174	0.0024063170097614575	0.9911636509771685	0.002104955506954909	0.00172332466967599	0.0026017518364391356
DLBCL10902	0.004088724474226864	0.006724217933040048	0.0023781842616478035	0.004450393495756117	0.9823584798353292
DLBCL_RICOVER_1192	0.0010681772360285168	0.001160026199918532	0.0006113161927385555	0.0009975099320310007	0.9961629704392834
DLBCL10857	0.007209424828556709	0.00736804293031781	0.004174434458931487	0.013800815816103974	0.96744728196609
DLBCL11467	0.14906442867955835	0.23545067108193043	0.16242157339128954	0.10603071929912133	0.34703260754810045
DLBCL_MC_F927_JHS	0.1494495141351166	0.2509006533478988	0.16233949278154472	0.11169768899844844	0.32561265073699136
DLBC_FF_A7CW_TP_NB	0.11021618241051517	0.32276950751634204	0.16199601454022175	0.27615685944166257	0.12886143609125858
DLBCL11455	0.3036841849887829	0.046668290360548016	0.35252532235241196	0.2707686341839663	0.026353568114290772
DLBCL10907	0.2886196763679047	0.1898375548088932	0.01497811376280267	0.11572801705086422	0.3908366380095353
DLBCL11657	0.08088857322232156	0.24009981725610366	0.09439168390749172	0.42105816437967947	0.16356176123440358
DLBCL10450	0.087584712085695	0.07218035125690969	0.027221595020501428	0.33001738164521094	0.482995959991683
DLBCL11535	0.07563399748463774	0.10531885598007336	0.03473077866331004	0.32824378748518823	0.45607258038679066
DLBCL10971	0.22466600395413594	0.12907568560133972	0.08126743714508665	0.4024184359755763	0.16257243732386148
DLBCL10961	0.013345485214188636	0.2515356406352862	0.033659309305922	0.06593677736142572	0.6355227874831774
DLBCL11001	0.479713735447724	0.026118220800496746	0.030229740075104303	0.06910971637573943	0.39482858730093556
DLBCL11501	0.2060984351127834	0.6790863934781893	0.01962928971121721	0.03519822718010135	0.059987654517708766
DLBCL11678	0.094648395264144	0.054486918551864404	0.2988822870931278	0.5110097268538099	0.04097267223705383
DLBCL_C_D_1139_NULLPAIR	0.3158543083140952	0.06418691623734626	0.03551936339386985	0.5527621559870239	0.03167725606766472
DLBCL_MC_F502_RFK	0.019372098058040327	0.5628948920525001	0.35470330530367	0.02688357035609165	0.03614613422969799
DLBCL11448	0.203178861993727	0.06814993349883425	0.07040276780663753	0.4883657049329643	0.169902731767837
DLBCL10917	0.16636010476175772	0.22434549600854287	0.03602902076472868	0.4519906861993582	0.1212746922656126
DLBCL10542	0.29964538042285477	0.03356740158541671	0.024266520243989828	0.06151024197657324	0.5810104557711655
DLBCL_RICOVER_1329	0.10832345517221739	0.03477778459424893	0.016247564156141012	0.03551284476803999	0.8051383513093526
