	0	1	2	3	4
DLBCL10539	0.04452873019269278	0.31971659484641085	0.11704255230104724	0.36935895523651385	0.14935316742333535
DLBCL11581	0.0422195060443532	0.021513723998530864	0.15025273537070444	0.22545714413422882	0.5605568904521827
DLBCL11510	0.43441134730516356	0.20873509591074368	0.046971547131250936	0.05111637637362632	0.2587656332792155
DLBCL11519	0.5934984773980999	0.03815779086822068	0.02888342056058043	0.32561403408157763	0.013846277091521333
DLBCL11574	0.05475293616633183	0.20338433143820783	0.4867113760794992	0.07355880777626886	0.18159254853969226
DLBCL11204	0.2561735089159834	0.5875895878447336	0.0411544288031048	0.04040368758376303	0.07467878685241527
DLBCL_MC_F927_JHS	0.23950565155411768	0.25824408826678485	0.09277489081010404	0.056171902083965726	0.35330346728502776
DLBCL10874	0.08665875281327011	0.30205850098595977	0.036794882107292426	0.14371238539486492	0.43077547869861277
DLBCL11466	0.17852989967040472	0.2864148602480605	0.05226719086932733	0.403057824459987	0.07973022475222025
DLBCL_RICOVER_216	0.09709619086553399	0.1312548421098017	0.2391031819256946	0.03821059766861737	0.4943351874303524
DLBCL10919	0.31223385005173493	0.012213113767420765	0.03967688226191946	0.6091535390564908	0.026722614862433988
DLBCL11534	0.0382840545344421	0.030505425900916	0.4740898731437976	0.19913595706294052	0.25798468935790375
DLBCL10986	0.6415318394033007	0.048357437798883525	0.1452061976342728	0.12660847313153292	0.03829605203201006
DLBCL10856	0.02646073072936732	0.05367349132811755	0.3169220437872452	0.03706244951983648	0.5658812846354334
DLBCL11518	0.45065866416080824	0.19170371061598657	0.2885275480334556	0.04816274201539498	0.02094733517435466
DLBCL_MC_F496DMP	0.36325238755578193	0.31418243554721537	0.24613935059392317	0.05502166085691837	0.02140416544616135
DLBCL11678	0.06536441121012536	0.027107138123441055	0.34985024278182336	0.5399609002910885	0.017717307593521758
DLBCL11346	0.027061120172678758	0.7822835439982306	0.027535589629599677	0.01874189486594538	0.14437785133354555
DLBCL11202	0.25021320381159473	0.097938595851972	0.5143670584386711	0.12620242663499556	0.011278715262766475
DLBCL10972	0.8578060883027341	0.019786837260354722	0.019904307545448616	0.04277156427591744	0.05973120261554509
DLBCL11448	0.035681622009823354	0.0771619330720153	0.15620081672253217	0.4798261252224333	0.25112950297319586
DLBCL10909	0.08582147791825341	0.020664725392605717	0.06768895213504394	0.6444415290834372	0.18138331547065972
DLBCL10833	0.08479773066381605	0.017445246099495694	0.01778805482851594	0.08019646049587055	0.7997725079123018
DLBCL11513	0.00912356422930469	0.012460751267904824	0.0448419165384653	0.0313655645227064	0.9022082034416188
DLBCL_C_D_1103_NULLPAIR	0.0327951031539344	0.04975834875857502	0.1304751061885673	0.7682082102301334	0.018763231668789862
DLBCL_RICOVER_522	0.16723395456013576	0.04741370183430061	0.44863499303760984	0.325512262015715	0.01120508855223871
DLBCL10527	0.020217740126660305	0.020861729822978993	0.08805503278792208	0.8022954657398081	0.06857003152263047
DLBC_FF_A7CW_TP_NB	0.007359646288139792	0.03944534374486002	0.0380865953759135	0.028302507379449126	0.8868059072116375
DLBCL11538	0.021296629500458752	0.01307059211818663	0.7780711426502365	0.1390727700208443	0.04848886571027388
DLBCL10865	0.10236980206794807	0.08213378910195578	0.030376342538066176	0.06288505334144416	0.7222350129505858
DLBCL_C_D_1118_NULLPAIR	0.2736140973445731	0.6228345092299995	0.017908026352284466	0.05396194313243545	0.031681423940707526
DLBC_FF_8062_TP_NB	0.09379252638744981	0.020375579902377757	0.12521919010085647	0.7375111559523094	0.023101547657006484
DLBCL11515	0.027562054167010082	0.13897793072754266	0.6025227187351708	0.03628140398348919	0.19465589238678727
DLBCL_MC_F218_RAP	0.14516189300383814	0.01151157699755139	0.04437553962098119	0.7815220349097438	0.01742895546788551
DLBCL11576	0.03345549309292102	0.05456663467212659	0.07270486568509282	0.8142898956569027	0.024983110892956902
DLBCL_LS4592	0.009199829503681249	0.027584684819196178	0.7309175443756976	0.14302391994270156	0.08927402135872346
DLBCL10847	0.02026196825141365	0.03950801144892743	0.013560113299403173	0.008226159865761225	0.9184437471344945
DLBCL11432	0.6479924238470098	0.007685215185689716	0.1302393616174826	0.1408336410908553	0.07324935825896256
DLBCL_MAYO_DLBCL_3653	0.7928685672927619	0.020431919160697084	0.029360774224180763	0.0699677455123213	0.08737099381003895
DLBCL_MC_F815_BAT	0.016037710434276074	0.036076106736226396	0.8499632833158571	0.08022519415497538	0.01769770535866498
DLBCL11480	0.8077738823516704	0.01870082997191915	0.05726939533730454	0.05121681777783904	0.06503907456126687
DLBCL_C_D_1139_NULLPAIR	0.06899311083530564	0.03470654190862801	0.030087442659396845	0.85032840079441	0.01588450380225958
DLBCL10858	0.0430083930485275	0.012936803135331972	0.03690299709219279	0.2781232476354685	0.6290285590884792
DLBCL10851	0.01961375805174786	0.8535056817625084	0.02427209916671963	0.011188779199719483	0.0914196818193046
DLBCL10879	0.01005561048691031	0.010663430478484946	0.901442723712561	0.04637337515912327	0.03146486016292056
DLBCL11429	0.9174941022645311	0.005297623925241511	0.011708878450552422	0.04668862647178509	0.018810768887889906
DLBCL11591	0.010496015925901011	0.8710780077810466	0.08852420603156266	0.011959101938577524	0.01794266832291217
DLBCL_RICOVER_1061	0.04343949077623745	0.009812321191867387	0.042854919433801264	0.8906305306780337	0.013262737920060205
DLBCL_MC_F210_GWC	0.047480184689013286	0.8283694989309904	0.018080286985265735	0.07179694300740257	0.034273086387328
DLBCL_C_D_1109_NULLPAIR	0.0632448500852199	0.01041460257661602	0.026808222260148652	0.8763957949037767	0.023136530174238713
DLBCL10837	0.02889041862208763	0.03830842304483514	0.01525464323035546	0.029297312064720585	0.8882492030380011
DLBCL_RICOVER_850	0.007402137940244998	0.02648955396567397	0.015075087974951057	0.026256194535801695	0.9247770255833283
DLBCL11527	0.04340627706707698	0.013232561621763572	0.044308007123463534	0.8568579377598675	0.04219521642782836
DLBCL10927	0.04715237686325759	0.009719375690942583	0.025692954231815897	0.9025042936820684	0.014930999531915524
DLBCL10466	0.005648679178166819	0.021208438454572057	0.9310222881661654	0.029860932187795907	0.012259662013299796
DLBCL11501	0.6558636530700193	0.22745557001476557	0.02492792819075683	0.0352449651082762	0.056507883616182183
DLBCL10956	0.019325486898454522	0.9315906234561065	0.011716818114946034	0.00781349230909349	0.029553579221399395
DLBCL_LS3809	0.8846380121760761	0.023141758684112987	0.020502250436626623	0.018212472208992313	0.053505506494192015
DLBCL11472	0.9279599422993343	0.004665309726600738	0.011421255113072903	0.042329727097179894	0.013623765763812117
DLBCL10494	0.005508009706867789	0.953719366267833	0.02507390158706221	0.007452203756613905	0.008246518681623096
DLBCL11670	0.002810507920250554	0.005736033360424233	0.9764919932780044	0.010822585934788437	0.004138879506532388
DLBCL10483	0.004256336777760522	0.9736438698742527	0.012176909092735924	0.003175464280312925	0.00674741997493796
DLBCL10903	0.0035819715504408906	0.9726722370484377	0.013772180633421827	0.0036586034312598853	0.006315007336439669
DLBCL10880	0.006045087372917327	0.005271580090656484	0.007037898079417245	0.004515619679066052	0.9771298147779429
DLBCL10895	0.005908475376670558	0.029644977030935313	0.017880865258493854	0.00916720718369536	0.9373984751502049
DLBCL11353	0.0034321650041790434	0.012723461908224029	0.013304938677490696	0.006546537331052451	0.9639928970790538
DLBCL_RICOVER_173	0.008549990068124297	0.009815841510203972	0.011858924161186678	0.03224691208557545	0.9375283321749096
DLBCL_MC_F307_JPS	0.9225536269698886	0.015728729583759312	0.009326287632545446	0.03856021403142943	0.013831141782377125
DLBCL11195	0.0032080623883637364	0.012410619596871406	0.008508657747248514	0.00911230142663851	0.9667603588408779
DLBCL_C_D_1108_NULLPAIR	0.004331933501478985	0.9765209832236807	0.006178375104652262	0.0031743107728367703	0.009794397397351261
DLBCL10989	0.00437573813611966	0.9774776087359387	0.007613263013833701	0.0030416701376210767	0.007491719976486857
DLBCL10460	0.0023871821168123556	0.987479268079442	0.0054919284316015445	0.001859375241625499	0.0027822461305185985
DLBCL_RICOVER_134	0.003654192500698445	0.016065151848082736	0.007175889248800728	0.008538901619423299	0.9645658647829948
DLBCL11000	0.0012211625441811006	0.0023351507706580333	0.002318013082276281	0.0026804187136970606	0.9914452548891876
DLBCL11187	0.0020323894879752304	0.0027627235745505403	0.003182471611223956	0.004800299592623321	0.987222115733627
DLBCL11450	0.002379214036038076	0.005610639561425195	0.0034055915023016125	0.006640805439713758	0.9819637494605213
DLBCL10901	0.0018254309734170695	0.0037977834413871403	0.0033824847650366745	0.003944609085963313	0.9870496917341958
DLBCL10853	0.004050166296598601	0.004173988408341413	0.005563624391699487	0.0060080415992228775	0.9802041793041376
DLBCL10889	0.0025308474838014188	0.004872445013992881	0.004813599859176613	0.007663208387146355	0.9801198992558827
DLBCL11661	0.00914279002604058	0.9417446828159451	0.024501276267216744	0.016645405181270036	0.00796584570952752
DLBCL_MC_F500_ECU	0.004813679198402882	0.9762456534561106	0.007320455484485938	0.004738710233221942	0.006881501627778607
DLBCL10987	0.009571146658415937	0.01590011900709483	0.008684054168861144	0.0071094448911915836	0.9587352352744365
DLBC_FF_8043_TP_NB	0.004558817341978292	0.9814466055474077	0.006339790983950345	0.0028019231133224877	0.00485286301334119
DLBCL11651	0.007412178615035048	0.006976506024512405	0.9449582332374338	0.025105413168052905	0.015547668954965897
DLBCL10917	0.002982809317104969	0.9879212473395909	0.0033208634292821106	0.0024441027216845837	0.003330977192337516
DLBCL11539	0.9603971298075198	0.004000900916065474	0.011960547826933884	0.019561574641362618	0.004079846808118235
DLBCL_RICOVER_533	0.002823981583327787	0.988222845242768	0.004123239519292553	0.0022922887555916374	0.0025376448990199786
DLBCL10510	0.004456131985394525	0.9792995030060204	0.005395670512683677	0.003672373637111411	0.0071763208587899315
DLBCL_MC_F519_ALT	0.0014247666572194868	0.0033265062382872726	0.002184409939986746	0.0021516831476486678	0.9909126340168578
DLBCL_RICOVER_826	0.9903489524884463	0.0017207111852681049	0.0012323926572908573	0.004740029470814987	0.001957914198179673
DLBCL_LS3749	0.003204443978866637	0.9843824779730316	0.005520549555632634	0.003667610702530803	0.003224917789938364
DLBCL_C_D_1129_NULLPAIR	0.9752453615713336	0.0033253687986684937	0.00591381808399591	0.008499252033489165	0.0070161995125129
DLBCL11477	0.9876700082595729	0.0015214265292568837	0.0019127360000417248	0.006569221399956343	0.002326607811172184
DLBCL10911	0.0015762025093570614	0.993153911186633	0.002330947499107592	0.0011583250045265473	0.0017806138003757688
DLBCL11672	0.008192358494866672	0.0062564073962610035	0.9527447768091194	0.021400279943622535	0.011406177356130396
DLBCL10996	0.9933788714572787	0.0008579246596322348	0.0014958638375017147	0.0027119255223475823	0.0015554145232397683
DLBCL11569	0.004453651461509834	0.011158542937203005	0.9706478507829857	0.009945250785678693	0.003794704032622794
DLBCL10518	0.007411101372861604	0.006368442607954667	0.9486609089389729	0.029125939134597493	0.00843360794561326
DLBCL_MC_F349_BJJ	0.0011547854575449314	0.0016563861156331508	0.9923195856734763	0.003135451460849553	0.0017337912924960787
DLBCL10554	0.004331131768412732	0.0031131788283148614	0.9836890568313301	0.0064140670555967215	0.002452565516345523
DLBCL10897	0.9937784758704706	0.0012281095540347302	0.0008204789099284657	0.0027274860816609544	0.0014454495839051978
DLBCL11434	0.9963848598450337	0.0005264928057881749	0.0007406118732876545	0.0017812687906171177	0.0005667666852734152
DLBCL10966	0.9986836259129724	0.00020671603280908904	0.00025053137536801376	0.0006491609628796503	0.0002099657159707684
DLBCL_MC_F132_MLM	0.9907591452764951	0.0012360388859470068	0.0012446429995722965	0.004602918212595716	0.00215725462538992
DLBCL10997	0.9965237255273786	0.0005690267614962433	0.0004858183889513824	0.0016252508907427842	0.0007961784314310607
DLBCL10913	0.9987144730937547	0.00022838727214359616	0.00021525310996784296	0.0005720459639885296	0.0002698405601453355
DLBCL11471	0.27438294057400564	0.19272798283383316	0.17136359635225387	0.19306823133132325	0.168457248908584
DLBCL11431	0.18845803829605146	0.15036479250158646	0.12059791257264535	0.07191993893562638	0.4686593176940902
DLBCL_C_D_1148_NULLPAIR	0.3318561665800175	0.012034304273920193	0.12628233903251376	0.5054912144560691	0.02433597565747943
DLBCL_RICOVER_773	0.021618778336395635	0.23842320598465688	0.2923002613788732	0.024495914854291794	0.4231618394457823
DLBCL10964	0.03205510260883515	0.05046261182333889	0.022852337651690983	0.1749910507782046	0.7196388971379303
DLBCL10553	0.02764406083133377	0.03210117760208731	0.3954628104824521	0.5104206152925976	0.03437133579152928
DLBCL_RICOVER_1150	0.5441562236151202	0.18845481404478728	0.021803190262020874	0.13970808807164695	0.10587768400642479
DLBCL10955	0.15052596561653897	0.1006681234506733	0.11569745470459679	0.4038084890032576	0.22929996722493332
DLBCL10878	0.3738977672971289	0.017395381354920376	0.026003678699767073	0.07297838009440696	0.5097247925537767
DLBCL11474	0.700477407620859	0.01586218713555255	0.017884296160499295	0.24311281561746015	0.022663293465629022
DLBCL_MAYO_DLBCL_234	0.1213204488424139	0.011880135636251446	0.3080078204684727	0.5248525061797364	0.03393908887312544
DLBCL10486	0.558601627488719	0.17666683421213578	0.02153861171458694	0.09040652787571868	0.15278639870883962
DLBC_FF_8042_TP_NB	0.013686017170092027	0.20169559112917446	0.15323283241521193	0.06819470385007635	0.5631908554354452
DLBCL10934	0.030261523568059827	0.3561196277335454	0.030293493277835544	0.06457404801777172	0.5187513074027875
DLBCL10501	0.00917099978737802	0.30007443241047393	0.6131166439496927	0.04418561110418518	0.03345231274827017
DLBCL11652	0.651698248309217	0.2369739657554102	0.03525158323319117	0.035250665612167824	0.04082553709001386
DLBCL10780	0.024741656074011117	0.7310454160801166	0.17269598240914028	0.057624938901141336	0.013892006535590683
DLBCL11478	0.5891921469183123	0.07140401189850516	0.276979322932559	0.046584482262701996	0.015840035987921545
DLBCL10552	0.3995104783031066	0.022943203650056573	0.07882390033664015	0.4847030324828072	0.014019385227389486
DLBCL11455	0.20921671307042566	0.018347326812992115	0.1485405640169381	0.5646283981024864	0.05926699799715764
DLBCL_C_D_1117_NULLPAIR	0.18579880151200556	0.5045926328777536	0.0259725990456994	0.25808923316436977	0.025546733400171717
DLBC_FF_A7CX_TP_NB	0.7041954535439642	0.03218371391071395	0.05047200290070434	0.05750820482305378	0.1556406248215637
DLBCL_LS2590	0.028524642309826785	0.020328473579381303	0.06982014937106223	0.6085115547882114	0.27281517995151827
DLBCL10974	0.06578475616091183	0.023146639718894996	0.05236909578167732	0.5274728941339485	0.3312266142045674
DLBCL_C_D_1112_NULLPAIR	0.02220409562328986	0.23974967151214224	0.6238297310764127	0.04640452855327319	0.0678119732348819
DLBCL10838	0.027879696917040956	0.40285403880870224	0.025643206504946874	0.02653230000521855	0.5170907577640914
DLBCL_RICOVER_1060	0.1339233783850914	0.5958469191682396	0.0329565155091549	0.023728818515091288	0.21354436842242275
DLBCL11536	0.0391600039787896	0.36164830472825876	0.06697190933353053	0.4774587161719302	0.054761065787490924
DLBCL11468	0.10330986290955803	0.034250326600055024	0.5751882206379082	0.25416509529519216	0.03308649455728661
DLBCL11457	0.8107802549949644	0.0067081818353683905	0.039277528599499394	0.12641570144183856	0.016818333128329227
DLBCL11430	0.7929337199541788	0.011440143744546707	0.03940397808660629	0.1425981539149112	0.01362400429975695
DLBCL10456	0.03184018360244741	0.015247139423234581	0.06641460500301598	0.8155994598818752	0.07089861208942683
DLBCL10517	0.011321612164205932	0.7916226614021096	0.14984933651518778	0.020983570270237593	0.026222819648259125
DLBCL11663	0.8052944414639734	0.042122473976356094	0.05176055568769877	0.0751603027620582	0.025662226109913453
DLBCL11683	0.026824526363377846	0.025826904017051004	0.7424879056102739	0.18935707916267522	0.015503584846622074
DLBCL10891	0.012774307047922484	0.011727489450582029	0.05146366289404921	0.054034636457855806	0.8699999041495905
DLBCL11462	0.9306604795547555	0.006900243361473013	0.01626791396876042	0.01592656345074702	0.03024479966426406
DLBCL10846	0.13275258203015713	0.7312066966689121	0.024915003870330188	0.04779311760168625	0.06333259982891427
DLBCL11491	0.1458728968010875	0.016902238090967657	0.08365684414868214	0.6794839477995682	0.07408407315969452
DLBCL11470	0.8575121861841049	0.006963905784584105	0.02494723907012893	0.09867299584909735	0.011903673112084682
DLBCL11516	0.019368033084504067	0.8230277598796528	0.05983680571346689	0.050602056048727216	0.047165345273649
DLBCL11488	0.7530268609351665	0.012349839274149252	0.014664884200020375	0.06808584312599061	0.15187257246467326
DLBCL_MC_F064AB	0.011115970464829275	0.01024827198477434	0.9136281713276758	0.05562545969295247	0.009382126529768154
DLBCL11435	0.8693024163034332	0.008062228695027358	0.01144002088443047	0.08780828837899442	0.02338704573811457
DLBCL11676	0.7801431766025436	0.019193345137612464	0.06799132867538236	0.12478925145681412	0.007882898127647402
DLBCL10871	0.044516192533470465	0.849562846348997	0.03128050464713159	0.013922076198383357	0.060718380272017605
DLBCL_RICOVER_1106	0.0068293229732889465	0.038510095183097136	0.015966088335015147	0.03245214059409422	0.9062423529145046
DLBCL_RICOVER_478	0.07525507768002024	0.8002165365353262	0.030371593033950928	0.01525150941393312	0.07890528333676952
DLBCL_LS1921	0.01713338569816406	0.9105712050383928	0.02769587640326814	0.034688876193853954	0.009910656666321065
DLBCL10835	0.010770905903407952	0.06362420906263659	0.017038712328085483	0.04453589183236237	0.8640302808735076
DLBCL_LS4054	0.02670392600312979	0.9199268667779855	0.0125227178561404	0.019039043405710287	0.021807445957034065
DLBCL11507	0.010018968836854648	0.9359806362533104	0.034507022962047516	0.007981089299069629	0.01151228264871778
DLBCL10995	0.01273728062530769	0.021959772721516523	0.9178976773182943	0.029713473501581725	0.017691795833299696
DLBCL11658	0.03014353252307178	0.008357961502329895	0.027050238739888467	0.9070278352791287	0.02742043195558123
DLBCL10857	0.020663717718113747	0.010759911804190924	0.011683811054149375	0.04169587833256665	0.9151966810909793
DLBCL11679	0.03751341455049554	0.9256982782384539	0.015014112850774473	0.01022689537133442	0.011547298988941678
DLBCL10547	0.030048702734137334	0.011938960489979679	0.029482125895828222	0.9096771384626623	0.018853072417392477
DLBCL10930	0.03707201735978734	0.018829828198889887	0.018742066407778802	0.013026380215265117	0.9123297078182788
DLBCL10950	0.9433501238060673	0.007558406072619034	0.008839068694842567	0.025462840601819102	0.014789560824651937
DLBCL_RICOVER_945	0.932378667524325	0.020023518012638103	0.0052171322238853575	0.032425861489314325	0.009954820749837268
DLBCL_LS1683	0.008415659502156158	0.8830914263260344	0.0271785823974109	0.011335416452731019	0.06997891532166747
DLBCL11196	0.02899312580531614	0.008059776981510572	0.022839175612172434	0.9175779980572468	0.02252992354375408
DLBCL11484	0.007340821904048802	0.9624861136986097	0.013233009057421462	0.00661364602009754	0.010326409319822514
DLBCL10961	0.0058021575271776	0.04395429016655405	0.023088506275128193	0.03281148609954011	0.8943435599316001
DLBCL10497	0.03048588664663397	0.009076692172802985	0.02603682631667859	0.915843511248558	0.018557083615326465
DLBCL11564	0.028434132823843557	0.009693506033192828	0.0251176942083168	0.921178205615011	0.015576461319635878
DLBCL10529	0.004705575525154126	0.023489067513903866	0.010993982671012816	0.011501404376497472	0.9493099699134318
DLBCL11520	0.907599735606572	0.007309034842067528	0.010189659935496767	0.030005452458637605	0.04489611715722602
DLBCL_LS3245	0.0031016679627485734	0.9761628250398927	0.011953372157317602	0.003791458552271237	0.0049906762877698465
DLBCL_RICOVER_1032	0.006433539614258724	0.04944654123968942	0.012333715494861695	0.013605885036316899	0.9181803186148733
DLBCL11523	0.007637336227045254	0.009619345781430158	0.010623530074515969	0.02337781173303885	0.9487419761839697
DLBCL_RICOVER_1329	0.012815029982742109	0.04433086989023767	0.011202839288320096	0.010723942069462932	0.9209273187692372
DLBCL11537	0.9486505340394158	0.005192551390481589	0.008724147837868923	0.015118730908538719	0.022314035823694997
DLBCL11541	0.0047931869001318185	0.022310598417555588	0.9356389156675862	0.016444293721341836	0.02081300529338455
DLBCL_RICOVER_496	0.011561211488335901	0.9456384189105643	0.024876174950790253	0.010239148142805403	0.0076850465075041325
DLBCL10890	0.0030546502335670285	0.007160985389719644	0.008901791936369113	0.005492901566527658	0.9753896708738166
DLBCL_C_D_1106_NULLPAIR	0.019153658794180562	0.9546273087380329	0.008475876781606925	0.008369167803073714	0.00937398788310588
DLBCL10457	0.004533785329720224	0.01352130783617772	0.008573989409950937	0.007230309399106469	0.9661406080250446
DLBCL_C_D_1157_NULLPAIR	0.0045624536729100985	0.0038460683805994636	0.9766978475093423	0.011565322228064568	0.003328308209083608
DLBCL11677	0.9751477499906231	0.0024421457992438865	0.006039895682992325	0.011654394779681327	0.004715813747459324
DLBCL_C_D_1113_NULLPAIR	0.004733092184333622	0.009797165062565729	0.9700660238541143	0.010420986972319956	0.004982731926666414
DLBCL_LS2089	0.006137397114662954	0.9531094673370731	0.01105770290905991	0.004890351527103799	0.024805081112100204
DLBCL10898	0.006370722378728361	0.021703100253452904	0.008077314566313073	0.010106708045447828	0.9537421547560578
DLBCL10522	0.008389223694832412	0.005979335174034586	0.9636214820791649	0.01217016477558286	0.009839794276385221
DLBCL10870	0.0045732593686378	0.011114720425911873	0.023456669750566858	0.012374561299889652	0.9484807891549938
DLBCL11203	0.002920744814215301	0.9858900298645541	0.0039517867616673	0.003412765282493418	0.0038246732770699336
DLBCL10555	0.017330369235894576	0.013874703623978956	0.9486946273625338	0.015496642775821974	0.004603657001770644
DLBCL11440	0.0025831459416413988	0.0035609176310244595	0.0046002917772783895	0.004037197404061088	0.9852184472459946
DLBCL_RICOVER_948	0.0033567844840825057	0.9783047401315013	0.010751577048643561	0.0024302330809236094	0.005156665254849067
DLBCL11656	0.003267849863446594	0.003637436967075543	0.9771091076738885	0.008712198889061143	0.007273406606528211
DLBCL10864	0.0014782636579405547	0.0028163272782240688	0.0034449653355694875	0.0035647506970367506	0.9886956930312292
DLBCL_RICOVER_469	0.004525193304323041	0.0034490911927953544	0.9792324397406729	0.009878849895884955	0.002914425866323791
DLBCL_RICOVER_417	0.001110501310206402	0.002811469338271306	0.002548244935438355	0.0029135608526247355	0.9906162235634592
DLBCL10530	0.002322573220671135	0.006239654701734852	0.004489291694237714	0.00445894126009043	0.9824895391232659
DLBCL10967	0.000992680314967022	0.001950288526148248	0.002064265677244424	0.0017614268038673967	0.9932313386777729
DLBCL10884	0.9947136684626556	0.0007512330562928626	0.0010669375103203734	0.0025483897318074014	0.0009197712389237214
DLBCL_LS1065	0.0020915424938426634	0.9916762351632799	0.0025787464444362966	0.0014774089125903624	0.0021760669858508024
DLBCL10465	0.002152203039821551	0.0037012103596787654	0.9840956739081117	0.0069930793154495	0.0030578333769384304
DLBCL10988	0.0013550896019478688	0.9925059069149069	0.002459119515035178	0.0015236285476035731	0.0021562554205064527
DLBCL10534	0.0010816087980032732	0.0020500327863239333	0.0017485667388477354	0.0020228783951670003	0.9930969132816581
DLBCL_RICOVER_577	0.00369677066636344	0.005019833722093832	0.9783746532920976	0.008002837313296316	0.004905905006148843
DLBCL11482	0.9972883620290033	0.00040102815905135124	0.00048511592941335215	0.0013855782237586754	0.0004399156587733301
DLBCL_C_D_1136_NULLPAIR	0.0010379054772395647	0.9954946678459896	0.0013670827077124205	0.0008934881455160041	0.0012068558235423473
DLBCL_MAYO_DLBCL_5613	0.9952189111278205	0.0011067108710545667	0.0008691902655372371	0.0017453963450781017	0.001059791390509587
DLBCL11446	0.1945433748030777	0.22500745766207766	0.18769983485436542	0.34066601774445116	0.052083314936027914
DLBCL11439	0.33458821010450523	0.018441804134428093	0.5030820389632128	0.07111736682902739	0.07277057996882648
DLBCL11504	0.07058960140211547	0.02761775161456634	0.03987598136242695	0.1394315023143151	0.7224851633065762
DLBCL10512	0.014770846010518281	0.17624686487387625	0.4985255261061399	0.05031036086716015	0.26014640214230544
DLBCL_LS4619	0.017008194291363184	0.1322932116303227	0.4574551199670343	0.11467382702927362	0.27856964708200616
DLBCL11433	0.039759210010974794	0.02098487185486805	0.08692386277862262	0.3891665458424027	0.46316550951313185
DLBCL_MC_F362_MJB1	0.013996551130884794	0.18609479756563904	0.6358725771914407	0.022377871223964108	0.1416582028880713
DLBCL10965	0.19109203745499098	0.013032415764717654	0.04705091170746585	0.7106476377346368	0.03817699733818874
DLBCL_RICOVER_111	0.0799941683076374	0.031079256363502908	0.34667397017349877	0.0687583494447846	0.47349425571057635
DLBCL_RICOVER_978	0.5467813720685119	0.02258883482125353	0.08378814065203685	0.32740297792832934	0.01943867452986836
DLBCL_C_D_1138_NULLPAIR	0.02440965431820566	0.4834080272732627	0.25874114831437905	0.14262303137924506	0.09081813871490753
DLBCL_C_D_1159_NULLPAIR	0.2359561566652959	0.01671053715021242	0.02881068087962035	0.6970217868834672	0.021500838421404232
DLBCL_RICOVER_338	0.3517336722822151	0.0168275109347007	0.06109784045228202	0.5474650373890246	0.022875938941777554
DLBCL_LS2328	0.03803195351003638	0.5895254885985298	0.32949399818409275	0.029724866310448544	0.013223693396892488
DLBCL11681	0.3540230920152413	0.010549947031238547	0.4455200255094444	0.12312075676617416	0.06678617867790167
DLBCL10548	0.6718097135829657	0.172083687843226	0.016245700707350118	0.11327657475561641	0.0265843231108417
DLBCL_LS1304	0.019982794894907945	0.03613685610701415	0.3922891841721622	0.03217572509252246	0.5194154397333932
DLBCL11495	0.07768367696434131	0.012827167337607097	0.03284633027942719	0.1849873379197059	0.6916554874989185
DLBCL_RICOVER_1018	0.06560477175072058	0.21873938779443355	0.03741001507538663	0.6355709686144985	0.042674856764960724
DLBCL11657	0.02161324003017129	0.04312859645396784	0.7817785681771902	0.13308962024071702	0.02038997509795367
DLBCL10513	0.12364551929290893	0.04434489380897468	0.12867165754375068	0.6911157152040545	0.012222214150311257
DLBCL10867	0.030734827219174688	0.6032654526710638	0.025290886832411007	0.033211480478049886	0.3074973527993006
DLBCL10869	0.6138752284265759	0.17518365052449522	0.11618605911781119	0.04675683862706107	0.04799822330405658
DLBCL_RICOVER_1269	0.01403116104855212	0.1632568459724897	0.6530267477932579	0.09393038271392594	0.07575486247177443
DLBCL_RICOVER_780	0.011850455604951262	0.7687388564559424	0.16553042307266988	0.03543176816265686	0.018448496703779526
DLBCL_RICOVER_467	0.014830683123755132	0.5815006318762129	0.04405984395287495	0.014985775984765009	0.34462306506239204
DLBCL10899	0.019827236719577507	0.02485433119785798	0.008004632038953808	0.02710777161642864	0.920206028427182
DLBCL_LS951	0.8218900432708028	0.06405245463332197	0.033724771236154485	0.06993983920492755	0.010392891654793176
DLBCL10503	0.04922895887470453	0.1642798254713897	0.18383687669625315	0.03755416044320289	0.5651001785144497
DLBCL_RICOVER_258	0.22305001929490226	0.016093842178276273	0.17249723266440128	0.06211146668542892	0.5262474391769912
DLBCL11664	0.07478138862308432	0.8275895135553293	0.04100072683924347	0.043865830363219525	0.01276254061912342
DLBCL_C_D_1105_NULLPAIR	0.08277223388328137	0.8497399774787828	0.017447151537014243	0.026782218735989363	0.023258418364932164
DLBCL10959	0.681467805779404	0.026157952677623234	0.015926778823030674	0.19729975129071628	0.07914771142922579
DLBCL_RICOVER_575	0.05451824715101133	0.024215268257099264	0.07611375861879184	0.8324498124373997	0.012702913535697899
DLBCL11437	0.0689378386895862	0.00927077574305456	0.04326806658348567	0.8101265936278006	0.06839672535607295
DLBCL10523	0.017741708305229736	0.010836384634986778	0.9060328802768399	0.057654988904212084	0.007734037878731449
DLBCL_RICOVER_720	0.03284466680543547	0.5350388003098039	0.04334517942932072	0.015228046972733873	0.373543306482706
DLBCL11479	0.02351913436128902	0.8980285705521028	0.03958081959635765	0.010913782714376062	0.027957692775874437
DLBCL10894	0.12417148348514707	0.7846532265606736	0.020959721267954038	0.05169447452604138	0.0185210941601839
DLBCL10549	0.018725426486603032	0.8392308126319398	0.1110471828114184	0.017309772245218437	0.013686805824820346
DLBCL10877	0.789820759093829	0.09492978803425395	0.038582410875714644	0.04444856606086522	0.03221847593533723
DLBCL10451	0.7471794522680651	0.028611687460671543	0.17821062361663148	0.034099220483550595	0.011899016171081302
DLBCL10981	0.025133960637539043	0.8585204833926142	0.03077713258462053	0.046808214958600394	0.03876020842662578
DLBCL_RICOVER_701	0.06484594375675612	0.012711712577363126	0.023159064969229443	0.8747786554672401	0.024504623229411243
DLBCL10881	0.05535533498058412	0.010868907137256507	0.013824390224494899	0.02870785333079272	0.8912435143268718
DLBCL10536	0.015788905988193196	0.08621867347500435	0.8274877925751029	0.05004705256751982	0.020457575394179753
DLBCL_RICOVER_1289	0.017549283865252098	0.012252440660989893	0.020513448507357403	0.07508965351910728	0.8745951734472933
DLBCL11208	0.016122590682452295	0.9335042587361617	0.02509103630018482	0.013017830758705549	0.012264283522495619
DLBCL11526	0.01206694723352244	0.007971039630557975	0.9561091582034917	0.01923953519223232	0.004613319740195482
DLBCL_RICOVER_274	0.03915529774884672	0.059865399284782184	0.03303521053748635	0.821892220718858	0.04605187171002666
DLBCL10939	0.034857599069128754	0.009322630721480095	0.023743005449562447	0.9109263211991625	0.021150443560666275
DLBCL_LS2208	0.020067424398480454	0.0948916957602869	0.15760745097324527	0.02998919571427853	0.6974442331537088
DLBCL_LS1395	0.011301172659819564	0.04295522835808763	0.9086600353980473	0.01500281073530292	0.022080752848742623
DLBCL11671	0.9384210858775479	0.009961272160232041	0.010577203027045446	0.03597409929253948	0.005066339642635115
DLBCL_MC_F139_LJF	0.03577485699978466	0.010178526614794512	0.024283868634006046	0.9145523806157	0.015210367135714864
DLBCL10467	0.0186428295601554	0.01702879966285303	0.04263869789761249	0.03487922931762657	0.8868104435617525
DLBCL10900	0.0064051678541780874	0.0059718838201187245	0.006474829490250793	0.013910002274224472	0.9672381165612279
DLBCL_RICOVER_120	0.5380767352761336	0.11852967678276684	0.16235287376759583	0.048328317129146155	0.13271239704435753
DLBCL10854	0.006378066455258318	0.01385311604708658	0.014598504626599687	0.041499943240495545	0.9236703696305599
DLBCL10544	0.03261404200673884	0.01098793778307321	0.03721662306039573	0.8470887743650833	0.07209262278470895
DLBCL_C_D_1156_NULLPAIR	0.9018586376386369	0.016563591536068047	0.009232065311389752	0.06138392517439113	0.010961780339514107
DLBCL_RICOVER_1165	0.013711521768848257	0.881948436877286	0.05472755188447824	0.010370165356532712	0.03924232411285486
DLBCL10904	0.00779373800009042	0.01536039956708455	0.0270613768245629	0.02066088945118465	0.9291235961570775
DLBCL10844	0.898090371651317	0.021810035151728437	0.007951935589399054	0.02020192515583592	0.0519457324517196
DLBCL10480	0.01524376075926889	0.9566582807164753	0.008809574585099324	0.00621395449767832	0.013074429441478158
DLBCL_MC_F606_DMJ	0.009104224597755317	0.08030007869953061	0.8766249606378232	0.020635148152142586	0.013335587912748317
DLBCL_RICOVER_1287	0.011142549764949732	0.04338949804248908	0.013036872463858816	0.013582530057472491	0.9188485496712299
DLBCL10484	0.00366739194990674	0.977904303164641	0.009811569691265655	0.004736004436801769	0.0038807307573847454
DLBCL11004	0.004370147336496984	0.008410817899236797	0.008835800559265434	0.019238286461939477	0.9591449477430614
DLBCL11542	0.013311264902439094	0.06189042838395095	0.852876025692777	0.06277556827386122	0.009146712746971764
DLBCL10866	0.010041949252970982	0.01080451306029537	0.017944365235069884	0.044116830700849825	0.9170923417508139
DLBCL10541	0.00786031867192743	0.9593962508656692	0.011355696868513414	0.00753102465163559	0.01385670894225446
DLBCL11673	0.006083468007042298	0.9660937822180925	0.015844510383180042	0.006719929580036717	0.005258309811648467
DLBCL10978	0.025767472643929916	0.01011704029796033	0.028617099457396336	0.9198815032768352	0.015616884323878224
DLBCL10945	0.9548217954096705	0.005442094587574474	0.005330824464473503	0.014880250722394095	0.01952503481588739
DLBCL_LS2367	0.887769129110651	0.03118464795965783	0.00872011558474077	0.04757150647462324	0.02475460087032714
DLBCL11481	0.9424027204267491	0.006438894084935434	0.022728276054199165	0.016048841107951087	0.012381268326165214
DLBCL10993	0.914558742179626	0.006319369274721647	0.013803251638109708	0.04615284373039043	0.01916579317715229
DLBCL10935	0.9277308192603477	0.030403222659884783	0.005688421563179504	0.021337541392578967	0.014839995124008973
DLBCL11498	0.020857790013751158	0.9513682560564491	0.010622847109756955	0.006824207180743223	0.010326899639299558
DLBCL11669	0.013342525271321177	0.018477622586387327	0.9283321364840664	0.03359950864822491	0.00624820701000022
DLBCL10963	0.00920714147727967	0.024131092019065364	0.028053525747761984	0.031187984507401574	0.9074202562484914
DLBCL10922	0.005763656329293444	0.9763732156213455	0.006928319640634165	0.004195734463439313	0.006739073945287635
DLBCL10463	0.005991813882219805	0.011510660746201759	0.023406293520503548	0.04255616736968652	0.9165350644813883
DLBCL11512	0.9585879906865851	0.009219264253452805	0.0056833681080338105	0.021786895597594162	0.0047224813543341095
DLBCL_MC_F729_MAN	0.0023651767642035326	0.9887023748081044	0.003479315662406421	0.0015763253470443919	0.003876807418241278
DLBCL_RICOVER_1248	0.0013463558783064088	0.002679347839599401	0.0018555843848307985	0.002371453501829512	0.9917472583954339
DLBCL_C_D_1163_NULLPAIR	0.0023048571306836375	0.00415059549669995	0.004515738640331388	0.0070976142549421814	0.9819311944773429
DLBCL_C_D_1131_NULLPAIR	0.0024021406481218	0.9870301053754639	0.005224870368370743	0.001868310039295893	0.0034745735687476604
DLBCL11188	0.0016808320830660614	0.9913958780524059	0.0030613149556716936	0.001578848303929045	0.0022831266049272605
DLBCL11667	0.0015101875925448767	0.0022526785501238962	0.9917864524604277	0.0031036682302452356	0.0013470131666582447
DLBCL10842	0.0019173025751409508	0.003442609675901204	0.004672730735708708	0.004745974481885867	0.9852213825313633
DLBCL11666	0.0013742762966551822	0.0022982700580836527	0.9915962886636057	0.0034751974725553652	0.0012559675091001268
DLBCL10834	0.003323597703411224	0.9874738671543639	0.0039815695316016446	0.0020903516679082633	0.003130613942714996
DLBCL10875	0.9827806126941762	0.0030866771350372816	0.0038938358912345627	0.008086476639223291	0.0021523976403286793
DLBCL_C_D_1125_NULLPAIR	0.0015638257229903317	0.004863286391189367	0.003024403459050396	0.0032304542410637087	0.9873180301857062
DLBCL10525	0.9938514417278503	0.000748748825737414	0.0014291556822542484	0.002437312530518357	0.0015333412336396692
DLBCL10471	0.0021456534198890766	0.004017689014809615	0.0021514924302875865	0.0023344978635288483	0.9893506672714849
DLBCL10990	0.0016661422016906926	0.0037547568116380044	0.002281749635893519	0.00243501580761211	0.9898623355431657
DLBCL_C_D_1123_NULLPAIR	0.9760415177009342	0.007096171964641661	0.0033742550010480085	0.01031381121545725	0.0031742441179188723
DLBCL11511	0.9913883103530375	0.0010241373412972455	0.002278286860771104	0.0035059712792507814	0.0018032941656432875
DLBCL11461	0.9930067519889014	0.001110942375388994	0.001404228390692196	0.003593692843310426	0.0008843844017069831
DLBCL_RICOVER_711	0.25333989017353054	0.4243905392272924	0.02489578796579442	0.2727434359853473	0.024630346648035328
DLBCL_RICOVER_1190	0.13642925390534133	0.06851565477974098	0.1234510793032376	0.027484243573460895	0.6441197684382192
DLBCL11528	0.20428011352996203	0.4868223298664304	0.25031394698775333	0.030636826826791537	0.027946782789062694
DLBCL_BWH_DLBCL64	0.19333963013777355	0.2017600389366983	0.06414920622294396	0.5252188831625563	0.015532241540027828
DLBCL10985	0.14804558605820575	0.33226341267923176	0.031646033577259994	0.44066141308224027	0.047383554603062164
DLBCL_RICOVER_1081	0.05701464072533598	0.013981718488653865	0.09836157427425032	0.2711516986560336	0.5594903678557263
DLBCL10492	0.3501167179303622	0.033830326594305106	0.01473596470586899	0.06585113312294816	0.5354658576465156
DLBCL10454	0.12549388332034014	0.1674270672986508	0.037230210207059626	0.017026750150351988	0.6528220890235974
DLBCL_RICOVER_910	0.37653300692476016	0.06529404795713682	0.03534381668804678	0.49124971151481706	0.03157941691523904
DLBCL_RICOVER_1046	0.010509855004857242	0.20699676104290393	0.7161962877200447	0.02361469801471622	0.04268239821747791
DLBCL_C_D_1153_NULLPAIR	0.06114576460228121	0.14626143326698757	0.032026946811626975	0.517473166741906	0.2430926885771982
DLBCL_RICOVER_506	0.01890596641988185	0.3843346948810979	0.041910061936192525	0.019520950578035077	0.5353283261847926
DLBCL11002	0.31230548509563705	0.027120788660285187	0.06230245798876023	0.581339458025067	0.016931810230250463
DLBCL11449	0.03483040825941637	0.5730870366334502	0.04421830628764472	0.027884016171568427	0.31998023264792025
DLBCL10969	0.5533942177696113	0.23519452153084183	0.13457182627736086	0.028290158818655407	0.04854927560353066
DLBCL10873	0.08518946136306757	0.4567791504310696	0.12485693670433581	0.2934655832391873	0.03970886826233957
DLBCL10906	0.04150215692603787	0.5539752334923447	0.03277360432841877	0.01808874956200644	0.3536602556911923
DLBCL10921	0.02808272969666228	0.3144916139297278	0.02207989045822971	0.020002521222755094	0.6153432446926251
DLBCL10888	0.0125629942588936	0.011160498264948375	0.04003649069458048	0.06241292746199652	0.873827089319581
DLBCL11441	0.1066142902071097	0.01638648055542398	0.07543141334432422	0.3734500619786296	0.42811775391451257
DLBCL11469	0.02152751476964256	0.07354706946408221	0.6680553341638803	0.02533803399139008	0.2115320476110048
DLBCL11464	0.17876163621777763	0.016869148114379524	0.02545780306286897	0.747944974692183	0.030966437912790835
DLBCL10848	0.011625903685072539	0.008086601196091123	0.02039758889052683	0.03486061688352559	0.9250292893447839
DLBCL10782	0.14030440016139129	0.05657052510664407	0.04540906062230791	0.7410912007680329	0.016624813341623794
DLBCL11525	0.19678680967949588	0.021169750922815075	0.6142145474151802	0.15219054024226467	0.015638351740244215
DLBCL10962	0.02570894107243766	0.8440353731133026	0.07098136493199537	0.017740292806755292	0.04153402807550906
DLBCL10491	0.05184299749759705	0.26110019321626554	0.11680749925435749	0.5524609464551221	0.01778836357665778
DLBCL_RICOVER_583	0.012262694006071247	0.8224144453441007	0.05448762087027518	0.012115139511157356	0.09872010026839562
DLBCL11206	0.022755431280266095	0.6556320643913232	0.0617959076003178	0.010830084875677291	0.24898651185241572
DLBCL10908	0.0573587767583279	0.08914981789652761	0.6884592819455165	0.04203687669064479	0.1229952467089831
DLBCL_LS3499	0.07760289886462092	0.12243979762960346	0.05395925972722906	0.7184259838548205	0.027572059923726102
DLBCL10488	0.7728781425138472	0.07366583730790564	0.06810348689274535	0.07816386301654255	0.0071886702689592874
DLBCL10453	0.013279658548184881	0.16176330507552014	0.025919398036854564	0.027687018331386783	0.7713506200080537
DLBCL10916	0.005373318034891801	0.02826233911597674	0.014424024872937067	0.011861639092848686	0.9400786788833457
DLBCL_LS4616	0.007417489622709073	0.07528499151417238	0.872251961821992	0.02985501746532558	0.015190539575800853
DLBCL11500	0.005090907772729805	0.006067976671420813	0.011696720972675215	0.012843164455242894	0.9643012301279312
