	0	1	2	3	4
DLBCL11471	0.30946902515469416	0.4153514693953688	0.03273528467020575	0.14579709491915555	0.09664712586057579
DLBCL_LS1668	0.03484869303521268	0.22871147203939782	0.22103368638492	0.41865632534387026	0.09674982319659929
DLBCL_MAYO_DLBCL_3653	0.3195821401978481	0.03986716709686002	0.07239559537310838	0.18922533785453738	0.3789297594776461
DLBCL10971	0.23574979725935213	0.4588175049847245	0.03168133070035519	0.06215082965337009	0.211600537402198
DLBCL10869	0.4019290042259792	0.18678208960364912	0.28707035933486114	0.0503739109247353	0.07384463591077517
DLBCL10509	0.4961833747659556	0.35338791824030663	0.013832522786439783	0.08427972449997272	0.0523164597073253
DLBCL10915	0.042605288348925706	0.10680176676470148	0.09575043346259458	0.569231148721482	0.18561136270229633
DLBCL10965	0.19745896713924405	0.019754604913050852	0.0323380522704816	0.6733644524404241	0.07708392323679936
DLBCL_RICOVER_1190	0.47273254584178587	0.024049656174517375	0.13130379143190826	0.068693328615247	0.3032206779365415
DLBCL_RICOVER_151	0.04039766231201433	0.49527787735110984	0.08196397272774936	0.337992528222651	0.04436795938647544
DLBCL10907	0.22068144372305243	0.5574501543427818	0.030484376442773166	0.10934131241398998	0.08204271307740263
DLBCL11467	0.06528539396447805	0.06145351195232111	0.10273002028910315	0.4457302872857077	0.32480078650838995
DLBCL_RICOVER_467	0.018562060602809956	0.5014054202381615	0.03344224748412124	0.018806674124627627	0.42778359755027967
DLBCL10957	0.7904252848179594	0.0326346300676807	0.08683326969120152	0.07013848025510293	0.01996833516805549
DLBCL11474	0.47132497651351524	0.026061185725460543	0.027736020630671647	0.4139136863104568	0.06096413081989586
DLBCL_RICOVER_1287	0.032984362936288	0.3485483699664685	0.04401297003500322	0.0393754932098004	0.5350788038524398
DLBCL11525	0.1605945140750219	0.020891259095971188	0.7000364604252997	0.09724738728725124	0.021230379116456036
DLBCL11473	0.5862912612067639	0.08368244267517023	0.012926033093771577	0.2520551358966635	0.06504512712763084
DLBCL11652	0.6368536346830537	0.2497137280112665	0.018659006407103655	0.03825191101861379	0.05652171987996239
DLBCL10999	0.008846538752546556	0.019127873470922895	0.0431464075076525	0.09047462241928941	0.8384045578495887
DLBCL10873	0.07439787424323469	0.25090539176855015	0.29576164974471236	0.3494269445930692	0.029508139650433658
DLBCL10527	0.019238805583462224	0.02944259826184902	0.08623404274914621	0.7467780057671838	0.11830654763835871
DLBCL_RICOVER_401	0.026922168050193113	0.7801439001094447	0.16844742775682445	0.01158905878769654	0.012897445295841161
DLBCL11436	0.1628930915015278	0.44556940195374517	0.05096143616471671	0.30568153317742996	0.03489453720258022
DLBCL_LS2590	0.03600052597114644	0.021226691489223997	0.039724374972351977	0.5263409316549116	0.376707475912366
DLBCL11003	0.23525683769488845	0.47886991314076494	0.04572962920835108	0.09091610033585584	0.14922751962013966
DLBCL10544	0.03245302924648789	0.01703262972089984	0.04575594871664347	0.6006508884634938	0.304107503852475
DLBCL10973	0.1288017013398729	0.020281620575809713	0.08648063965676833	0.6805011254668448	0.08393491296070428
DLBCL11486	0.5974011677922747	0.025360576346033347	0.014555042230970256	0.03874692940644329	0.32393628422427845
DLBCL_LS4616	0.013766229792062027	0.3044918327361251	0.6122590769414488	0.04753740809757153	0.02194545243279258
DLBCL10934	0.049472550825744914	0.3736074478574061	0.027114422052039535	0.07701226604752419	0.4727933132172853
DLBCL11439	0.13387385378263494	0.023487188827511832	0.7529855943208124	0.07382515174904164	0.015828211319999216
DLBCL11515	0.016482980169644442	0.1406272799019085	0.50386018930202	0.03976057292392512	0.299268977702502
DLBCL10970	0.03448901273022244	0.19437855425918635	0.08245682812338857	0.6379977340332661	0.05067787085393645
DLBCL11468	0.057838907568439686	0.03458894782469053	0.16685122758433	0.7175854644437805	0.02313545257875926
DLBCL10969	0.2174936370032406	0.5735408048691818	0.043024591751634485	0.030027881333758423	0.13591308504218463
DLBCL10564	0.0414252728798629	0.12286325951200142	0.14180374360902492	0.6447606347671117	0.049147089231999126
DLBCL11480	0.7222219516744799	0.032953157580846555	0.04157296426747705	0.05210913392155876	0.15114279255563773
DLBCL_C_D_1115_NULLPAIR	0.08245250222811351	0.07789421035476565	0.039310237583784116	0.7418976656223288	0.05844538421100787
DLBCL_RICOVER_1060	0.13800304904276792	0.13891209030722812	0.033563824176858686	0.02711906091941584	0.6624019755537294
DLBCL11673	0.023286402696807883	0.7582838954386145	0.15906281209827305	0.044112582306140714	0.015254307460163897
DLBCL11512	0.9118617281775778	0.024905776398617123	0.015235112602942257	0.040368069419209535	0.007629313401653221
DLBCL_RICOVER_1289	0.01323352864143589	0.00610745832776897	0.012634157285814279	0.039497177264106016	0.9285276784808748
DFCIDL004_DT	0.15983967023940748	0.010392226391785999	0.020834918081958555	0.09134395199538842	0.7175892332914596
DLBCL10885	0.06923296074822562	0.6940537323343206	0.0230087906493307	0.0558187198825611	0.15788579638556202
DLBCL_C_D_1109_NULLPAIR	0.07042032122981173	0.012378283119066021	0.03217839582952941	0.8411495917046392	0.04387340811695365
DLBCL_RICOVER_320	0.023353557423816087	0.10823569335477196	0.7904293500918603	0.04250154460862312	0.03547985452092848
DLBCL_RICOVER_338	0.5983826455997963	0.018236469767056864	0.05997156239138887	0.2926103019340601	0.03079902030769791
DLBCL_MC_F218_RAP	0.11088818322446216	0.017809818995456264	0.0744061595395248	0.7692693877041132	0.027626450536443567
DLBCL10980	0.010011413471880316	0.09402343801687216	0.02318377131486636	0.036527116334106886	0.8362542608622743
DLBCL_MC_F500_ECU	0.017904067163619915	0.8816859622492736	0.05217004281715938	0.03222134787007269	0.01601857989987433
DLBCL10954	0.014742477136185048	0.8928344677635425	0.034669387971780756	0.02275508118001777	0.03499858594847398
DLBCL_LS3204	0.01818063285821713	0.9186463844787841	0.028608640480168823	0.025833958580717954	0.008730383602111941
DLBCL10993	0.7804729861490612	0.009735588869291954	0.04200806717048092	0.08100737785650924	0.08677597995465669
DLBCL10961	0.005896083598294018	0.03798056470680583	0.022752784739739306	0.0420010058205345	0.8913695611346263
DLBCL11469	0.015650288199999075	0.028659473358016333	0.8496081986411398	0.0211850172074008	0.08489702259344399
DLBCL10935	0.9482016350446938	0.02210482744085679	0.006027118929387075	0.015238951820113894	0.008427466764948429
DLBCL_LS4593	0.01615789756491777	0.12222180806126222	0.7448490121278554	0.09297044868084532	0.023800833565119233
DLBCL11484	0.011809784006116722	0.9064898074902249	0.038434369545233424	0.012045992788095776	0.031220046170329217
DLBCL_LS1395	0.02950373838112708	0.14277635867533336	0.7810366511967467	0.019120439054095273	0.027562812692697624
DLBCL_RICOVER_701	0.05057072802840989	0.017765916221730477	0.02678966313275608	0.873587767252059	0.031285925365044535
DLBCL_RICOVER_773	0.011197221449143984	0.0979913630464891	0.05925598747515298	0.024767521626217013	0.8067879064029969
DLBCL10927	0.06507836361864379	0.01653229041692984	0.029889377251506873	0.8638636850141088	0.02463628369881062
DLBCL_C_D_1118_NULLPAIR	0.08266712993741465	0.8626014704011006	0.015946709668787924	0.022279061281051317	0.01650562871164551
DLBCL10837	0.0186752673257167	0.016801950921575215	0.03625141945728464	0.08052899733503548	0.847742364960388
DLBCL_RICOVER_850	0.008428618537957825	0.04206091322107977	0.032640513398863244	0.043732649580893804	0.8731373052612054
DLBCL11495	0.020288533094723834	0.005902111793987485	0.013556852404472226	0.04072433491094238	0.9195281677958741
DLBCL10902	0.006081332200176743	0.029842936719020753	0.03511745301845823	0.019041677579889307	0.9099166004824549
DLBCL10918	0.9418525029700848	0.0064999537101611314	0.0058465293874759095	0.016617891729557927	0.029183122202720225
DLBCL11541	0.010273599452880982	0.06744321374308714	0.8474383163498751	0.026834649545743283	0.04801022090841345
DLBCL11564	0.02857336174965139	0.015548003345160715	0.02861443634881565	0.8998960708492547	0.02736812770711755
DLBCL_LS2089	0.008794488930542545	0.9393912760492482	0.013216432667406644	0.005923420919073404	0.032674381433729215
DLBCL11472	0.9283189520740203	0.005006176302087291	0.01692071725436669	0.034457893039829685	0.015296261329696114
DLBCL_LS2325	0.018911500437053447	0.05306460861148986	0.9020517458551673	0.018054364045975938	0.007917781050313351
DLBCL10889	0.0037390905167141437	0.004176788540772758	0.006032115707162502	0.010262193446945693	0.9757898117884048
DLBCL11566	0.014074863491415558	0.06049825782256199	0.8988252417091173	0.017267725521328155	0.00933391145557702
DLBCL11458	0.03285851155582244	0.03619365963429396	0.8911690923153831	0.028196559077909515	0.011582177416590983
DLBCL10896	0.9703038728721096	0.0045762252199250475	0.003327529901872554	0.015018808098874108	0.0067735639072187
DLBCL11670	0.003545688084786361	0.008831376890264971	0.9693271908173933	0.013130765758951963	0.0051649784486034874
DLBCL10554	0.009116816931243155	0.0071278848180853045	0.9675522752935731	0.011538905661236153	0.0046641172958622945
DLBCL11477	0.9744867009434188	0.003137679645168206	0.0042224446670348255	0.01040153783796252	0.007751636906415587
DLBCL10495	0.9875217264540711	0.003479331010785344	0.001643878716101336	0.004253735719603356	0.003101328099438876
DLBCL_RICOVER_533	0.0038649219473274442	0.9826276871831019	0.006996766500067647	0.003825009631194047	0.002685614738309023
DLBCL10849	0.01600381722987662	0.9296995572027442	0.011546237379231815	0.00696032654842703	0.03579006163972027
DLBCL10899	0.06649540272436086	0.04433891136176324	0.010479326561450179	0.0579708669111886	0.8207154924412371
DLBCL11669	0.0114274642174856	0.009894936198855337	0.9503565478117499	0.022643073537430072	0.005677978234479009
DLBCL11195	0.004114167086136202	0.019404082145708785	0.010655771105439313	0.019376223589736345	0.9464497560729793
DLBCL_LS378	0.9934912212315705	0.00129548491259012	0.0015233972958351753	0.002439901254039848	0.0012499953059643511
DLBCL10457	0.004988628439224847	0.011238719986055194	0.008070827427970603	0.009431899275975309	0.966269924870774
DLBCL10459	0.0043309403286964955	0.013865798451680579	0.9627460311175544	0.012522831378648255	0.006534398723420288
DLBCL_C_D_1141_NULLPAIR	0.006274389404605497	0.01786984063835978	0.9454615980888131	0.010333350113973553	0.020060821754248063
DLBCL10480	0.016154547613736463	0.9570634345762979	0.0096484572458233	0.006431902628347318	0.010701657935795007
DLBCL10834	0.004884124708654072	0.9862069279466196	0.0040404905140372805	0.0022482175568239223	0.0026202392738651414
DLBCL10880	0.014083339077580439	0.005949203419192733	0.007594599842856664	0.0066484099712349675	0.9657244476891352
DLBCL_C_D_1130_NULLPAIR	0.9959003194839473	0.000732291838895506	0.00081486870743063	0.0015019537958400504	0.0010505661738865176
DLBCL10848	0.004797217692829691	0.0033574661164697526	0.004603179661466377	0.009634702667746946	0.9776074338614872
DLBCL10903	0.0024819759121060925	0.9858803191832863	0.00638725035885192	0.0025347938686271737	0.0027156606771284245
DLBCL11656	0.003503503463914412	0.0049979819022385385	0.9748491243463536	0.009211631457723565	0.0074377588297698275
DLBCL_LS1757	0.9878834723113559	0.0029122857589581282	0.0015684747355028004	0.0048694599213834735	0.002766307272799759
DLBCL10997	0.9912789288172656	0.001564139281207603	0.0014593377054199575	0.0032876531143631554	0.002409941081743634
DLBCL_RICOVER_1032	0.0043909062169301205	0.015060617102466723	0.0063458907797984765	0.008659021726962642	0.965543564173842
DLBCL10901	0.0028680786802916776	0.0044905462581399025	0.0047780031184808626	0.0073560426988834365	0.9805073292442041
DLBCL_LS3200	0.004053608885084703	0.010858274750754765	0.006742987921467195	0.006202354329425999	0.9721427741132673
DLBCL10781	0.0040072733763369325	0.003957812424841105	0.004638845196798723	0.010246931252969814	0.9771491377490534
DLBCL10550	0.002794132382882863	0.0026261634523829344	0.002549444328505884	0.00458263993764408	0.9874476198985842
DLBCL11203	0.0038882821500733603	0.9750880227079424	0.007478175074377011	0.0077659179668042025	0.005779602100803004
DLBCL_RICOVER_417	0.001816429518154559	0.0029876779403751924	0.002682786081393069	0.003835381260312461	0.9886777251997647
DLBCL10862	0.0014386609467223397	0.00161904148253533	0.001727573525398077	0.0025383573246080047	0.9926763667207362
DLBCL10864	0.0021150423241980557	0.002132913148690628	0.002845198555969511	0.00415685629312648	0.9887499896780153
DLBCL10530	0.0038944730763078874	0.008715519987115452	0.008137091548530019	0.00797444603142501	0.9712784693566217
DLBCL11188	0.001819372376646433	0.9909327453366331	0.0036174753437723073	0.0017073364514762096	0.0019230704914719454
DLBCL_C_D_1136_NULLPAIR	0.0009408861686877064	0.9956830496499101	0.0015429168910787846	0.0009080605620857721	0.0009250867282376929
DLBCL_BWH_DLBCL64	0.238068453316412	0.2425014609809943	0.03301866016639999	0.4592540667030989	0.027157358833094933
DLBCL11441	0.16820733860334666	0.014404888283844874	0.12266918068697834	0.38335266102878107	0.3113659313970491
DLBCL11590	0.27610469939867854	0.01983943778449769	0.41965064475879266	0.2370088769232727	0.047396341134758484
DLBCL10986	0.4476750550347041	0.08347767067899606	0.2590232428744704	0.18768304891982518	0.022140982492004368
DLBCL10492	0.5136052225218715	0.025011327332458526	0.015159079666781433	0.07675429430852315	0.3694700761703654
DLBCL_MAYO_DLBCL_234	0.26054513589700473	0.013875641315749063	0.2270653577294851	0.44517549385137906	0.053338371206382115
DLBCL11496	0.5494225087863908	0.030292586921127337	0.04535365741968577	0.034263037527627	0.3406682093451691
DLBCL10782	0.11257116339915146	0.06414262729253271	0.03642907136188269	0.7579764590998509	0.02888067884658217
DLBCL_LS2245	0.11450437144471579	0.4527380360788824	0.3663901762485077	0.044170052079304564	0.022197364148589627
DLBCL11518	0.5503624551628873	0.2434525437281831	0.14774188715353148	0.03552035284328794	0.02292276111211022
DLBCL10566	0.09021128434106306	0.1722415386929433	0.02885785408514862	0.02046580734631127	0.6882235155345338
DLBCL_RICOVER_1329	0.10779667245492222	0.44273517556584063	0.025182513552551845	0.029859126746079954	0.3944265116806053
DLBCL_LS2328	0.042751742046896996	0.39519408504728104	0.5208140965066381	0.030254445204537603	0.010985631194646225
DLBCL11536	0.03855992936927606	0.3737361038196781	0.07234061833642243	0.4306391224598125	0.0847242260148109
DLBCL_C_D_1103_NULLPAIR	0.027901280748917092	0.05276699635061559	0.1999876619726564	0.6924402208883511	0.026903840039459746
DLBCL11433	0.06196679686162918	0.02229894306323341	0.24704439289620006	0.20396214207445246	0.46472772510448496
DLBCL10503	0.037370720683460215	0.6293405532880126	0.2727453262604974	0.031787894542500285	0.028755505225529516
DLBCL10894	0.40473774762880427	0.47377919507153293	0.01587804608622271	0.06955073826562545	0.03605427294781463
DLBCL10532	0.021438389678758853	0.020635477373963006	0.15349256270235248	0.1448702992323824	0.6595632710125433
DLBCL_RICOVER_950	0.03213005382845285	0.018922274196001	0.09823966472407548	0.8219487949109546	0.028759212340516038
DLBCL_MC_F739_AMA3	0.01736010643198682	0.7044185927842659	0.2360313365719451	0.025889938111067008	0.016300026100735082
DLBCL_RICOVER_978	0.808856326233149	0.025486395495215135	0.07029847889134651	0.08261027880366476	0.012748520576624662
DLBCL11504	0.1624951966194797	0.036687628413033455	0.03653071198084396	0.11379499889730345	0.6504914640893394
DLBCL10984	0.014063740629558293	0.1380848410458657	0.019154431966826	0.04189734359369407	0.786799642764056
DLBCL10871	0.06546528186206907	0.6957945482559658	0.07817728004281534	0.026850032243757524	0.1337128575953924
DLBCL10456	0.039583550480353086	0.019117659741341747	0.09955727389881826	0.7920589109004178	0.04968260497906906
DLBCL10450	0.34471412761021814	0.09058190957735719	0.021641406630821435	0.23546760477473194	0.30759495140687126
DLBCL11206	0.02407648447598879	0.6738930439140627	0.08443807953315566	0.015735866903749524	0.20185652517304334
DLBCL10906	0.12289143124217229	0.5813391012229912	0.025793127428086617	0.032927715466845454	0.23704862463990456
DLBCL10978	0.028482367727115123	0.020879506708353607	0.05637362100905316	0.8553087501421258	0.0389557544133523
DLBCL10547	0.03370631575485813	0.021371070093665734	0.03578540739361992	0.870751010654617	0.03838619610323921
DLBCL10539	0.04632647338282547	0.11805403895846847	0.05504580573326404	0.706444348411759	0.07412933351368302
DLBCL_RICOVER_299	0.013583591297202708	0.8301322124469793	0.12553403003005636	0.01206986052066222	0.018680305705099345
DLBCL11455	0.06954223678045686	0.014972814421590663	0.06274923780349356	0.8154803936286147	0.037255317365844226
DLBCL_LS762	0.016675480395189266	0.024859852823151996	0.11009374072105339	0.028557839732184974	0.8198130863284204
DLBCL_RICOVER_361	0.0263901123906807	0.016415764536939905	0.038725578446432825	0.8839139546666909	0.034554589959255665
DLBCL10780	0.019516945668011605	0.8429369783030827	0.08591505947048081	0.039503994569566006	0.012127021988858839
DLBCL_C_D_1112_NULLPAIR	0.015645369489702438	0.07022829840225589	0.8396925191973031	0.05524498900375658	0.019188823906981997
DLBCL10838	0.022119779507856343	0.0700396203668326	0.012724127020644368	0.021789349194906472	0.8733271239097602
DLBCL10932	0.03679723331937165	0.014378518709314359	0.027581902183742363	0.8940162238305932	0.02722612195697838
DLBCL10890	0.03491398686331963	0.040224502536933736	0.02767527689159623	0.21447694462080655	0.6827092890873439
DLBCL_MC_F139_LJF	0.0306608611391311	0.01326076789565678	0.027421521964116475	0.9048892117582119	0.023767637242883725
DLBCL10974	0.027378529166264754	0.021528507707897528	0.044792409163090435	0.24046728609020468	0.6658332678725426
DLBCL_RICOVER_1106	0.008037541563299423	0.028992471519493426	0.0208371157271346	0.050847548035733346	0.8912853231543392
DLBCL11516	0.026224328497712387	0.8353982242798909	0.06594487415786768	0.03978702798907387	0.032645545075455244
DLBCL_RICOVER_948	0.00598339846106813	0.961049065103456	0.022350218035424144	0.003782640909961605	0.006834677490090078
DLBCL_RICOVER_314	0.014958083967906583	0.05473036589765564	0.10587822808037382	0.04332359120695621	0.7811097308471078
DLBCL_LS3245	0.007760353592290421	0.9208303787755439	0.050575525181991716	0.010378502507949883	0.010455239942224095
DLBCL10487	0.0425136612174429	0.8284419477828271	0.04168138109614288	0.07047616094026667	0.016886848963320385
DLBCL10904	0.03890259855476627	0.059186301197619716	0.054094382371863	0.07559948784752057	0.7722172300282304
DLBCL_C_D_1126_NULLPAIR	0.12863225792744248	0.786917292214217	0.026432809089047823	0.024427511180528504	0.03359012958876417
DLBCL11542	0.010439021109793148	0.03301004114168033	0.9219843237109854	0.02875423542444503	0.005812378613096134
DLBCL10453	0.006589481366456423	0.033426125097879365	0.017762077096756524	0.021078361067145807	0.9211439553717619
DLBCL10914	0.877310711213317	0.03359114580502211	0.054248213864377746	0.01935458053442854	0.015495348582854592
DLBCL_RICOVER_408	0.011335709288602967	0.9140113370325913	0.05199287792658533	0.013492504288404141	0.009167571463816223
DLBCL10857	0.027910554077744457	0.007882977549512882	0.009451124196572173	0.040151715792173984	0.9146036283839964
DLBCL10847	0.015942779570223026	0.015967337876107636	0.009531600700748481	0.00844490940967642	0.9501133724432445
DLBCL10502	0.011572126131670477	0.9180227566410589	0.04914253955365555	0.013542032198165391	0.007720545475449653
DLBCL10989	0.018488044486825395	0.900703144171763	0.014971968043861248	0.018201061516252576	0.047635781781297806
DLBCL11573	0.00908994769584102	0.02527450357372126	0.93766500618578	0.019711676578830366	0.008258865965827335
DLBCL_LS3809	0.8603849009798792	0.031725552285456954	0.031284029218409615	0.017076128380355892	0.05952938913589836
DLBCL10879	0.005011024859504747	0.008606325821011842	0.9608005964095584	0.01724183150412589	0.008340221405799122
DLBCL10490	0.9095557015572328	0.020080980233101182	0.008404948936754005	0.028096187031275296	0.03386218224163677
DLBCL_MC_F815_BAT	0.007342323631389449	0.012267380269804392	0.9435746334530964	0.03006301631940395	0.006752646326305709
DLBC_FF_8046_TP_NB	0.029022295079839652	0.012996007545251959	0.916978214154818	0.02470688883048526	0.016296594389605183
DLBCL10498	0.00977600052585715	0.012847341197790359	0.9481135223502195	0.024677909446073877	0.004585226480059158
DLBCL_RICOVER_945	0.9312840612255657	0.02113817887172905	0.0057323335846155695	0.026864016194975717	0.014981410123113948
DLBCL11454	0.9439115430276424	0.011058713631762775	0.005215937189039383	0.031037356492657507	0.008776449658898004
DLBCL11428	0.005103585150961993	0.0077247868556216915	0.9745927474243208	0.00914068132524198	0.003438199243853521
DLBCL11429	0.9210388722760812	0.00584050082230038	0.010522822007701566	0.0303430993492343	0.0322547055446826
DLBCL10916	0.006098877396268499	0.017459665271712325	0.009370141387070088	0.02135341504065853	0.9457179009042905
DLBCL11434	0.9826504908288901	0.0039059233415671517	0.0036885709036174885	0.007270773740560856	0.0024842411853643435
DLBCL11662	0.8991924926248097	0.014609245648404844	0.005430074368458353	0.02723142577894018	0.05353676157938692
DLBCL11679	0.03867813634303549	0.9253185364421104	0.017801466419349737	0.00885664163644459	0.009345219159059828
DLBCL11666	0.0035398618952959494	0.0064099553141675975	0.9800925971997461	0.006979477553041364	0.0029781080377489955
DLBCL10462	0.9562366912566334	0.003783301418125971	0.006670179181097462	0.018717456930456747	0.014592371213686485
DLBCL_LS1098	0.004153294833471362	0.005308542515753865	0.976869374915439	0.010418088419581079	0.0032506993157546517
DLBCL10876	0.004576748777141776	0.012072023650879976	0.006749945884258575	0.012537985373080976	0.9640632963146387
DLBCL_MC_F729_MAN	0.003992141724494718	0.9811068830380469	0.007685191320878031	0.0034825482737641956	0.0037332356428161108
DLBCL10981	0.013931761684630476	0.8632111556197436	0.05755804359120187	0.044251259494395144	0.02104777961002893
DLBCL10959	0.9356202157601776	0.011209821832230243	0.005804368301297476	0.03300023491668665	0.014365359189608027
DLBCL_DFCI_DLBCL_GOE16	0.0025476989154156813	0.003893847731169599	0.9843791321021341	0.006100926156577168	0.0030783950947034684
DLBCL10887	0.0067937291504510545	0.010077482757179733	0.0334581211836796	0.01828398927707587	0.9313866776316138
DLBCL10950	0.9397863486832007	0.005187785603144406	0.017673246223777455	0.025606921564177994	0.011745697925699499
DLBCL11450	0.003966016102487877	0.005438107484144886	0.003879071938177826	0.009231995789731759	0.9774848086854576
DLBCL_RICOVER_134	0.0055044749996887585	0.019031005660151236	0.012194439944893283	0.016735524249508665	0.946534555145758
DLBCL_RICOVER_712	0.0035403432217469433	0.004413256001097407	0.0035824135989975447	0.007545260684492819	0.9809187264936653
DLBCL_RICOVER_449	0.001993236356049959	0.0015748277033549628	0.0014583819279822073	0.002721637881754299	0.9922519161308586
DLBCL11537	0.9766728760902398	0.0028788883657154935	0.0038081574444514283	0.007088400951704471	0.009551677147888874
DLBCL_C_D_1125_NULLPAIR	0.0022677733447691783	0.005427402884761417	0.0036565635003924127	0.004553644407759388	0.9840946158623176
DLBCL10471	0.0019432680367224486	0.0018815949964288694	0.0014726808779354894	0.001955201154528222	0.992747254934385
DLBCL10913	0.993061085610222	0.0014018456324778029	0.0011737903693496566	0.002630177618531314	0.0017331007694192217
DLBCL10975	0.9742814257847197	0.00320508398119416	0.002918255115416278	0.012240857694765383	0.0073543774239044684
DLBCL10515	0.9885592817507949	0.0021793685641358185	0.001808445095321645	0.004676954422200787	0.002775950167546888
DLBCL10854	0.005169396680833247	0.008682445301442366	0.009457507099822373	0.019345431457689962	0.9573452194602121
DLBCL10988	0.0017885503603304598	0.9909404100718007	0.0032747944581174937	0.0022669450457280848	0.0017293000640232566
DLBCL11482	0.9944701688295546	0.0008968669575258201	0.0010798092233238641	0.002251658863448292	0.0013014961261474196
DLBCL11539	0.9730030877025676	0.003104824550181756	0.006355948299469971	0.01363993935333821	0.0038962000944424862
DLBCL10917	0.006446588463744365	0.9752129028405889	0.007583742099051665	0.0051847490330328245	0.005572017563582248
DLBCL_RICOVER_1293	0.0018015209622030104	0.0015388065876346937	0.0015159621770105922	0.0024901048516007777	0.9926536054215509
DLBCL11498	0.011427287774713139	0.9707443834112264	0.008223930775466319	0.0043422415930383365	0.005262156445555864
DLBCL11191	0.9850555661539692	0.0025414812971628446	0.0029549129628183794	0.006375638387952353	0.0030724011980972246
DLBCL10836	0.005832043531089012	0.002753052779848358	0.004405518688747396	0.007856374230938852	0.9791530107693763
DLBCL10853	0.003219760454749409	0.0023195861979941734	0.0027878956803356644	0.004238688681340019	0.9874340689855807
DLBCL_LS3749	0.002835198838554082	0.9836865004745996	0.0064891350810665814	0.004075413987145345	0.002913751618634398
DLBCL10924	0.003181676518083592	0.002738577375616351	0.0034207214183201956	0.007470488506301096	0.9831885361816788
DLBCL10842	0.002081296415714546	0.0022194018038595386	0.0028680394941227334	0.004751831068937908	0.9880794312173653
DLBCL10983	0.006069723647824899	0.9779205234717693	0.004427754822737812	0.004603988506584633	0.006978009551083344
DLBCL10883	0.002587183032481434	0.0021099924361775418	0.0032423693772844196	0.003645109507319136	0.9884153456467375
DLBCL10850	0.001409542334087998	0.9947063570085427	0.0017532038516762693	0.0008979508056314462	0.001232946000061566
DLBCL11565	0.0030153840055923667	0.9822315452974203	0.005566140833677038	0.004563500770076413	0.0046234290932339285
DLBCL_MC_F927_JHS	0.19680324549773393	0.18842565383809556	0.2046245076587833	0.1396604180067794	0.2704861749986079
DLBCL_RICOVER_274	0.03367909196830809	0.09102801035488127	0.0315889052697547	0.7401369467972099	0.1035670456098461
DLBCL11466	0.07787868581886599	0.31427274446655756	0.06740394032969045	0.452294963570276	0.08814966581460999
DLBCL10908	0.1269519519849469	0.3673371333763433	0.10453535691878	0.06986039003738337	0.33131516768254643
DLBCL11479	0.10559720339650683	0.2553744628467336	0.5416091370418653	0.06314090996898868	0.03427828674590555
DLBCL10517	0.012269732825841186	0.6424879560967357	0.2812720080367121	0.03900812066282658	0.024962182377884362
DLBCL11446	0.13934195660787133	0.5760029422419859	0.06108957502039549	0.16159499534973373	0.06197053078001362
DLBCL10968	0.5785697815910423	0.012864397793189885	0.01834138712451127	0.25801058076221156	0.13221385272904498
DLBCL10881	0.39467048377322655	0.014626204298772325	0.02366150060754521	0.08254868216268121	0.48449312915777476
DLBCL_RICOVER_258	0.23942739019365045	0.018584750940464034	0.2147502782850123	0.07178224767199393	0.4554553329088792
DLBCL10549	0.032975557389060245	0.5727125794184075	0.34956975198468576	0.030795235051162693	0.013946876156683856
DLBC_FF_A7CX_TP_NB	0.42990133876668485	0.026340031654406845	0.10043738649435588	0.059444210791437004	0.3838770322931154
DLBCL11478	0.5281663349163199	0.054482393116696025	0.35909339316095246	0.044952695115492214	0.013305183690539308
DLBCL10548	0.7126319281954059	0.10393542815813497	0.0172578983378296	0.12215126711374875	0.044023478194880776
DLBCL_LS1304	0.020649932933199812	0.029995264159348972	0.7526381404420859	0.03777658391262609	0.15894007855273928
DLBCL_RICOVER_1046	0.010438642138142162	0.6997393248977488	0.22587849575174213	0.02360269628109284	0.04034084093127403
DLBCL11510	0.44989274664090856	0.3651636370196136	0.05718306307592875	0.05141488999851875	0.07634566326503031
DLBCL_C_D_1117_NULLPAIR	0.13507196154457576	0.6424804395746793	0.02112095681509774	0.17358517908287707	0.02774146298277018
DLBCL11202	0.256905666534416	0.15003974795737274	0.4403514535153927	0.14148724143687247	0.011215890555946132
DLBCL10451	0.7049274613274941	0.03320090140132281	0.21603572764109064	0.032053302404974025	0.01378260722511853
DLBCL_RICOVER_111	0.14476208191056875	0.035830721870433464	0.10136805773158393	0.0620222896209583	0.6560168488664555
DLBCL_MC_F064AB	0.02471700660840193	0.02725489765720917	0.7147655300344341	0.18477365052979758	0.048488915170157264
DLBCL_RICOVER_216	0.04952899956984545	0.08158115780388502	0.47243852278956555	0.04102953873342656	0.35542178110327743
DLBCL10454	0.3002775198277225	0.46806090034383324	0.05542436943713141	0.017016806256888006	0.1592204041344248
DLBCL10846	0.23178084072911947	0.6130719940951896	0.03878184025381923	0.07650651543230988	0.039858809489561775
DLBCL10895	0.013689594102905328	0.12405194064622725	0.07944287337548142	0.022735840517701045	0.760079751357685
DLBCL10909	0.051722087564968114	0.021051475081634984	0.057964118308900185	0.6430620701687448	0.22620024887575188
DLBCL_RICOVER_522	0.07132694847758364	0.06874354480166178	0.5028047002188684	0.3393266945492061	0.017798111952680072
DLBCL10985	0.0699793500344875	0.5542692469016578	0.0317026738884488	0.2915443061381946	0.05250442303721131
DLBCL10486	0.6539271181082755	0.1080195969736922	0.01708157681233547	0.1038906794670346	0.11708102863866217
DLBCL_LS3499	0.09544309222155628	0.09752346359320534	0.05104080131639904	0.6922535782350316	0.06373906463380767
DLBCL11657	0.025767938005822725	0.08567395119438032	0.6758186180651878	0.1808343702359478	0.03190512249866124
DLBCL11663	0.7000755251666921	0.05926100259131035	0.08571502569478019	0.09772233434488234	0.057226112202335006
DLBCL11449	0.0498982617875419	0.604283443600359	0.07863084443798393	0.02028010881313843	0.2469073413609767
DLBCL10485	0.030269823614321276	0.10848019499282023	0.028175334176125694	0.014580234109951	0.8184944131067818
DLBCL_MC_F362_MJB1	0.02146743531209616	0.3811581405364478	0.456103669989534	0.02279749858358027	0.11847325557834174
DLBCL_C_D_1140_NULLPAIR	0.05134011431986903	0.03987654471359404	0.08409750720439653	0.09879581932406593	0.7258900144380744
DLBCL10553	0.027219563530615845	0.03647912702533256	0.11238910367844275	0.7837393913819156	0.04017281438369317
DLBCL10868	0.06056745270885765	0.01708383870642329	0.027521291866488166	0.6532010114909624	0.24162640522726844
DLBCL11501	0.5107823767835595	0.3539343165544941	0.014359626866027033	0.03835958055016614	0.08256409924575323
DLBCL_C_D_1153_NULLPAIR	0.05277324385335121	0.0696797994304721	0.02354201059739316	0.38389910713623693	0.4701058389825466
DLBCL10962	0.032574854575253956	0.8263968185843995	0.06808420879235522	0.030764228621800272	0.04217988942619106
DLBCL10900	0.018275114124913373	0.005462031573315681	0.009536556995545268	0.026929086719320986	0.9397972105869047
DLBCL11437	0.04253096127315878	0.012714667353476677	0.04891916600841183	0.7951429081402662	0.10069229722468648
DLBCL10513	0.10156654594295268	0.058597966457524846	0.054257454160100804	0.765063692467111	0.020514340972310644
DLBCL10994	0.7858157512001558	0.08220362244227765	0.024802973545646936	0.030334197012618098	0.07684345579930153
DLBCL10472	0.05126290114173508	0.027621351537595405	0.6354314769500029	0.2657855069222808	0.01989876344838589
DLBCL10878	0.06456868578534998	0.009531808673954685	0.015627032101801067	0.06010745931312612	0.8501650141257682
DLBCL_RICOVER_866	0.03119554183564368	0.025709927120799985	0.6218886627345023	0.3017189225833699	0.019486945725684178
DLBCL10552	0.26963354735921313	0.027282766142811266	0.1389849761467473	0.5444088403615638	0.01968986998966448
DLBCL11507	0.010878781608330206	0.9430613926230946	0.03162040636162423	0.0075820252302446906	0.006857394176706219
DLBCL_RICOVER_583	0.0166738140471699	0.7955826776138281	0.0814187401169131	0.015551133512834655	0.09077363470925431
DLBCL_RICOVER_1204	0.02530410720590577	0.042889656602113385	0.052318364723057044	0.5286500178173332	0.3508378536515906
DLBCL11196	0.028087636940937376	0.0119464772353244	0.030508072985350698	0.8915736400017871	0.03788417283660051
DLBCL11460	0.027130061142862254	0.017283221112246235	0.027220009487686575	0.9041514280650841	0.02421528019212086
DLBCL_RICOVER_440	0.013838990698396964	0.814073364219534	0.14444425809191638	0.012969085581791889	0.014674301408360752
DLBCL10939	0.0341777899246359	0.013432723854833028	0.03222323815225706	0.8868092977895707	0.03335695027870323
DLBCL11459	0.027918415113253377	0.014888358271168073	0.02603251750753938	0.9052706064393515	0.025890102668687628
DLBCL10565	0.0740901833730723	0.04294930664915505	0.7886948226407807	0.0765744928116043	0.01769119452538761
DLBCL_C_D_1151_NULLPAIR	0.03860770230936848	0.01997212280037443	0.03242240413102505	0.8873314631661835	0.021666307593048564
DLBCL10964	0.027105749524637165	0.03286779154083792	0.01977559671938944	0.20138434950660233	0.7188665127085332
DLBCL_LS951	0.9077027200705323	0.027422979530564117	0.024626205353894905	0.031399462166881026	0.008848632878127623
DLBCL_RICOVER_288	0.017956781549428355	0.9580487024047999	0.008819709734960126	0.009373616991677653	0.005801189319133982
DLBCL11208	0.012520511780704105	0.9312275285103799	0.029327860538869675	0.014497525983691953	0.012426573186354374
DLBCL11476	0.027618016361677836	0.017605048389345738	0.009521894518229792	0.011655255512717823	0.9335997852180288
DLBCL10521	0.01391247624260533	0.11465217242211204	0.016876595626900154	0.016100989351954035	0.8384577663564284
DLBCL11651	0.016031935391572872	0.018053810730324905	0.8751198673535002	0.051205003649906565	0.0395893828746954
DLBCL11481	0.9446355640747511	0.006173582151604499	0.01761523504964155	0.013982583830117818	0.01759303489388505
DLBCL11004	0.008726401943188848	0.007399494773826313	0.010361766371815755	0.03680489328878986	0.9367074436223792
DLBCL10542	0.9445296128737061	0.005114380829446061	0.009040849991405371	0.014091067521426626	0.027224088784015863
DLBCL10925	0.007119142426387744	0.012150078873684711	0.007007354615483184	0.019200817456227093	0.9545226066282173
DLBCL_RICOVER_173	0.007011277576098236	0.006715742784345155	0.010319097746542664	0.027148331354354648	0.9488055505386593
DLBCL10947	0.0257137396877268	0.9350240073479825	0.014333685687553893	0.005541430969619631	0.019387136307117185
DLBCL11591	0.009604978495193605	0.9122046933163721	0.0589904983854225	0.008209130578855304	0.010990699224156427
DLBCL_LS4054	0.016122453647771175	0.9245862472207395	0.015691737344413502	0.02209148171469058	0.02150808007238529
DLBCL10843	0.9314964294402902	0.008423133962132083	0.006916630998289088	0.03752608395824051	0.015637721641048104
DFCIDL009_DT	0.006939876671226498	0.027615068388227807	0.9453458859957455	0.013791083512514481	0.006308085432285648
DLBCL_C_D_1157_NULLPAIR	0.021979171624435113	0.010155881160781853	0.9330978721043658	0.023741315823364095	0.011025759287053186
DLBCL_C_D_1129_NULLPAIR	0.9478334736770339	0.007582913974365798	0.013612973863661615	0.010638648639302507	0.020331989845636184
DLBCL_RICOVER_829	0.9566427951807024	0.010061256530622837	0.003634086453942807	0.01487213210123619	0.014789729733495753
DLBCL11470	0.9630911982797116	0.00369839355590154	0.00609492159362646	0.020516984077037937	0.006598502493722436
DLBC_FF_8042_TP_NB	0.0077780541643936415	0.020673878526255216	0.02146289486028882	0.02806771252112364	0.9220174599279387
DLBCL10856	0.013116595326224022	0.018381701840845765	0.023458269816878468	0.013311556462328488	0.9317318765537232
DLBCL11685	0.00476242927871156	0.00598570197960943	0.965124576295769	0.011355725189888796	0.012771567256021191
DLBCL10522	0.006220575387091642	0.006706133146821677	0.9699003520908317	0.010545301524180942	0.006627637851074035
DLBCL_RICOVER_826	0.9846913853670042	0.002769074157896006	0.0021861351385125106	0.006719723517575007	0.0036336818190123256
DLBCL11672	0.004710615039520595	0.006994491528103998	0.9639954994030188	0.015482967510232813	0.00881642651912383
DLBCL_RICOVER_335	0.00840384423310201	0.9622442556303513	0.0076937638787263505	0.013149153171009337	0.008508983086810933
DLBCL11500	0.0041064157500745315	0.003381367222630721	0.004437199681243605	0.007808703793592505	0.9802663135524586
DLBCL10519	0.004233744366136499	0.9778426692419047	0.01002749964453129	0.004859759973245452	0.003036326774182045
DLBCL_RICOVER_1192	0.004049094185065423	0.006683052558999926	0.003957573884367025	0.00448132767654953	0.980828951695018
DLBCL_C_D_1133_NULLPAIR	0.008563290678390437	0.014523802506456877	0.959648514724655	0.010127261823308304	0.007137130267189404
DLBCL_RICOVER_1219	0.0023200920739005586	0.0035097480710975155	0.0032169669849779	0.006271970687772328	0.9846812221822517
DLBCL11677	0.9936840041423447	0.0009232347317308026	0.0013047892431203181	0.0026627758779334773	0.0014251960048707111
DLBCL11569	0.004604033660424969	0.012846458183302937	0.9686346121231124	0.009860778833464645	0.004054117199695004
DLBCL_C_D_1135_NULLPAIR	0.011166607824152824	0.9608471247397536	0.011881029994109333	0.01052330180001073	0.005581935641973479
DLBCL10884	0.9778533194125933	0.003639535766313021	0.0026039838889137523	0.0113111071956317	0.004592053736548208
DLBCL_MC_F519_ALT	0.0018503025283540594	0.00254832029495823	0.001965051305230774	0.0026399547636126643	0.9909963711078442
DLBC_FF_A7CR_TP_NB	0.010235016691691154	0.0036018613366498287	0.006480304665239141	0.013501661502468548	0.9661811558039514
DLBCL_LS146	0.0023203194814461103	0.9868206784391634	0.005915183973239167	0.0020658349323135314	0.002877983173837742
DLBCL_RICOVER_678	0.0033481493284208443	0.9873621221068536	0.0031765739126748604	0.0023396466784771927	0.003773507973573509
DLBCL10860	0.0026298486973475505	0.0038400381543455555	0.005010924214061951	0.005987850859927084	0.9825313380743178
DLBCL_LS1065	0.004616028629012879	0.979931838907593	0.0072557159254727464	0.004172318721319922	0.004024097816601456
DLBCL10996	0.9935502206363889	0.0008935319851077061	0.001402145963799762	0.002212243878156171	0.0019418575365474484
DLBCL10897	0.981719500758957	0.00403228886143409	0.002357765266533822	0.0066386529175593715	0.005251792195515711
DLBCL10977	0.0032454736925737887	0.0020376940734778345	0.0025113168147459612	0.004036764629173593	0.9881687507900289
DLBCL10458	0.9965656481391103	0.0006361853704581974	0.0006440346549353107	0.0014206180307458841	0.0007335138047503261
DLBCL_MC_F132_MLM	0.989184677559201	0.0016868297213369127	0.001523030219768865	0.004577063282355836	0.003028399217337309
DLBCL_MC_F089_HCZ	0.0026555775491554053	0.9793223654219659	0.007452048244664112	0.005183419370321704	0.005386589413892858
DLBCL_RICOVER_174	0.001832384505616464	0.9932046829414543	0.002434126755557748	0.0012676212594623453	0.0012611845379091875
DLBCL10874	0.09606583127763198	0.4228746822152101	0.023697927722197427	0.21139353516743906	0.2459680236175214
DLBCL10865	0.41136051378286653	0.11332126925728986	0.06395791039705807	0.15668902950395688	0.2546712770588286
DLBCL11488	0.68084261906118	0.010210110213126582	0.018389325606633068	0.06809338932534388	0.22246455579371643
DLBCL_LS4619	0.014639947915880535	0.09772881369594484	0.5753933099565968	0.07971585049590169	0.2325220779356761
DLBCL11576	0.042168478944421	0.19488061865726655	0.08312997121141665	0.6381387164617549	0.04168221472514087
DLBCL11432	0.483161339075815	0.010718916826096797	0.26984672618330213	0.17593638949931556	0.06033662841547044
DLBCL_RICOVER_711	0.20015446131531434	0.40753153392735736	0.03010291020105751	0.33068449429904484	0.03152660025722599
DLBCL_RICOVER_1269	0.019887600442524144	0.18296612633764361	0.6017186898215069	0.13726418526789638	0.05816339813042895
DLBCL10955	0.3291748616165943	0.084111429645954	0.040604000432650784	0.2577105569686563	0.2883991513361447
DLBCL11574	0.07578616781636759	0.17041720531384735	0.576998987280986	0.08754486846292407	0.08925277112587494
DLBCL_C_D_1138_NULLPAIR	0.024573257385148328	0.06382907007300599	0.7378359488359871	0.14775439318079922	0.02600733052505935
DLBCL11430	0.6498071006360672	0.0171750361236619	0.10401631433178547	0.21060725431223912	0.018394294596246353
DLBCL_RICOVER_720	0.030631170248225113	0.1721011771293215	0.0626138822620959	0.01700583409030142	0.7176479362700561
DLBCL11520	0.7995846009965426	0.010877042289231907	0.013897673435722251	0.03248518603354141	0.1431554972449618
DLBCL10482	0.7944918820503124	0.033866803713406744	0.016685836119830016	0.021586880358169542	0.13336859775828128
DLBCL11519	0.5282072840815519	0.04453142758594105	0.041376636707951026	0.36739532000884134	0.01848933161571472
