	0	1	2	3	4
DLBCL10954	0.2542041732175359	0.18159548604175968	0.1349557547473149	0.20160798233152433	0.22763660366186517
DLBCL10969	0.16203053310203583	0.09390379954086252	0.3024123875873977	0.07097746677688245	0.37067581299282154
DLBCL_MAYO_DLBCL_3653	0.13250267821181294	0.2364987680985267	0.15021324839181147	0.11158527241617942	0.3692000328816694
DLBCL10869	0.130964137373827	0.23200995371267044	0.14965765505564432	0.11557031085590813	0.37179794300195007
DLBCL11467	0.13683121649554839	0.2372879522675552	0.15123459907197043	0.11112287090082387	0.36352336126410223
DLBCL10457	0.14220115268803335	0.2410659724673334	0.1551799276990399	0.11482166053837474	0.3467312866072185
DLBCL11473	0.47129779946743744	0.10532791707367337	0.025111065188212156	0.26386917883072875	0.1343940394399483
DLBCL11652	0.4812160235301915	0.11779630942360313	0.1636232026833856	0.16737106200485546	0.06999340235796428
DLBCL10564	0.017870798101015547	0.24269242112443273	0.4235248869907806	0.22026700357911747	0.09564489020465365
DLBCL_LS4593	0.031730020668836054	0.4246216563667563	0.2742019517301362	0.1886091826310895	0.08083718860318193
DLBCL_C_D_1115_NULLPAIR	0.041320601203379506	0.46039553549563306	0.11433500532179533	0.3115890061754666	0.0723598518037255
DLBCL10837	0.150070816077847	0.2084317367731131	0.0562645703148373	0.04962940997001644	0.5356034668641863
DLBCL10971	0.22422573059452913	0.15020428022985638	0.1620534242380241	0.3996267672283378	0.06388979770925263
DLBCL10927	0.29712483934561895	0.04170398191875936	0.07782639799857086	0.5494486617720035	0.03389611896504742
DLBCL_C_D_1109_NULLPAIR	0.3605041090559568	0.029078957621926426	0.030394682678690402	0.44456635792041516	0.13545589272301123
DLBCL_MC_F218_RAP	0.4662622235669467	0.04617852531848905	0.19646552760261862	0.27107784123794554	0.02001588227400018
DLBCL_RICOVER_1060	0.4041277362476936	0.32354802936929106	0.09496527561470879	0.08580304623706603	0.0915559125312406
DLBCL10907	0.5289998355916528	0.25345705588153894	0.019080320503076884	0.1112871625595446	0.08717562546418688
DLBCL11541	0.035942622226554456	0.5538488983995148	0.10688419978974564	0.0489886850439328	0.2543355945402523
DLBCL_LS1395	0.0659184658162589	0.4790438535595053	0.38799036644861723	0.032642755527530515	0.034404558648088106
DLBCL_LS1668	0.027176715941833088	0.1046575189450009	0.5426144714637464	0.24063202624365912	0.08491926740576043
DLBCL11515	0.05853251950797408	0.04670791109455717	0.3493733339533	0.08298801690760094	0.4623982185365677
DLBCL10915	0.06205234509087089	0.11726550104719793	0.0671493891436306	0.4349633287611745	0.3185694359571259
DLBCL10781	0.3664983776511384	0.06313508049951386	0.03462295075750491	0.2993682380003717	0.2363753530914711
DLBCL11436	0.03330783902314428	0.5259871064259992	0.1451912426974176	0.1969920860467026	0.09852172580673628
DLBCL_RICOVER_151	0.062359507187161524	0.2873318517590831	0.08747561663313015	0.4770331437759605	0.08579988064466468
DLBCL_MC_F500_ECU	0.18557238751598634	0.4730906359116894	0.08562491411846085	0.12367642254155573	0.13203563991230766
DLBCL11471	0.15528044528538953	0.1681030637692343	0.03162509806217092	0.20348740942389015	0.44150398345931513
DLBCL11468	0.052282381894232066	0.06036819473060993	0.3002362390761154	0.5512679670993934	0.035845217199649206
DLBCL10970	0.04430252420553198	0.2441812511532304	0.39993983170954983	0.20946332258263103	0.10211307034905664
DLBCL_C_D_1118_NULLPAIR	0.3788057412083497	0.33544686261352785	0.025883981692156933	0.10701534357479302	0.15284807091117253
DLBCL10509	0.25002852955930155	0.5868623742889446	0.027461954551294975	0.08335176199083422	0.05229537960962458
DLBCL11458	0.2827298603182887	0.09721767857679098	0.528811863482539	0.06870325998986242	0.022537337632519024
DLBCL_LS4616	0.01995142454411364	0.577839067468968	0.34413482844343074	0.026750967228577074	0.031323712314910615
DLBCL10935	0.46473731462636053	0.39488365993033636	0.046892031339165426	0.06676133779496099	0.026725656309176712
DLBCL_RICOVER_320	0.10860686255531142	0.06811614462822253	0.6329365654924094	0.09790970305048857	0.09243072427356802
DLBCL10973	0.40085269614625973	0.028330785943580815	0.15962681126643383	0.25996842760937716	0.15122127903434843
DLBCL_LS3204	0.07938450567800281	0.7494125521899665	0.04638564564171636	0.0874442120754463	0.03737308441486811
DLBCL11474	0.5979715259375687	0.03937260283103532	0.03672158041542389	0.26178867960119795	0.06414561121477418
DLBCL10961	0.01110014914676926	0.17774748255140607	0.03287508478030843	0.06693996149247616	0.7113373220290401
DLBCL_RICOVER_401	0.02225850170790023	0.13934083008993425	0.7939604572101452	0.026990682513582328	0.017449528478437993
DLBCL10885	0.024389338302443574	0.5188148030349264	0.019139873855811323	0.03865731609082379	0.3989986687159948
DLBCL10957	0.12033847679424264	0.03548107113008572	0.048170711390329954	0.6133636441497528	0.18264609653558894
DLBCL_RICOVER_773	0.0227650245657988	0.18377748622571505	0.012296276447443365	0.02842279160625061	0.7527384211547922
DLBCL10980	0.021879417574304644	0.19731863168354477	0.024219657949630453	0.03626611229969975	0.7203161804928204
DLBCL_LS2590	0.028109277202640136	0.024699494668540097	0.012879599237240228	0.11056992301294824	0.8237417058786313
DLBCL10459	0.016996882924434773	0.14158497005547357	0.7710848325552628	0.051774230326514924	0.018559084138313912
DLBCL_RICOVER_1287	0.03075867346986549	0.6125129493092912	0.03455269476795508	0.038370511276436245	0.283805171176452
DLBCL11439	0.17900440121623226	0.09707129203804357	0.6467753368541969	0.060200074817761164	0.016948895073766127
DLBCL10873	0.06205922558820062	0.07614824645285082	0.06588850161727204	0.591771222341631	0.2041328040000455
DLBCL10527	0.032095110859329326	0.0374085206135388	0.1336180434082413	0.7132525824376593	0.08362574268123131
DLBCL11003	0.043830435106047234	0.7322735630086383	0.0530932975454466	0.022056478997061923	0.14874622534280593
DLBCL10999	0.021300853976591035	0.016577784156251486	0.021925490020122736	0.11251260495848854	0.8276832668885462
DLBCL11512	0.45902514673014605	0.08956382875736785	0.09665831667785485	0.33050943904157687	0.024243268793054388
DLBCL11495	0.04790055247060758	0.012159650302970452	0.008589801775383385	0.053566727830832196	0.8777832676202064
DLBCL10896	0.7339217136514449	0.048497322145276286	0.019896195237740003	0.13955851908700476	0.05812624987853413
DLBCL11486	0.08506778730200172	0.04103722739400029	0.007751572396804705	0.03140074424983711	0.8347426686573561
DLBCL10862	0.04775389872469539	0.1101388323532535	0.04109168691117058	0.03353808163751867	0.7674775003733618
DLBCL10899	0.033508818151978766	0.024522962156194875	0.004492310122842472	0.0199837652322274	0.9174921443367565
DLBCL_RICOVER_1190	0.8338491716961131	0.04377929450363682	0.020658431291273757	0.05455901296531332	0.047154089543662965
DLBCL_RICOVER_533	0.031944779309069186	0.8529324832589694	0.07517356045361713	0.019672654410101492	0.02027652256824277
DLBCL11484	0.023168970457938465	0.7602882719606727	0.04719134104375725	0.02909499701860044	0.14025641951903106
DLBCL_RICOVER_701	0.08111722344884494	0.014179448656668349	0.07542919161895228	0.7777300931403415	0.05154404313519298
DLBCL10965	0.10134664176523063	0.01988238288963231	0.04569238013573685	0.774951925622008	0.05812666958739224
DLBCL10554	0.048479090830829456	0.02082372717975008	0.8853201529772329	0.03566001972056831	0.009717009291619262
DLBCL11673	0.021326686983204172	0.8408095088279105	0.08645800181400407	0.03160733847342653	0.019798463901454805
DLBCL_LS2089	0.01307169189373018	0.8163952566039863	0.01864919017500296	0.01189621684303201	0.13998764448424855
DLBCL10934	0.030816289159905537	0.9030042720346996	0.011802777104392434	0.022006420276745733	0.03237024142425673
DLBCL10544	0.046651469896445655	0.0312126435595631	0.043241424128683245	0.7008788099590141	0.17801565245629397
DLBCL11480	0.7389200824796222	0.02414085679817933	0.0908443712983752	0.09465629845384904	0.05143839096997431
DLBCL11564	0.06587732816752986	0.02037897892137237	0.03632960163779193	0.8119379397223909	0.06547615155091498
DLBCL11472	0.7521222987213593	0.01700042505009013	0.05513193845885636	0.11951808743746498	0.056227250332229334
DFCIDL004_DT	0.027126105509969568	0.012424579107006128	0.007954107228623887	0.04981788062499735	0.9026773275294031
DLBCL_RICOVER_338	0.7469064331436899	0.021817926954626532	0.04757915102787474	0.14956231385480281	0.03413417501900605
DLBCL10480	0.02554998582841312	0.9044467938865918	0.018123062845347048	0.008427067520710456	0.04345308991893757
DLBCL11469	0.02205285741772583	0.039232552840130136	0.8795527447371038	0.03410032938490768	0.025061515620132594
DLBCL11525	0.023449771781751318	0.024127608829078155	0.9159108868022705	0.026431487262191904	0.010080245324708106
DLBCL11670	0.010524551193225271	0.03323706845075985	0.918322159017303	0.030479201347806427	0.0074370199909055325
DLBCL10849	0.01667369658944657	0.8960464419150043	0.016010696261752982	0.010664651093723703	0.06060451414007248
DLBCL_RICOVER_467	0.007275588817181269	0.9205001715097549	0.011014878186791286	0.00964978043820949	0.051559581048063026
DLBCL10993	0.9148585335033654	0.01854350967613092	0.01736690340689945	0.022862340276597257	0.026368713137006915
DLBCL11477	0.9334846973272453	0.013521732216909985	0.015517731362727154	0.022353854157214255	0.015121984935903355
DLBCL_C_D_1130_NULLPAIR	0.8909002131713466	0.01512012440614347	0.01524362601460842	0.04357299428864274	0.035163042119258796
DLBCL10918	0.916363171152963	0.012196118458106326	0.01186816726625439	0.041089980436452136	0.01848256268622418
DLBCL11195	0.014883254601611428	0.041576998874886716	0.008809590604978424	0.038420327096879446	0.896309828821644
DLBCL10495	0.9339563383936961	0.02077988561822714	0.010307827501577669	0.022245432685652544	0.01271051580084663
DLBCL_RICOVER_1289	0.01145272801074091	0.007894393300535422	0.004519072310005206	0.024050662236927943	0.9520831441417905
DLBCL11203	0.00903841364761743	0.9245683097315538	0.017302254387085648	0.027967138196455667	0.021123884037287422
DLBCL10997	0.9307761236040891	0.00877897519652494	0.010871326166049489	0.026460814339479825	0.023112760693856604
DLBCL_C_D_1141_NULLPAIR	0.006719331578069321	0.01115872984235424	0.9611622938493631	0.015304054470770092	0.00565559025944319
DLBCL11656	0.007411706058695617	0.007982023381695916	0.963288143274558	0.014724679222723268	0.006593448062327138
DLBCL_LS3200	0.007640428068819867	0.019254646473134965	0.007436287552348884	0.0155492481791521	0.9501193897265442
DLBCL11669	0.011948510087634113	0.01035332321528975	0.9479611535784853	0.024156735449600095	0.005580277668990704
DLBCL_LS378	0.9551251289551075	0.0072005757082000835	0.010897695139143891	0.017710950133682474	0.0090656500638661
DLBCL10864	0.0053921814050681945	0.006042743905598999	0.004504355476112826	0.014723564605245654	0.9693371546079743
DLBCL_RICOVER_1032	0.010447180947337563	0.033309727683929	0.005329444863677488	0.014691431838540249	0.9362222146665157
DLBCL11566	0.008952859077776376	0.013491685103225055	0.9502273526425629	0.02243786949822586	0.004890233678209847
DLBCL_LS2325	0.007135197497999882	0.007761818496417055	0.9682167461522206	0.013340011083618427	0.0035462267697440424
DLBCL_LS1757	0.9615728412904248	0.0076971259750489955	0.006513275612903494	0.013565509942615881	0.010651247179006928
DLBCL10880	0.005316757772870841	0.0032127474820992435	0.002433177798431987	0.004999947187490677	0.9840373697591073
DLBCL10834	0.005773799786188778	0.9836499772109373	0.0038873550349539463	0.002634450818154625	0.004054417149765422
DLBCL11188	0.0030972031068119393	0.9844049859628841	0.004292732121173664	0.0027202815388001687	0.005484797270330118
DLBCL_RICOVER_417	0.004855179646899288	0.014546119316252338	0.004757208167332742	0.012366184463988263	0.9634753084055274
DLBCL10903	0.001930980183992027	0.9895883679803124	0.0031100353062409546	0.001814943915651003	0.0035556726138036734
DLBCL10901	0.004252936465915818	0.008106548171704357	0.002668132762933993	0.007883944681027726	0.9770884379184182
DLBCL10550	0.00552266399440108	0.008303841603214233	0.002536025537101131	0.00794139103729858	0.975696077827985
DLBCL10848	0.007917832928862924	0.005086112779158001	0.0017220990443584743	0.006962299857845833	0.9783116553897747
DLBCL10530	0.004067876317617612	0.010999487067420086	0.0026237323223245604	0.006056549530412241	0.9762523547622255
DLBCL_C_D_1136_NULLPAIR	0.0015921554017519588	0.9903259137252134	0.0022868416733091046	0.001833151140256202	0.0039619380594693495
DLBCL10902	0.0030348373880406676	0.004302611224694645	0.001311040657521322	0.004145557426017914	0.9872059533037254
DLBCL_RICOVER_850	0.0019171393784600203	0.0021438328559427126	0.000726850777340193	0.001961742188432935	0.9932504347998241
DLBCL10889	0.0006968572262286082	0.0009035650502570372	0.00036532676930211156	0.0008912118185698248	0.9971430391356424
DLBCL10490	0.3071115820253307	0.16787924756087674	0.018945905397853447	0.12242215380488229	0.3836411112110568
DLBCL_LS762	0.14171311744268159	0.23816337760317022	0.13930012152265342	0.11503715861297868	0.36578622481851597
DLBCL10566	0.14502216992426795	0.23725798580201946	0.15662700184858896	0.1194264411646022	0.34166640126052134
DLBCL10981	0.040119117819196776	0.20472127307691068	0.04925492297359679	0.39864397544548424	0.3072607106848114
DLBCL11441	0.24034371328077744	0.02703104698087937	0.35795166136356493	0.2924778347289802	0.08219574364579801
DLBCL11482	0.3198968839888716	0.02394416947452448	0.03776698395590145	0.23672364394010978	0.3816683186405926
DLBCL11590	0.2969088987573929	0.016412770979475102	0.3767881021724712	0.24421486654309807	0.06567536154756277
DLBCL11662	0.4884791281020778	0.06169447134234532	0.02833291628028352	0.2879808275989717	0.13351265667632178
DLBCL_BWH_DLBCL64	0.16124776304240598	0.5173950056875819	0.05548141853154683	0.23174111726387706	0.034134695474588216
DLBCL_RICOVER_361	0.04453581380012132	0.050413696978682455	0.26003073602014665	0.5576178091253519	0.08740194407569778
DLBCL10986	0.5550965296496682	0.032742715725431595	0.11357608321955907	0.23942389085116939	0.059160780554171684
DLBCL10917	0.17188671548221632	0.21947009459222844	0.043590422896973284	0.4553865037962404	0.10966626323234165
DLBCL_RICOVER_712	0.08180815338144305	0.15415356068851824	0.0468987786959456	0.24194999648665055	0.47518951074744253
DLBCL10539	0.14781766863932244	0.02817552964542588	0.08248715092053417	0.6958356269445484	0.04568402385016912
DLBCL10456	0.09579344858373161	0.019402723922600625	0.15761432932045136	0.6425675914134081	0.08462190675980823
DLBCL10532	0.029709014796571467	0.04100915578031323	0.09481034584322036	0.1639036765419265	0.6705678070379685
DLBCL11455	0.28454598013920374	0.04960169539740342	0.118383751466077	0.5148673564644114	0.032601216532904445
DLBCL_MC_F739_AMA3	0.021614566184565125	0.6618737903397615	0.26477668696397877	0.033056096328059704	0.018678860183634884
DLBCL_RICOVER_948	0.022943213495923723	0.6973257067084201	0.22770632210598793	0.02516521549885332	0.02685954219081499
DLBCL10914	0.30768763042172415	0.06363246979785367	0.4608794533895879	0.096583135719687	0.07121731067114721
DLBCL10487	0.1326659035934029	0.10704916970343406	0.07221304586164934	0.6388062017238775	0.04926567911763621
DLBCL11536	0.10442994980456272	0.16562035742423548	0.05369513567659147	0.6041260039346102	0.07212855316000008
DLBCL10978	0.058421576130725184	0.06458487642978135	0.06292392792993871	0.7615403254510578	0.052529294058497024
DLBCL10838	0.04664197050323521	0.35401370181444675	0.018851505432709623	0.03008106972118457	0.5504117525284239
DLBCL10906	0.0748060772482982	0.06334512047480878	0.04202939968420452	0.11848416579517382	0.7013352367975147
DLBCL_MAYO_DLBCL_234	0.20092136964613344	0.018341494711998786	0.08294530098506568	0.6487595347157694	0.04903229994103275
DLBCL_RICOVER_978	0.28479004065731756	0.12099959705283889	0.19457424352831404	0.34002511531179697	0.05961100344973247
DLBCL_RICOVER_950	0.08238450059458845	0.0185196461956682	0.2365411708948887	0.6028993971550469	0.05965528515980769
DLBCL_MC_F729_MAN	0.08778060172418434	0.6952225387489385	0.059879693459375695	0.08676409960786777	0.07035306645963377
DLBCL11433	0.08874725303998164	0.03332863850631374	0.182841792844382	0.4260170829741384	0.2690652326351841
DLBCL11516	0.641161996881406	0.03914213454390752	0.05116049026498291	0.17293297666939436	0.09560240164030913
DLBCL10450	0.03193698415611083	0.022422542813402852	0.013861667342989494	0.12890317672873103	0.8028756289587657
DLBCL11496	0.6955127280896826	0.07919971208673653	0.017659471634468106	0.039906593275345494	0.16772149491376734
DLBCL_RICOVER_1106	0.016084754606368715	0.0561077159672316	0.019975560084456518	0.10337665376614598	0.8044553155757972
DLBCL10879	0.056227091740578945	0.03323690284667996	0.7164674757680602	0.14243028455293447	0.051638245091746394
DLBCL10932	0.06952852852080502	0.02002764075477622	0.0505206129016998	0.8206230689013003	0.03930014892141862
DLBCL_MC_F139_LJF	0.09362026339725914	0.035617605410437625	0.06942440334083039	0.7663918780554883	0.03494584979598464
DLBCL10782	0.2212131080699268	0.06671664633286555	0.06945265732125071	0.608823154720736	0.03379443355522097
DLBCL_LS3245	0.013615859204389246	0.6992977783784086	0.21909031418878752	0.04248136870935457	0.025514679519060064
DLBCL_LS2245	0.18995776226902067	0.20134035911947964	0.5361573551431191	0.0520700399627009	0.020474483505679646
DLBCL10547	0.09055562344369444	0.04746309697832873	0.1060429863351154	0.7246067326509382	0.03133156059192322
DLBCL_C_D_1112_NULLPAIR	0.6190114582288745	0.09556196062232883	0.08420104908770344	0.10683471897161305	0.09439081308948011
DLBCL10974	0.039948119406468995	0.04776549702410813	0.04105766057635396	0.22099112710792576	0.6502375958851432
DLBCL10492	0.33699074380013355	0.03236251202434094	0.012230047218116593	0.04462332295811552	0.5737933739992933
DLBCL10871	0.07221198157252673	0.5953227331553533	0.06638820702666441	0.05331125410844835	0.21276582413700718
DLBCL10462	0.6612373535765056	0.02699165109791827	0.02167878653862009	0.17662606065955658	0.11346614812739948
DLBCL10780	0.02824203548985261	0.3570312038299009	0.465934278408751	0.11939442876006118	0.02939805351143425
DLBCL10904	0.09874832848198499	0.06231532899948506	0.009068016768558758	0.04963462057545525	0.780233705174516
DLBCL_C_D_1103_NULLPAIR	0.06490408799307512	0.21406502834923302	0.5211954100804697	0.17580826252275006	0.02402721105447215
DLBCL_RICOVER_314	0.060707424572515614	0.1265313641238216	0.6800304757986178	0.06938028396413376	0.06335045154091123
DLBCL11429	0.9002593304965003	0.013739814169024159	0.010220293119287216	0.03724497120735767	0.03853559100783066
DLBCL10959	0.8037534167454635	0.08360704737822892	0.01751756401413176	0.05943218008047359	0.035689791781702146
DLBCL11454	0.7972675074446424	0.0614977986868752	0.01822641714947023	0.09584657547254354	0.02716170124646863
DLBCL_RICOVER_945	0.25756211817588354	0.5482649647103078	0.03393305583304051	0.0944884012330357	0.06575146004773245
DLBCL11679	0.6494569790267456	0.24206398565291254	0.03848731186195586	0.03562058105097803	0.03437114240740798
DLBCL11537	0.8297874355009268	0.021215770494114515	0.01839486544724321	0.030028038415635727	0.10057389014207978
DLBCL11539	0.8382459652168749	0.013967902132081034	0.04803868209278127	0.08338155421620691	0.01636589634205594
DLBCL_RICOVER_1329	0.13348024734820085	0.04496603503805042	0.016160285354325014	0.03327868039767135	0.7721147518617523
DLBCL11450	0.020096130803581573	0.027326462439785888	0.004577846203336211	0.020272200378937396	0.927727360174359
DLBCL_LS3809	0.814595006720514	0.023863624162922033	0.01689597989205874	0.02851765143206479	0.11612773779244044
DLBCL10975	0.8502347553220746	0.012645663628556535	0.01654946131260636	0.0825855753278142	0.037984544408948294
DLBCL_RICOVER_299	0.01138656482852594	0.6891073336882603	0.2105258638687065	0.024165222507570052	0.06481501510693724
DLBCL10836	0.018625683604871966	0.00723782456406488	0.007400033482146834	0.03060884304034731	0.936127615308569
DLBCL_LS1098	0.03500719937087642	0.011662778519560367	0.8919701585938008	0.045958124037301235	0.015401739478461199
DLBCL11518	0.7947331334036014	0.10320347218196868	0.030225381022711217	0.04602446244940713	0.025813550942311605
DLBCL10894	0.8756236542294477	0.03993691949939072	0.011171356215709501	0.04845104081171554	0.024817029243736535
DLBCL10950	0.879041400345946	0.018449753165123584	0.032809213993126335	0.051742191620951186	0.017957440874852827
DLBCL10890	0.0243526581351817	0.02135947221707735	0.01571811840309654	0.11364671544020769	0.8249230358044367
DLBCL10503	0.04184934273832623	0.764581879876031	0.12601779596973256	0.04329617994933013	0.024254801466580093
DLBCL_LS2328	0.06225867459386481	0.14607128684651438	0.7313398677760931	0.04907176233571924	0.011258408447808576
DLBCL_MC_F815_BAT	0.016010453568418462	0.015018087193331389	0.8912981071951032	0.061521976630368784	0.01615137541277823
DLBCL11542	0.012886921487933224	0.047221524178094665	0.8964390959606763	0.03563927838390597	0.007813179989389891
DLBCL11191	0.9448909890883643	0.008402302468490795	0.010080767499401696	0.02376948253592396	0.01285645840781924
DLBCL_C_D_1126_NULLPAIR	0.06265594829204282	0.8480068500608785	0.0280485367804771	0.021523965751501926	0.03976469911509971
DLBCL10498	0.02538291723692381	0.02372498249927238	0.8926368301382019	0.051242115884957674	0.007013154240644211
DLBCL10876	0.009013955249100843	0.03992234933809762	0.006248236263194984	0.018310466429625364	0.9265049927199812
DLBCL10913	0.8673199889992739	0.04956044964129837	0.014641149173191707	0.02732964136589828	0.04114877082033772
DLBCL10847	0.05217889244854201	0.029065749313500533	0.013652885682016147	0.021497169655080875	0.8836053029008605
DLBCL11206	0.021173490199035257	0.8472706707989686	0.02861047534584726	0.01922522431235256	0.08372013934379631
DLBCL10515	0.9426416074488172	0.009991099920279096	0.009676800422706662	0.02410270128015091	0.013587790928046172
DLBCL10471	0.028846970985975325	0.03211745526777528	0.007003554568393609	0.010935759812067531	0.9210962593657882
DLBCL10989	0.012676406126488064	0.9150143340837871	0.013557608271293844	0.012114762507773541	0.04663688901065745
DLBCL11573	0.012038855982914298	0.01311050715118517	0.9353966652650353	0.033819256739911825	0.005634714860953394
DLBCL11504	0.025535043051997407	0.01843275393728257	0.006281881228728538	0.02931815163054219	0.9204321701514493
DLBCL11428	0.012722007803350881	0.021988261456011623	0.9316161340539182	0.02461117695567328	0.009062419731046009
DLBC_FF_8046_TP_NB	0.019594092097833256	0.01663335351365067	0.9245545373045552	0.02923276719853477	0.009985249885426112
DLBCL10916	0.011671084844775645	0.015497061111553384	0.007471912134374795	0.03160870508079348	0.9337512368285027
DLBCL10983	0.016163943591238787	0.904162199594316	0.008432218006343752	0.01300227222221186	0.05823936658588967
DLBCL10854	0.009101069430282575	0.01201021493029962	0.006305880010902747	0.02812531216051467	0.9444575234680004
DLBCL_RICOVER_408	0.011157300903447909	0.8837096075159577	0.06117451015144282	0.018205864836263345	0.025752716592888206
DLBCL11434	0.9473450311450524	0.008265294640895508	0.014846243578715824	0.01926808474237986	0.010275345892956407
DLBCL11666	0.007905128923455925	0.012682304019669534	0.9591768371018853	0.015157855759610303	0.005077874195378914
DLBCL_DFCI_DLBCL_GOE16	0.00847163835546987	0.013356712716822098	0.9546745876772069	0.01767103022123993	0.005826031029261152
DLBCL10984	0.005581823743252399	0.01217853564229317	0.0031695942820842006	0.009847439582073392	0.9692226067502968
DLBCL10857	0.009143991313283318	0.006199160812090866	0.0037732359736223913	0.017996687400157144	0.9628869245008462
DLBCL_LS3749	0.0023364653478820936	0.9844761614352245	0.004815764878843534	0.0036862048284702523	0.004685403509579578
DLBCL10502	0.0055556033309048835	0.9618325806558515	0.01637751164284528	0.007808886206273811	0.008425418164124442
DLBCL10988	0.004729379641402389	0.9659490084498144	0.008910013125361745	0.008175799421537665	0.01223579936188385
DLBCL10453	0.006477915767951749	0.012870479899834872	0.003850377229801622	0.008196152307373535	0.9686050747950382
DLBCL_C_D_1125_NULLPAIR	0.0035415753040372484	0.010688998499593368	0.003098592212691339	0.007360599305825854	0.9753102346778522
DLBCL10853	0.015529651811033758	0.006711078380814912	0.003119251734276867	0.013291000241594252	0.9613490178322802
DLBCL11565	0.004548505462666171	0.9587529153430432	0.00838831718243013	0.0061057600378877	0.022204501973972838
DLBCL10842	0.005468660796992799	0.00376277289402392	0.001854849883616358	0.007672192385810854	0.9812415240395561
DLBCL11498	0.005331735350193377	0.9836499341721028	0.003924697542529456	0.002746398770307038	0.004347234164867368
DLBCL10850	0.000912290102849473	0.9964472518197894	0.0009125957763559176	0.0005213843052169078	0.0012064779957882724
DLBCL10887	0.0026064558415315096	0.0035975718849058117	0.0019168734087155331	0.004840997015167242	0.9870381018496799
DLBCL_RICOVER_134	0.004390366486816372	0.0074423587560016255	0.0016906203578786843	0.004972087763782432	0.9815045666355209
DLBCL_RICOVER_1293	0.013003834710974077	0.013198809278706652	0.0029783914935107916	0.006916883029661894	0.9639020814871466
DLBCL10883	0.0014840565081513564	0.001621289961922068	0.0005715060225544297	0.0015076054956595585	0.9948155420117126
DLBCL10924	0.004042189672121034	0.002524804233309132	0.0010845392939962185	0.0031978575643537323	0.9891506092362199
DLBCL_RICOVER_449	0.008614710275302768	0.0050949927410628955	0.0015925400671389358	0.00750753215479067	0.9771902247617047
DLBCL_MC_F927_JHS	0.14251922277514367	0.23525251451925092	0.15249965951542108	0.11985607345788163	0.34987252973230276
DLBCL10908	0.1417263219473327	0.23992855880664465	0.1552093225317977	0.11885867052048926	0.34427712619373585
DLBCL10962	0.24693458415252864	0.10857980310221621	0.05161709990275245	0.22613494948094603	0.3667335633615567
DLBC_FF_8042_TP_NB	0.039256700058548415	0.15466748961069707	0.4602851301257638	0.27726281481916853	0.06852786538582223
DLBCL11510	0.3410421496850657	0.17163836682407926	0.04018059337973304	0.06045275984892523	0.38668613026219684
DLBCL_RICOVER_258	0.205147848406669	0.029106252911707837	0.21020162880539925	0.08410392578935091	0.471440344086873
DLBCL_RICOVER_522	0.11458423092899489	0.05318884794515766	0.49220246070231627	0.3134361402182635	0.02658832020526768
DLBCL_MC_F362_MJB1	0.033669302845407804	0.07177063294945295	0.266909032822418	0.05135996318897942	0.5762910681937419
DLBCL10994	0.16411152652946526	0.2861328659028358	0.022867751204864225	0.0557680547546456	0.47111980160818906
DLBCL10868	0.11870443221317546	0.028190721577825338	0.026579153393884905	0.4679303119497754	0.358595380865339
DLBCL11657	0.09271771412832784	0.4542386580835754	0.03272214123130463	0.231853585471121	0.18846790108567119
DLBCL11460	0.07408207759075588	0.30844489411249343	0.07890365745030582	0.4572618456859809	0.08130752516046408
DLBCL_C_D_1117_NULLPAIR	0.26238325841807664	0.5283272784866513	0.026305035908014657	0.12850446997281056	0.05447995721444683
DLBCL11202	0.10983319918231553	0.055235235583919295	0.5986092861449815	0.22254928380972006	0.01377299527906367
DLBCL_RICOVER_111	0.03592142931348188	0.11315783486361794	0.19731445265987801	0.07965286925812162	0.5739534139049005
DLBCL11437	0.2671720179166832	0.024461700617311264	0.04533704126341124	0.3602024417652292	0.30282679843736504
DLBCL_RICOVER_866	0.02454544322437663	0.024195838292166216	0.8331390847275405	0.10827566146228762	0.009843972293629011
DLBCL10521	0.03827409267764968	0.3095879006014314	0.01839076684078618	0.02215986222339929	0.6115873776567334
DLBCL11479	0.15258370732085225	0.1567503613602984	0.4463175112535792	0.08154402524822978	0.1628043948170404
DLBCL10909	0.08369811454634461	0.05088268804111045	0.059276039108889005	0.530551762160515	0.2755913961431409
DLBCL11481	0.3098969677163932	0.05229098540470513	0.4710957859386103	0.11824231665721002	0.048473944283081216
DLBCL10895	0.029634032504404165	0.3829776786701756	0.03081752557942952	0.03491082426645012	0.5216599389795407
DLBCL10939	0.2663351477752437	0.017283546450352752	0.09145198869080873	0.5393403997360858	0.08558891734750898
DLBCL10472	0.05559896530596158	0.05104593453716144	0.3781473276134897	0.4827555226356293	0.03245224990775793
DLBCL_RICOVER_274	0.0598690079680938	0.17049780403395035	0.03108692535774491	0.4961609359741388	0.2423853266660722
DLBCL11501	0.21611075354979195	0.6707109542010852	0.017695049016744343	0.03368764802642747	0.06179559520595108
DLBCL10542	0.4039188418211442	0.03411103948909179	0.02473598536657062	0.06965279100220376	0.46758134232098963
DLBCL11449	0.017916550619400597	0.22260262165740993	0.031832172133086534	0.05772666778128317	0.6699219878088197
DLBC_FF_A7CX_TP_NB	0.06629462545011414	0.10463991336255232	0.07642946331298078	0.04368751406792945	0.7089484838064233
DLBCL11208	0.06107354793010133	0.6374593659604998	0.08400723416849466	0.05154782817141757	0.16591202376948663
DLBCL_LS3499	0.12562482680983073	0.19897337391812825	0.06701985449218888	0.5237965803924539	0.08458536438739826
DLBCL11663	0.5675602102533137	0.1067352672530171	0.1108544984779404	0.11465997952213888	0.10019004449358997
DLBCL11478	0.4688772201044724	0.050536872982938866	0.3829192510818782	0.07752055332932543	0.020146102501385123
DLBCL10881	0.09632770666047953	0.025487076629673935	0.019470975554937146	0.07046084097939706	0.7882534001755124
DLBCL10553	0.05008223563865569	0.04221917286248356	0.12631144515655138	0.7261303396667848	0.055256806675524614
DLBCL11476	0.05919235857407918	0.06934256288884665	0.05002260263417578	0.12716340220190728	0.6942790737009912
DLBCL10968	0.6783611070104666	0.020978059472773446	0.020548406559910384	0.17489367644143805	0.10521875051541153
DLBCL_C_D_1153_NULLPAIR	0.09582927998677022	0.03054403727850589	0.030031027418339375	0.5448705671614554	0.298725088154929
DLBCL10846	0.6983843436771433	0.14424834224918714	0.03848469806561186	0.07665370416493678	0.042228911843120866
DLBCL_C_D_1151_NULLPAIR	0.5885159693442991	0.06297438315671422	0.1276610802296542	0.2055766450575242	0.015271922211808371
DLBCL11466	0.08737399198468059	0.6995186751958159	0.05633162385079661	0.08463295299333194	0.07214275597537499
DLBCL10878	0.5989358863396032	0.0187147445548031	0.03935667304775078	0.16169677433764015	0.1812959217202028
DLBCL10843	0.5346449705033348	0.03227576375414592	0.05300083810501175	0.3458566021846725	0.03422182545283498
DLBCL_RICOVER_829	0.7490738688425954	0.10976907444248704	0.012884409612002903	0.04011987238117205	0.08815277472174256
DLBCL_RICOVER_216	0.11062707509552258	0.06497487341736732	0.6343682092789145	0.09588144487991623	0.09414839732827944
DLBCL_RICOVER_1046	0.013813747280110132	0.7609177687118864	0.14969520756759994	0.04534984117835715	0.030223435262046367
DLBCL10451	0.7530371429444502	0.052087467755536764	0.13677823661027427	0.042257272330004814	0.015839880359733886
DLBCL11651	0.035138184055363834	0.077327041979545	0.73686508573551	0.11969711050871605	0.030972577720865105
DLBCL10454	0.01643454022442743	0.844306231205479	0.051554025938614606	0.0188598239575297	0.06884537867394931
DLBCL11507	0.11656860357068476	0.8027337084024285	0.03410759394216223	0.026860287472201937	0.01972980661252254
DLBCL11446	0.10429700455534342	0.7560237152585149	0.048875461726595945	0.06417712268573487	0.02662669577381092
DLBCL10513	0.11882570483854477	0.048030918805710636	0.06155119298478307	0.7351317719991926	0.03646041137176896
DLBCL10486	0.6165634738881239	0.060720782834532326	0.03578056902713456	0.16248998394895625	0.12444519030125291
DLBCL_C_D_1140_NULLPAIR	0.05035410028824542	0.05474883139455587	0.030775086960230024	0.0674733723505761	0.7966486090063926
DLBCL_RICOVER_1204	0.05033519325855265	0.04372369797292363	0.048734436028823026	0.7279805791563785	0.12922609358332218
DLBCL10964	0.018175168077773484	0.03644870700633926	0.011884923242380475	0.07541972019505397	0.8580714814784528
DLBCL_RICOVER_826	0.6915365853763509	0.03155048124518497	0.03766546871483073	0.17577941003767897	0.06346805462595445
DLBCL_LS951	0.8503815177472785	0.054282140331365504	0.026008237635651084	0.03531588949149536	0.03401221479420952
DLBCL10552	0.7564431824979997	0.015760838075390735	0.06439867973335892	0.14394820013974025	0.019449099553510377
DLBCL10985	0.024167368299629798	0.8222707568766374	0.03280847042145846	0.08848629708703616	0.032267107315238186
DLBC_FF_A7CR_TP_NB	0.036491798805111	0.008086671720817737	0.014668975061229229	0.049240651808002654	0.8915119026048394
DLBCL10522	0.13363430626823983	0.056721954394989005	0.7214413662591893	0.05800682599980234	0.03019554707777952
DLBCL_RICOVER_583	0.01901204963304315	0.8226203936073558	0.09214792684467839	0.023064307459851684	0.04315532245507091
DLBCL10549	0.05617843427946855	0.20507450443536498	0.652412176030554	0.06540384841760374	0.02093103683700863
DLBCL_C_D_1129_NULLPAIR	0.8822437048172938	0.024766353447087983	0.03536323856257579	0.03134210320032984	0.02628459997271267
DLBCL11459	0.05830024326672303	0.019616691321664683	0.05518721533113475	0.828717640714393	0.038178209366084515
DLBCL_RICOVER_440	0.01097103462705619	0.8919255058031412	0.06943218343432082	0.01069504856215825	0.016976227573323528
DLBCL10884	0.8120792684947554	0.02393702939800302	0.023564946182879264	0.11305723968873678	0.02736151623562552
DLBCL10900	0.019669805670953888	0.008183344976968028	0.003622778989109694	0.019838788396196978	0.9486852819667714
DLBCL11196	0.05071048347967408	0.01788218235205132	0.05075037171315726	0.8086453612959509	0.07201160115916644
DLBCL_MC_F089_HCZ	0.012178292287184022	0.8684741183817569	0.061156625891276795	0.01620937855000741	0.04198158488977481
DLBCL10565	0.021379299006408902	0.13137074487541173	0.7609479389347803	0.0647667676998806	0.021535249483518547
DLBCL10458	0.8825503242330587	0.03468687269446265	0.02785897679737185	0.043827227990783146	0.011076598284323672
DLBCL_C_D_1133_NULLPAIR	0.0256607106744086	0.01549377944008534	0.9168528024521806	0.029976568139886885	0.012016139293438557
DLBCL10897	0.8646371094602371	0.06669691671965161	0.016900011365392823	0.025774898182630523	0.025991064272088023
DLBCL10856	0.024503330003909977	0.06504815896501931	0.009895500643208514	0.02088087592421429	0.8796721344636479
DLBCL_LS1304	0.016719873708004544	0.05097358690652049	0.8590832706759636	0.032160876642572396	0.04106239206693902
DLBCL10548	0.8040387426979237	0.030647048476350795	0.02661147562433096	0.1117831999834983	0.026919533217896238
DLBCL10485	0.014523924219231947	0.033915408470298336	0.012863549181210474	0.017016004043208327	0.9216811140860509
DLBCL11470	0.9152281940517748	0.00960144993176158	0.01593511992727804	0.04400168277509006	0.015233553314095528
DLBCL_MC_F064AB	0.012730390242989172	0.01609947582130898	0.9339895536141215	0.02821776240994802	0.008962817911632363
DLBCL10517	0.008482836275436995	0.9004799475614842	0.05090376256618172	0.017118192778248338	0.023015260818648776
DLBCL10947	0.04398407948023986	0.9073711750849909	0.021183637711754317	0.008637133245203243	0.018823974477811697
DLBCL_RICOVER_335	0.009545747361160865	0.9391281322049698	0.010236063511979348	0.018030102984545153	0.023059953937344835
DLBCL_RICOVER_288	0.010243938429866593	0.9308701957363148	0.015743953889334753	0.022556459715671755	0.020585452228812133
DLBCL10996	0.9207338078221359	0.009755307499849321	0.014744710937502634	0.02369454778978153	0.0310716259507306
DLBCL11591	0.00931590377410809	0.8899105889735367	0.06636556285072637	0.010390345933831495	0.024017598467797385
DLBCL_LS1065	0.006896658080732004	0.9526692254688328	0.01623997275737907	0.010034356432349468	0.014159787260706666
DLBCL_LS4054	0.01018533016178513	0.9421610465839432	0.015270521064964718	0.008289237711121668	0.02409386447818531
DLBCL10519	0.004161043551305096	0.9642723230598201	0.01433324511765954	0.007157974904598369	0.010075413366616895
DFCIDL009_DT	0.015944683715099765	0.0489208984541372	0.8879567872887385	0.033147909007482705	0.014029721534541835
DLBCL10925	0.012179809634005404	0.010650477298003846	0.007208919647410611	0.03661008674443916	0.933350706676141
DLBCL_C_D_1135_NULLPAIR	0.019851242466934003	0.948257960140014	0.010132333604191019	0.013150782649983315	0.008607681138877703
DLBCL11672	0.013689441445420619	0.01983883574820705	0.9214595071278765	0.028946292401013145	0.016065923277482654
DLBCL11004	0.021369932410253773	0.011382053191616007	0.006973894018692997	0.037571974506194414	0.9227021458732428
DLBCL_LS146	0.0031253509428081053	0.9737892422711937	0.010032744546153775	0.004129591283295986	0.008923070956548408
DLBCL_MC_F519_ALT	0.009500037677865236	0.008452245429675735	0.0046359024754663	0.016731125124237037	0.9606806892927557
DLBCL11569	0.01882660936914759	0.06361637267758927	0.8851499451470055	0.023051784852577063	0.00935528795368053
DLBCL_RICOVER_678	0.008481405991058026	0.9619312902224807	0.011423271120488436	0.0058907497236529785	0.012273282942319904
DLBCL11677	0.953428032397913	0.00651197964121251	0.009230747302911223	0.01911828522942418	0.011710955428539123
DLBCL_C_D_1157_NULLPAIR	0.016032648727494502	0.023893181940029228	0.9301052234942111	0.024514713717688326	0.005454232120576864
DLBCL_MC_F132_MLM	0.9458414371871884	0.01163133098374317	0.007715662885345191	0.0176568586090909	0.017154710334632367
DLBCL_RICOVER_173	0.006389759346615021	0.007645486854638216	0.003046925349425182	0.012582517194623362	0.9703353112546982
DLBCL11500	0.00942851752915753	0.00671434519669469	0.002525702896275048	0.01003790651474658	0.9712935278631262
DLBCL10977	0.005105447541801813	0.003613817851081231	0.0019402553383338697	0.0046024803249560655	0.9847379989438271
DLBCL11685	0.007709038707012426	0.010277126713781885	0.9621779027434244	0.013885457341429115	0.0059504744943522135
DLBCL10860	0.002330478136229942	0.00309272197628896	0.0012428549918996115	0.004342095159646303	0.9889918497359352
DLBCL_RICOVER_1219	0.0029892053183882537	0.003152289547037117	0.0015321819019375462	0.0060772308140568864	0.9862490924185802
DLBCL_RICOVER_174	0.0003138790524818248	0.9986614492122386	0.00035696703514014646	0.0002411130768659422	0.000426591623273393
DLBCL_RICOVER_1192	0.001463081625956959	0.001467430790217493	0.0004902920335952569	0.0013014164573771072	0.9952777790928532
DLBCL11681	0.46590861650375753	0.026375991393455405	0.07225961359538141	0.13613059816381437	0.29932518034359135
DLBC_FF_A7CW_TP_NB	0.11253316716206425	0.16995552928514276	0.21486099549177026	0.35467675037863416	0.14797355768238868
DLBCL11659	0.37673720875082795	0.04695180742786433	0.3010326260957471	0.24472509564699318	0.030553262078567536
DLBCL10956	0.12271443826659087	0.41058280822368826	0.16041919598749294	0.23375530016981413	0.0725282573524137
DLBCL11574	0.14455593560268262	0.23349160866186341	0.13854572359982034	0.11481222337443317	0.3685945087612003
DLBCL_RICOVER_711	0.30225980281465276	0.08999409243452476	0.0397894727874944	0.5038899574475044	0.06406667451582371
DLBCL10466	0.014572587609572562	0.4766510665238351	0.3720048484570367	0.09776689778255573	0.03900459962699995
DLBCL11430	0.44552983602634494	0.02205132280277858	0.10716518368697774	0.38169708661544177	0.04355657086845698
DLBCL11435	0.5457456542612964	0.02303740511794512	0.050280853313503425	0.3238458631955126	0.057090224111742346
DLBCL_RICOVER_720	0.05464609250877921	0.2907620942322624	0.01991189571802858	0.019400184484996127	0.6152797330559338
DLBCL11509	0.5507417097521264	0.15539718456493745	0.09929066383400466	0.16112591704262277	0.03344452480630869
DLBCL10469	0.40366391748938985	0.015337006761528781	0.2152989453568714	0.3166687641781975	0.049031366214012405
DLBCL_MC_F496DMP	0.563424285867381	0.29208542547835775	0.03695933334977079	0.0729036289243641	0.0346273263801264
DLBCL_RICOVER_1045	0.606487921366328	0.06863578032106654	0.10026392112527076	0.18771542913780553	0.03689694804952918
DLBCL10501	0.02005331693325609	0.41033164840893804	0.5069173843750955	0.03877525685425252	0.02392239342845796
DLBCL_RICOVER_1278	0.09615298351362248	0.05709286744394947	0.015663117412610308	0.16934392609902632	0.6617471055307914
DLBCL_C_D_1148_NULLPAIR	0.7079315837473311	0.01577060670025715	0.12615783309428158	0.1262357656830289	0.023904210775101235
DLBCL11448	0.2602862534183502	0.048952212506807584	0.10072072548413193	0.3176656769169389	0.27237513167377136
