	0	1	2	3	4
DLBCL11431	0.21100067738368075	0.1810189417849045	0.20814062108887468	0.14617856400408438	0.2536611957384558
DLBCL_C_D_PAIR13	0.21131992444849654	0.17565074860492794	0.2125733405276155	0.15082730709590245	0.24962867932305757
DLBCL_MAYO_DLBCL_3653	0.23102504356931058	0.045659529655143395	0.08449057277264324	0.21805075960344164	0.4207740943994611
DLBCL_RICOVER_711	0.17799433768240702	0.5337419256488151	0.023574642625044887	0.23791678984880496	0.02677230419492811
DLBCL11534	0.05172116245404274	0.031622592596492846	0.42130008268639135	0.1489792483096627	0.34637691395341036
DLBCL10915	0.05848155919557513	0.0982406207370632	0.04244056443787451	0.2499657734948576	0.5508714821346296
DFCIDL004_DT	0.30695192554335254	0.011697030315686544	0.025900982784641428	0.1795449888753128	0.4759050724810067
DLBCL_RICOVER_1046	0.012229964485233464	0.49769334731388715	0.41281947193163554	0.02437392651844912	0.05288328975079466
DLBCL10986	0.6272912243293212	0.07832264507245408	0.15156991271479922	0.12022992254136745	0.022586295342058107
DLBCL_RICOVER_1045	0.5083965998195216	0.0364423717987842	0.022821135002955246	0.37192162349333246	0.06041826988540662
DLBCL10858	0.04765756312268914	0.010482451648366854	0.0254615460658102	0.21574152453365913	0.7006569146294747
DLBCL_LS1304	0.020995771484614435	0.028340235772971917	0.5771282464756405	0.03593356243987479	0.3376021838268983
DLBCL10874	0.07053022771141804	0.2834751406393654	0.03129311796601237	0.15526795226799645	0.45943356141520786
DLBCL10891	0.022902999107929364	0.01180793268658236	0.1094586683284674	0.11697554079005745	0.7388548590869635
DLBCL10981	0.027653410537813835	0.7917657753014651	0.059942129770766864	0.08969426756866658	0.030944416821287686
DLBCL_BWH_DLBCL64	0.1548352980645364	0.26330641342675687	0.05317407704882318	0.5087633813325471	0.019920830127336645
DLBCL_LS2325	0.04052733415941243	0.2908940339606242	0.6220174732741388	0.02524691448782868	0.02131424411799582
DLBCL_C_D_1148_NULLPAIR	0.6163984043905396	0.011390746005999644	0.10068369087778453	0.2472288844772566	0.02429827424841966
DLBCL_LS951	0.8824528724373326	0.02953453226090133	0.027219646979692102	0.05300222774469982	0.0077907205773741495
DLBCL_C_D_1159_NULLPAIR	0.2843772641494039	0.01800709798603236	0.02935714484146142	0.6321687186425649	0.036089774380537405
DLBCL11491	0.24379750818237853	0.01767529114801599	0.044653026760874105	0.6051140215573482	0.08876015235138315
DLBCL_RICOVER_478	0.1301617927802406	0.6556446236830423	0.027683807355598302	0.02151703246166236	0.16499274371945638
DLBCL11652	0.6401220272343434	0.22300591406424758	0.035236404594994046	0.04193935546395781	0.05969629864245712
DLBCL_RICOVER_111	0.1074873305105184	0.02739953206245266	0.5614030998382435	0.056486347666389186	0.24722368992239618
DLBCL_RICOVER_1287	0.02778460037481542	0.2591294022628983	0.032534501315238065	0.029014735700074703	0.6515367603469735
DLBCL10846	0.07139984671376907	0.7866660699790793	0.025450808447232395	0.06181265767629505	0.054670617183624225
DLBCL10833	0.04622389611481565	0.010224575251421182	0.012983236000695066	0.05307850255153062	0.8774897900815375
DLBCL10491	0.04723893457357572	0.39066143347351145	0.08411267615579325	0.45485403040951794	0.023132925387601606
DLBCL11507	0.02649997552609244	0.8384702516211643	0.1039969399549515	0.016445842012388797	0.01458699088540299
DLBCL10878	0.04483139985572109	0.010327501326759428	0.014636878400868011	0.049312628345712095	0.8808915920709394
DLBCL_LS1921	0.02811643784948039	0.8260587053109711	0.049526486865114294	0.08495357866661318	0.011344791307821052
DLBCL11429	0.9229419265449132	0.004598693347628114	0.010518445829268658	0.043527019343760846	0.018413914934429093
DLBCL10867	0.015619129148941742	0.23383856576810602	0.028341674021361944	0.042541803369212663	0.6796588276923776
DLBCL10513	0.15317550526807602	0.052200991976998685	0.055135616036624494	0.723175541469983	0.01631234524831785
DLBCL_RICOVER_787	0.1267644418307777	0.7122368498394439	0.04561462113502346	0.10113038198293947	0.014253705211815498
DLBCL10835	0.012067824983451264	0.05674062701919813	0.014800157547665102	0.05009045273629542	0.8663009377133901
DLBCL10866	0.008167217930149625	0.006356562686988609	0.012081558339176235	0.025411089936749332	0.9479835711069362
DLBCL10836	0.014094287090241294	0.004475401887473467	0.014736130295928445	0.02233839903165812	0.9443557816946987
DLBCL_RICOVER_985	0.03296057972905165	0.029009813120658045	0.08712142965399336	0.8108042342345129	0.04010394326178406
DLBC_FF_8046_TP_NB	0.026696410642347772	0.013043074797882675	0.9176832918123404	0.026119131330974907	0.016458091416454195
DLBCL_MC_F815_BAT	0.010079345877782744	0.028391313937985288	0.9004696834522566	0.048057934623337135	0.013001722108638198
DLBCL11520	0.9010010696638447	0.00570128085567209	0.009998187053903675	0.030786527196600556	0.052512935229978915
DLBCL10868	0.06300102605856647	0.01611705859849494	0.026776329945388512	0.7203296083741654	0.1737759770233848
DLBCL10456	0.04237763952273172	0.01900566599842327	0.0564103801156236	0.8427523313753944	0.039453982987827034
DLBCL10536	0.020753545118753967	0.1388592678003581	0.7518878601421191	0.06268278080416263	0.025816546134606284
DLBCL11479	0.01855064718244591	0.864332444738213	0.07344848021799999	0.015032907936078648	0.02863551992526242
DLBCL10914	0.8652230489676043	0.03855408542419774	0.054052191515201194	0.02470455930825979	0.017466114784736992
DLBCL_RICOVER_950	0.03690289114815436	0.016663655827815683	0.059820307072174464	0.8660675254771909	0.020545620474664582
DLBCL11661	0.015223631419528736	0.8859960979192067	0.03884551827290148	0.04843957548128624	0.01149517690707684
DLBCL10894	0.02791470806178981	0.9293508099500606	0.011920717454697494	0.02217530183954364	0.008638462693908434
DLBCL_C_D_1108_NULLPAIR	0.011630402957871079	0.9089599041943047	0.012848066640141317	0.010008833285640393	0.056552792922042426
DLBCL10466	0.0059020202176357775	0.021831200671941872	0.9342988293224227	0.025421085107462785	0.01254686468053688
DLBCL10547	0.03835131208961991	0.018433053365665614	0.027776379709709295	0.8894080770234777	0.026031177811527483
DLBCL10544	0.043324567113523414	0.014519826082969995	0.033715477005719516	0.7932905289998169	0.11514960079797013
DLBCL10950	0.8851393427311984	0.009609493643370494	0.017461701582236526	0.04876082145233161	0.039028640590862904
DLBC_FF_A7CQ_TP_NB	0.013774937037656225	0.0063037140387904676	0.00947962409249278	0.027471012199394084	0.9429707126316664
DLBCL11476	0.020173344160127775	0.01595107520793513	0.006948026723513689	0.008686962645785857	0.9482405912626376
DLBCL11539	0.9782237051461531	0.0019963512565767207	0.004632386744732687	0.012330703025279374	0.002816853827258134
DLBCL10900	0.004458370431795236	0.0029461319854033334	0.003501740048034234	0.007094129415505358	0.9819996281192619
DLBCL11564	0.03646410023609601	0.01620412801584803	0.025763196691799082	0.899432033781194	0.02213654127506289
DLBCL11459	0.033695520355589606	0.01356691309097911	0.02463307325275095	0.9066904715855273	0.0214140217151531
DLBCL10529	0.006003557726163395	0.030788620728164975	0.017488544581203087	0.018665870687322263	0.9270534062771463
DLBCL_LS1395	0.010996778915651371	0.04018456869555568	0.9143267214445785	0.01413637298099844	0.020355557963216035
DLBCL10521	0.011726906598862101	0.05800819040098817	0.008434194966056695	0.01082680392641096	0.9110039041076821
DLBCL11537	0.9632659492405196	0.003151013576492172	0.006680909801530735	0.011414684819834361	0.015487442561623118
DLBCL11662	0.95335403675688	0.005390563852947028	0.004906707107181076	0.020315058937320035	0.01603363334567186
DLBCL10992	0.0027831333741951403	0.002448312512995204	0.004931681468199554	0.0055427425036336025	0.9842941301409766
DLBCL11481	0.9449794233458961	0.005574202410765196	0.02041713605070661	0.013938947732467436	0.01509029046016462
DLBCL10494	0.009218302848198842	0.920217361411218	0.049287119370442216	0.011572587092646976	0.009704629277493907
DLBCL_RICOVER_829	0.9469514580423903	0.009901846229375183	0.0042353016109627824	0.02591286108206144	0.012998533035210246
DLBCL11462	0.9225762651545935	0.006715762542132967	0.019803053514497237	0.017160524924393964	0.03374439386438236
DLBCL_MC_F500_ECU	0.006026046149984095	0.9567796386868194	0.012708626383652426	0.010773897609748366	0.013711791169795751
DLBCL_MC_F606_DMJ	0.007847365159665694	0.03920707631365281	0.9280315400951122	0.013782465647858165	0.011131552783711076
DLBCL10879	0.006358963265824409	0.008591064358733113	0.9556062301438247	0.01693126933421683	0.012512472897400883
DLBCL10945	0.9465774010656953	0.005268587313182962	0.006574904512221776	0.016087726044588555	0.025491381064311376
DLBCL11672	0.004952680520273645	0.006305141421420246	0.9654916437245978	0.014303124712195562	0.008947409621512688
DLBCL10912	0.9922329624802633	0.001052978880470673	0.001597419128664859	0.003936822917301567	0.0011798165932995852
DLBCL11461	0.9868378114594527	0.001802935579470402	0.002476993487546859	0.007123806792260806	0.001758452681269216
DLBCL_MC_F089_HCZ	0.00309814118092646	0.97255197982755	0.011932026091912499	0.005740505732661453	0.006677347166949492
DLBCL10555	0.007545202546794472	0.007970842272975795	0.9740719330000205	0.007085779934176025	0.0033262422460331744
DLBCL11558	0.0039969040353143035	0.004482408046051247	0.982439676325076	0.006839307727318467	0.002241703866239988
DLBCL10847	0.011147800549375426	0.022339026317727537	0.007014342697453876	0.006979722475563143	0.95251910795988
DLBCL11685	0.0040367341078104	0.00479294262454848	0.9717049537053285	0.008638825022834487	0.0108265445394781
DLBCL11680	0.015952223889314384	0.008946071591423872	0.9594167809102926	0.009933689104460271	0.005751234504508842
DLBCL10515	0.9833384414484659	0.0025508768781004935	0.0020924417817850646	0.008485921365405977	0.0035323185262425704
DLBCL_LS297	0.004390052563029569	0.003977828412590961	0.9799739128755758	0.008404088593288816	0.003254117555514865
DLBCL10997	0.9834189409335828	0.0024164904427110886	0.0023599833518514394	0.008715780425663884	0.003088804846190738
DLBCL_C_D_1114_NULLPAIR	0.9870246052554236	0.0015633448889376155	0.0017963860044037693	0.007306967461499607	0.002308696389735396
DLBCL10853	0.0029225407922806403	0.0022094479519998507	0.0032630077991352207	0.004330557498610981	0.9872744459579733
DLBCL10887	0.004126449599664957	0.005839029203917573	0.015385472774875376	0.009525722378251729	0.9651233260432903
DLBCL_LS3749	0.0037448627907905184	0.9822993302839682	0.005834005016211086	0.00503802273598901	0.0030837791730411864
DLBCL11203	0.00375451174924212	0.9773997642195045	0.006084878392141783	0.00717232179440899	0.00558852384470264
DLBCL11428	0.003714041070473225	0.003887957911339309	0.9844544036984104	0.005768589359828317	0.002175007959948712
DLBCL10983	0.005349867798625975	0.9766753115247934	0.005605242459631691	0.0049045529799484795	0.007465025237000516
DLBCL_DFCI_DLBCL_GOE16	0.00170694776401209	0.0020266696059766088	0.9910145143366639	0.003619317780238475	0.0016325505131089904
DLBCL_C_D_1129_NULLPAIR	0.9687529503231981	0.003111570509067055	0.0081863849822097	0.010328473465316136	0.009620620720209043
DLBCL_RICOVER_440	0.008390793976999602	0.9203722477118293	0.05147795482968575	0.006927737913507023	0.012831265567978265
DLBCL_C_D_1130_NULLPAIR	0.9979746047913728	0.000330087122502928	0.0003691709831790883	0.0009230726238726201	0.00040306447907257384
DLBCL10461	0.0026054873399189264	0.9806874843782888	0.007215234715322653	0.00284311473668884	0.006648678829780824
DLBCL10510	0.004298499397387751	0.9853834654740312	0.0036185321998479405	0.002879580037258963	0.0038199228914741314
DLBCL_LS3200	0.004097069869344968	0.013059848145863294	0.0040312334224968304	0.00492436243448122	0.9738874861278137
DLBCL_RICOVER_417	0.0009279217501295643	0.0013343640352682276	0.0014756615098382529	0.002063008180099813	0.9941990445246641
DLBCL_RICOVER_449	0.0012359425465209872	0.0011406636089518036	0.0014478320098242456	0.0021015443396662976	0.9940740174950367
DLBCL10550	0.0018289404221144502	0.0018900415742991279	0.002604788096859662	0.0030659945241413916	0.9906102353825854
DLBCL11565	0.002348055101854755	0.9866651525452441	0.003940978633478885	0.003308751550512948	0.00373706216890924
DLBCL_C_D_1163_NULLPAIR	0.0022125798208768293	0.002539045445568808	0.0032478899397461523	0.00619382629372518	0.985806658500083
DLBCL_LS1065	0.002876752068098973	0.9884188913281488	0.003592722910884676	0.0023426469113093104	0.0027689867815582645
DLBCL_MC_F519_ALT	0.0	0.0	0.0	0.0	1.0
DLBCL_C_D_1136_NULLPAIR	0.001104004936841032	0.9952754291056738	0.0013652144405007147	0.0011081521543076871	0.001147199362676815
DLBCL_MC_F729_MAN	0.0013851915036796434	0.9935367853097079	0.0020626816114676775	0.001196385402293928	0.0018189561728508357
DLBCL10911	0.0005785420361870277	0.9973512298360578	0.0008984420375841833	0.000528886429830427	0.0006428996603405708
DLBCL11202	0.25256148987218374	0.07580766483861084	0.5439302524127176	0.11816011524121937	0.009540477635268408
DLBCL11590	0.2385614776412002	0.01769966176769727	0.4467395628299762	0.22253969024092177	0.07445960752020464
DLBCL10512	0.012900955626563761	0.21585986629571016	0.3103286785471448	0.05146228584359917	0.40944821368698203
DLBCL10974	0.056566588228305244	0.02139373113989487	0.050066381084143255	0.5013160588365254	0.3706572407111313
DLBCL10503	0.06771728074558549	0.34633671553006334	0.41070315649511685	0.03761299487167551	0.13762985235755876
DLBCL_DFCI_DLBCL_GOE05	0.010833101926041158	0.5096394666381053	0.10002067368485237	0.023928599325781497	0.3555781584252197
DLBCL10936	0.1514576053375133	0.47183835498566085	0.13803717573165317	0.11093428602202857	0.12773257792314413
DLBCL10962	0.033531118690505894	0.5772054175961463	0.2253143697291043	0.05138010622215475	0.11256898776208867
DLBCL11436	0.1538678156673174	0.5138670657574967	0.033839514555252526	0.2197532465290043	0.0786723574909289
DLBCL_RICOVER_1018	0.06202535584323038	0.1421610656238141	0.02831714928592225	0.7289693494956728	0.038527079751360445
DLBCL10782	0.13345634008501592	0.06067114423950576	0.03991371950692023	0.7441941639900178	0.021764632178540234
DLBCL_RICOVER_274	0.04831324624365475	0.08881474837912431	0.03095718153026293	0.7771589485056123	0.05475587534134574
DLBCL_LS3499	0.09080331926394948	0.12005546085549772	0.04462925379289653	0.7029191357815945	0.041592830306061715
DLBCL_C_D_1117_NULLPAIR	0.1532043638803622	0.530259837531002	0.021485963133744367	0.265281100339971	0.029768735114920373
DLBCL11528	0.3570135287429863	0.4493601379052404	0.1314524218887154	0.038668143759861905	0.023505767703195846
DLBCL_RICOVER_1278	0.08112681413048052	0.032161670415574634	0.03233251179868117	0.4737094079532766	0.3806695957019871
DLBCL10553	0.042399274765864706	0.034635768183689346	0.10311415629115499	0.7837054149825267	0.036145385776764384
DLBCL_RICOVER_467	0.018830947653671798	0.5533359761117297	0.03779138310022661	0.015922458610020913	0.3741192345243509
DLBCL11430	0.6934013998120113	0.014543329152850804	0.058566737552335456	0.21612674810383342	0.01736178537896893
DLBCL11519	0.6302662702356834	0.03987393762873342	0.026334584883373997	0.28790901229242355	0.015616194959785556
DLBCL11204	0.16549649911296394	0.7187214002003205	0.03107391288845944	0.05316623373947094	0.0315419540587851
DLBCL10910	0.017573719591376175	0.1082079107041935	0.7398890097080502	0.10092330175990706	0.033406058236473066
DLBCL10921	0.025096208720225346	0.6468789167624016	0.021417769447970702	0.019692414153730676	0.28691469091567173
DLBCL10909	0.06688095118412493	0.015322406292446952	0.07449081131284929	0.7070848187849486	0.13622101242563023
DLBCL11478	0.5816353428796947	0.05262592282760978	0.30332150986092077	0.04752166214097734	0.014895562290797455
DLBCL10552	0.1738082802111824	0.025261120106511683	0.0867616673525985	0.6971049095191548	0.017064022810552592
DLBC_FF_8042_TP_NB	0.010080537627785949	0.04020918540700996	0.049735076197221534	0.03513499907335429	0.8648402016946283
DLBCL11515	0.016641287793768715	0.0797418156135113	0.6863920666295923	0.03668709524644337	0.18053773471668422
DLBCL_RICOVER_945	0.8286193698232328	0.06948648688790995	0.011667188919685618	0.06942003165620012	0.02080692271297147
DLBCL_RICOVER_910	0.1121533721924647	0.04374189394212133	0.045701356403452464	0.7592058351352196	0.03919754232674191
DLBCL10564	0.043038584146139515	0.041307983295288106	0.0537183140837639	0.8317009660684963	0.030234152406312168
DLBCL_LS2208	0.018204354444724482	0.07926007287600907	0.17345641507614565	0.03721381939487137	0.6918653382082495
DLBCL11437	0.06780171562658534	0.011448770829788272	0.03877028917286361	0.8229744634425552	0.05900476092820758
DLBCL11576	0.046965817777912554	0.08641123964253541	0.05964772627893657	0.7763807299210271	0.030594486379588334
DLBCL_C_D_1156_NULLPAIR	0.7912751615563646	0.02524396709798195	0.01663776379986842	0.14718880466752818	0.019654302878256896
DLBCL_C_D_1118_NULLPAIR	0.3008190069108132	0.5967108503512865	0.018948399400316666	0.05548906498222734	0.028032678355356284
DLBCL10994	0.845443388838436	0.0373500229119298	0.01970594208401155	0.04624743450193465	0.051253211663688056
DLBCL10844	0.8406676336703766	0.026969870682180076	0.013683676866531005	0.029118746864937123	0.0895600719159753
DLBCL11488	0.7421368719538662	0.008988810175422322	0.014384670988445892	0.07770615316964588	0.15678349371261963
DLBCL11496	0.7480029012244861	0.016892287862943306	0.028297775708848408	0.05065346973245007	0.15615356547127213
DLBCL_RICOVER_577	0.007761259117775447	0.010036025077093344	0.9617112509285017	0.01037428502748282	0.010117179849146665
DLBCL10927	0.0787654355372813	0.015341226248062254	0.02783828177199436	0.8573274747004286	0.020727581742233544
DLBCL_LS2089	0.007945895764929439	0.9421302365603145	0.011508964478799613	0.006466606873135454	0.031948296322821056
DLBCL10517	0.010661267764401156	0.7833999521867622	0.1581217235679877	0.023638731276135427	0.02417832520471357
DLBCL_LS4616	0.008537906967019455	0.06262061232802735	0.8896647131371086	0.027112015578971256	0.012064751988873332
DLBCL10565	0.029461495692403947	0.014407271097669887	0.896714658768486	0.04876649267782298	0.010650081763617173
DLBCL_RICOVER_314	0.011280255732208344	0.07557898178580276	0.03320614740211837	0.028083857668898683	0.8518507574109718
DLBCL_LS762	0.02068360065266987	0.01825521130710357	0.09227285642135853	0.03077919717822042	0.8380091344406476
DLBCL_RICOVER_850	0.00792394597417294	0.025078507295674755	0.01748520220068581	0.033085873064272533	0.916426471465194
DLBCL11658	0.039576731715403414	0.011926361289430329	0.03254287790601866	0.8656386144914222	0.05031541459772534
DLBCL_RICOVER_1106	0.007023217702364882	0.03056978592831006	0.010896385406713062	0.02633773069082114	0.9251728802717909
DLBCL10549	0.02730863651903816	0.7838089996632165	0.15532486355321687	0.019870917130736937	0.013686583133791525
DLBCL_LS2357	0.03524821946755265	0.01197429066524206	0.022647648205072358	0.9065030377194386	0.02362680394269431
DLBCL11673	0.016275484596483612	0.88417297553556	0.06646159637159793	0.02092648964072783	0.012163453855630675
DLBCL11566	0.009783896618698525	0.023829940147665353	0.9483659169916534	0.011986368924060752	0.0060338773179219535
DLBCL10781	0.005131398507853029	0.007861658666467644	0.00784748929174221	0.019684682270994514	0.9594747712629426
DLBCL_LS2245	0.07760271723177269	0.6600611608332988	0.2080787302516611	0.03043299418533845	0.023824397497928987
DLBCL11536	0.04911286968195399	0.5232628683696869	0.04823908063201123	0.32606397370561274	0.05332120761073499
DLBCL10871	0.019596827357583606	0.9042814930232891	0.030326990178998894	0.011249540241922009	0.03454514919820645
DLBCL10856	0.03190296386199036	0.04987264582012718	0.11382089215640924	0.03177532865426422	0.772628169507209
DLBCL10993	0.8687736779271713	0.00728846911265666	0.018678132244764507	0.07896980492581644	0.026289915789591046
DLBCL10472	0.02513247125338053	0.011579282663338932	0.891970181693504	0.060268489730901924	0.011049574658874654
DLBCL_C_D_1144_NULLPAIR	0.008416310000247096	0.04275780052035484	0.012361784633470319	0.01874991898258024	0.9177141858633475
DLBCL10895	0.01136583047458979	0.050162746655466356	0.020097007175922527	0.011370768467813163	0.9070036472262082
DLBC_FF_8043_TP_NB	0.010013092181533742	0.9715783265004071	0.007780257877272362	0.004329975875480332	0.006298347565306488
DLBCL11456	0.013857800052849098	0.9172504550631838	0.028051597364251942	0.03206910519588198	0.008771042323833127
DLBCL_LS4054	0.019316477986041088	0.9237800236889949	0.013237533268944814	0.023555283767761864	0.020110681288257253
DLBCL10465	0.0025441337610666776	0.004559912750677841	0.9838503908641512	0.0056605129006605	0.0033850497234437843
DLBCL11667	0.0028591327383743607	0.004246272739212426	0.9853497017753305	0.004991877241787282	0.002553015505295421
DLBCL11656	0.005414312356363778	0.005391261815355958	0.9674896652678646	0.009997344188274394	0.011707416372141307
DLBCL10885	0.037726481462928105	0.8134824476238625	0.016604031855480813	0.03483581130348947	0.09735122775423917
DLBCL_RICOVER_1289	0.018833788764109363	0.009520354611064572	0.01811144294542385	0.07609307690576306	0.8774413367736391
DLBCL11670	0.0023098556320277257	0.0045079108436229835	0.9817647650574628	0.0076965971817085106	0.0037208712851779647
DLBCL10931	0.9602528191621632	0.002778797129151563	0.007004355103990694	0.019079420312382047	0.01088460829231253
DLBCL_LS3245	0.005178487513303445	0.9487683610780615	0.029738393689410492	0.007232164707449232	0.009082593011775351
DLBCL10903	0.004224342132543325	0.9635727561835307	0.019639215454440976	0.004672855800470331	0.007890830429014678
DLBCL10935	0.9187901864022864	0.03514712483184401	0.006837678732146886	0.02618763883768286	0.01303737119603981
DLBCL_DFCI_DLBCL_GOE07	0.004640625885642675	0.9749600622916238	0.008507922826268895	0.0036676203663952695	0.008223768630069345
DLBCL11671	0.9570134242972537	0.00700302351386732	0.008428947050567834	0.023417425693718713	0.004137179444592491
DLBCL_LS2599	0.01367291797766741	0.014236858583378793	0.9380995656804216	0.027527420733361594	0.006463237025170525
DLBCL_RICOVER_408	0.004853222796879932	0.9667275551145711	0.01694653644715755	0.004885806994770189	0.006586878646621237
DLBCL_RICOVER_978	0.9190756150033715	0.009677782698961567	0.018170054295271854	0.04639130529377259	0.00668524270862246
DLBCL_RICOVER_977	0.9244889013441793	0.0049739480618172785	0.008316475782514232	0.031451697322132044	0.0307689774893572
DLBCL10922	0.004972693185659735	0.9783050367224227	0.006606340324733098	0.004542103579177543	0.00557382618800685
DLBCL11470	0.9292177927117989	0.004522818563448947	0.011940428114903418	0.04549101861546096	0.008827941994387693
DLBCL10495	0.9420563724687493	0.020788985069900717	0.004779414682574311	0.019638964407052	0.012736263371723636
DLBCL_RICOVER_221	0.002450344609419925	0.004182093035589514	0.005152618334278022	0.0059252147885075985	0.9822897292322049
DLBCL_RICOVER_451	0.9871488855365809	0.0021405685204072774	0.0031883895374026625	0.005456835893716989	0.0020653205118921773
DLBCL10535	0.005894525745504889	0.005449824445847395	0.008461799397671983	0.006230547977738563	0.9739633024332371
DLBCL11195	0.002604594008526799	0.007000295620853145	0.0057774843050306425	0.007705168562244842	0.9769124575033445
DLBCL10852	0.008071361303773818	0.008397537522418208	0.0074367121648161805	0.023124927714405087	0.9529694612945867
DLBCL10880	0.014319686916511127	0.0051107907314660575	0.009508140528977874	0.007154338352789578	0.9639070434702554
DLBCL_C_D_1128_NULLPAIR	0.9929705366123841	0.000879434458918133	0.0012485766918968481	0.00338501042437065	0.0015164418124302365
DLBCL10452	0.003163594659552133	0.980548631834122	0.007318183420717414	0.0035174344130123104	0.0054521556725961986
DLBCL10884	0.9884601011758835	0.0014293064274665495	0.0017838829281537516	0.006268416019866679	0.0020582934486295364
DLBCL11450	0.003615959297575056	0.005175127455268285	0.0038203039043600683	0.008485747130584026	0.9789028622122126
DLBCL11188	0.0016794454172022332	0.9915611022135439	0.0031244199688583267	0.0016327098292501523	0.002002322571145457
DLBCL11353	0.004122124269614392	0.009409086756934172	0.013959985234301003	0.008221195912671762	0.9642876078264787
DLBCL_RICOVER_533	0.004085143769941865	0.9803441934385771	0.007707941655610039	0.004575487571748046	0.003287233564122927
DLBCL10525	0.9904209239774854	0.0010566769169886145	0.0022445650728635928	0.004289804297633293	0.00198802973502915
DLBCL_LS146	0.0010577870491791628	0.9946684292775326	0.0020128946776655785	0.0009832971717883272	0.0012775918238342803
DLBCL_LS1757	0.9948525561146804	0.0008776838419614722	0.0008149802299537562	0.002576954437433857	0.0008778253759704964
DLBCL11500	0.005736648674642873	0.004445478191658699	0.008777866043687504	0.01057401577554908	0.9704659913144619
DLBCL10890	0.001543388044762726	0.0023189400354944553	0.0022049409142161904	0.0025809317204209094	0.9913517992851058
DLBCL10862	0.0027048309241446476	0.004658225804512879	0.0060168265710304385	0.004744075452913537	0.9818760412473985
DLBCL10883	0.003953875651206909	0.00225808474196466	0.0034099758776764185	0.004652587455644418	0.9857254762735076
DLBCL_RICOVER_1248	0.001518231548714041	0.0018282254634011295	0.0012289355744299275	0.002393797531668335	0.9930308098817866
DLBCL10530	0.001586681782309527	0.0033305624313791317	0.00254797655679891	0.0030824946965827874	0.9894522845329297
DLBCL_C_D_1125_NULLPAIR	0.0013602896967452715	0.003395824457697812	0.0021490839222930644	0.0027835432925851	0.9903112586306787
DLBCL10951	0.00026230790017697493	0.00035761446637485174	0.00027288732842987637	0.0003368716791805723	0.9987703186258378
DLBCL10534	0.000419868673527142	0.0005047186508089982	0.000526895292975049	0.000702673363295909	0.9978458440193929
DLBCL10969	0.3411324302747398	0.3842538590627475	0.1807561533551969	0.034677210431764166	0.0591803468755517
DLBCL11504	0.2262404238381649	0.032860503164658876	0.05052119321894176	0.29128640597091715	0.39909147380731735
DLBCL_RICOVER_216	0.07103318944226643	0.0818108990838589	0.32407165189102755	0.042014130620452964	0.4810701289623941
DLBCL10780	0.018108104532248922	0.802164727805382	0.12291363457363629	0.041526409247493824	0.015287123841239054
DLBCL11538	0.03769843285685068	0.016448558197210004	0.6841384757562241	0.15920591222825756	0.10250862096145764
DLBCL11441	0.24221454143519774	0.014009110027055962	0.08431392064362432	0.3792872776569764	0.28017515023714556
DLBC_FF_A7CX_TP_NB	0.453948448539376	0.037415139215285956	0.0675406992523352	0.06888540037196438	0.37221031262103854
DLBCL11433	0.04909412061681688	0.01451035726739116	0.08018156648598979	0.15727506387067294	0.6989388917591293
DLBCL10999	0.012699419188093409	0.01961096330331498	0.06295926227972153	0.1268106833885521	0.777919671840318
DLBCL10934	0.047035478345342004	0.542204740721997	0.024138916674746085	0.06973110447601141	0.3168897597819035
DLBCL_RICOVER_522	0.135652151066266	0.0739566297343862	0.31148965431483877	0.46407436846681765	0.014827196417691438
DLBCL10906	0.05313730376754117	0.5425357743189574	0.020907207330832903	0.0201207792006514	0.3632989353820172
DLBCL_MC_F218_RAP	0.1709572450603602	0.0128680380750672	0.05414506564942019	0.7360671937075134	0.025962457507638988
DLBCL_LS2154	0.27649134628716315	0.5611734320122321	0.0574153770606237	0.0812041515319797	0.023715693108001274
DLBCL11003	0.06215338142503647	0.711421080474629	0.02129475233962062	0.03206601011901391	0.17306477564169997
DLBCL11449	0.042301949601526494	0.7298000004907205	0.037366304272448664	0.03323901721512039	0.15729272842018396
DLBCL_RICOVER_720	0.028571564350619843	0.4045834508707038	0.036744395352431986	0.018186430936562397	0.511914158489682
DLBCL_RICOVER_773	0.012760353137037526	0.325332625101728	0.21197464033415997	0.02990936663921443	0.42002301478785997
DLBCL11457	0.7937364445150418	0.006675694695185727	0.03898703810957909	0.12100566916559076	0.039595153514602605
DLBCL10532	0.018255217169514042	0.01798613198559327	0.0891863853116583	0.07747502618765471	0.7970972393455796
DLBCL10908	0.0635215991176557	0.09924801758327266	0.6206488540131276	0.04909266289995534	0.16748886638598873
DLBCL_C_D_1112_NULLPAIR	0.03903624257344021	0.36094591804525916	0.465919071881261	0.052618306000768215	0.08148046149927148
DLBCL10985	0.07567000914573323	0.2272946681588095	0.03314254652894627	0.6131159754780604	0.05077680068845063
DLBCL11206	0.03551184693802444	0.4130886320641151	0.04084829387521388	0.015244199888836608	0.49530702723381004
DLBCL_LS2590	0.03936953814832195	0.02031990663186881	0.046113420989628236	0.5247990153161312	0.3693981189140499
DLBCL10486	0.46555231170390615	0.11988836614196499	0.01864939728223364	0.12343533958400421	0.2724745852878911
DLBCL_LS155	0.03498878966832432	0.01270244936858341	0.7866585064838569	0.13935286234898897	0.026297392130246407
DLBCL10965	0.18279368178324795	0.017598276425469447	0.03533850919676614	0.7233443066243096	0.040925225970206924
DLBCL10957	0.8220062507114113	0.013328020581891802	0.04720377528091496	0.10405771740567332	0.013404236020108587
DLBCL_RICOVER_506	0.013866962567656764	0.32830416640680643	0.0424059770473084	0.02200378555963147	0.5934191084185969
DLBCL10539	0.0625890218101927	0.315901723745641	0.05497351494893837	0.4367882433627663	0.1297474961324616
DLBCL_RICOVER_1060	0.14377525595782212	0.24983274570014885	0.03347925747771965	0.03099630905892662	0.5419164318053828
DLBCL11002	0.24405849490742076	0.028690011094325382	0.06334957157822109	0.6440761030568362	0.019825819363196606
DLBCL_RICOVER_956	0.013137688025412786	0.2332351281407797	0.03474867236171115	0.027708609446562463	0.691169902025534
DLBCL10980	0.009604225243244054	0.17742370902020524	0.07031090431928433	0.04027125694453097	0.7023899044727354
DLBC_FF_8062_TP_NB	0.11619955974492456	0.024981304340542226	0.1515778547278984	0.6792453317286063	0.027995949458028392
DLBCL_LS1668	0.051029952651940214	0.21052887474067503	0.3041346089239066	0.37419299159491926	0.060113572088558984
DLBCL11447	0.04698361171666691	0.018238137989665257	0.026513895849874815	0.8082779841589046	0.09998637028488841
DLBCL10451	0.6347771643891016	0.03207263798371049	0.2771563739856259	0.04216949138829645	0.013824332253265475
DLBCL_C_D_1105_NULLPAIR	0.15497687806698815	0.758399624150827	0.019835446159920313	0.03314602682165817	0.03364202480060644
DLBCL_C_D_1109_NULLPAIR	0.0638463553034831	0.01273656992974716	0.02423873803052136	0.8701689241050725	0.029009412631175846
DLBCL10863	0.08921233123175042	0.018553718132233832	0.031040341022089267	0.7106257933535759	0.15056781626035062
DLBCL11474	0.7163619950686865	0.015453862521689649	0.016427788827139096	0.2202939732106336	0.0314623803718512
DLBCL_C_D_1126_NULLPAIR	0.04478810388551821	0.897226778869536	0.012018858966319577	0.019557676401417156	0.02640858187720915
DLBCL_MC_F064AB	0.01091801311927417	0.009872283215886037	0.9351101715355912	0.03542629608060946	0.008673236048639128
DLBCL11512	0.8435308059880265	0.025901355246545903	0.029682790013288635	0.08979519899505736	0.011089849757081544
DLBCL_RICOVER_701	0.06938397984878368	0.017975812561160653	0.022670623465394647	0.8581091923349897	0.03186039178967135
DLBCL_RICOVER_299	0.01079890913917213	0.8429591807017153	0.11263190544754881	0.012007789098946148	0.02160221561261768
DLBCL11681	0.6372497552531888	0.008740064707666683	0.15259190832452027	0.10048553638056418	0.10093273533406007
DLBCL11480	0.7417307474642822	0.018608722179608392	0.057013157137986596	0.06616283395944321	0.11648453925867953
DLBCL11527	0.05057944713582845	0.020604051359973532	0.06153291939651533	0.8129622306358254	0.054321351471857286
DLBCL11675	0.028174285145890814	0.010747767168355871	0.7667409965870394	0.06225797806873647	0.13207897302997734
DLBCL_MC_F307_JPS	0.847069113597831	0.020862829128166394	0.01692442795546554	0.09124446115132567	0.023899168167211427
DLBCL10972	0.8676853880419754	0.014760039250113193	0.017707859318970454	0.05071441983649746	0.049132293552443584
DLBCL11460	0.03593940041348334	0.016206895536697265	0.02517266378592505	0.9023798553718898	0.020301184892004564
DLBCL10857	0.016735370714080385	0.007476300167421168	0.008511348436188304	0.03149884263988135	0.9357781380424288
DLBCL_RICOVER_1061	0.043540222807973636	0.01187603208788168	0.04275117174647328	0.8828613011793398	0.01897127217833156
DLBCL_MC_F139_LJF	0.04030624905510008	0.013315243157103323	0.023922680055208666	0.9008901561803091	0.02156567155227886
DLBCL_RICOVER_496	0.02032172176056818	0.9018359664573389	0.04887917977587728	0.01861657555327754	0.010346556452938157
DLBCL10968	0.661948354235712	0.010463244350202695	0.022177922501003353	0.23586900922495493	0.06954146968812704
DLBCL_C_D_1119_NULLPAIR	0.07551699568654907	0.8763393067165863	0.01713648334865031	0.017452789365682075	0.01355442488253223
DLBCL_RICOVER_744	0.03249510019249218	0.012989532971163478	0.9309738784184679	0.013424137097205824	0.010117351320670657
DLBCL10925	0.018531998491508536	0.027284148079921647	0.013160254094000191	0.06038856870241386	0.8806350306321558
DLBCL11486	0.6870703275974872	0.015213038301650363	0.028488126023114256	0.03808944435233167	0.23113906372541645
DLBCL_RICOVER_1165	0.00926182516128171	0.9327353513819594	0.031227642686141116	0.007680134696561784	0.019095046074055978
DLBCL10523	0.01915454045422204	0.009517271457294663	0.9234302573732611	0.04026044122356037	0.0076374894916618466
DLBCL_RICOVER_473	0.9270564359423693	0.01791791503527712	0.009118110700054053	0.035137136016062796	0.010770402306236757
DLBCL10490	0.903510176528138	0.011681768332644605	0.011737664283699153	0.053578370337784516	0.019492020517733716
DLBCL11458	0.0629098862163148	0.04695159247660049	0.8459980629344677	0.019876777565242053	0.024263680807374996
DLBCL10889	0.003710873365559491	0.0043291699892913735	0.006886679091355912	0.012275617479457676	0.9727976600743355
DLBCL10930	0.06934054371853417	0.01323413625174438	0.021738869327826336	0.020437503430551406	0.8752489472713437
DLBCL10902	0.0057536046608588805	0.01796984083937194	0.018733569732972587	0.01633214492332783	0.9412108398434688
DLBCL10498	0.008676062858946376	0.008957740810273592	0.9602369667589187	0.018084145926959293	0.004045083644902115
DLBCL_LS1098	0.003266877749032347	0.0030415900938638436	0.9852112119375637	0.006016310299012173	0.0024640099205279473
DLBCL11526	0.02238068685226896	0.011150059201643626	0.9392731342409456	0.02155372398419801	0.005642395720943761
DLBCL10502	0.010455340701286744	0.9198005584185062	0.04490483659109327	0.014938875736921247	0.009900388552192548
DLBCL10459	0.002214497049884386	0.0037599106506222275	0.9863461309308231	0.005386939894039286	0.0022925214746310142
DLBCL11435	0.8956588631095908	0.006972360650539113	0.010129178977863848	0.06839406780672472	0.01884552945528151
DLBCL_C_D_1113_NULLPAIR	0.007719284962568357	0.011606134684300747	0.9642670615757054	0.01021784368775732	0.006189675089668154
DLBCL10963	0.0062223399890627305	0.009579718397080857	0.008631524660172543	0.01747163686417435	0.9580947800895095
DLBCL11484	0.009236584857235166	0.9299081616727508	0.02885144307715198	0.01198765965589388	0.020016150736968177
DLBCL_C_D_1133_NULLPAIR	0.003308606689955979	0.004895376476656012	0.9839372803826083	0.005072636127970338	0.0027861003228093206
DLBCL11666	0.0025324337300649444	0.003650049038272235	0.9861629001918396	0.0052314205007169216	0.002423196539106248
DLBCL11205	0.9250706184026772	0.017473051341756442	0.03057438643732005	0.020749488402120892	0.006132455416125376
DLBCL10482	0.9150591323444178	0.009912417798401005	0.009997615464253293	0.02154665787247761	0.04348417652045025
DLBCL11472	0.9216992090760237	0.00446561925057808	0.013157928198895594	0.046732973936392926	0.013944269538109792
DLBCL_C_D_1141_NULLPAIR	0.00556300190799132	0.012096654587154053	0.9619747464602255	0.00835932613682957	0.012006270907799486
DLBCL_MC_F349_BJJ	0.0022576816565735985	0.0031738995298199483	0.9869806537740188	0.004589401149213907	0.0029983638903737235
DLBCL10954	0.007455096562012123	0.9541355090312293	0.010903631528668674	0.0072331147463518325	0.020272648131738003
DLBCL10860	0.0027541698561964257	0.004684683536661482	0.00814802453410371	0.00677194474086558	0.9776411773321728
DLBCL_RICOVER_1210	0.0033854235541671833	0.9782312686413754	0.008749294784949381	0.0053054205040817815	0.004328592515426227
DLBCL10901	0.001861267527120034	0.0029329045610703318	0.0032366712617173774	0.004895479352323203	0.9870736772977691
DLBCL11000	0.0013486974599489067	0.0018361426383920632	0.0019525530471915262	0.003162609425415831	0.9916999974290517
DLBCL10842	0.00221028989811129	0.0024705676408286544	0.003618415401321383	0.004964046678858579	0.9867366803808801
DLBCL10977	0.0024143100611477395	0.0017127051590273073	0.0030993972685224545	0.00323596029603318	0.9895376272152693
DLBCL_RICOVER_1032	0.007941934651736288	0.042179279169015454	0.007683449105994575	0.012938340066754987	0.9292569970064987
DLBCL10898	0.008002399972920664	0.02794635329845613	0.007389988398006521	0.011963636521806332	0.9446976218088103
DLBCL_RICOVER_712	0.0017598724549539382	0.002816632158304935	0.002218894899024299	0.0031320346717069116	0.9900725658160099
DLBCL_LS378	0.9870024161580153	0.0019476412247379446	0.0033915555089792495	0.0058607301203718685	0.0017976569878955723
DLBCL_RICOVER_1192	0.0024832034453152675	0.004514203594139167	0.0038805501589807495	0.003432410454639862	0.985689632346925
DLBCL10990	0.0005784934902196994	0.0009281023958381408	0.0005822834598385229	0.0006963430992717558	0.9972147775548319
DLBCL10483	0.004855693262508085	0.9559997665877638	0.025244384609547275	0.004831128229566302	0.009069027310614592
DLBCL_MC_F262_WLC	0.9907402762948005	0.0012700058555372882	0.001340411447819532	0.00476883590810749	0.0018804704937351816
DLBCL10458	0.99334572437962	0.0009210351042293626	0.0015977932529112943	0.003102032703740162	0.0010334145594991552
DLBCL10460	0.003237565292427537	0.9839395739671962	0.007039048269033981	0.0026357003042838047	0.0031481121670584116
DLBCL_C_D_1131_NULLPAIR	0.0029970556897886565	0.9834664554719755	0.007156496847127186	0.002608273709930025	0.0037717182811785473
DLBCL10850	0.0017915644195700805	0.9917725387090405	0.00310406423187059	0.0014836538306212664	0.0018481788088975657
DLBCL10834	0.007918348257492125	0.9778973867323919	0.005805579614140951	0.004058668230688334	0.004320017165286706
DLBCL_RICOVER_174	0.0034753954837442743	0.9874654002097083	0.0037803788614735904	0.0027225316315078003	0.0025562938135660074
DLBCL_RICOVER_253	0.0014597749411129606	0.9943640759366387	0.0018058438991270405	0.0010454254251503472	0.0013248797979710308
DLBCL10971	0.32578582208418994	0.2808774014509198	0.027667123901986456	0.07805808158986088	0.2876115709730431
DLBCL_MC_F927_JHS	0.11421472192524662	0.19991692307133568	0.14549330201414468	0.08461538737043678	0.45575966561883635
DLBCL10450	0.5519477173659451	0.09985749194145957	0.018934105294702224	0.2343939317996554	0.09486675359823783
DLBCL11467	0.08212947891751039	0.050061957625594504	0.0939694832559345	0.44392782014627097	0.3299112600546897
DLBCL11448	0.03527225979741616	0.05526132859872094	0.1449241897687072	0.43602331690095547	0.32851890493420033
DLBCL_RICOVER_120	0.2159752738587245	0.05069184075896489	0.05480585003408897	0.043092572287574814	0.6354344630606468
DLBCL11535	0.06805927148061981	0.028495153887264427	0.030459735105040405	0.48635791888882124	0.38662792063825413
DLBCL11483	0.16585948742312925	0.4311687691014259	0.14731577038856028	0.11475865218198215	0.1408973209049023
DLBCL11473	0.6242803344963762	0.04988093735541417	0.02101517068583681	0.27355445754430735	0.03126909991806544
DLBCL_LS4593	0.027242796260400874	0.23403407922867037	0.5482780246966787	0.16239589576490085	0.028049204049349206
DLBCL11657	0.03442394270555767	0.08701941637847305	0.673697054600008	0.17542595400343114	0.029433632312530177
DLBCL10454	0.3279228747212536	0.40454145750153114	0.045191341685648895	0.021136182219222317	0.20120814387234404
DLBCL10907	0.07849012276206228	0.734507769544461	0.02469762094111167	0.06443095782217786	0.09787352893018719
DLBCL_RICOVER_258	0.32752290277133406	0.018634269777152802	0.11586523072249963	0.06490611465839104	0.47307148207062255
DLBCL_RICOVER_1190	0.12243413333803019	0.040355926822291756	0.07953652852634462	0.02783185960414886	0.7298415517091846
