	0	1	2	3	4
DLBCL11431	0.19876020974221334	0.1934354342482083	0.2558605349418991	0.13369725315366152	0.21824656791401778
DLBCL_C_D_PAIR13	0.20005503790056636	0.18771098552927254	0.2608992060277149	0.13366235784800073	0.2176724126944454
DLBCL10513	0.335383985874642	0.11991135973251972	0.060040203137846075	0.469954750613551	0.014709700641441037
DLBCL_RICOVER_478	0.14416133683128468	0.5784039686750011	0.028492765856139024	0.026100516220450842	0.22284141241712432
DLBCL_RICOVER_787	0.0473737008224308	0.6156261864245909	0.13173618956494035	0.18783127909899522	0.0174326440890428
DLBCL10915	0.043567816667466806	0.48318569409228346	0.07132693285607648	0.04717319947906646	0.3547463569051068
DLBCL_RICOVER_711	0.11732348467383333	0.5417098157991078	0.03809167224982162	0.28087184120553993	0.022003186071697337
DLBCL_MAYO_DLBCL_3653	0.22320806062990842	0.03368491510945401	0.06948628863530722	0.18328507492242457	0.49033566070290574
DLBCL11661	0.02904029473723289	0.6640096405472469	0.07084044855343131	0.21130542739589478	0.024804188766194207
DLBCL_LS1921	0.01974389974233473	0.567418577375222	0.22221869380523676	0.16828869363690444	0.022330135440302042
DLBCL10914	0.5550836492895012	0.23676034554949862	0.063594368590892	0.04521910308673649	0.0993425334833717
DLBCL10536	0.021988089256804403	0.562324758732085	0.34630072011797197	0.03139841345559778	0.037988018437540835
DLBCL10858	0.08326917620101118	0.014657118014740341	0.04470442265146156	0.5747202050650161	0.2826490780677708
DLBCL_RICOVER_111	0.0279380044648167	0.10810082460972759	0.27031484045974186	0.10819454421874765	0.4854517862469661
DLBCL11491	0.05894098665232877	0.02866167154635864	0.05283554231992346	0.7111303999267807	0.1484313995546084
DFCIDL004_DT	0.14760856024452693	0.01333127255677161	0.037382435462204405	0.1756611141652099	0.6260166175712871
DLBCL_RICOVER_1046	0.013124479168694417	0.7194575857446001	0.19955394098925622	0.013329616378757403	0.05453437771869183
DLBCL10846	0.18276110552042998	0.6464248895777684	0.04602237110438003	0.08639722915789036	0.038394404639531185
DLBCL10833	0.07391334115506014	0.016041730314324907	0.013022693980247848	0.07485880625786939	0.8221634282924977
DLBCL_MC_F500_ECU	0.015005331540773678	0.8136593063144907	0.07980691489904325	0.05593227001309661	0.03559617723259576
DLBCL10981	0.029465314717935363	0.7720319576175239	0.058863721515105286	0.11755816836120866	0.022080837788226816
DLBCL_BWH_DLBCL64	0.18498702934920538	0.21013854799943024	0.040777289680747765	0.542710437824572	0.021386695146044653
DLBCL10529	0.02714615351336437	0.25917105672498186	0.030736749037944596	0.05388197506697234	0.6290640656567369
DLBCL10867	0.025487534008199562	0.28853023168409925	0.02790771850185589	0.020654663024188044	0.6374198527816572
DLBCL_C_D_1148_NULLPAIR	0.19052436822914615	0.016717632950488365	0.20352483331685733	0.5642374764409974	0.024995689062510776
DLBCL10986	0.7217557855147727	0.02487470862310167	0.09586876467765161	0.1300991960424263	0.027401545142047783
DLBCL10891	0.023232675226494436	0.00869905319602833	0.05654402709892329	0.07440413339531438	0.8371201110832396
DLBCL11479	0.049651799995836896	0.18036070154117154	0.682041811297474	0.05260852456806527	0.03533716259745237
DLBCL11534	0.06907257124181321	0.05077351459469175	0.6764133918523139	0.13688856446205414	0.06685195784912702
DLBCL_RICOVER_1045	0.13203984252329737	0.020768410089605647	0.05316625112692601	0.7653908930048406	0.028634603255330304
DLBCL10868	0.055172842256302264	0.01579820900425221	0.02583288053768462	0.8422169275670839	0.06097914063467705
DLBCL_RICOVER_440	0.012339359907495073	0.29703812660807316	0.6320444489735733	0.026130764141370718	0.03244730036948772
DLBCL10466	0.008420791199304233	0.06792663981314925	0.8068002891486218	0.0837682953472569	0.033083984491667884
DLBCL_LS1395	0.013325086250206451	0.11342977668552628	0.8367092056378896	0.017768724350699414	0.018767207075678173
DLBCL_LS1304	0.018125628670325692	0.026654902383647823	0.8107125666092663	0.030964003546594877	0.11354289879016534
DLBCL11520	0.7273524257298206	0.01274231237340863	0.01805436000419002	0.04232657510041509	0.1995243267921657
DLBCL_RICOVER_950	0.04074669091605209	0.02033130750496379	0.09334179299720821	0.8263628416902822	0.019217366891493753
DLBCL11476	0.09323905922493286	0.03153920215084308	0.017830476831018825	0.018951359283408686	0.8384399025097965
DLBCL_LS951	0.81236112476441	0.0476296968414511	0.049198212816123334	0.0811657805278472	0.009645185050168316
DLBCL10491	0.04729249753950468	0.10416786161553944	0.05112127663748982	0.7785920381588047	0.018826326048661416
DLBCL_C_D_1159_NULLPAIR	0.7582221766484523	0.01540338832120571	0.018435526781514215	0.19006430829170748	0.017874599957120367
DLBCL10544	0.03266655766755386	0.01998156513649117	0.04348739777635876	0.7647853927404374	0.13907908667915872
DLBCL11481	0.8154636250694905	0.021274710926596295	0.09732956771383633	0.03937309916630153	0.026558997123775272
DLBC_FF_8046_TP_NB	0.06548258655284246	0.018213830176800457	0.8386372197495627	0.03727879470456744	0.04038756881622696
DLBCL11565	0.005879486312890011	0.9565015431994143	0.013465768164473119	0.010920159222796402	0.01323304310042624
DLBCL10494	0.00822698504920744	0.9118273184431397	0.053098215864118045	0.013930579247319469	0.012916901396215314
DLBCL11652	0.7864045911241881	0.06811576939563391	0.02121140730090182	0.024723643229366578	0.09954458894990946
DLBCL10456	0.05088807239124521	0.014355066756519184	0.0443861815984149	0.8613951526928448	0.02897552656097583
DLBCL_RICOVER_1287	0.0238688554438145	0.05798721666074522	0.03206477533723658	0.019554885090643896	0.8665242674675598
DLBCL11462	0.8597237240850972	0.010776809475507635	0.051640420372074176	0.03489717399410675	0.042961872073214225
DLBCL10547	0.0663964504104362	0.02752160589505071	0.031162930952006344	0.8348396335303928	0.040079379212114005
DLBCL10521	0.01581132008637184	0.05467020605146773	0.013091214433092304	0.009802582306045983	0.9066246771230221
DLBCL10878	0.04412703969162769	0.015691121991580112	0.021778922384082577	0.02220193221723451	0.8962009837154751
DLBCL_RICOVER_985	0.03224900332472469	0.02035442791741135	0.046129655640456825	0.8688685471213949	0.0323983659960122
DLBCL_LS3749	0.006544255577711471	0.9508399250518637	0.021072012074196275	0.014100881624341201	0.0074429256718873855
DLBCL10835	0.007890646281365854	0.029261672520954893	0.012988362708515574	0.031034107644564927	0.9188252108445988
DLBCL11459	0.03261036974704718	0.012698538436978145	0.023181354270589878	0.9107435301724722	0.020766207372912564
DLBCL_RICOVER_829	0.9219339610649347	0.011096063533440172	0.0066580817770761445	0.030267960877172283	0.030043932747376687
DLBCL10866	0.011456278841032688	0.00571512835666652	0.011849088447675396	0.022034956145109526	0.9489445482095159
DLBCL_MC_F815_BAT	0.005760417494354427	0.01702560793813628	0.9400114066249949	0.026545283568689296	0.010657284373825042
DLBCL11564	0.03656513938235405	0.014159040258501012	0.021338732145859324	0.9081117332307359	0.019825354982549732
DLBCL10879	0.008244929264195854	0.009360308491958716	0.9381267605693482	0.023790064844309775	0.020477936830187466
DLBCL10874	0.02549535288989887	0.889079681970414	0.014494199689721609	0.02640865241847661	0.04452211303148891
DLBCL_MC_F089_HCZ	0.0036933664521010532	0.9702487084920883	0.011622245463574543	0.007220241015947396	0.007215438576288696
DLBCL10847	0.02277143247397755	0.019408498865654277	0.013010091059285273	0.008135432510168917	0.936674545090914
DLBCL_LS3200	0.009666744925263959	0.026738526463507686	0.010359859450626976	0.007149498284274285	0.946085370876327
DLBCL11507	0.018219055971247886	0.917302858605307	0.04488742173984603	0.00793663285128902	0.011654030832310053
DLBCL11662	0.8417945815988936	0.015827254287044908	0.0122101644879615	0.07220200117080117	0.057965998455298796
DLBCL_MC_F729_MAN	0.007808410755019942	0.9589108325649821	0.018808626365528384	0.007616706243424978	0.006855424071044535
DLBCL_LS1065	0.008037854662682493	0.953481033308023	0.013913280555100523	0.006118381139085164	0.01844945033510885
DLBCL_MC_F606_DMJ	0.004113051502936135	0.01755936049377569	0.960674749325433	0.009126520805040029	0.008526317872815223
DLBCL10900	0.01799156838130878	0.005252036282434137	0.008255409411343083	0.016395611929985104	0.9521053739949289
DLBC_FF_A7CQ_TP_NB	0.0174168196508621	0.007106857665032329	0.006284196723773164	0.020738037202213913	0.9484540887581185
DLBCL10887	0.004458354873000314	0.005309784071914987	0.015465596510196924	0.007620013985573346	0.9671462505593145
DLBCL11203	0.005121085454787315	0.9677028214024217	0.010292362218153196	0.009340506243176921	0.007543224681460865
DLBCL11429	0.9169574819324484	0.0054826215921343555	0.011420405507007661	0.041044551506241894	0.025094939462167662
DLBCL_LS2325	0.010320474290387759	0.08422595466478829	0.871834089537769	0.02312488103362882	0.010494600473426161
DLBCL10510	0.007479686856350721	0.9691592105530772	0.008925252655797815	0.004461821075078716	0.009974028859695538
DLBCL10894	0.028355499710483116	0.9328362178987404	0.01219562991518101	0.016562717311692645	0.010049935163902885
DLBCL10836	0.01228606954261372	0.0038256511020834543	0.00855868335722602	0.010600833845699159	0.9647287621523777
DLBCL10950	0.9426496123781373	0.005356186759171451	0.017141202559000552	0.02711760812134834	0.007735390182342431
DLBCL_C_D_1108_NULLPAIR	0.004463077765320754	0.967066378760966	0.011865140960724302	0.004691470909268452	0.0119139316037205
DLBCL_C_D_1136_NULLPAIR	0.0028706546958387744	0.981264713783542	0.006728420622094567	0.004409557963429615	0.004726652935095088
DLBCL10911	0.0038733664544029316	0.9822789902848775	0.00631688292155173	0.002782043547753848	0.004748716791413956
DLBCL10983	0.005679163367139729	0.9759148922556982	0.006782676542092641	0.00435740165659804	0.007265866178471386
DLBCL10461	0.004344387776332168	0.972843482630744	0.00933306154460058	0.004086386787575162	0.009392681260748038
DLBCL10992	0.0012122932068359738	0.0009908034939547607	0.0014462328730457522	0.001720724730511931	0.9946299456956516
DLBCL10550	0.0005136310207822946	0.0005631491178849853	0.0007110776747555411	0.0008580808857134562	0.9973540613008637
DLBCL_C_D_1163_NULLPAIR	7.833766585573735e-05	7.54389787331397e-05	9.144623918300177e-05	0.00011970860868242872	0.9996350685075457
DLBCL10853	0.0013047329296667783	0.0010688695303653103	0.0012601573782829	0.001650755371648308	0.9947154847900367
DLBCL_MC_F519_ALT	0.0012802493985710046	0.001925687595780487	0.0017836109970389782	0.0016284766794614108	0.9933819753291481
DLBCL_RICOVER_417	0.001692088929936573	0.0034075966940220414	0.002320867136813111	0.002828778604226659	0.9897506686350016
DLBCL11672	0.004355947823586467	0.008101968955059883	0.9631071421912923	0.015305244629898183	0.009129696400163081
DLBCL10945	0.9656552326409134	0.004442381186152556	0.00478808857144052	0.01104744112164517	0.014066856479848415
DLBCL10515	0.9623451080324336	0.00580098681675474	0.0047047622456196075	0.02012998617692468	0.007019156728267436
DLBCL_C_D_1129_NULLPAIR	0.9812644065843176	0.0037370434333190905	0.00493721928223428	0.006280202009120583	0.0037811286910085194
DLBCL11558	0.0036597125036510973	0.0060648640778545775	0.9770326525233556	0.00975530958459732	0.00348746131054137
DLBCL11539	0.9646100137625252	0.0038708283760682384	0.007197654335221581	0.020250496610538658	0.00407100691564628
DLBCL11461	0.9773158796151916	0.0029665629334405374	0.005351049834048931	0.011583449331809765	0.002783058285509101
DLBCL_RICOVER_449	0.0009207266511511102	0.0008783202726477606	0.0007280428228660921	0.0012252958142087865	0.9962476144391262
DLBCL11537	0.9758886320185489	0.0033487172403248965	0.004675751858197595	0.008628153953841334	0.007458744929087291
DLBCL10997	0.9729415745210235	0.004469882228977821	0.004663193867340769	0.011834145201851401	0.006091204180806502
DLBCL_LS297	0.0033403578706483047	0.0049999853578754925	0.9778441563504223	0.009607182227705825	0.004208318193348036
DLBCL11428	0.0029724933143187556	0.0047136328232003045	0.9810852140987919	0.0076003598949728425	0.0036282998687161934
DLBCL_DFCI_DLBCL_GOE16	0.002670853166351343	0.004342316769368893	0.9823439894035335	0.0069303707643588435	0.0037124698963873514
DLBCL11685	0.0035872721550404157	0.005226349086531864	0.9752902714878442	0.008318699056712585	0.007577408213870928
DLBCL10555	0.0044648051203700434	0.009864238271976774	0.9736137052378951	0.008186762594227551	0.003870488775530515
DLBCL_C_D_1130_NULLPAIR	0.9871016049782376	0.0025168552226672476	0.0019173506754636806	0.006161939322773074	0.002302249800858414
DLBCL_C_D_1114_NULLPAIR	0.9876410044440075	0.0018405573944888075	0.00213666000309737	0.005885428748556091	0.0024963494098502077
DLBCL10912	0.9860923178160296	0.0021381683333133224	0.002966271689827469	0.006241560096670706	0.002561682064158875
DLBCL11680	0.0030004661670048954	0.0041015445535998105	0.985459201400659	0.004942256110892417	0.002496531767843879
DLBCL10503	0.07310100225328776	0.1398224425026149	0.6499883264294721	0.015936497978548025	0.12115173083607707
DLBCL_RICOVER_1278	0.061306549999047576	0.020595504137780784	0.01652870884290977	0.12809391973642842	0.7734753172838335
DLBCL_RICOVER_314	0.020510233525703414	0.4159758215142845	0.16388818763312635	0.07381501811455146	0.3258107392123342
DLBCL10936	0.13233247655359434	0.4413975424909493	0.17685163730622094	0.10594910772439112	0.14346923592484429
DLBCL10512	0.012148859790344248	0.32502977828604207	0.40845921792585865	0.060878928257130156	0.19348321574062485
DLBCL11202	0.5971945507518542	0.1078512691747602	0.22062205787369027	0.06500272290696699	0.009329399292728371
DLBCL11590	0.07654606364853289	0.017354519242427164	0.4543466253847406	0.35893986761786456	0.09281292410643481
DLBCL11515	0.016043594426541668	0.36137550253555883	0.2787971903776993	0.036767814687510864	0.30701589797268936
DLBCL11536	0.033966489928155784	0.6770558619544141	0.08714610841082843	0.17997857446843796	0.021852965238163668
DLBCL10782	0.36875520369188236	0.11456100135764814	0.027757834894858342	0.45488871549199333	0.03403724456361783
DLBCL10856	0.05449644933307725	0.12391168195089561	0.31912237332428434	0.04431027339814259	0.4581592219936001
DLBCL10927	0.2814251819842244	0.01949370335448331	0.031554727876735134	0.6456265211658146	0.021899865618742503
DLBCL10910	0.03718389035828278	0.6788372466983498	0.1649969127183311	0.06734895447230084	0.05163299575273545
DLBCL11673	0.058272266570511856	0.4772472364781495	0.3265987396540214	0.1125876423527566	0.02529411494456059
DLBCL10452	0.019417169373290067	0.7710659219874986	0.09433568602253117	0.027442890736575375	0.08773833188010484
DLBCL11436	0.08110566268406501	0.5208062856774823	0.1226368234326922	0.2365236004717215	0.038927627734038885
DLBCL10909	0.04097777736670566	0.025824146130009162	0.05128279381640288	0.29666484964190665	0.5852504330449757
DLBCL10921	0.026104109824556326	0.518207560321216	0.04029520851780671	0.028747228681792605	0.3866458926546283
DLBCL10517	0.013359953293554702	0.5973208625984733	0.3340503350730841	0.022476563260182145	0.032792285774705755
DLBCL_RICOVER_910	0.289783353327719	0.12106551553796484	0.10137716154852447	0.45107331171780723	0.0367006578679847
DLBCL11478	0.6074105139252348	0.06598825155576568	0.26368129284344427	0.05073503270036102	0.012184908975194154
DLBCL_LS2245	0.0709614561932018	0.25855292159405874	0.6155836022562406	0.03733740280879947	0.017564617147699392
DLBCL11528	0.0780596748053156	0.7063898180194167	0.17282200470730386	0.02412912690096025	0.01859937556700367
DLBCL_RICOVER_577	0.010662693994280015	0.034605911815361816	0.855392151462353	0.018021446999118274	0.0813177957288869
DLBCL_LS2089	0.015386530388567101	0.8365191658418191	0.024282453453478854	0.00933701547126936	0.1144748348448656
DLBCL10885	0.02564066959213948	0.8351282313121178	0.023600007984181208	0.027946590611906835	0.08768450049965469
DLBCL10974	0.059731407379182616	0.024426654665859898	0.05005238028634093	0.4788960276809806	0.3868935299876358
DLBCL_C_D_1118_NULLPAIR	0.0855236655308855	0.8382640044711258	0.02200833476465171	0.033288230296514384	0.020915764936822557
DLBCL10552	0.17515722459360683	0.02440236533585	0.05024577479492991	0.7353724970678364	0.014822138207776952
DLBCL11204	0.024479830188586068	0.8479361084934441	0.06585628245898167	0.03245110248205397	0.029276676376934187
DLBCL_RICOVER_467	0.026879310830395683	0.3447486127159274	0.03301702926155113	0.013096914675278522	0.5822581325168472
DLBCL10564	0.035980499609921696	0.054835501578119006	0.11706218878563047	0.7538456470081761	0.03827616301815271
DLBCL_RICOVER_945	0.7412638896421744	0.06884117143482889	0.03170955088786613	0.13783402331581165	0.020351364719318987
DLBCL10994	0.47068129796545133	0.1716102980459784	0.0452548582928191	0.08783742724964809	0.22461611844610316
DLBCL11519	0.1512686786776168	0.025557480497194793	0.04405878445495063	0.7642737895079389	0.01484126686229889
DLBCL11576	0.10764834187186778	0.11251247381943429	0.08078628517968438	0.6630281496183102	0.03602474951070333
DLBCL10549	0.03506595018108245	0.7022561558487344	0.22019096357493761	0.024966554567998955	0.017520375827246634
DLBCL11430	0.6746276639469295	0.018056522947017282	0.1240140179788673	0.1724689594137304	0.010832835713455464
DLBCL_C_D_1117_NULLPAIR	0.17877915051615123	0.22850261710409334	0.04132247984645691	0.5284667750267793	0.022928977506519174
DLBCL_DFCI_DLBCL_GOE05	0.013655010684782051	0.7410099206281949	0.04608642947106429	0.014281320367983562	0.18496731884797515
DLBCL11496	0.6074854069775325	0.018056183366633213	0.06121483718912225	0.04453598964700481	0.2687075828197072
DLBCL_C_D_1156_NULLPAIR	0.7636180886530353	0.03495648950035631	0.020594806678271446	0.16460906951274662	0.01622154565559038
DLBCL11566	0.025525630314765024	0.22479795989502344	0.7097087560677144	0.023761594189038525	0.01620605953345864
DLBCL10472	0.027336618050742348	0.01524324733920242	0.8533026247101735	0.0847101198625689	0.01940739003731285
DLBCL_LS3499	0.11056727809331195	0.1298010336177511	0.06953012454470255	0.6542387984569701	0.035862765287264294
DLBCL11488	0.7180425625584738	0.011351173700342658	0.020046322542221492	0.08796174653300741	0.16259819466595468
DLBCL_LS762	0.024369392656349766	0.029738769315612222	0.17102247122992673	0.02354491441780445	0.7513244523803068
DLBCL11671	0.8932812139835392	0.016929767276784965	0.01957148379525285	0.0636147538939046	0.006602781050518366
DLBCL10565	0.029518115688050704	0.04338730592822217	0.7572336625096608	0.13743306073547837	0.03242785513858787
DLBCL10871	0.0246025562520753	0.8808948353242668	0.04106112768544943	0.01458086616361223	0.03886061457459624
DLBCL_RICOVER_850	0.007329245300555417	0.04463490573406674	0.04507348677806756	0.05585672972130976	0.8471056324660006
DLBCL10962	0.025505612270896722	0.8647717488576426	0.047372465386562486	0.013290257755301767	0.049059915729596455
DLBCL11437	0.086745470733423	0.013866822640216757	0.037215223794688244	0.7980747718675001	0.06409771096417195
DLBCL10895	0.022437534151060125	0.1282101757348829	0.09252261170385552	0.013584883424370699	0.7432447949858307
DLBCL10553	0.02522661720239711	0.039588828574409825	0.0636375809229741	0.8403744419567192	0.031172531343499753
DLBCL10890	0.008655144860968309	0.022109292014031515	0.02108688482980241	0.034801740626556006	0.9133469376686417
DLBCL_LS4054	0.015280012839227728	0.8974269204824341	0.02291230400376622	0.027411091421797644	0.03696967125277432
DLBCL_LS2208	0.03279849809810024	0.02508043805927962	0.03685837330599731	0.03163046860064905	0.8736322219359738
DLBCL10852	0.008382370216354594	0.006488151750788145	0.00957746938847902	0.022538055867466718	0.9530139527769115
DLBCL10922	0.014925917973294307	0.8966356706180256	0.05149745278658283	0.017228548877854133	0.01971240974424315
DLBCL10844	0.8518117550948462	0.0415632041155497	0.014804339219148612	0.022356342532972903	0.06946435903748263
DLBCL_RICOVER_978	0.8869854307060243	0.008369208664018064	0.04936639990815378	0.046268915099718554	0.009010045622085258
DLBCL10993	0.8608808800050168	0.009020049188586168	0.03179193853966741	0.03301779643402265	0.06528933583270691
DLBC_FF_8043_TP_NB	0.02455705634504619	0.9377837143733644	0.015732072611774055	0.008606373859337414	0.013320782810477915
DLBCL10884	0.8997999073741373	0.008232729914955087	0.012453576980725124	0.06896662925571981	0.010547156474462705
DLBCL_RICOVER_274	0.04156400042375761	0.0816381280733873	0.034538156163885975	0.7524234840883514	0.08983623125061779
DLBCL_RICOVER_408	0.013557530372432788	0.8972130462637795	0.06261384581077169	0.016860723559961252	0.009754853993054839
DLBCL_RICOVER_1289	0.006948376531361996	0.005831554163154884	0.016048664260733342	0.021519133380636733	0.949652271664113
DLBCL11670	0.004550909997879865	0.01649142937368924	0.9552452043023145	0.010388869761990148	0.01332358656412624
DLBCL_C_D_1144_NULLPAIR	0.008155095827525433	0.02136334323866318	0.010348331339162298	0.008263085461010237	0.9518701441336389
DLBCL_LS4616	0.009118977523145734	0.14594495489131606	0.7567371332253122	0.061928482563966256	0.026270451796259774
DLBCL_DFCI_DLBCL_GOE07	0.009715700354531216	0.9408763313378802	0.022068903852397778	0.006476174798011149	0.020862889657179653
DLBCL_RICOVER_1018	0.03485080160210378	0.03074910292857744	0.02803246281397813	0.886490892920096	0.01987673973524467
DLBCL10495	0.9243506020257353	0.03268628170624391	0.007183742935304215	0.020652164360359125	0.0151272089723575
DLBCL10935	0.9059898340361486	0.03903036566505475	0.00900406056025951	0.03712848138723863	0.008847258351298464
DLBCL_LS2599	0.00838981653186662	0.010655190464243982	0.9578119067877046	0.01824987883927661	0.004893207376908186
DLBCL_LS3245	0.005698266124296626	0.949748806372117	0.026155378986869413	0.009525099621600336	0.008872448895116571
DLBCL11658	0.031201806053529926	0.013562748483048616	0.03885961355736981	0.8786864542514677	0.03768937765458388
DLBCL10883	0.018001621379653294	0.005811919630912986	0.017267379554669775	0.01009751684578209	0.9488215625889819
DLBCL_LS2357	0.0290084501134698	0.012447016217963599	0.024695084766216686	0.9148046509538853	0.019044797948464594
DLBCL10465	0.003613491571780596	0.008393209487893632	0.9637669107876504	0.013805624470029459	0.010420763682645945
DLBCL11353	0.007243701517463863	0.0376367639732759	0.047171210883091015	0.010190538985960984	0.8977577846402083
DLBCL_RICOVER_977	0.9636706197204106	0.0036531266843055042	0.005184145361948013	0.018867032944123827	0.008625075289212063
DLBCL10525	0.966205595941072	0.0033206179095507556	0.008313021022118974	0.013972307722289188	0.008188457404969067
DLBCL_RICOVER_1248	0.005679381656969817	0.00416373626315772	0.0027216986741422015	0.005271233933858665	0.9821639494718716
DLBCL11470	0.9687259537158818	0.003716390039390062	0.005245220630780959	0.017095889969826455	0.005216545644120735
DLBCL_RICOVER_1106	0.00348091375987107	0.006623055025305568	0.006542240639919121	0.010098713948824601	0.9732550766260797
DLBCL10931	0.9807025180167049	0.0025311886910645886	0.003431677937815988	0.008073354737046559	0.005261260617367955
DLBCL_C_D_1128_NULLPAIR	0.9857671421404456	0.00256104233387034	0.0026845441698140405	0.005626251834393424	0.003361019521476647
DLBCL_LS1757	0.9747956807365324	0.0068880039092022	0.0038306629632068913	0.010786959613514734	0.003698692777543748
DLBCL_RICOVER_451	0.9918048780694498	0.0014543861419970628	0.001713027079609707	0.0034959542756110022	0.0015317544333323543
DLBCL11667	0.00430019251839145	0.00739199200088144	0.978152563185584	0.006027583672936072	0.0041276686222070655
DLBCL11456	0.009445024449691555	0.9432359391737061	0.020993660613961906	0.01804092033504928	0.008284455427591162
DLBCL10880	0.02213733328378989	0.00642183891067709	0.007779830443745929	0.009670754856600693	0.9539902425051864
DLBCL11656	0.0034434960099291373	0.0051263668314517966	0.978804100961343	0.006419774967367269	0.006206261229908848
DLBCL11195	0.0041614759223370795	0.010639933681918493	0.005773965022201762	0.008011208097844726	0.971413417275698
DLBCL_RICOVER_221	0.007773129748793078	0.007939305972083192	0.029381135080604096	0.01617492047321426	0.9387315087253054
DLBCL11500	0.00845559923090828	0.0043671005088624345	0.007346533544376729	0.009585659869843723	0.9702451068460088
DLBC_FF_8042_TP_NB	0.008478604198342949	0.02816169732503218	0.03942558428133892	0.01081338108658232	0.9131207331087037
DLBCL10862	0.00381028716619213	0.005099461304490111	0.003764338517561855	0.003572228739678261	0.9837536842720777
DLBCL10903	0.004461342978108065	0.9736254635530366	0.011272921640423539	0.005371722535959122	0.005268549292472735
DLBCL_RICOVER_533	0.00781484385696488	0.9586966405540265	0.018336067230476708	0.008780601841661614	0.006371846516870346
DLBCL10781	0.0033462037804346673	0.003578159049412505	0.00256713142646949	0.005520802187121345	0.984987703556562
DLBCL11450	0.004073829250852407	0.0035094698717133537	0.002025076678302555	0.004001863382329154	0.9863897608168025
DLBCL11188	0.0037393663126014877	0.9804548201041342	0.008145018507722382	0.003488843724011521	0.004171951351530362
DLBCL_LS146	0.004204075364627759	0.977597231732451	0.009547560207293719	0.003961454115908086	0.0046896785797193655
DLBCL10535	0.0019079019670729686	0.002495719503064189	0.001936079376423673	0.0020927060021598974	0.9915675931512793
DLBCL10530	0.0017911186315072289	0.0032193828403826244	0.002506933467029802	0.002635774848066252	0.9898467902130141
DLBCL_C_D_1125_NULLPAIR	0.001478778013189946	0.003067788812279779	0.0025958555051563254	0.0025277855309622016	0.9903297921384118
DLBCL10951	0.0007166647391276302	0.001023629747306997	0.0008818045878962859	0.0009022175451047228	0.9964756833805644
DLBCL10534	0.0	0.0	0.0	0.0	1.0
DLBCL11441	0.11262198589817238	0.01602946587467047	0.18615820735070585	0.1834675040674589	0.5017228368089924
DLBCL11504	0.11666257852116303	0.1347520287726566	0.16529266465590028	0.13363544586088597	0.44965728218939405
DLBCL10908	0.12604562083986653	0.36691010969342785	0.11280062427345214	0.060162667979756335	0.33408097721349705
DLBCL_RICOVER_1060	0.27342095070771516	0.16066241394706648	0.03979908210011716	0.023775212124302784	0.5023423411207983
DLBCL_LS2590	0.04282163701559544	0.023935144316330096	0.0428337591860204	0.5611512471017341	0.32925821238031994
DLBCL_LS2154	0.6130999494922102	0.16552807608972403	0.10281771083180445	0.08482764940738365	0.03372661417887751
DLBCL10451	0.641019941678757	0.03366549384867342	0.2715695661656549	0.04027095695035698	0.013474041356557784
DLBCL_LS1668	0.01822981164676115	0.24710479371994723	0.2732743016771907	0.37418149414923185	0.08720959880686897
DLBCL_MC_F064AB	0.04780548539606481	0.03518460723784786	0.5912327671828179	0.30007455357957136	0.025702586603698112
DLBC_FF_A7CX_TP_NB	0.2231130449464233	0.024507263371734138	0.19978086099996262	0.08275612304062754	0.46984270764125236
DLBCL10985	0.07954453485042602	0.5849538798626459	0.04644452599602066	0.2564449333164022	0.032612125974505114
DLBCL_RICOVER_522	0.05464966049257135	0.077340165403662	0.6005255437214411	0.2529368832055576	0.014547747176768005
DLBCL11433	0.13409892292350387	0.017989950422781145	0.13319342823298014	0.442664654547057	0.27205304387367785
DLBCL_MC_F218_RAP	0.28078404956214337	0.015925882991986513	0.10457574021952261	0.5739972593591952	0.024717067867152272
DLBCL10965	0.21426633098677234	0.021023858266293705	0.04043594096845685	0.6725608487512034	0.051713021027273744
DLBCL_C_D_1105_NULLPAIR	0.2576520917056428	0.652478080805684	0.035040022858421956	0.0307233347099078	0.024106469920343432
DLBCL10957	0.6321070010915106	0.023123600853480124	0.17242903278362248	0.15407805881979916	0.01826230645158759
DLBCL11458	0.178376879374637	0.07514651816145845	0.6267896473437647	0.033877193926125176	0.08580976119401458
DLBCL11206	0.035579592044911235	0.6076025664058793	0.0788180461534074	0.010377125037590463	0.2676226703582117
DLBCL10539	0.07917182529291474	0.20535873721949857	0.0412974576355056	0.6154056385676127	0.05876634128446843
DLBCL10972	0.6531808255142303	0.1790516382957527	0.02373356831167526	0.03422867596230538	0.10980529191603636
DLBCL_RICOVER_216	0.07829108897825436	0.1804188103381522	0.0698614740778512	0.030958815179456478	0.6404698114262857
DLBCL_RICOVER_1165	0.02739280616326995	0.6290586314083877	0.22194136658702962	0.02540189984350087	0.09620529599781182
DLBCL11002	0.3010949087355465	0.03186674371833017	0.03200038402501316	0.6168283629205028	0.018209600600607372
DLBCL10863	0.07016451414440114	0.019154000544006268	0.029207367580390938	0.771211576792179	0.11026254093902259
DLBCL11486	0.6840661482556168	0.02823125258085177	0.01634842708435191	0.040408060349036094	0.23094611173014337
DLBCL11449	0.06155699841385161	0.7326258711746282	0.057483147998093655	0.029267005971327743	0.1190669764420988
DLBCL10934	0.08508996301299199	0.2549550717245188	0.02714711527740055	0.11999664657767724	0.5128112034074115
DLBCL10490	0.8146510301555233	0.02343340503811496	0.013988641199641945	0.039077178542739434	0.10884974506398036
DLBCL11447	0.04431442493907236	0.019522431158119483	0.03353978440594144	0.8142695734634107	0.08835378603345605
DLBCL10930	0.16371843283050896	0.02720006210246422	0.014738780391444824	0.02387145564194179	0.7704712690336402
DLBCL_MC_F307_JPS	0.7791448908319887	0.03243523817827501	0.028040063497294106	0.1282098980636575	0.032169909428784636
DLBC_FF_8062_TP_NB	0.0973789333918305	0.014732182241731416	0.06145528070256154	0.7919110312911012	0.03452257237277534
DLBCL_C_D_1112_NULLPAIR	0.03106114309624723	0.1652238471010001	0.7408047221393609	0.034107221210030486	0.02880306645336132
DLBCL11474	0.7842955731108732	0.013161909721007692	0.016161163221911263	0.1560256570177029	0.030355696928505014
DLBCL11538	0.022703828079941354	0.01612975807580792	0.743963323378666	0.1495512215029649	0.06765186896261981
DLBCL11003	0.08556002677989133	0.0790510101926481	0.02852695274970857	0.09343350591848908	0.713428504359263
DLBCL_LS155	0.03774127571780229	0.011381750123661924	0.7537114962847962	0.1639995798942555	0.03316589797948405
DLBCL10906	0.029406658272611557	0.8237178245888191	0.033314830044844916	0.02507174705310302	0.08848894004062134
DLBCL_C_D_1109_NULLPAIR	0.07188122094834806	0.01299570093936917	0.02569853550922375	0.8580798904421636	0.03134465216089547
DLBCL_C_D_1126_NULLPAIR	0.01734409114361934	0.9113571871059376	0.02237415829084922	0.019217010516905754	0.02970755294268808
DLBCL10968	0.7596635342232648	0.013204869586339563	0.015199252982660828	0.16885362106438737	0.04307872214334742
DLBCL_MC_F139_LJF	0.05332109180665939	0.013641420280145679	0.0382293604167397	0.8770082354815527	0.017799892014902466
DLBCL_RICOVER_956	0.017812181834862717	0.18196697606952533	0.05436943393156658	0.02542431226026094	0.7204270959037844
DLBCL11527	0.03701580130444306	0.03264550772329236	0.12291311937180584	0.767290337588643	0.04013523401181588
DLBCL_RICOVER_1061	0.049742439761417706	0.012714420957988082	0.027077964638049998	0.8945389299806105	0.01592624466193377
DLBCL11472	0.8006786030867378	0.008697002495699841	0.0367261368733241	0.13279827535895772	0.021099982185280527
DLBCL_RICOVER_701	0.05067804487441906	0.014094769837510238	0.02427231524157844	0.8886062773725102	0.022348592673982048
DLBCL10482	0.8842701073544765	0.01247823645869038	0.014838396425466634	0.024001005266488188	0.06441225449487827
DLBCL_C_D_1119_NULLPAIR	0.1337609392410638	0.7937293858727339	0.030566309144683633	0.018400691075930974	0.02354267466558769
DLBCL11512	0.8337771479369771	0.035038192247853275	0.029524870931609534	0.09220791570228774	0.009451873181272358
DLBCL10486	0.8231440717752979	0.05434454010150618	0.015488948501784307	0.07074729759079529	0.03627514203061628
DLBCL_RICOVER_1210	0.01068110051966364	0.811672362917113	0.13068304213541646	0.02726458255233213	0.019698911875474765
DLBCL10532	0.011398106547090234	0.015018678834653215	0.06607667911720157	0.029437022036830792	0.8780695134642242
DLBCL11460	0.05061929017055091	0.0235369440192212	0.02333773010041051	0.8819738778965709	0.020532157813246476
DLBCL11484	0.014442273350948703	0.8692348874930509	0.05343465789139242	0.01643307638290723	0.046455104881700744
DLBCL11675	0.01963123386909422	0.010650803063317386	0.844028968675001	0.04983053988829093	0.07585845450429647
DLBCL11480	0.8695080193827881	0.02249321775146725	0.02419810051799555	0.02232024414865177	0.061480418199097345
DLBCL10963	0.09617734364582321	0.06979973240612031	0.022153212072399234	0.17556117877102143	0.6363085331046359
DLBCL11205	0.8843394920068881	0.03637437935648791	0.04293813859547421	0.026373724452713975	0.009974265588435853
DLBCL10954	0.00997521523511234	0.8981790289284214	0.04403037050868219	0.020015088627843063	0.027800296699941024
DLBCL10969	0.7621189034724953	0.10863223549651423	0.062386598037745405	0.04109810366993382	0.025764159323311175
DLBCL11681	0.8018861608656154	0.008266891179120514	0.08258160238810393	0.04531353374017134	0.061951811826988876
DLBCL_RICOVER_773	0.010262018829089913	0.05098080002494757	0.057431623891753	0.011713037169736058	0.8696125200844734
DLBCL10898	0.01785998176035417	0.07251609432508696	0.022422499106101286	0.036252899534223955	0.8509485252742336
DLBCL_C_D_1141_NULLPAIR	0.010351942325855608	0.04178719415674603	0.8857831588724221	0.012945857183274543	0.04913184746170176
DLBCL10780	0.02152025912827052	0.8216904474176622	0.10883530538189558	0.03677647198375847	0.01117751608841323
DLBCL_C_D_1133_NULLPAIR	0.009034608652058672	0.017955668540510998	0.9475955622635626	0.014132206378621927	0.011281954165245871
DLBCL_RICOVER_496	0.017376059067130925	0.9111014702343019	0.03574084236206323	0.01889810046543185	0.016883527871072092
DLBCL_LS1098	0.007302424735873344	0.006032400759704486	0.9642535567314342	0.015440181809881952	0.006971435963106036
DLBCL10523	0.01219953276890447	0.010851070203804616	0.931332075158303	0.03726673242640778	0.00835058944258017
DLBCL10902	0.014823603895453534	0.051696424334926626	0.06116482307005696	0.015202618022012757	0.8571125306775501
DLBCL10980	0.014422520040674012	0.1393873874923487	0.029811149585791515	0.03144377039199914	0.7849351724891866
DLBCL_RICOVER_299	0.012227274194940135	0.7533226244389906	0.18560839529649611	0.014484752394845936	0.03435695367472719
DLBCL_RICOVER_720	0.0165352359362936	0.04552266748740303	0.015030715973812486	0.009414392002336357	0.9134969886001545
DLBCL10460	0.013639059825822227	0.9236935134777834	0.0437112678141411	0.007290055756133948	0.011666103126119372
DLBCL11666	0.004187659501150753	0.021981903368839723	0.9566510432909384	0.009137994538096344	0.008041399300974722
DLBCL_RICOVER_473	0.9360587059836477	0.007888314276385101	0.008427796444482126	0.040270726360384895	0.007354456935100206
DLBCL11457	0.9053686983905302	0.005259885114695686	0.022527953743677376	0.046825548494462285	0.02001791425663437
DLBCL11526	0.044917257333482966	0.015155809667663814	0.9085215158099551	0.022308272728638844	0.009097144460259249
DLBCL_C_D_1131_NULLPAIR	0.006333648296330093	0.9423700610839175	0.017295757627428854	0.008255912033246332	0.025744620959077202
DLBCL10502	0.012114172920849346	0.915180599246112	0.049015665286828526	0.013478659204566068	0.010210903341644142
DLBCL10925	0.010625142171985106	0.016084230049677434	0.010964705058257395	0.0323864875768277	0.9299394351432524
DLBCL_C_D_1113_NULLPAIR	0.006278146961695824	0.01269525427314182	0.9639102774877629	0.011216931977676427	0.005899389299722982
DLBCL10459	0.0038663907975816	0.011380249785229411	0.9657125941512658	0.012143025527117567	0.006897739738805711
DLBCL10857	0.006435139177983428	0.007813525222671404	0.0100383749472956	0.024198108311064358	0.9515148523409852
DLBCL10483	0.005356340324811181	0.9632133165990969	0.017567345956239884	0.004648242012794355	0.009214755107057625
DLBCL11435	0.9613446978685035	0.0037484751367662644	0.007279169110097772	0.0203244257399703	0.007303232144662184
DLBCL_LS378	0.9836870855988393	0.0029405312840760857	0.0033434661441847516	0.007723583624460333	0.002305333348439447
DLBCL10498	0.02221605283654534	0.02690287497735733	0.9077787928299278	0.03631065162143583	0.006791627734733733
DLBCL_MC_F349_BJJ	0.0030830298983678174	0.004551018586585297	0.9809133943946523	0.006270887780084018	0.005181669340310569
DLBCL10458	0.9803644611598487	0.00442626000335436	0.003607044869362293	0.008943156885296788	0.002659077082137882
DLBCL_RICOVER_253	0.006252266660477772	0.9753611391709943	0.007772787710875068	0.003570993925415617	0.007042812532237178
DLBCL10850	0.0054509183062463615	0.9779384347330884	0.007171730846885337	0.003942759772207943	0.00549615634157202
DLBCL10999	0.0047521644699265765	0.007967246611117524	0.00931342675428038	0.019586195296429625	0.9583809668682459
DLBCL_RICOVER_174	0.005150628047360155	0.9762700251522013	0.009474977147362854	0.004810892288531663	0.004293477364544021
DLBCL10834	0.005062313978934901	0.9793486910346978	0.007180754007638243	0.0036293436781504548	0.004778897300578551
DLBCL_MC_F262_WLC	0.9854399220010577	0.0022010206145600957	0.002505500320551188	0.006781663152958425	0.003071893910872625
DLBCL10889	0.001662977828406931	0.00201598201686825	0.0029177903666182015	0.0033737395950244903	0.9900295101930822
DLBCL_RICOVER_744	0.0031540547489157422	0.004317015592990646	0.9838593819914306	0.0054706124141065465	0.0031989352525564722
DLBCL_RICOVER_712	0.005138955157712877	0.010164728652081205	0.005963115259408631	0.01020152424166762	0.9685316766891297
DLBCL10990	0.004287492214826464	0.005116356030628428	0.003681913046742125	0.0037356207907577803	0.9831786179170452
DLBCL10977	0.0013861023409459448	0.0015435738472567386	0.002024699148856235	0.0020489936850559796	0.9929966309778852
DLBCL_RICOVER_506	0.006447805146262146	0.02978488216991832	0.011043402247930347	0.00840461730766039	0.9443192931282288
DLBCL10901	0.0014677846303961233	0.0018309880836080122	0.0022184197909265193	0.002452720614891474	0.9920300868801779
DLBCL_RICOVER_1032	0.004079472917502317	0.009866633323198943	0.005090942220190436	0.004989585500003747	0.9759733660391046
DLBCL10842	0.000543972293412142	0.0005172046637236435	0.000620197283143053	0.000945020232338473	0.9973736055273826
DLBCL10860	0.0003521169453588438	0.00039952062304888283	0.0004429735572299649	0.0005683522579096214	0.9982370366164527
DLBCL_RICOVER_1192	0.0026309772357080027	0.0046616297647826535	0.0026427989972168065	0.0028394949358391667	0.9872250990664534
DLBCL11000	0.0008915361111342283	0.0010454648012974954	0.0012577008608986168	0.0016266841231320928	0.9951786141035376
DLBCL11483	0.20336039827852595	0.1750113658358283	0.23203997451080846	0.13243965067803315	0.2571486106968041
DLBCL_MC_F927_JHS	0.19930605901060644	0.19329126914053696	0.25970984715461487	0.13719346998230122	0.21049935471194056
DLBCL_RICOVER_1190	0.43904663157109736	0.04332718794010308	0.2195325598916944	0.03435451039756023	0.2637391101995448
DLBCL10971	0.2924718212224987	0.48601586758145654	0.03509243027686348	0.05211175442183375	0.1343081264973476
DLBCL10907	0.2992294284296316	0.42159687877113533	0.03701556219150845	0.1611604926274736	0.08099763798025107
DLBCL_RICOVER_258	0.31358547230036105	0.014869286334835552	0.10959980016898516	0.09181551287281234	0.4701299283230058
DLBCL10548	0.5553603298599341	0.22152871925414488	0.020773660367984982	0.17203470995363418	0.03030258056430185
DLBCL11683	0.06734225689163263	0.03252006207472683	0.6510144459905629	0.22377116766067176	0.025352067382405922
DLBCL_LS2367	0.6199402592846198	0.09296655345148719	0.042449445061756866	0.16536480512750745	0.0792789370746286
DLBCL10875	0.6885423163753711	0.1006852468394105	0.021115197656549924	0.1600881273649576	0.02956911176371082
DLBCL11473	0.6558420606161273	0.11539377175350093	0.014443575317414557	0.18811214890820266	0.026208443404754603
DLBCL_RICOVER_1329	0.05174797756326145	0.5164012606608724	0.04242230366123062	0.026168090042343148	0.36326036807229234
DLBCL_MAYO_DLBCL_234	0.08176550577179674	0.016595240115665287	0.21598667131490754	0.2959918387907695	0.38966074400686096
DLBCL10488	0.6893519876001681	0.11942623920269904	0.09939940249855889	0.08444710192018823	0.0073752687783857265
DLBCL11455	0.4549805892462475	0.032234440677402915	0.117572408750521	0.375925255056773	0.01928730626905544
DLBCL11467	0.07501588882023184	0.052369724842336735	0.11307060063808617	0.45900529102995213	0.3005384946693931
DLBCL11509	0.5190440638093043	0.0645957134304511	0.10258908777660718	0.2868773587467004	0.026893776236937037
