	0	1	2	3	4
DLBCL_MC_F500_ECU	0.1976646087517412	0.2533096856460664	0.14483157188986945	0.2321155521522762	0.1720785815600468
DLBCL_MAYO_DLBCL_3653	0.13220871237884693	0.313633929806782	0.17189982006780388	0.09737385341393286	0.28488368433263433
DLBCL11431	0.13929332270395275	0.31364937310720115	0.17797129542796866	0.10123376601951163	0.26785224274136576
DLBCL_C_D_PAIR13	0.1446463510983519	0.30637651845103264	0.17659397718359393	0.10286466186008028	0.2695184914069411
DLBCL11652	0.22371384186512822	0.49511849128566915	0.10628378516668041	0.05028655755358231	0.12459732412893985
DLBCL10914	0.4511122620606328	0.16199575118525955	0.10492060911410894	0.09601698213031673	0.185954395509682
DLBCL10536	0.4891213215962114	0.14952734342898968	0.08611511145141461	0.0971020275946677	0.17813419592871657
DLBCL10986	0.389886517907954	0.039945648136840824	0.169145591501938	0.3050634875394085	0.09595875491385875
DLBCL_RICOVER_985	0.03963356463525056	0.06807470978265152	0.23934327103134972	0.37786058704726816	0.2750878675034801
DLBCL10878	0.4304126858916532	0.08275501371705138	0.06334883082011186	0.1081490382144233	0.3153344313567602
DLBCL_RICOVER_111	0.03356959094949131	0.1594654073358186	0.4221411217549912	0.06951462352043478	0.31530925643926405
DLBCL_RICOVER_478	0.13538868283691138	0.42830449382420177	0.05603732044594097	0.03756765170365967	0.34270185118928626
DLBCL_LS951	0.6288894702376575	0.17667796251949042	0.049335291944782186	0.07495594916184459	0.0701413261362253
DLBCL10894	0.3157074918781392	0.5036242894920355	0.026866476662077355	0.12175151472184297	0.0320502272459049
DLBCL_C_D_1148_NULLPAIR	0.38197209344350197	0.03162298276795601	0.3067801532443956	0.2559037520262724	0.02372101851787416
DLBCL_BWH_DLBCL64	0.14311615239042752	0.5639717733634787	0.059236308238887814	0.2094201917386769	0.024255574268529083
DLBCL_RICOVER_711	0.29702828363307354	0.17810852446675712	0.037472380557203935	0.4497730950899863	0.037617716252979196
DLBCL_RICOVER_950	0.08938741111319176	0.03478416431198504	0.25973568010762843	0.5850875924028146	0.031005152064380145
DLBCL10915	0.025036650045715574	0.399831976519995	0.05678458381343092	0.04204523365494116	0.4763015559659173
DLBCL_RICOVER_1045	0.25450916474302376	0.04436644030440807	0.10927682008940813	0.5556225014440714	0.03622507341908857
DLBCL_RICOVER_440	0.018276844918376195	0.5781286020016375	0.35145672113378096	0.027156219999532376	0.024981611946672908
DLBCL10466	0.014952226979157655	0.6263381857443491	0.23344120925538114	0.09359325801954688	0.031675120001565193
DLBCL11481	0.2758170620024906	0.06458583248928103	0.4967810490839031	0.11899746555159316	0.04381859087273205
DLBCL10868	0.11892474731390376	0.040062414627729026	0.028685646441402823	0.6702938130624796	0.14203337855448478
DLBCL10456	0.10046543025747029	0.02851007634727039	0.10969490001542934	0.6980504755623388	0.06327911781749121
DLBCL10945	0.6986225505187362	0.049052603856650806	0.015696702421644948	0.035628985307654404	0.20099915789531356
DLBCL10981	0.06998265613266232	0.17008345832397842	0.0454081496241589	0.553934589292314	0.16059114662688645
DLBCL11476	0.08191648004029657	0.09523875122755565	0.058735885527933164	0.14324826310230276	0.6208606201019119
DLBCL10547	0.1606866625860535	0.15407470467981574	0.09137878730778322	0.5620745756550038	0.03178526977134376
DLBCL_RICOVER_787	0.08649334576212273	0.1375521393452781	0.57557949623121	0.17832321077373192	0.022051807887657277
DLBCL11491	0.12309520526458474	0.052869469085245126	0.0847601559132533	0.6534608292059084	0.08581434053100838
DLBCL_LS1921	0.03511591325241623	0.2383946221657177	0.4182346182298122	0.2807400188791986	0.027514827472855215
DLBCL10513	0.15076732568476575	0.09181686490761322	0.045427172254464736	0.6802396830129087	0.031748954140247594
DLBCL11662	0.5088694153071409	0.09233779715962338	0.028061886218879922	0.2971630143395704	0.07356788697478556
DLBCL_LS1395	0.031331566338523804	0.5165705812496225	0.3915712601049099	0.03460978309599669	0.025916809210947165
DLBCL10833	0.21502467771027742	0.045578651497214115	0.011983710586375037	0.07529236597228378	0.6521205942338497
DLBCL10494	0.03927265788454425	0.7312609620332439	0.06935940438324255	0.10912812363976393	0.05097885205920539
DLBCL10846	0.6434704235965941	0.1714290502433063	0.025529448850938875	0.11729065369798151	0.042280423611179244
DLBCL11479	0.08618178212572705	0.07401454224316997	0.6929167850145731	0.08581170220090369	0.061075188415626126
DLBCL11534	0.09563282953951396	0.08538477611601282	0.6676551019735758	0.08449299505525852	0.06683429731563882
DLBCL11462	0.7243964790770246	0.026857563792143838	0.08411444189967343	0.06617240976524408	0.09845910546591398
DLBCL_LS1304	0.025823743898703507	0.08439703282182681	0.7608879620060632	0.03141111508046381	0.0974801461929426
DLBCL10983	0.02634005364153025	0.8281937207177376	0.016284690276806513	0.023609809690679266	0.10557172567324644
DLBCL10510	0.0506734936659405	0.7784383544511924	0.03251891327481652	0.025643397327340767	0.11272584128070996
DLBCL10544	0.04995733779589654	0.041352287172931414	0.043390311999290124	0.7817183363079843	0.0835817267238976
DLBCL_RICOVER_1046	0.013133301556266193	0.7812538197738004	0.14320568399508685	0.01910564187358673	0.04330155280125979
DLBCL10491	0.07212193401267247	0.08361492347735305	0.06061458335577819	0.7564985616423981	0.02714999751179815
DLBCL_RICOVER_1287	0.05669193376839879	0.0705441862426196	0.05328251760999553	0.05027694813690959	0.7692044142420765
DLBCL_LS1065	0.021410438263324397	0.797016399215083	0.048720568549798414	0.02387318831685113	0.10897940565494303
DLBCL11564	0.07930966767189584	0.027552275179325698	0.03084691494459799	0.8194309186515607	0.04286022355261977
DLBCL11520	0.8171866204841496	0.0230457188134834	0.011259362685334742	0.04230756408242356	0.1062007339346087
DLBCL_MC_F729_MAN	0.05424438063356371	0.8020731189010778	0.048056958486822246	0.056740610822546396	0.038884931155989864
DLBCL10529	0.03718129659665522	0.05936907004364002	0.024466268116398494	0.10285157344185125	0.7761317918014551
DLBCL11507	0.16034176954377152	0.7210701673189752	0.06317087881988974	0.031728677488968224	0.023688506828395264
DLBCL_MC_F089_HCZ	0.013391427198756852	0.8396954978453872	0.08575547994899271	0.016494990013992756	0.0446626049928705
DLBC_FF_8046_TP_NB	0.05255502377094318	0.048369144620021697	0.829082447412812	0.04103821720896558	0.028955166987257582
DLBCL10867	0.02455964837142626	0.1544374302282003	0.016114401631057464	0.01590058620947022	0.7889879335598458
DLBCL11459	0.07207296227430643	0.03647345243220712	0.03784434156071824	0.8237337254607318	0.029875518272036456
DLBCL11537	0.8391329387815716	0.0195093006751977	0.018188874434248395	0.029910445147081195	0.0932584409619011
DLBCL10521	0.04676434395506575	0.0840007799291636	0.017371534610688796	0.016608059530548013	0.8352552819745338
DLBCL10950	0.8134910151978202	0.031289029285722046	0.0379837005869913	0.09860769765716126	0.018628557272305193
DLBCL_C_D_1159_NULLPAIR	0.7855809022550688	0.02848075301260028	0.014680139555995788	0.13536153978067872	0.035896665395656314
DLBCL10835	0.01925072224226756	0.14980202386134736	0.020136432717493512	0.07793436816964548	0.7328764530092461
DLBCL10461	0.009738883869864353	0.9066663419942373	0.02203407944550017	0.009559316306615145	0.05200137838378302
DLBC_FF_A7CQ_TP_NB	0.08559366072791814	0.020561852003539067	0.014805041900579774	0.08441317991311494	0.794626265454848
DLBCL11565	0.009439411251533632	0.9002254924781461	0.022695730890323566	0.012169622175988383	0.05546974320400833
DLBCL11203	0.012573463520963312	0.9086474846137043	0.018000031550795256	0.03971647743478691	0.021062542879750294
DLBCL10858	0.05133170890081734	0.01762357281852998	0.02119500588111074	0.13404372510886556	0.7758059872906764
DLBCL_C_D_1108_NULLPAIR	0.011440674993404532	0.9143569133627109	0.02002281061688831	0.012654281530451913	0.041525319496544415
DLBCL10891	0.024259563327407304	0.018490260931490556	0.050805900988529516	0.03707798887646942	0.8693662858761032
DLBCL10997	0.8929925597147624	0.015056231452831761	0.012162081743156496	0.05595949264738367	0.02382963444186569
DLBCL10879	0.045934510812222815	0.02816571189326988	0.785802683428308	0.08383746894171623	0.056259624924483075
DLBCL_RICOVER_417	0.013242893147608271	0.12181670233324264	0.01545619510041105	0.024527173780545482	0.8249570356381926
DLBCL_C_D_1136_NULLPAIR	0.005944068858358888	0.9584571480720412	0.00942996088474852	0.010679152742845397	0.015489669442005955
DLBCL10847	0.048841014908585646	0.03190812068318261	0.01827413760142068	0.01909463918231483	0.8818820876244963
DLBCL_LS3749	0.010682596744179412	0.9170148484770326	0.02331725959153122	0.032041497664599974	0.01694379752265675
DLBCL_RICOVER_829	0.8627394439140927	0.038148161477639275	0.009343304166838937	0.049022013086630095	0.04074707735479893
DFCIDL004_DT	0.040220927050700704	0.016049073964821418	0.011852400048406781	0.04803139263461714	0.8838462063014539
DLBCL10515	0.8717579682383856	0.02840976755187482	0.012556974128149809	0.06000960949336315	0.027265680588226624
DLBCL_MC_F815_BAT	0.011762553379377913	0.032581212390291985	0.8808699426862381	0.057829390417237676	0.016956901126854343
DLBCL11661	0.013158623539655613	0.9288609065398906	0.020700577319263617	0.022847475948436488	0.014432416652753669
DLBCL_C_D_1130_NULLPAIR	0.8954356236249815	0.027566328180492924	0.009949579415287691	0.042605822271179164	0.024442646508058656
DLBCL11429	0.9116358593649333	0.014883022965567943	0.00857427753451917	0.035448124517524014	0.02945871561745562
DLBCL_C_D_1114_NULLPAIR	0.8931255792906408	0.018442533727551884	0.010416047767310376	0.04400889126058572	0.03400694795391115
DLBCL10555	0.01776061473378704	0.08978949841523413	0.8531161103901213	0.028020703804023463	0.011313072656834155
DLBCL11558	0.016500177882150024	0.04499864956679199	0.8955158732510877	0.03496846693706718	0.008016832362903127
DLBCL11428	0.020622038869910014	0.030681500873944768	0.8864125068946166	0.04907284219513781	0.013211111166390819
DLBCL10874	0.016398790696790067	0.9383346130660254	0.01416775333589051	0.01587965880021443	0.015219184101079603
DLBCL_MC_F606_DMJ	0.010575333391844195	0.030896406168511983	0.9294443236712847	0.018044743472973187	0.01103919329538594
DLBCL_C_D_1129_NULLPAIR	0.9167002793411093	0.015345178712122475	0.019638583443887695	0.034022691215356816	0.014293267287523727
DLBCL_LS3200	0.018980311151720174	0.02024648417277762	0.014774436851255643	0.0214014831217167	0.9245972847025299
DLBCL10911	0.008148189079450776	0.9546628167351763	0.014653862533410425	0.00899916376414954	0.01353596788781298
DLBCL_LS297	0.013247000327294475	0.022888958120259175	0.9214940891194846	0.0345552442098847	0.007814708223077003
DLBCL10836	0.037224874034693	0.011000107689652294	0.015877870229644257	0.0454731103673479	0.8904240376786625
DLBCL11680	0.015608898542571154	0.018549859240968754	0.9360576340554038	0.02243441355462915	0.007349194606427235
DLBCL_DFCI_DLBCL_GOE16	0.009732548564638222	0.021006984126812036	0.9384686472432455	0.022976639921516925	0.00781518014378732
DLBCL11672	0.010766140993539017	0.024359572005106342	0.9298288362196873	0.0252788526333028	0.009766598148364577
DLBCL_LS2325	0.010219512627537864	0.01584891742603958	0.9482260576644934	0.0198725557668175	0.005832956515111675
DLBCL11685	0.008963398127504367	0.013608693872935477	0.9544469522897603	0.015580371332969889	0.007400584376829923
DLBCL11461	0.9323392803389964	0.01675348219425892	0.00999867630599525	0.030172149739155663	0.010736411421593824
DLBCL11539	0.920619994043756	0.012085564326480574	0.011995935747461321	0.04494526893023491	0.010353236952067156
DLBCL10866	0.01848869025295401	0.015343246290788001	0.019252920560033086	0.04901153888807977	0.8979036040081452
DLBCL10912	0.9507028597393211	0.009267443363995504	0.006532180540766438	0.022725924319143963	0.010771592036772984
DLBCL_MC_F519_ALT	0.0076250407330877975	0.007776380663820408	0.00597818371307433	0.008977640828368027	0.9696427540616495
DLBCL10853	0.019056604482907642	0.007253631159234671	0.005042438458320692	0.010960954446616662	0.9576863714529203
DLBCL10900	0.024107616320853335	0.008480541945148199	0.00530463550049934	0.0166908894040451	0.945416316829454
DLBCL_RICOVER_449	0.004598889016015837	0.003083568065693799	0.0015309817941837763	0.0033485539335735073	0.9874380071905331
DLBCL10887	0.0019743392073284156	0.0022218722284423876	0.0013299579711276589	0.002102586039841991	0.9923712445532595
DLBCL10550	0.0023328522303230465	0.0028253101883035916	0.0016571751192914022	0.0027309824042262075	0.9904536800578557
DLBCL10992	0.0024953754784938003	0.002265455133300519	0.0019414267773070113	0.0024037362508435023	0.9908940063600552
DLBCL_C_D_1163_NULLPAIR	0.0	0.0	0.0	0.0	1.0
DLBCL_DFCI_DLBCL_GOE07	0.14452433320476185	0.26398839175815414	0.17936199674099296	0.100996388521473	0.31112888977461806
DLBCL_LS762	0.1397616064499461	0.2817217759254226	0.16886232718252667	0.0995034977207266	0.3101507927213781
DLBCL10452	0.13555445802250687	0.4189091999617442	0.059170668191185265	0.03857180752779378	0.3477938662967699
DLBCL10549	0.12515228087878602	0.27414319210360916	0.36165042957419796	0.20611840801334816	0.0329356894300588
DLBCL11671	0.5961201965101238	0.08115335291677098	0.08559981694084785	0.20920900743623172	0.027917626196025645
DLBCL10495	0.5534208699330742	0.3127264533470152	0.026031983823802243	0.07135551170414053	0.036465181191967795
DLBCL10935	0.37470641369234625	0.4586810599080974	0.03214789567166135	0.10797855137330767	0.02648607935458725
DLBCL11673	0.09336917720121105	0.3773834680964215	0.26593074571578174	0.23272341486361553	0.030593194122970103
DLBCL_RICOVER_945	0.200277770207477	0.4074959387911303	0.08106747831427555	0.28204706571476795	0.029111746972349473
DLBCL10564	0.039051819664955106	0.15819839183834367	0.1886989551389482	0.5456752430918065	0.06837559026594663
DLBCL_RICOVER_314	0.063228252685747	0.44556143152132466	0.36897153558676726	0.06177970286382196	0.06045907734233907
DLBCL10974	0.06499373641600946	0.07435568238003948	0.036828145780477384	0.33819265608377935	0.48562977933969426
DLBCL_LS3499	0.11858698600777519	0.4636720654672049	0.0591036671949985	0.3085241170352023	0.05011316429481921
DLBCL11576	0.19215800264059213	0.22463546767021933	0.4075789652209078	0.14279657000884038	0.03283099445944031
DLBCL10782	0.5067313405601784	0.2561003585595796	0.02496165601902024	0.17553351106370546	0.03667313379751623
DLBCL_C_D_1144_NULLPAIR	0.03269998437411806	0.352320169869162	0.04163102401229522	0.027367959368528545	0.5459808623758962
DLBCL11430	0.4807253780150948	0.044523458418334654	0.16069405184811644	0.2914003394160311	0.02265677230242304
DLBCL10895	0.043068950259405804	0.5565826881136302	0.05977235508849242	0.03230503284181456	0.30827097369665696
DLBCL_RICOVER_577	0.058089066917769425	0.29713292520405643	0.3334265805366248	0.21631090167870606	0.09504052566284313
DLBCL11590	0.15357994406003853	0.029965185137757207	0.3400746887095466	0.4283032549425637	0.04807692715009408
DLBCL10927	0.3120522826972583	0.11454866552044794	0.04113536899746378	0.5006945052982749	0.03156917748655504
DLBCL10910	0.08545403589626692	0.4940156196274522	0.04229306202126501	0.26845233505088956	0.10978494740412638
DLBCL11437	0.35874181163071306	0.033577484488157824	0.04363105491783312	0.45157003950590624	0.11247960945738986
DLBCL_RICOVER_910	0.19879393966959602	0.17047026707199442	0.10041566242268471	0.42528523247213434	0.10503489836359058
DLBCL10994	0.1645873031453095	0.4833411270736382	0.03652291428181944	0.05930948914725609	0.2562391663519767
DLBCL10472	0.07573775618926851	0.06942575508716017	0.3650001901108868	0.4552676633149044	0.03456863529778028
DLBCL11478	0.3087417030287693	0.09033543650960525	0.46863692635174403	0.11710156839483356	0.015184365715047787
DLBCL_RICOVER_1278	0.16430626906685508	0.04463328393465808	0.03178506922904407	0.30390253767547365	0.45537284009396917
DLBCL_C_D_1117_NULLPAIR	0.1926832179547772	0.4716947639148168	0.038167555830021856	0.25890928768870786	0.038545174611676274
DLBCL10962	0.12101844082131678	0.1363109824639336	0.06968899494135085	0.05513521409693145	0.6178463676764674
DLBCL_RICOVER_978	0.592287523922564	0.03543616216126431	0.08042347944310758	0.26071180697998037	0.031141027493083746
DLBCL10921	0.018632558821502963	0.6738150137182111	0.032953908385864206	0.025468976892540504	0.24912954218188124
DLBCL10781	0.17713669914721822	0.1126722749210072	0.03811907826298656	0.5925386110545515	0.07953333661423648
DLBCL_DFCI_DLBCL_GOE05	0.021686014980297794	0.2160848515834252	0.027332156276348187	0.020925217146467796	0.7139717600134611
DLBCL10503	0.2016454256222017	0.14749498267608532	0.5178249702681756	0.0754681069228055	0.05756651451073177
DLBCL_C_D_1156_NULLPAIR	0.7190949307473175	0.08199671117080555	0.02767821742596125	0.1472265444666755	0.024003596189240275
DLBCL10936	0.05857195399403116	0.6581685153504109	0.10029529790889954	0.05288240118491726	0.13008183156174105
DLBCL11528	0.044264661637460685	0.7090610574805302	0.19274527975548547	0.03174613823072465	0.022182862895799044
DLBCL10565	0.03088300019215705	0.34590304359599966	0.49798111955063623	0.09705078185059489	0.028182054810612173
DLBCL10884	0.6837147460076372	0.036351474925865206	0.025832002338391474	0.22394401210535606	0.03015776462275018
DLBCL11353	0.01180375399577124	0.17686201557947193	0.05295292622610657	0.016411353165981073	0.7419699510326692
DLBCL11658	0.09303202236153255	0.023214926075688185	0.06508424114069064	0.7279078968398212	0.09076091358226744
DLBCL_LS2245	0.16494531789746555	0.20683491614525507	0.5530139079949892	0.04994167236839155	0.025264185593898682
DLBCL10552	0.376537022947889	0.031671500850121756	0.06083009949896683	0.509021626868395	0.0219397498346275
DLBCL_RICOVER_533	0.0634849745424651	0.551596563320976	0.3092999323631484	0.049027792044821245	0.026590737728589258
DLBCL_RICOVER_467	0.01640516853173494	0.7868846436188758	0.026268831315716897	0.016658447929485003	0.15378290860418733
DLBCL10862	0.04685828671724446	0.16747085518375876	0.07207191066881434	0.033239498738919446	0.6803594486912631
DLBCL11202	0.24452695415194864	0.09187187169759468	0.4393098211754456	0.20579262723017072	0.01849872574484041
DLBC_FF_8042_TP_NB	0.03082661453222607	0.09364136215068918	0.7416947270687682	0.09124085631690262	0.04259643993141399
DLBCL_RICOVER_274	0.06982333092928641	0.18418271804756584	0.030652239835135212	0.5908258999100048	0.12451581127800777
DLBCL_C_D_1118_NULLPAIR	0.22051572801133862	0.46567478171519633	0.023117987372156323	0.16082194664183247	0.12986955625947635
DLBCL10909	0.10142343463566922	0.05538358627771788	0.03529476298395549	0.2090691301308399	0.5988290859718175
DLBCL11488	0.7127039996172282	0.030414524549692352	0.013612098297341937	0.08725302089309402	0.1560163566426435
DLBCL11436	0.04044652700628636	0.6537072171316824	0.11831806954907491	0.05837603223579826	0.129152154077158
DLBCL_RICOVER_221	0.06669324597392258	0.043194788292109404	0.0322713748355628	0.14398834024295934	0.7138522506554459
DLBCL11515	0.029910393097083474	0.044084092310898826	0.15647230986281827	0.04728492505252404	0.7222482796766754
DLBCL_LS4616	0.021087323270600308	0.30539723080404513	0.6162618060213599	0.028858087207001393	0.028395552696993172
DLBCL11536	0.11273325680530114	0.08119222926684512	0.036413699102533864	0.7323131890644986	0.03734762576082132
DLBCL_RICOVER_408	0.017311406165377737	0.7149132032582374	0.194204331439778	0.03572574130403298	0.037845317832573916
DLBCL10512	0.023752410522003137	0.772021588366944	0.10779066263906478	0.026062401755328913	0.07037293671665913
DLBCL10856	0.040169755487730746	0.5365856966736082	0.06019419877582297	0.03509627873455943	0.32795407032827856
DLBCL11456	0.040308364651898416	0.7730847410526446	0.04611139450967758	0.08982435454562404	0.05067114524015537
DLBCL_RICOVER_1018	0.06757442044818975	0.09233785564778421	0.03885773174403988	0.7608487983942813	0.04038119376570481
DLBCL_LS3245	0.010611211547576384	0.7461354769403276	0.17380209241603894	0.04571601846403955	0.02373520063201753
DLBCL10517	0.015051648223401295	0.759592454933144	0.15257594462681595	0.02159310995183587	0.05118684226480291
DLBCL_LS2208	0.055231936368726885	0.0772242084067421	0.053458250960545496	0.05266820191789616	0.7614174023460893
DLBCL10885	0.013573388442993049	0.8268704562881173	0.02572697954997989	0.025761461618622476	0.10806771410028733
DLBCL10553	0.05695420513844787	0.058343613367293046	0.03712408817166929	0.8127815418597546	0.03479655146283519
DLBCL10871	0.042115718625629836	0.8075921229983051	0.07663717241821373	0.04053942233388521	0.03311556362396618
DLBCL_LS2089	0.017659372913895018	0.6620141321150855	0.0327646961526819	0.015881553577840647	0.27168024524049694
DLBCL10922	0.024768354149393882	0.8478774246235309	0.028097732093516806	0.033068728395330434	0.06618776073822802
DLBCL10535	0.029342219836232426	0.06662328649905913	0.030092499578559428	0.022397554574091184	0.8515444395120578
DLBCL11519	0.08992997574539432	0.039847481241187255	0.041474489733185356	0.806609956859685	0.02213809642054813
DLBCL_LS2357	0.09206513487421819	0.03440826137996762	0.03636022735613029	0.8053647419732618	0.031801634416422093
DLBCL11496	0.8277565236596756	0.0363978531756337	0.015007904030528024	0.03798783952609983	0.08284987960806288
DLBCL11204	0.016303116499456493	0.902091130744893	0.017950269746237268	0.028397362174372328	0.03525812083504093
DLBCL10993	0.9030244037788666	0.01800926922086729	0.023647975368966543	0.025117352693098106	0.030200998938201398
DLBCL10844	0.8618472034943724	0.021948456516030942	0.02032158897980144	0.04037331676377116	0.055509434246024045
DLBC_FF_8043_TP_NB	0.028837294552819165	0.9040784677725501	0.019716163437438382	0.016568618267731153	0.030799455969461164
DLBCL11195	0.014736172948688621	0.035202334277520196	0.010006554181311748	0.03695817771794231	0.9030967608745372
DLBCL_LS4054	0.013700288224892027	0.9124967753032364	0.029111658281718814	0.013404891236136673	0.03128638695401614
DLBCL_RICOVER_1106	0.018564547969813352	0.02558869218412703	0.02033118920149262	0.08265870691722185	0.8528568637273451
DLBCL10931	0.9191624925166476	0.01508876713950469	0.008299405344813948	0.028392245932037336	0.029057089066996382
DLBCL10852	0.022825383140890197	0.019920318689193407	0.015416353388432108	0.07200123632338835	0.8698367084580959
DLBCL11450	0.027182972545802965	0.0221173150513316	0.006667842709266176	0.025317724169755973	0.9187141455238432
DLBCL_RICOVER_1248	0.05349678274666639	0.04454757242021536	0.008813805742832699	0.013852004493266235	0.8792898345970193
DLBCL11470	0.9421494073099461	0.009220175444240853	0.008201372420103622	0.024081104467849796	0.01634794035785955
DLBCL11667	0.02934176090149835	0.03830697233314392	0.8909633463517366	0.029925716014345124	0.011462204399276093
DLBCL_RICOVER_451	0.9329182439045021	0.011280993653217912	0.009987804570855123	0.026066029876079987	0.019746927995344915
DLBCL10465	0.01256892797847949	0.02137983968541535	0.9237664864040483	0.03121230910526137	0.011072436826795462
DLBCL_RICOVER_977	0.9354864028201217	0.010461521099250599	0.007327062320559844	0.02567796397465823	0.021047049785409593
DLBCL_C_D_1128_NULLPAIR	0.9288475565222393	0.018579768356520115	0.009512544979827394	0.024782633509326767	0.018277496632086474
DLBCL10525	0.9366892500905263	0.012715812637468587	0.00770972976725579	0.02430192087716414	0.018583286627585148
DLBCL_LS146	0.006180755491171511	0.945895037782419	0.025155174675518074	0.00836606112007137	0.014402970930820061
DLBCL11670	0.010715912213317406	0.026322501909697576	0.933280296383208	0.020227095890739278	0.009454193603037784
DLBCL11188	0.00599603451005576	0.9675180720523948	0.010750886332303021	0.005982598140585885	0.009752408964660484
DLBCL11566	0.011896344786166288	0.022380354973458763	0.9370658807885075	0.022080093390595638	0.0065773260612717955
DLBCL10530	0.003918230709486494	0.008989431257114022	0.003910764850067003	0.005311577043623539	0.9778699961397089
DLBCL11500	0.02742323492607722	0.012276485495582945	0.006827346252331863	0.028184769189997377	0.9252881641360106
DLBCL10903	0.004466295376235832	0.974629893455645	0.008421244868840222	0.0048034280750022485	0.007679138224276741
DLBCL_C_D_1125_NULLPAIR	0.003825034659381443	0.010098887442410394	0.004226530016203858	0.006518725099590411	0.9753308227824139
DLBCL_RICOVER_850	0.0055210969404612216	0.016500967992964605	0.005459041401057317	0.0073413467077643015	0.9651775469577526
DLBCL_LS2599	0.013324167134472563	0.016523131097853264	0.9466419979700497	0.01777960344618755	0.005731100351436984
DLBCL11656	0.009659148845723536	0.011595048166867376	0.9535598275968039	0.016509264503997825	0.008676710886607306
DLBCL_LS1757	0.9527438745179508	0.010753062966942522	0.006424952068499083	0.017837099215507437	0.012241011231100146
DLBCL10883	0.007238757795925979	0.009879197045900259	0.00407978345641169	0.006238950978552588	0.9725633107232095
DLBCL10890	0.005260103735638997	0.006953196985052214	0.0037832403757534754	0.008752309026484975	0.9752511498770703
DLBCL10951	0.004216863288002853	0.004429563317592287	0.0032355210204808678	0.00493571041023142	0.9831823419636926
DLBCL_RICOVER_1289	0.0034577965705996114	0.0044284129931623445	0.002574166514227119	0.005917190616429601	0.9836224333055813
DLBCL10880	0.005358001854476173	0.0039200438599198625	0.0025370819745283856	0.0038341368025332626	0.9843507355085424
DLBCL10534	0.0004413804546034761	0.0005970667627908088	0.00030383019172985215	0.00048202920297420496	0.9981756933879017
DLBCL_RICOVER_216	0.14149310767364803	0.31171890715473904	0.16513046625538574	0.09940521990579632	0.2822522990104308
DLBCL10908	0.14359493860619527	0.3167376273504909	0.17409397827466624	0.09835012551328084	0.2672233302553667
DLBCL_RICOVER_712	0.1056238606984931	0.3096388142044401	0.06844282088025477	0.2517241616959502	0.26457034252086187
DLBCL11512	0.23245688740109494	0.4470708379170618	0.08164968258931883	0.22083296835724453	0.017989623735279885
DLBC_FF_A7CX_TP_NB	0.030271593492836122	0.21418397215434673	0.18744282840225118	0.05238661131220006	0.5157149946383659
DLBCL11205	0.34654763805440775	0.48316437283993374	0.05898718752836675	0.0893873510765628	0.02191345050072895
DLBCL11486	0.20528929758725	0.10229614940510479	0.017890633533728936	0.037097209068319884	0.6374267104055964
DLBCL11527	0.025984029519401923	0.21471049846941306	0.6295180958688263	0.08983289767084224	0.039954478471516404
DLBCL11457	0.4235646287971522	0.033868604827161995	0.02843693284990932	0.17820782738089858	0.3359220061448778
DLBCL10486	0.7182047836103649	0.06596073575489807	0.0280477287769133	0.13109347713244504	0.05669327472537869
DLBCL10980	0.028073033043575432	0.3440253336998751	0.04442421262899137	0.031050956129286825	0.5524264644982713
DLBCL10906	0.1170031324188839	0.1341811901297276	0.06713261760771488	0.1819812191378998	0.49970184070577384
DLBCL10780	0.027415328707149248	0.4843390675931151	0.3891617704705086	0.08043176807883116	0.018652065150395847
DLBCL11449	0.023357584098089343	0.29909149972403853	0.03638887530169285	0.07582168778316445	0.5653403530930148
DLBCL10957	0.26562625225262876	0.054408245723204886	0.038967470420343736	0.5167129671978852	0.12428506440593749
DLBCL11003	0.046404275426606814	0.2421005056453735	0.0633187846862576	0.046915423614454	0.6012610106273082
DLBCL10934	0.12989034216393247	0.5682160964153227	0.04179135734646084	0.1708775402961529	0.08922466377813121
DLBCL10954	0.06031976937348725	0.48599976706889203	0.17380129897947885	0.181054646475657	0.09882451810248497
DLBCL_LS1668	0.03542815119551246	0.18218375968731415	0.5545496513055489	0.1893873650503936	0.038451072761230935
DLBCL11472	0.6647081656771365	0.023131737215313336	0.041531011665871594	0.21556803285041623	0.05506105259126232
DLBCL10490	0.5543590557735435	0.055899664384572584	0.01667744235670533	0.0998885504129472	0.2731752870722314
DLBCL_C_D_1105_NULLPAIR	0.08419341018599745	0.6203590866387844	0.0917965532283689	0.10619705578241742	0.09745389416443187
DLBCL11433	0.1125363400876494	0.033846468794185035	0.07483087643532052	0.5710580054528948	0.20772830922995023
DLBCL10863	0.08369520775402658	0.054551717546701635	0.03269704300890436	0.4983114417073882	0.3307445899829792
DLBCL_LS2154	0.5729075702983893	0.13198727113986522	0.097563905021346	0.10974558247072451	0.0877956710696749
DLBCL_RICOVER_1060	0.6039152824967865	0.11528990489161847	0.09388755676700901	0.10367803445342837	0.08322922139115763
DLBCL_C_D_1112_NULLPAIR	0.6029965876820883	0.12113884443692956	0.08461793755126247	0.10603620657135457	0.08521042375836513
DLBCL_MC_F218_RAP	0.4989039688908276	0.0384160896665511	0.08743993056263615	0.353392631058125	0.021847379821860163
DLBCL11435	0.5322188524997667	0.049210724142008215	0.04485248905374075	0.29479198753887087	0.07892594676561346
DLBCL_RICOVER_496	0.05973344307947919	0.6511382465349895	0.10259551559393194	0.05111936508949019	0.13541342970210915
DLBCL_RICOVER_473	0.518091223020215	0.058638270273693775	0.03694772081901911	0.35035002318748354	0.035972762699588545
DLBCL11441	0.10041342043067601	0.07155828483154653	0.568618412547265	0.09870373125794833	0.1607061509325641
DLBCL11447	0.10609563977829817	0.03184317144182522	0.03032423010228554	0.5577033953954295	0.2740335632821616
DLBCL10460	0.16609084174471292	0.6647797644918046	0.05764906685308927	0.05274322452052869	0.05873710238986448
DLBCL11458	0.1631654052473817	0.08814625221556763	0.6647666494344638	0.05832586210658628	0.025595830996000574
DLBCL11484	0.026489163892904413	0.7006806960400163	0.09226743768328637	0.032044329562933134	0.1485183728208598
DLBCL10539	0.1984908979998899	0.05336207003250057	0.06917245143187774	0.6447803807286193	0.034194199807112496
DLBCL10523	0.0620002421477257	0.040858308010858296	0.6599782437432339	0.21650882448449468	0.020654381613687538
DLBCL_C_D_1109_NULLPAIR	0.21482354635865744	0.044309316585284426	0.027547086838830233	0.6316045434275274	0.08171550678970048
DLBCL_RICOVER_522	0.11674969014207058	0.10316419163996374	0.4771344795872089	0.28610134109298413	0.01685029753777277
DLBCL10483	0.013108404046679744	0.7696884324820453	0.15572397779627453	0.0225614417002947	0.03891774397470564
DLBCL10898	0.036892244724872444	0.2219090956201606	0.03318349633408684	0.03587584381827198	0.6721393195026082
DLBCL10990	0.05843393189866448	0.07641632326616175	0.05533903961088293	0.05186883579355111	0.7579418694307397
DLBCL11002	0.13672736560975493	0.05254372925948819	0.044593827572705434	0.739983575206283	0.02615150235176841
DLBCL10963	0.17083349784322335	0.06248263895680071	0.03725011872052932	0.6758655764294651	0.0535681680499815
DLBCL_C_D_1126_NULLPAIR	0.0441946017661022	0.7836610949566997	0.042079056846719906	0.07318436255637778	0.05688088387410049
DLBCL11474	0.7428753385497726	0.07632021297343022	0.015166148922966216	0.11762354317633134	0.04801475637749959
DLBC_FF_8062_TP_NB	0.6836406267096365	0.02829862065675483	0.12147519168779371	0.08588624675362148	0.08069931419219337
DLBCL_C_D_1119_NULLPAIR	0.12262342407435235	0.7854647357414737	0.03993072259001919	0.025765697374494332	0.02621542021966047
DLBCL_RICOVER_701	0.09539657182383093	0.03530929603416259	0.03950045430709267	0.784971319089078	0.04482235874583573
DLBCL11504	0.10268306343874305	0.07950954189608093	0.02841102599105192	0.046903203749661455	0.7424931649244626
DLBCL10965	0.12266004639500877	0.03034777400677601	0.03445142829736285	0.7755265554012116	0.03701419589964074
DLBCL_MC_F139_LJF	0.09260490583587852	0.035889523654761925	0.04765322620597564	0.8006955038795952	0.02315684042378868
DLBCL_C_D_1131_NULLPAIR	0.02143217144574053	0.20958373295563162	0.025586036909960936	0.019739846267778485	0.7236582124208883
DLBCL11681	0.561928035181248	0.01650646294832856	0.09938680131009207	0.08738377314011829	0.23479492742021305
DLBCL10969	0.22106777637571026	0.06523195945392561	0.5739200356370711	0.08166976340832932	0.05811046512496372
DLBCL11675	0.052775759674150304	0.01622038462275064	0.8259452573448192	0.06466888883113223	0.04038970952714763
DLBCL_RICOVER_1165	0.019081200588429468	0.7460484348252405	0.030804826304859433	0.021112622728973737	0.18295291555249682
DLBCL10459	0.01867386151725196	0.19069625672899956	0.7262781266849392	0.0457613415426492	0.01859041352616015
DLBCL11480	0.8345133413935399	0.025805442334677617	0.037576620962245066	0.04563291965441412	0.05647167565512326
DLBCL_RICOVER_1061	0.08436013567074903	0.02911724317347554	0.030956260289872754	0.8278904510367544	0.02767590982914827
DLBCL_MC_F307_JPS	0.7610811634615143	0.11645828575082195	0.03516023671543274	0.04967470872808085	0.03762560534415013
DLBCL10451	0.8238475316912065	0.03382388123335188	0.07920563115322724	0.047460873529133196	0.01566208239308122
DLBCL_RICOVER_299	0.013441827853841206	0.27841388109565884	0.6239383865713346	0.0300325982488762	0.05417330623028914
DLBCL10930	0.7886374475364331	0.044958636187433135	0.012182200025474873	0.038107307141873624	0.1161144091087853
DLBCL10985	0.03548340884064356	0.8170622517197091	0.026901579947898376	0.09241713182159013	0.028135627670158772
DLBCL11206	0.03641576958390357	0.795491923319421	0.031766666491015345	0.022364681217161387	0.11396095938849873
DLBCL10498	0.07813637340099588	0.03781616524447249	0.7724605689873644	0.09987704075599113	0.011709851611176159
DLBCL11538	0.03297348196110692	0.021617673099857918	0.8150487486574555	0.0906901836045244	0.039669912677055316
DLBCL11460	0.05239328559692029	0.7893840873236403	0.03433720431604795	0.06869520077498538	0.05519022198840616
DLBCL_MC_F064AB	0.04814371150651087	0.061843361726754545	0.7733990965882855	0.10179824602442292	0.014815584154026102
DLBCL11526	0.8281131293311796	0.021212272909926118	0.054657977123440615	0.07454047018194268	0.021476150453511
DLBCL10972	0.7782762318368336	0.057244646759013335	0.013790550325794793	0.03421692403860231	0.11647164703975593
DLBCL_LS1098	0.046262722949123335	0.01622288047466318	0.8668447345421081	0.052091118146075664	0.01857854388802977
DLBCL_C_D_1133_NULLPAIR	0.04407458473661576	0.022453243097779806	0.8543444188141905	0.06181204254697826	0.017315710804435627
DLBCL_LS155	0.023210889326815365	0.025814651682587314	0.8662490781145311	0.07409346135486869	0.01063191952119754
DLBCL10532	0.01129917365794509	0.03163135309289852	0.042842634950306185	0.023479804953122817	0.8907470333457274
DLBCL_LS2590	0.030333200044923094	0.02034564142216346	0.01798465347445519	0.08162251316661816	0.84971399189184
DLBCL10458	0.8607052216244439	0.06195440148887652	0.016941692804662123	0.04550826859979907	0.014890415482218453
DLBCL11666	0.014951073366001643	0.08693526504473338	0.8555035741468258	0.023446746973423055	0.019163340469016195
DLBCL_C_D_1113_NULLPAIR	0.021388423649575904	0.048800767882727476	0.8732451602047507	0.04038656075196325	0.016179087510982668
DLBCL10968	0.825457864220388	0.02222680246876413	0.013940246087780777	0.0998007352535174	0.03857435196954962
DLBCL_RICOVER_1210	0.014047319951191678	0.928417835474062	0.016743179968547416	0.022621807817130937	0.018169856789067938
DLBCL_RICOVER_956	0.018515407816415117	0.021620358440698702	0.016853535381117616	0.021675677372603914	0.9213350209891646
DLBCL_RICOVER_174	0.028451331046836136	0.910686406109566	0.028603578140727795	0.016513167649693933	0.015745517053176127
DLBCL_MC_F262_WLC	0.8991947536353032	0.026342391230933238	0.00965923861403456	0.04368637967770937	0.021117236842019604
DLBCL10502	0.011228357148572841	0.9184640195931267	0.041193844582012897	0.013160864507579528	0.015952914168708025
DLBCL10482	0.035104177018648125	0.021347687951002555	0.008999030203710966	0.0151091882631807	0.9194399165634577
DLBCL10925	0.01687910754799526	0.017689753217263383	0.011291098255214882	0.04562894014614903	0.9085111008333774
DLBCL_LS378	0.9319698159304907	0.013375881049691687	0.008994531660921927	0.033055724053292164	0.012604047305603591
DLBCL_RICOVER_1032	0.013332703692581665	0.0483602418300183	0.008403480669785753	0.01152157672293772	0.9183819970846766
DLBCL10850	0.0061358523826387755	0.9747231299789224	0.007481769495615896	0.00449490368854887	0.007164344454274036
DLBCL_RICOVER_720	0.027728656245251424	0.04744552228020455	0.007858620049951958	0.009367265995957497	0.9075999354286346
DLBCL_RICOVER_773	0.008668687864320786	0.02742869547907253	0.010149720452157888	0.009598583243616194	0.9441543129608326
DLBCL_RICOVER_253	0.01112318924072953	0.9657527725183158	0.009055662033081023	0.006102907550233011	0.00796546865764058
DLBCL_C_D_1141_NULLPAIR	0.008058894180125344	0.026888689982841548	0.937214332984791	0.018123360134879113	0.009714722717362985
DLBCL10834	0.01313359446352535	0.9612764261596907	0.01006639784029976	0.007546472101826068	0.007977109434658177
DLBCL11000	0.003926931813927901	0.00922903619984968	0.006175576081764208	0.006808164266380616	0.9738602916380776
DLBCL_RICOVER_506	0.007619790486972954	0.028702013958843853	0.007938940778539677	0.008422162432984014	0.9473170923426595
DLBCL10857	0.006671904688441018	0.006437458149147556	0.004154797365618869	0.012012909106933584	0.9707229306898589
DLBCL10842	0.008717019718018422	0.005947404008565531	0.003834704128363904	0.011004176194320774	0.9704966959507314
DLBCL10999	0.004399303348751171	0.005909624093081575	0.004019349403616854	0.008888888372286324	0.9767828347822641
DLBCL_MC_F349_BJJ	0.009498201072086555	0.013439605695078271	0.9486279038758143	0.01690198605476212	0.01153230330225871
DLBCL_RICOVER_744	0.010196327426242621	0.016645900955535576	0.9531648806746053	0.014590096855848165	0.005402794087768354
DLBCL10901	0.00469913085325447	0.004906852225984687	0.003641234280745627	0.006061607370143358	0.9806911752698718
DLBCL10977	0.004400753731786453	0.005581554316640479	0.003352093861243398	0.0044084977899916545	0.982257100300338
DLBCL10860	0.0039422842182756795	0.007003562634160338	0.003026450832644174	0.006627900952502405	0.9793998013624174
DLBCL10889	0.002545914438223183	0.0037474066069204943	0.001962919701475832	0.002473809240652523	0.989269950012728
DLBCL10902	0.004435933520148149	0.009019798990951325	0.00341103723661318	0.004839771552676188	0.9782934586996112
DLBCL_RICOVER_1192	0.0017729306731897932	0.0023169007055452683	0.0010403533329372315	0.0015395054669921097	0.9933303098213356
DLBCL11483	0.14446494073905605	0.2658006112052036	0.1788130483485677	0.09961941894369374	0.311301980763479
DLBCL11467	0.1414954816969427	0.30868713950613585	0.17104486723842804	0.09809791194896232	0.280674599609531
DLBCL_MC_F927_JHS	0.14342396071744487	0.31975727318306657	0.1741357240357005	0.1006150815576358	0.2620679605061522
DLBCL10907	0.2816027936433302	0.452234464544409	0.022120645355963548	0.1652421818022702	0.07879991465402696
DLBCL11455	0.3931686464475843	0.21739550237133654	0.13284444154968805	0.23348508788816283	0.023106321743228197
DLBCL11657	0.09790493652349716	0.2465308462964029	0.04071193096375501	0.2697000220560212	0.34515226416032363
DLBCL11501	0.37267750761232565	0.4168828808825451	0.02769057278702538	0.047228733812729025	0.13552030490537478
DLBCL11509	0.35460281362327134	0.1221631260507077	0.06294273771480825	0.40523263019858363	0.055058692412629014
DLBCL10837	0.27846373646092565	0.04969489640544474	0.12329649870805626	0.10226899735961666	0.44627587106595673
DLBCL10548	0.6197068902164502	0.08088924388103111	0.020491749180213563	0.2495141207349301	0.029397995987375015
DLBC_FF_A7CW_TP_NB	0.21230369144473715	0.17107591189114713	0.09711906977156869	0.4236583032010085	0.09584302369153841
DLBCL11664	0.3959398175169593	0.45544966143554233	0.02990981547031228	0.08322633105847316	0.03547437451871306
DLBCL11001	0.2547973180171468	0.025881771096759945	0.018653529568510036	0.061645995283506665	0.6390213860340765
DLBCL10961	0.01394458463315888	0.11855546332910462	0.03608359229036077	0.07824067089847994	0.7531756888488959
DLBCL_C_D_1166_NULLPAIR	0.03248517303430083	0.3715956130178251	0.03935554091672778	0.025123286760667538	0.5314403862704787
DLBCL_RICOVER_258	0.1615425140513346	0.02673200718974772	0.09952201852697892	0.058178939880718046	0.6540245203512207
DLBCL10971	0.17465750673707114	0.19822874780852173	0.16892752304052427	0.4081970496781391	0.04998917273574385
DLBCL11448	0.22718957871249298	0.034063301647297504	0.09052999579238154	0.532766128463375	0.1154509953844529
DLBCL11651	0.04857223845372807	0.13904663022004937	0.6345396889883768	0.1543279989880717	0.02351344334977412
