	0	1	2	3	4
DLBCL_MAYO_DLBCL_3653	0.1335355804573679	0.22488513279993344	0.14820737355067765	0.09870914041695054	0.39466277277507056
DLBCL11431	0.1399973024490236	0.22701257228203547	0.15541179537219454	0.10544120540675612	0.37213712448999026
DLBCL_C_D_PAIR13	0.14476431921762356	0.22471657118900737	0.1558624071868211	0.10824490780435436	0.3664117946021937
DLBCL_RICOVER_787	0.1813100721882991	0.25577014464341513	0.3593912539046687	0.16088111426338952	0.04264741500022759
DLBCL10915	0.06573141854107	0.1561211504932051	0.0631522748488949	0.27494692101800733	0.4400482350988227
DLBCL10494	0.059431890810661234	0.5405285390645982	0.22600522434873627	0.1288081974387552	0.045226148337249104
DLBCL11481	0.43837298177712897	0.05963052198317144	0.330490536702912	0.11482737191551004	0.056678587621277525
DLBCL10894	0.5041363180484371	0.30133951468335335	0.020790157772044873	0.12805744358545226	0.045676565910712515
DLBCL_RICOVER_478	0.14514642825408772	0.2688348531959946	0.16357750732695386	0.03594897930001129	0.3864922319229526
DLBCL_C_D_1159_NULLPAIR	0.49988869315421325	0.02183788984512991	0.044415558102367345	0.38040592872034706	0.053451930177942385
DLBCL10914	0.2937395098766525	0.07433956423362001	0.47120534545796106	0.08290835492201097	0.07780722550975554
DLBCL11662	0.4964074222901768	0.06879886297960047	0.034636180273608194	0.2963857016167916	0.10377183283982301
DLBCL11652	0.4353125446120291	0.21016470052401157	0.1429451084216167	0.1176597434175349	0.0939179030248077
DLBCL_RICOVER_111	0.03733814160973063	0.11823977430521912	0.1925992984097799	0.06286905190098849	0.588953733774282
DLBCL_RICOVER_985	0.037823126057383666	0.0441000758440163	0.42647642293914684	0.33320551161026873	0.1583948635491845
DLBCL10878	0.5494524907945294	0.028179710542152913	0.07091868889675926	0.1907579299667955	0.16069117979976286
DLBCL_RICOVER_711	0.3029298201053829	0.09999121874975633	0.040288954452887965	0.5001763104701894	0.05661369622178349
DLBCL_RICOVER_1046	0.017748071424979178	0.33502721799082225	0.5649757017368878	0.04599140077190532	0.036257608075405394
DLBCL_RICOVER_1287	0.03608790366106375	0.5265993828867004	0.034817320007205166	0.038926990968262236	0.36356840247676836
DLBCL11479	0.08095606536128108	0.2622186801896082	0.4970133409357473	0.06129264319746819	0.09851927031589533
DLBCL_MC_F500_ECU	0.09589515539213664	0.5598066502002191	0.08258807535437197	0.10972302225238811	0.15198709680088415
DLBCL_C_D_1148_NULLPAIR	0.4485948416953312	0.02090395223020614	0.33071693087447857	0.170963251298404	0.028821023901580072
DLBCL10986	0.6812457666882706	0.03344588268543256	0.09033820370817292	0.1330463807835213	0.061923766134602556
DLBCL_RICOVER_950	0.09423259277461034	0.026164078772473995	0.15535640499044334	0.6807156305196974	0.04353129294277485
DLBCL10521	0.03723788402084794	0.26600679382741327	0.018482143427332384	0.02094431060094909	0.6573288681234573
DLBCL10536	0.21473944352822927	0.04612780934160468	0.5049161909560629	0.17701063826719143	0.05720591790691172
DLBCL10846	0.6774304153632447	0.1273351243396307	0.026520812841806837	0.09634386828867113	0.07236977916664668
DLBCL10945	0.6911827813000662	0.04310506735420978	0.017886085655443227	0.05246008244313252	0.19536598324714827
DLBCL_RICOVER_1045	0.645411572521581	0.10119417859661897	0.0662228469069401	0.14696649668120612	0.040204905293653816
DLBCL11539	0.7924023908795769	0.01566924344568033	0.057717627918153346	0.11406312120034008	0.020147616556249446
DLBCL10510	0.18475957397803616	0.5325573483468216	0.03323436515164229	0.02987672154528844	0.21957199097821153
DLBCL_BWH_DLBCL64	0.16307691568035249	0.5439528238088328	0.04751045122763973	0.2082247577376002	0.03723505154557484
DLBCL10491	0.07325392572182401	0.10155716920382958	0.11125228547170124	0.6764563738468574	0.03748024575578777
DLBCL10833	0.353272182429843	0.03942565439259936	0.01927325568081346	0.09208596739464676	0.49594294010209744
DLBCL10466	0.014964577238085783	0.5034964103009154	0.35879997809866515	0.08333900328873042	0.03940003107360318
DLBCL_LS1395	0.06895439174587009	0.3867138030872579	0.47275610356526276	0.03546742474122579	0.036108276860383474
DLBCL11476	0.07353251845407646	0.07000091514905947	0.04202822949708862	0.1444841699456905	0.6699541669540849
DLBCL_RICOVER_829	0.7481070639652936	0.10355824055489082	0.011975402261602763	0.053873120335409315	0.08248617288280347
DLBCL10981	0.06687951869051525	0.18267103417491123	0.03901166551324691	0.49523072555111547	0.21620705607021112
DLBCL10513	0.15367738656387828	0.047256414323137	0.06641381598345407	0.6980449549585761	0.03460742817095454
DLBCL11534	0.11559642157480965	0.0878660659586862	0.6095230576289062	0.08411032540470542	0.10290412943289258
DLBCL10529	0.03948958328981839	0.04381928201568469	0.021741619374452088	0.12981756819761994	0.7651319471224248
DLBCL10456	0.09941545597634706	0.02629563663902781	0.10426923984277198	0.6207877582086934	0.1492319093331598
DLBCL10891	0.035331091956349016	0.014824196223994585	0.054180724591941856	0.1019897770345449	0.7936742101931696
DLBCL10547	0.10838860245351306	0.06067089468149343	0.12326897657157966	0.6618882907863627	0.04578323550705114
DLBCL11462	0.8161155467410389	0.0188327180778437	0.06409322985694703	0.04234634384040983	0.05861216148376049
DLBCL11507	0.14564147510791003	0.7030986908971577	0.09164775062584714	0.03612212547703829	0.023489957892046793
DLBCL11491	0.11509643361696338	0.03843712844914212	0.07068558472636095	0.6616591202259998	0.11412173298153365
DLBCL10879	0.06549713156412496	0.023459741801894654	0.688949341205272	0.13302993856931516	0.08906384685939328
DLBCL_LS951	0.8526253649323945	0.04739032731163833	0.023720914253602923	0.03945553023709993	0.036807863265264314
DLBCL11537	0.830289428717614	0.01791457349200571	0.018522900394100827	0.03165121024513639	0.10162188715114305
DLBCL_MC_F729_MAN	0.07451762066851918	0.7261195906765378	0.056888907318669656	0.07278790907894689	0.06968597225732653
DLBCL10867	0.026478572464030754	0.13097567024300238	0.010168908822563823	0.018948231928137393	0.8134286165422656
DLBCL_LS1304	0.016032357179105117	0.058465890004015635	0.8411403962075924	0.028334779750925698	0.05602657685836114
DLBCL11459	0.08024715984270736	0.028785405604075442	0.06245330582056979	0.788916866047009	0.03959726268563849
DLBC_FF_A7CQ_TP_NB	0.11012277583606053	0.02312316518426215	0.022634978891367123	0.1295994965337048	0.7145195835546054
DLBCL10868	0.1246971593208377	0.03287756655533351	0.02812479699531633	0.5679387027656234	0.24636177436288903
DLBCL_LS1921	0.01708556280247654	0.8507897615186861	0.05452873610276337	0.05778913453209766	0.0198068050439763
DLBCL11520	0.8795405116937756	0.014629127593855203	0.011954536259073762	0.03553954954392931	0.05833627490936612
DLBCL10836	0.05543903499463197	0.012105268377384768	0.01587946619584919	0.08297921857315717	0.8335970118589769
DLBCL10950	0.859367382637646	0.020980132253414014	0.026309494080962482	0.06487214865426082	0.02847084237371665
DFCIDL004_DT	0.04223031324703463	0.013124572980793973	0.010720604514785542	0.069313827872912	0.8646106813844738
DLBCL10544	0.05813827221640427	0.02695775866664916	0.039540308687797454	0.801605569265749	0.0737580911634001
DLBCL10858	0.03451169542027907	0.01329721260713339	0.01178041716732394	0.08039459928207604	0.8600160755231876
DLBCL11564	0.090215421904926	0.024478522271233937	0.038301469537627045	0.7959222566460796	0.051082329640133387
DLBCL10555	0.023588201295320695	0.1034969469571532	0.8356049596368753	0.02648332455279886	0.010826567557851897
DLBCL11428	0.0160161225199568	0.026877522945005047	0.9178850803728182	0.03022166189250161	0.008999612269718344
DLBCL_C_D_1130_NULLPAIR	0.8950247012706573	0.016408803082926797	0.015706936441851095	0.04015201142459948	0.03270754777996539
DLBCL_C_D_1129_NULLPAIR	0.8590412876965315	0.02665678520206682	0.03165693069217798	0.04127151735283769	0.04137347905638598
DLBCL10912	0.9394035936118826	0.014224057281331184	0.008344346463807509	0.023649655375645152	0.014378347267333507
DLBCL11461	0.8916306314307292	0.019268716089567563	0.02814741090451922	0.047748776122511286	0.013204465452672762
DLBC_FF_8046_TP_NB	0.02241743685428919	0.02378115188625394	0.9079836754224143	0.031204952779020332	0.01461278305802222
DLBCL11203	0.01628149687229118	0.8752598359162244	0.02707594594581772	0.05433001619410774	0.027052705071558974
DLBCL10874	0.0331621083845965	0.8926347918972455	0.011855657922694718	0.0250054472872323	0.037341994508231
DLBCL11429	0.9144876627982562	0.010482105074194104	0.013694496564985026	0.03660182865585461	0.024733906906710103
DLBCL_C_D_1114_NULLPAIR	0.8998085287697811	0.01272162998004108	0.013574157616477435	0.04884785146508074	0.025047832168619565
DLBCL_MC_F815_BAT	0.018094263299943784	0.024796871008968907	0.8700161000448106	0.0708464365104908	0.01624632913578593
DLBCL10983	0.02620952406917425	0.8690449691384712	0.010900646116288458	0.017368289732202558	0.0764765709438635
DLBCL11672	0.01646419001907184	0.02176654389912546	0.9115967766646264	0.033208502884520534	0.0169639865326558
DLBCL10997	0.923746014836435	0.009144305555899708	0.012402096178309919	0.035132352005869824	0.019575231423485526
DLBCL10847	0.06758149401275917	0.029467051454977758	0.01564006300287637	0.02382972831938041	0.8634816632100063
DLBCL10515	0.9169797527090263	0.013861304324688106	0.012453759687765777	0.03309418590058231	0.023610997377937502
DLBCL_MC_F089_HCZ	0.01362059251427967	0.8354121450481728	0.07376542678029009	0.01783918646937821	0.05936264918787924
DLBCL_C_D_1108_NULLPAIR	0.01396473348862021	0.9224530322959373	0.010414789715037882	0.00953895071074415	0.043628493789660466
DLBCL_MC_F606_DMJ	0.012019930344180984	0.026155040616867724	0.9321011182179987	0.01936783992567115	0.01035607089528143
DLBCL10866	0.018339111679365853	0.012521638084420994	0.018631370767076584	0.05294045646676655	0.89756742300237
DLBCL10900	0.052395939602047775	0.009474006033107706	0.010593420865316373	0.05394688004099293	0.8735897534585352
DLBCL10835	0.016010626196685373	0.048937690111224966	0.008225584821815785	0.043785647894169236	0.8830404509761046
DLBCL11558	0.01594991761290201	0.03210470856112436	0.9195946213205706	0.0255542060910304	0.006796546414372716
DLBCL11661	0.01241454670364548	0.9112443049863016	0.03582178040952096	0.023193530246462462	0.017325837654069497
DLBCL_DFCI_DLBCL_GOE16	0.011230353638407195	0.018349857472009776	0.939674568208867	0.023718059145344746	0.007027161535371285
DLBCL11685	0.009983025990787327	0.01169318411120845	0.9560200424821129	0.0149870260423207	0.007316721373570578
DLBCL11680	0.013484960179114385	0.012031584668250531	0.9506882953068707	0.017536060772735798	0.0062590990730285925
DLBCL_LS297	0.010875409690481869	0.017026816791068992	0.9434113117394499	0.02302257142521746	0.005663890353781787
DLBCL_LS2325	0.009649735427362825	0.010338030010279055	0.9612126134538206	0.01461294100535028	0.004186680103187235
DLBCL_MC_F519_ALT	0.007887719392704573	0.006728094102352043	0.0047815679401066674	0.012670888469437978	0.9679317300953988
DLBCL11565	0.008024764776873514	0.9333592374073737	0.011345374384957583	0.008403008660228374	0.038867614770566876
DLBCL10461	0.007706516758409461	0.9400011322592935	0.016186599447379844	0.007590853693126076	0.02851489784179114
DLBCL_LS3200	0.006573519223972358	0.01450829512436083	0.004267176426257567	0.010166635523122754	0.9644843737022865
DLBCL10853	0.026396298790789363	0.007527708979528023	0.005550886281817777	0.018233014395212098	0.9422920915526527
DLBCL_LS1065	0.007833696084033785	0.9511395997879198	0.01515451410559746	0.010577966012285733	0.01529422401016312
DLBCL10550	0.0048947036051497075	0.0060616504313321705	0.005185681282289987	0.007653822382035856	0.9762041422991923
DLBCL_LS3749	0.005014444056568531	0.9719676587511223	0.006417196354570296	0.007906360140092947	0.008694340697645866
DLBCL_RICOVER_440	0.006854260707793947	0.930821196107203	0.03902649297270211	0.007740853270869173	0.015557196941431727
DLBCL10911	0.003326561698760864	0.983297362955312	0.004192883864146923	0.00264007507170692	0.006543116410073237
DLBCL_RICOVER_417	0.005526946160100783	0.012776065098631335	0.006329075655042106	0.01499080463977399	0.9603771084464517
DLBCL_C_D_1136_NULLPAIR	0.006156067447600042	0.9687099824435841	0.005124010513517898	0.006754471217957593	0.013255468377340401
DLBCL10887	0.004057111752014405	0.005511270277833171	0.003564130047477131	0.007041853721535886	0.9798256342011394
DLBCL_RICOVER_449	0.005796566961693522	0.003099880707473968	0.0014995800692806118	0.004747353923450458	0.9848566183381015
DLBCL10992	0.004598987008259487	0.0025017590660426346	0.0017687898358569733	0.004222452054628108	0.9869080120352128
DLBCL_C_D_1163_NULLPAIR	0.0021697418091469254	0.0017421735708200458	0.0012296185290860998	0.004014946777449899	0.990843519313497
DLBC_FF_8042_TP_NB	0.05304239162892915	0.14578647341458909	0.43222478182951996	0.30741914362471157	0.06152720950225012
DLBCL_LS762	0.14296128138610528	0.2249238761608921	0.14247536400549835	0.10808661574524495	0.3815528627022594
DLBCL10994	0.2273843608797601	0.2733975817093791	0.026007717751398925	0.07291235929232623	0.40029798036713565
DLBCL11456	0.06497911694593021	0.29463640758702125	0.21354993205965708	0.3691288544126714	0.05770568899472006
DLBCL11590	0.24331352177143725	0.022325810259828743	0.4176773289171667	0.24344499997727653	0.07323833907429081
DLBCL10962	0.2994826363985966	0.12352451492800418	0.06414927847418518	0.25653987242480175	0.2563036977744122
DLBCL11576	0.09641784043258715	0.20265583809777493	0.2823951266627488	0.37797667183362144	0.04055452297326781
DLBCL10549	0.07913481405368425	0.3657207809583433	0.4376916538096954	0.0895823616398555	0.02787038953842148
DLBCL10503	0.11881056662667829	0.33897480356253823	0.38588892536332253	0.107532724612585	0.04879297983487602
DLBCL_RICOVER_1278	0.16223016573873933	0.08590684574654317	0.027067361655609058	0.24367048523340798	0.48112514162570047
DLBCL_RICOVER_1106	0.034920039567066276	0.09343987911816631	0.024274874206943763	0.19888011566829028	0.6484850914395334
DLBCL_RICOVER_577	0.12922024811223948	0.1447213354307666	0.1887589192510727	0.44845159277004465	0.08884790443587648
DLBCL10512	0.02722434111803905	0.5323786603453476	0.09055384282748015	0.038795017715626406	0.3110481379935068
DLBCL10856	0.05536294166571357	0.3221714951374566	0.03329826875111775	0.0361997462551254	0.5529675481905867
DLBCL_RICOVER_314	0.07605384916661838	0.31102646833099296	0.37533873157319964	0.0665814362094265	0.17099951471976257
DLBCL_LS2245	0.2728287099798284	0.1376575307103038	0.5104786013122053	0.05569665226716428	0.02333850573049813
DLBCL10974	0.06126377198205382	0.05424653762173005	0.02907498703115957	0.2961702700133888	0.5592444333516677
DLBCL_LS3499	0.16547353573653234	0.20744543984925315	0.06081945790777136	0.48978246868135616	0.07647909782508698
DLBCL11202	0.13811616625672024	0.06289833944099177	0.5170766984129287	0.26396553252910665	0.017943263360252718
DLBCL10909	0.10157726409190204	0.02909348248711779	0.09331713143642778	0.5924817556458638	0.1835303663386886
DLBCL10781	0.21271435008502665	0.10631567015289144	0.039744902291965103	0.5376653730266624	0.10355970444345441
DLBCL_LS4616	0.01809546286105049	0.5444515722998201	0.37692430971761887	0.0269123659976521	0.03361628912385844
DLBCL11478	0.5568492784832246	0.0648081541075371	0.2860722459812227	0.07063176854784553	0.021638552880169998
DLBCL10517	0.01655288185217505	0.5520629774986389	0.33806244091100945	0.04647854220568114	0.046843157532495516
DLBCL_LS2208	0.04511073109906381	0.17834430539629773	0.25211863085202635	0.09482551375833898	0.4296008188942731
DLBCL_RICOVER_978	0.4308274331287341	0.12008657991295024	0.05231158479335445	0.3303666013454587	0.06640780081950247
DLBCL11519	0.23475718147269733	0.06750211438397336	0.0417103310451404	0.617602612597696	0.03842776050049293
DLBCL_C_D_1144_NULLPAIR	0.0352098140122777	0.5484803683616901	0.02630181245254921	0.0385342039748047	0.3514738011986783
DLBCL10564	0.037689232492508135	0.2461078891296869	0.15541612972608887	0.44780816670268503	0.11297858194903103
DLBCL10922	0.10376084358886056	0.6142445468974443	0.03229167911759687	0.05315792698521376	0.19654500341088454
DLBCL_DFCI_DLBCL_GOE07	0.06709723639918515	0.6108221705751824	0.08052077428604097	0.05253684145657145	0.18902297728302003
DLBCL10936	0.06447241688364712	0.6319142314651446	0.07252008338798503	0.05167935066802151	0.1794139175952018
DLBCL11437	0.4694322295368921	0.02489429873912188	0.06089817773720777	0.34104178316609096	0.10373351082068728
DLBCL11671	0.6938070214362698	0.048094843816491914	0.058833523477920605	0.1655757326296046	0.03368887863971307
DLBCL10921	0.025828241372567916	0.37493581449229746	0.02020129316651754	0.03107659317925409	0.547958057789363
DLBCL11515	0.049789494201682036	0.04266301557595984	0.37102556921336205	0.06286015927110805	0.473661761737888
DLBCL10472	0.05086786545089828	0.029691810150837848	0.6908815917987752	0.20378736243173795	0.024771370167750738
DLBCL10535	0.030180061558503748	0.14129184199992423	0.06800605978119074	0.044218558332111975	0.7163034783282692
DLBCL11528	0.1303759871069123	0.6241453121533322	0.17836155311717616	0.032513997745765036	0.034603149876814183
DLBCL_RICOVER_977	0.812018729828966	0.015124440271685309	0.015404369317831753	0.04298117005128421	0.11447129053023274
DLBCL_RICOVER_910	0.09403206121301708	0.06884075309699464	0.10576663002477679	0.6458682077902638	0.08549234787494775
DLBCL11536	0.11408354999129564	0.0996154014424867	0.03225400324533139	0.6698520610477534	0.08419498427313284
DLBCL_RICOVER_1018	0.07531118309041654	0.15926344080509386	0.044145087608895024	0.6420929439882417	0.07918734450735287
DLBCL11658	0.10971438566589152	0.021363254965327316	0.05138049539108807	0.6598135482394168	0.15772831573827623
DLBCL_C_D_1118_NULLPAIR	0.4020821843264822	0.29715316073355136	0.019585533465989617	0.13374882839839086	0.14743029307558606
DLBCL10782	0.24541027356355113	0.06259634837639376	0.060551709972714064	0.6004701541461214	0.03097151394121966
DLBCL_DFCI_DLBCL_GOE05	0.024700280269953266	0.2646868301113092	0.018284121672485176	0.024962026708974332	0.667366741237278
DLBCL10910	0.07808340718015586	0.13768396792797732	0.04769996487158095	0.6182086058742935	0.11832405414599234
DLBCL11436	0.026403451977299368	0.6772099339867245	0.09624797462125119	0.10125844596235875	0.09888019345236629
DLBCL10935	0.47783709049022677	0.3826813084537468	0.030649531301865724	0.07733906858758272	0.031493001166578063
DLBCL_LS2089	0.01891824578973902	0.7184625965818776	0.019004895528794623	0.015523377023886502	0.22809088507570216
DLBCL10862	0.04896684756548157	0.11239836453871495	0.048500328668618656	0.033885747278746665	0.7562487119484381
DLBCL10885	0.030257924272481765	0.3956720283245198	0.01723010831169311	0.03830660295753156	0.5185333361337738
DLBCL_RICOVER_274	0.06770044975595836	0.16688811252700048	0.036382457602493874	0.5784887259705419	0.15054025414400535
DLBCL_LS3245	0.011147973034790279	0.770154028844039	0.16092647393356974	0.03127406316233271	0.026497461025268253
DLBCL_RICOVER_467	0.01367537797723948	0.8440764874203541	0.017276957177235975	0.013411159782471684	0.11156001764269874
DLBCL11430	0.4232643994969016	0.023794661389012477	0.18362594428759046	0.3312867778022176	0.038028217024277854
DLBCL10927	0.17826987525364826	0.045265446370846306	0.04541817910960034	0.6891488192785163	0.041897679987388727
DLBCL10844	0.8070940415974154	0.04126398678385338	0.024663870436958384	0.039579834824537856	0.08739826635723501
DLBCL_C_D_1156_NULLPAIR	0.7688493718786239	0.05137728307992293	0.037536164184307066	0.11418137216056574	0.028055808696580295
DLBCL11496	0.7725119001837736	0.059613914762057914	0.015276078201970944	0.039944880196746524	0.11265322665545097
DLBCL10553	0.07546697756439685	0.04329642034873392	0.04803241410511601	0.7853686618134466	0.04783552616830666
DLBCL10495	0.7978129270960418	0.10771998421601907	0.020376019077115573	0.04145951668662526	0.032631552924198295
DLBCL_C_D_1117_NULLPAIR	0.17424897983687018	0.5633247994531038	0.024861366409419144	0.17864353822876664	0.05892131607184025
DLBCL11488	0.8435456475878134	0.01635910065247915	0.013802728987795347	0.05046109945362813	0.07583142331828406
DLBCL10452	0.015516232397807857	0.9104124568992493	0.013123397536308987	0.008992941502587908	0.05195497166404589
DLBCL11204	0.04825872526995939	0.8194455831599139	0.016704097440742343	0.0428368152106096	0.07275477891877476
DLBCL10552	0.7233725291932589	0.021282940794604133	0.06087694677630561	0.1731769333537113	0.02129064988212005
DLBCL_RICOVER_221	0.039485829478410235	0.05399861942798522	0.020647767681187184	0.1185293273343225	0.7673384560780948
DLBCL_LS2357	0.07538512716856897	0.026607613788238525	0.04467605959437582	0.8106005270869581	0.04273067236185865
DLBCL11470	0.8827258705362783	0.010920026488904786	0.02293188760453275	0.06377629332634153	0.019645922043942634
DLBCL10884	0.8753543507809658	0.023932167388997335	0.01642475871387326	0.06357442423169415	0.020714298884469462
DLBCL10895	0.03222715922919012	0.30878712390379165	0.037284462609072866	0.03294667870964984	0.5887545755482955
DLBC_FF_8043_TP_NB	0.05261786670096903	0.8490966393968449	0.016007751302525214	0.022271871256151494	0.06000587134350939
DLBCL10931	0.9263197724137499	0.00925716388626976	0.011280078801988785	0.03246792685893558	0.020675058039055987
DLBCL11500	0.03796697730893606	0.017019284478983356	0.006299581133883027	0.041200724292979295	0.8975134327852182
DLBCL_RICOVER_945	0.055983518945062365	0.8585559727903807	0.01692951064799829	0.03861628982533095	0.029914707791227794
DLBCL10871	0.04788495433770953	0.840874176673177	0.039420409369057725	0.027520904478226645	0.04429955514182911
DLBCL11353	0.00874272606703143	0.05833187614785349	0.06286298034458371	0.026186367635195714	0.8438760498053357
DLBCL10565	0.030793773390438536	0.12417626425485168	0.722479302417395	0.10279677395178582	0.019753885985528942
DLBCL11450	0.03729261804005468	0.0403469757187569	0.006747074212853511	0.03365701399482398	0.8819563180335109
DLBCL_RICOVER_408	0.01253514928285358	0.839457679783212	0.052049398215353475	0.022231819377120925	0.07372595334146012
DLBCL11667	0.021571691200444852	0.030415342221826486	0.9116911316057388	0.027061706586611473	0.009260128385378392
DLBCL_RICOVER_451	0.9119538328203161	0.01008129722736079	0.020252043772081806	0.03400090180557938	0.023711924374661932
DLBCL10525	0.9430150529715039	0.007965567936757253	0.009250426656794526	0.022948000762395948	0.01682095167254843
DLBCL10993	0.8962668707434327	0.02361532098083078	0.018225932307717657	0.027595610585964915	0.034296265382053936
DLBCL11670	0.01084602111183474	0.027615485785347945	0.9306277524855597	0.023535639687099038	0.007375100930158523
DLBCL_LS4054	0.015032459348346624	0.9139190809892707	0.019406594742954912	0.012753271903352658	0.03888859301607521
DLBCL11673	0.019428579415499136	0.9068193887569638	0.03167663674504384	0.0253232051060408	0.01675218997645238
DLBCL_C_D_1128_NULLPAIR	0.9275474528057375	0.016370647236412874	0.011618121266410913	0.02386757851294224	0.0205962001784965
DLBCL_LS1757	0.9417727235750991	0.010688769717316943	0.009350845829141535	0.01991860179964956	0.01826905907879281
DLBCL_RICOVER_533	0.035505894478197006	0.8712784838642923	0.05129416597415718	0.019336626457117267	0.022584829226236246
DLBCL10852	0.018994431409412385	0.014647396935565228	0.009381919582266855	0.047727292882386974	0.9092489591903685
DLBCL11566	0.011330523915386895	0.01720786822438583	0.9422307874948678	0.02294931643614913	0.006281503929210331
DLBCL10465	0.009234711859747705	0.014967336590058635	0.948534923642331	0.02019066435084508	0.007072363557017502
DLBCL11656	0.010791889369516347	0.009469404547488632	0.9481719503123681	0.020052257054076452	0.011514498716550395
DLBCL11195	0.009308040212425444	0.018430575473619332	0.005225233700677416	0.022237949178378985	0.9447982014348988
DLBCL_LS2599	0.011266111516041706	0.013432715373789867	0.9538713086028145	0.014380014641020018	0.007049849866333847
DLBCL11188	0.00608484405284939	0.9696491073009722	0.008012036348383694	0.004819814129142936	0.011434198168651757
DLBCL_RICOVER_1289	0.008362696240289779	0.007814994972136913	0.004674728811915119	0.019444922780592802	0.9597026571950654
DLBCL10890	0.003577509022633289	0.003579071018685919	0.0020850974593293638	0.007798824864248662	0.9829594976351028
DLBCL_RICOVER_1248	0.01241936143647485	0.009256137641509418	0.0025785376183660664	0.007273627372765521	0.9684723359308841
DLBCL10883	0.004886619991516083	0.004038401945991143	0.0015485506190876298	0.004826427645975065	0.9846999997974301
DLBCL10903	0.003960239658836272	0.9781604027601966	0.005882878948090005	0.0038862880247991717	0.008110190608077966
DLBCL10951	0.005850203009081696	0.00409367303571922	0.0022824554486899017	0.006218726797072656	0.9815549417094366
DLBCL_LS146	0.004857570660762931	0.9605829194954049	0.01602642230089243	0.005854705325003597	0.012678382217936223
DLBCL10880	0.006390104939905757	0.0034840320657128047	0.0023423550770915657	0.005669718417086285	0.9821137895002036
DLBCL10530	0.0042148240178746564	0.008028465638659308	0.002087803191718454	0.005637078084945609	0.980031829066802
DLBCL_C_D_1125_NULLPAIR	0.003991365919737842	0.009001556720842952	0.0028940669590916492	0.007500636384164318	0.9766123740161632
DLBCL_RICOVER_850	0.003053360023926588	0.0030763907935136047	0.0012437676432705855	0.003100466389403969	0.9895260151498853
DLBCL10534	0.0	0.0	0.0	0.0	1.0
DLBCL10954	0.20725485493243556	0.2774547024317028	0.13645142084342407	0.1628923238467857	0.21594669794565177
DLBCL10908	0.1439152860239856	0.2279870736941153	0.15715979537852992	0.10383168322719045	0.36710616167617877
DLBCL11457	0.28573089316066025	0.021548260776502005	0.07678617222814124	0.45403640309582294	0.1618982707388735
DLBCL_RICOVER_712	0.09213774995676129	0.1845250212547753	0.0490493463881267	0.24579767980162034	0.4284902025987164
DLBCL10863	0.08923164448775367	0.04569479685802658	0.027666428222926993	0.4666739627380077	0.3707331676932852
DLBCL_RICOVER_773	0.022204667187348037	0.35742765649385755	0.02008063904092292	0.023491017627735356	0.5767960196501362
DLBCL_RICOVER_522	0.1643878185933328	0.08682249791286697	0.513035854771007	0.21715797896691974	0.018595849755873525
DLBCL11441	0.23632894583235098	0.040559639265279605	0.4084708774273875	0.20489456368096026	0.10974597379402168
DLBCL10985	0.07971327696526799	0.42517232037564573	0.046451886831186825	0.3799970897250264	0.06866542610287314
DLBCL_RICOVER_1060	0.459665416312658	0.2839968339696532	0.06870495678409082	0.08842321263645232	0.09920958029714573
DLBCL_RICOVER_506	0.014808319870345423	0.08532700349950562	0.010528776463885505	0.01686620915897166	0.8724696910072918
DLBCL11435	0.29932055730630297	0.031788313062373084	0.04459209713461746	0.559259540803821	0.0650394916928854
DLBCL_C_D_1131_NULLPAIR	0.023910543247764284	0.5211638452762345	0.020848586780095834	0.024232376571809783	0.4098446481240956
DLBCL10490	0.5531157440867971	0.0741015606847463	0.026613389863223872	0.1918973875808409	0.15427191778439178
DLBCL_RICOVER_720	0.050868794183202545	0.21313245863682057	0.021074580204013	0.016467675212083966	0.6984564917638798
DLBCL10780	0.03636812549905935	0.3260948489412407	0.4779155276994656	0.13458671076683862	0.025034787093395763
DLBCL_RICOVER_473	0.5035045130981184	0.11858248072547344	0.04491651543847469	0.2820458536094846	0.05095063712844874
DLBCL11486	0.20010655549628115	0.06728684646253613	0.015574164047203992	0.0392846235350373	0.6777478104589415
DLBCL11447	0.09197110749803618	0.03266383580303483	0.031017901509675285	0.5803503756126276	0.26399677957662615
DLBCL11512	0.21480346839075948	0.08053319782868208	0.10811026438545593	0.5623555556455867	0.03419751374951589
DLBCL_MC_F218_RAP	0.5110550407021629	0.028842443791297055	0.1291894911557357	0.3048161132313523	0.026096911119452056
DLBCL_LS1668	0.03687331259060932	0.11032505742817975	0.4257049513528313	0.3179287811372613	0.10916789749111835
DLBCL11458	0.30854902559906855	0.1301156015794663	0.4866300754295789	0.04002504704559837	0.034680250346287834
DLBCL10969	0.1544662184098229	0.17508936291452326	0.5408084054153552	0.047627471056938764	0.0820085422033598
DLBCL11460	0.10806059035836324	0.4040497567188448	0.043865042753365086	0.35692787880563465	0.08709673136379228
DLBCL11433	0.07418870443474782	0.035617581912356006	0.07474522499580949	0.2938650357630712	0.5215834528940154
DLBC_FF_A7CX_TP_NB	0.058354434329040195	0.09790307981638442	0.07607754035595679	0.03326898717386337	0.7343959583247552
DLBCL10906	0.10043926756532665	0.08140052886536871	0.052826600282892884	0.14998692670732314	0.6153466765790886
DLBC_FF_8062_TP_NB	0.5759230498672794	0.025040547915592324	0.25901434167791826	0.07508330462317109	0.06493875591603888
DLBCL_RICOVER_216	0.11435399861192472	0.08923052184207311	0.6104300911447408	0.08159270798911127	0.10439268041215007
DLBCL_C_D_1109_NULLPAIR	0.2612574460635001	0.03270159180936595	0.03043633113574928	0.5726445088569437	0.1029601221344409
DLBCL10539	0.2654611092231606	0.046796916870365295	0.07823356128956381	0.5550927199885453	0.05441569262836508
DLBCL11527	0.039028828836094875	0.13737385952351985	0.5543187109473162	0.15871248682940142	0.11056611386366762
DLBCL10980	0.020465890728720463	0.121313364775185	0.019818040296123197	0.02959268206334249	0.8088100221366289
DLBCL11003	0.050219384037306	0.6870082095195713	0.05180492318922041	0.021749085927303593	0.18921839732659865
DLBCL_C_D_1112_NULLPAIR	0.6532767658580537	0.08639764691617527	0.06535299532706888	0.09666247329165432	0.09831011860704775
DLBCL_RICOVER_496	0.03530840625124931	0.6025655801490851	0.21110650631954692	0.04819596388473639	0.1028235433953823
DLBCL11205	0.32554550348444583	0.5081615531441679	0.08557222179078704	0.056625688440276614	0.024095033140322613
DLBCL10957	0.15100221308370926	0.02631249713787127	0.07687327640375965	0.6696703878052049	0.07614162556945483
DLBCL10963	0.16540421698859134	0.0458594515170564	0.04391422546210937	0.6669987036590634	0.07782340237317949
DLBCL11538	0.06758293148581453	0.01828193440640484	0.7665063840979621	0.07691201817754718	0.07071673183227137
DLBCL_C_D_1133_NULLPAIR	0.06556170449793423	0.020445575419783653	0.8221218517834205	0.07325237907176539	0.018618489227096285
DLBCL11449	0.02920216790705877	0.17367919608276697	0.019135661656343908	0.07314702241322639	0.704835951940604
DLBCL10898	0.03854555246701097	0.07692113528928193	0.011035098631344517	0.02520691762645633	0.8482912959859062
DLBCL_MC_F139_LJF	0.112723673676815	0.046584536149718435	0.043259137579409	0.7548914507706559	0.04254120182340169
DLBCL11484	0.02733497868027802	0.713504281741935	0.053299639770251005	0.03361215168240171	0.17224894812513422
DLBCL10486	0.6531630708194073	0.05423651271474826	0.03164951811048513	0.15628754985214324	0.10466334850321614
DLBCL11002	0.1620455219691019	0.03996857149895845	0.04209352340459991	0.702778737023397	0.05311364610394281
DLBCL11206	0.03501062992109393	0.7203431491969114	0.021538312155076286	0.02203713578006313	0.2010707729468552
DLBCL10451	0.7884827693484402	0.04906647158243915	0.10048730865386687	0.04567108101252507	0.016292369402728626
DLBCL_LS1098	0.042499452811445015	0.012966292756678516	0.8897541941837482	0.04041057253663206	0.014369487711496175
DLBCL11675	0.039493632633645415	0.011616931794517268	0.8785253698047343	0.04837309378329602	0.021990971983806975
DLBCL_RICOVER_299	0.011471524866913076	0.7018828128689906	0.2004045585897564	0.022106832758614244	0.06413427091572575
DLBCL10990	0.04838108832866704	0.048257734131398125	0.03546658607629844	0.05329400126015276	0.8146005902034836
DLBCL11681	0.5901544723655701	0.012417679423598433	0.07811384387162393	0.12278153336968747	0.1965324709695201
DLBCL10482	0.04693023523651649	0.025594588535225234	0.006411162959665373	0.02128100831000072	0.8997830049585922
DLBCL11474	0.5843413230822998	0.06657100366566941	0.041232033353867346	0.2487793360531957	0.059076303844967766
DLBCL10965	0.13586589435148863	0.021675267606991518	0.05044629100921067	0.7470711106813311	0.04494143635097799
DLBCL11526	0.631913805002134	0.02293052332971362	0.18630939046946515	0.13040443717603536	0.02844184402265196
DLBCL11472	0.7859969591055024	0.016980398957619755	0.03237265383940559	0.11911377822418963	0.04553620987328263
DLBCL_LS2590	0.03410242615988658	0.025357858478188847	0.014776260813946214	0.1222334283002462	0.8035300262477322
DLBCL10930	0.7806114349446137	0.03202286462273018	0.014721572060147311	0.040707472928527784	0.131936655443981
DLBCL_RICOVER_1061	0.09733198969783131	0.025605984838170136	0.049751493143471055	0.784957892641562	0.042352639678965465
DLBCL_MC_F064AB	0.020533626445329644	0.03270301270254618	0.8884212840438759	0.04901079973711281	0.009331277071135523
DLBCL_LS2154	0.13038688431205755	0.7313440824045947	0.03636792388326556	0.04020822590934673	0.06169288349073548
DLBCL_MC_F307_JPS	0.756199583409608	0.11125671627889573	0.043536151968870826	0.04389575895105073	0.045111789391574675
DLBCL_RICOVER_701	0.10188833980482782	0.025395372633958108	0.04452285149114531	0.7697433023184554	0.05845013375161325
DLBCL10523	0.05566100155137016	0.02342187680723552	0.8082191043274588	0.09840040643712791	0.014297610876807603
DLBCL10458	0.7603715004578614	0.058858754435982645	0.08864618596249613	0.0769438160086414	0.015179743135018428
DLBCL10934	0.07149126801990387	0.7304622635142665	0.016495932069569116	0.05245752829921028	0.12909300809705032
DLBCL11480	0.7885372499980543	0.023915010069048448	0.04152797460475503	0.09104146130602302	0.05497830402211927
DLBCL_C_D_1113_NULLPAIR	0.03639577956049682	0.06529035680420914	0.8314949330330466	0.04200198484943713	0.02481694575281032
DLBCL10502	0.014813425639438823	0.8473608283276349	0.09101295518647061	0.023185656911573992	0.023627133934881646
DLBCL10968	0.7015317058722997	0.015579342526325929	0.033060528953005625	0.18482776435988868	0.0650006582884801
DLBCL11504	0.04977376288282928	0.02100782724317343	0.01033512546363536	0.052083675007833445	0.8667996094025285
DLBCL_RICOVER_1165	0.011410464498528535	0.911752169124142	0.016175414306893246	0.008717901323701756	0.051944050746734444
DLBCL_RICOVER_956	0.016029917313233763	0.031028770885137814	0.010329295567025292	0.022870467745278927	0.9197415484893242
DLBCL10459	0.014226355017780938	0.049194496696379195	0.8886863308050119	0.037773465837851856	0.010119351642976074
DLBCL10532	0.02532148504315359	0.03285489884409648	0.0966826159759439	0.07841871913968851	0.7667222809971175
DLBCL_RICOVER_1032	0.011772141051134147	0.03418711858751145	0.0050835990702947165	0.01801227091076017	0.9309448703802995
DLBCL10483	0.009544174919833693	0.864554814730075	0.08490094287663456	0.014846810362296016	0.02615325711116071
DLBCL_MC_F262_WLC	0.9104769914143401	0.018996953970844815	0.010718991820231803	0.037349981474044835	0.022457081320538357
DLBCL10498	0.0294882763855407	0.03056265593648678	0.8938208388378159	0.04001453458992372	0.00611369425023292
DLBCL10925	0.01652428565710996	0.013503913526864846	0.007726119117246642	0.048839955558610974	0.9134057261401676
DLBCL_LS155	0.013872393713964377	0.015059823556413618	0.9244982422793937	0.03868580644821309	0.007883734002015265
DLBCL10972	0.9062260081239072	0.016343874514499104	0.012556577125715125	0.03238526544098098	0.03248827479489763
DLBCL_RICOVER_744	0.011356232399655518	0.014270002769734938	0.9562789481758952	0.012573449704711831	0.005521366950002517
DLBCL_LS378	0.9466062979844184	0.008369439821948925	0.012347749965183402	0.02206078555369114	0.010615726674758082
DLBCL10977	0.009230336303655965	0.005973091351164502	0.0039834192741776625	0.007767960892376049	0.9730451921786258
DLBCL_MC_F349_BJJ	0.009968166544383292	0.014665919431841187	0.9485946817717023	0.015635601275723617	0.011135630976349674
DLBCL_C_D_1126_NULLPAIR	0.019243675712969407	0.9272024442300996	0.011907476166644785	0.013335348141321798	0.028311055748964465
DLBCL10842	0.010558301964181142	0.005587586471417731	0.0037260685649841007	0.015861698511339437	0.9642663444880776
DLBCL_C_D_1141_NULLPAIR	0.008818754062924778	0.013839804333587415	0.9542083636433034	0.01576563686598955	0.007367441094194865
DLBCL11666	0.007582514436877423	0.010158957770343716	0.9634111795359166	0.013835603780468046	0.005011744476394235
DLBCL10460	0.016411182043139128	0.9444455165250686	0.01062122709507442	0.007859874821807894	0.020662199514909965
DLBCL_C_D_1119_NULLPAIR	0.02999240189516328	0.9315810465764777	0.01392038967500017	0.00924306613297276	0.015263095720386161
DLBCL10999	0.024144896081119582	0.014215881450622863	0.03136736405762539	0.12269761946319402	0.8075742389474382
DLBCL10860	0.004780452396567468	0.006687364057775051	0.002707610206888946	0.009952720355920973	0.9758718529828475
DLBCL10901	0.0025483661054180097	0.003903474247185148	0.0017228515681444825	0.004398663715179525	0.9874266443640728
DLBCL11000	0.0017555023518719677	0.002598522015723893	0.0018350954428300221	0.0034661733365160857	0.9903447068530581
DLBCL_C_D_1105_NULLPAIR	0.006496247042780516	0.9603585892902132	0.009991718471503189	0.01026055491878458	0.012892890276718503
DLBCL10850	0.004310934528428473	0.9830954753660572	0.004314678527538996	0.0027419003359044195	0.005537011242070911
DLBCL10889	0.0016100522875748756	0.002038220833321113	0.0009260354271521626	0.001994821052674835	0.993430870399277
DLBCL_RICOVER_1192	0.0016839809508218753	0.0015648636911038704	0.0008497062700759835	0.0016781571070061095	0.9942232919809921
DLBCL10902	0.0027394314724089926	0.003813993542431822	0.001451795497066024	0.003700016357910002	0.9882947631301832
DLBCL10857	0.006907968712171027	0.0060711804833902825	0.0036669120181074158	0.014852283523463097	0.9685016552628681
DLBCL_RICOVER_1210	0.004864118072805434	0.9773441525577599	0.005103069732118438	0.005085540416760376	0.007603119220555856
DLBCL10834	0.009557773503262373	0.9712955743694451	0.006657342373812131	0.004880464325944876	0.00760884542753545
DLBCL_RICOVER_174	0.0046464342587371815	0.9820375272523192	0.004433095134362403	0.0029726159391670194	0.005910327415414251
DLBCL_RICOVER_253	0.004998591958105989	0.9817207292048373	0.004406896447035166	0.0030923054791448645	0.005781476910876619
DLBCL11467	0.13866178773987586	0.21549827731750568	0.1570812178753446	0.10109537507069978	0.38766334199657404
DLBCL_MC_F927_JHS	0.1405190160841151	0.22757690561698268	0.1585943669383166	0.10517642418476543	0.36813328717582017
DLBCL11509	0.351858371207691	0.2708318099316825	0.05057624659796646	0.2518511528392259	0.07488241942343413
DLBCL11657	0.08911052749850587	0.28400082695566026	0.09819292731263969	0.36326446559866826	0.16543125263452588
DLBCL11455	0.30804274875722465	0.08029094031385992	0.229829411567716	0.3569652444374031	0.02487165492379622
DLBCL10971	0.3000402048003316	0.23114715854936943	0.11334008877429586	0.2681279581517453	0.08734458972425763
DLBC_FF_A7CW_TP_NB	0.1217640766975701	0.3148760853083813	0.09190032475382459	0.28276657426793284	0.1886929389722913
DLBCL_LS4593	0.0369690361227289	0.3545835871232479	0.3076012210555149	0.23152233071399303	0.06932382498451518
DLBCL11473	0.5265948730403626	0.07816733869833603	0.05389235785056226	0.2937672390073888	0.04757819140335033
DLBCL10450	0.07275664657014211	0.049276201758981696	0.024885744269773722	0.3130501775148305	0.540031229886272
DLBCL10542	0.45902380271309373	0.035474367349793104	0.025748910099724517	0.07383734394984158	0.4059155758875471
DLBCL10837	0.22990799951154123	0.20852873979285794	0.05617538152106355	0.07797084941904016	0.42741702975549706
DLBCL10917	0.15409589997575282	0.3865265621953122	0.04402908552289309	0.31714855006485043	0.09819990224119163
DLBCL10469	0.34238098475588336	0.01831268515635614	0.09220329016752586	0.48840708282562023	0.05869595709461449
DLBCL_MC_F502_RFK	0.017777893633194986	0.701175523965782	0.23343812330748312	0.01955743185829852	0.028051027235241364
DLBCL11001	0.6063133797332197	0.020404276182890584	0.026723654762862304	0.07664303285113469	0.26991565646989274
DLBCL_C_D_1151_NULLPAIR	0.5843970831209458	0.03623010219380209	0.06553077229293706	0.2874411118960804	0.026400930496234588
DLBCL10907	0.47350358660722763	0.2621834972279147	0.02194891616040593	0.1459901466501649	0.09637385335428679
DLBCL_RICOVER_826	0.595095387514677	0.048423615273706165	0.03347016514987254	0.19452831387593728	0.128482518185807
