	0	1	2	3	4
DLBCL_C_D_PAIR13	0.19313682569453672	0.18857802066031773	0.26260388998554685	0.1397533090563382	0.21592795460326047
DLBCL_BWH_DLBCL64	0.21342896193805908	0.2660049065572007	0.035369224711280206	0.46321770105435484	0.02197920573910508
DLBCL11534	0.042010429706301776	0.04161370552113858	0.45838683271442027	0.15080612638979524	0.3071829056683442
DLBCL10915	0.057914338948550435	0.19322178573435125	0.08248728787541966	0.5209894862950915	0.14538710114658718
DLBCL_RICOVER_1046	0.011075048359265895	0.24172986682310513	0.6735364590217052	0.024513439391198804	0.04914518640472493
DLBCL_C_D_1148_NULLPAIR	0.4635023726183218	0.015030151150777963	0.15351377534967758	0.33918296906444795	0.028770731816774704
DLBCL10491	0.04162866185787217	0.45648795997458974	0.12390727222115448	0.36010106080676746	0.017875045139616068
DLBCL_RICOVER_711	0.16485223162375462	0.5419898657434843	0.026580142435236116	0.2436551837308269	0.022922576466698114
DLBCL11431	0.11960266005939693	0.1260431438977962	0.13112289551875064	0.07123232162394491	0.5519989789001113
DLBCL11491	0.17707048551304633	0.02452254757492004	0.057500365647127745	0.5796683237334311	0.1612382775314748
DLBCL_MAYO_DLBCL_3653	0.7253237462215041	0.02225879383787721	0.04144054889785827	0.08825576805589362	0.12272114298686683
DLBCL_RICOVER_787	0.27164604048000524	0.41621081342650423	0.050782795566665	0.2267358917670654	0.0346244587597601
DLBCL11652	0.6338798384999423	0.23717186369127613	0.018807110184380558	0.04529800646342365	0.06484318116097736
DFCIDL004_DT	0.20028083021101958	0.012953690761505557	0.02497311738996917	0.11453792656794745	0.6472544350695583
DLBCL11479	0.109573016630877	0.47741309992283126	0.3086355338287131	0.05805025237622174	0.04632809724135684
DLBCL10858	0.02906487350186104	0.010992920510079834	0.0216653366110867	0.13318857301498724	0.8050882963619852
DLBCL10867	0.02724962164256704	0.34580853375102427	0.02217514423143712	0.03716289565872652	0.567603804716245
DLBCL10846	0.2771696171950935	0.5118606827512993	0.04781128000262985	0.1140617353090269	0.04909668474195046
DLBCL_RICOVER_1045	0.6929682670293454	0.028446641965504872	0.022209807015069603	0.22738315148608515	0.028992132503994978
DLBCL10878	0.31813986659216664	0.015854087479658812	0.030245113498948817	0.0846327129801507	0.551128219449075
DLBCL10513	0.15106409550935074	0.07472129102294212	0.07945213038637941	0.6793403779988147	0.015422105082513002
DLBCL_C_D_1159_NULLPAIR	0.30126711313448673	0.020854434725799238	0.031780725933490676	0.6149067047251983	0.031191021481025087
DLBCL10914	0.7008226675648366	0.1599184376187346	0.08535225769745308	0.029828482875311157	0.0240781542436646
DLBCL_LS951	0.9038900921334806	0.026014167748394955	0.025031311456751137	0.03836694293862307	0.006697485722750188
DLBCL10868	0.052866482408614024	0.018715115315824583	0.030441980220643983	0.7848345349199108	0.1131418871350066
DLBCL_LS1304	0.020270510732289027	0.021611064504389658	0.7520913362125933	0.03361825680864311	0.17240883174208485
DLBCL10544	0.03611138498332426	0.018722299466740415	0.0432724881501844	0.7946791316174308	0.10721469578232021
DLBCL10456	0.03631859483066549	0.023686673849414627	0.07140619264141934	0.774400769981795	0.09418776869670556
DLBCL10874	0.0978119171373259	0.5114634237330048	0.01989792899518418	0.16122346793841388	0.20960326219607117
DLBCL_RICOVER_985	0.028187688455375292	0.03852922656802949	0.1348314191111101	0.7543488409770156	0.04410282488846949
DLBCL_RICOVER_1287	0.014239507065297856	0.08570844532863042	0.026553739233159932	0.025321152871549627	0.8481771555013622
DLBCL11462	0.9439930974500215	0.004955673123082938	0.01656298517444096	0.014950875467440311	0.019537368785014296
DLBCL10521	0.013559208250253713	0.102105760967155	0.01951871264021131	0.014210330532009607	0.8506059876103703
DLBCL11661	0.013750477875729453	0.899616650536557	0.04333775346369159	0.03553173679866502	0.007763381325356871
DLBCL10547	0.038806800239176514	0.02673808833632924	0.03405224737851569	0.8695567275347365	0.03084613651124208
DLBCL10529	0.008308500662127608	0.04099335015898881	0.01596313023846752	0.028479982722280105	0.906255036218136
DLBCL10894	0.20707808872691846	0.6759506994214477	0.014372216954112645	0.07380280102284797	0.028796193874673214
DLBCL10536	0.018275682163083038	0.1660960557695445	0.7543934368218426	0.043869294550708114	0.01736553069482183
DLBCL_LS2325	0.020998246445632352	0.08198981943710637	0.8676793106829644	0.02021732816162271	0.009115295272674111
DLBCL11564	0.03242160037607538	0.017165573285203597	0.026648361367453858	0.90338753618616	0.02037692878510722
DLBCL10835	0.010831777747555008	0.046477966165520856	0.014788315514075383	0.042735708069043525	0.8851662325038052
DLBCL10891	0.010191031374531817	0.01038057929256828	0.02767862072536451	0.043257638964088956	0.9084921296434464
DLBCL_RICOVER_950	0.033608691743244455	0.02015276013610544	0.05531471994203838	0.8690277381038666	0.021896090074745203
DLBCL10833	0.11146435866952834	0.015540813380177813	0.01601598472457591	0.07510436816485708	0.7818744750608608
DLBCL11520	0.8757959249800683	0.008423483945949464	0.013756568882337263	0.027694162121878307	0.07432986006976668
DLBCL10986	0.245521706103967	0.0738495197753233	0.534463773337142	0.10430543774791401	0.04185956303565374
DLBCL_LS1921	0.011916511115943072	0.9262453048590711	0.023779167237959285	0.02979862408398482	0.008260392703041705
DLBCL11429	0.9206849469838116	0.005414412166426083	0.013829687809381699	0.03988174332186502	0.020189209718515594
DLBCL11537	0.9434788702670207	0.005602755628011202	0.009505880459118645	0.014530350595803631	0.02688214305004576
DLBCL11459	0.031225171160316662	0.015180020980636874	0.028459318815540906	0.9025685245426369	0.022566964500868664
DLBCL10950	0.8971828621493833	0.00808474239931662	0.02279443276647212	0.046422820871717986	0.025515141813109994
DLBCL_RICOVER_111	0.04099231504130433	0.01914705662240705	0.04835049352640329	0.032800515153605894	0.8587096196562795
DLBCL_RICOVER_478	0.1637914538015005	0.6878310474054683	0.041824992386409125	0.020163958147387473	0.08638854825923455
DLBCL11539	0.9624665850923679	0.003919017691959791	0.010020648426483552	0.0189759870578662	0.004617761731322564
DLBCL10466	0.007187419866356022	0.061517518868208936	0.8589190304027696	0.043264900723374376	0.02911113013929109
DLBCL_LS1395	0.016110537942392346	0.0607198902368493	0.8820717029558602	0.01611245283865862	0.024985416026239486
DLBC_FF_8046_TP_NB	0.040641661521167556	0.01419093579379199	0.8855643868497683	0.03096692749040617	0.028636088344865987
DLBCL10887	0.0061227863650906945	0.010176172329396311	0.030502515423071946	0.01389587954966055	0.9393026463327805
DLBCL_C_D_1129_NULLPAIR	0.9215235172734287	0.009103203720536171	0.02241748242407484	0.018018076021726746	0.028937720560233516
DLBCL10981	0.018426436192569496	0.8548949908548674	0.050860578386260534	0.05054352018110611	0.025274474385196376
DLBCL11481	0.9402819642636358	0.007137278623814659	0.01828881884289226	0.017455378316849186	0.01683655995280817
DLBCL_MC_F500_ECU	0.010899854174777126	0.9293284829312174	0.02594054443896996	0.02174481974095613	0.012086298714079357
DLBCL_MC_F606_DMJ	0.008300785214394538	0.04625208666184307	0.921531777737038	0.01353084118030841	0.010384509206415971
DLBCL10847	0.04628630872984039	0.021348484492333418	0.02037866595535448	0.011338600715629199	0.9006479401068426
DLBCL_RICOVER_829	0.9712804784460521	0.006365572118973556	0.003482503146685414	0.0117693983595266	0.007102047928762256
DLBCL11662	0.9363741787500373	0.013771065631347548	0.0049617421143004345	0.02538901600708211	0.019503997497232625
DLBCL11685	0.004816876702066253	0.005223271336998333	0.967343136460727	0.00983147048458257	0.012785245015625828
DLBCL10900	0.016264537930439776	0.0077978050712415314	0.01224016756765712	0.03727289520595141	0.9264245942247101
DLBCL10879	0.009512074168359594	0.01232067807905275	0.9242462193723326	0.031547820016658124	0.02237320836359685
DLBCL10866	0.009874765807627972	0.00882660202799884	0.012319011323006614	0.029517094567762883	0.9394625262736037
DLBCL11461	0.9815032764729206	0.0031257409338430486	0.004177826902490462	0.008783719153293942	0.0024094365374519745
DLBCL_MC_F815_BAT	0.01105253789043994	0.02221466447063348	0.9177989008787001	0.04051198033096132	0.008421916429265227
DLBCL10912	0.9808336992807534	0.0033069933826939393	0.004878660417111046	0.008070612485829536	0.002910034433612152
DLBCL10494	0.008483200437009376	0.924633725714237	0.04945294000335114	0.008830080730794512	0.008600053114608049
DLBCL10945	0.9742843347502249	0.0033267559355868565	0.004108869200844977	0.009397857789068445	0.008882182324274856
DLBCL_LS3200	0.005029080409397863	0.017581684951761052	0.006778600031624514	0.006492383139518633	0.9641182514676979
DLBCL11476	0.011144028482437453	0.008387816740257854	0.0059407675293441774	0.007797870000112535	0.966729517247848
DLBCL11672	0.005591056334433878	0.005080395573436654	0.9715878423029533	0.011817364359993053	0.005923341429183133
DLBCL10555	0.03353919677321072	0.02856346419891096	0.914664614518804	0.01731877948992454	0.005913945019149866
DLBCL_LS3749	0.0022689448748238862	0.9895317436293173	0.003562322072175991	0.002854849344592427	0.0017821400790904041
DLBCL11203	0.004412174097772096	0.971733077241197	0.008326179059004681	0.00946413369189121	0.006064435910135023
DLBCL11680	0.011240931155331218	0.008410213930520922	0.9682207707492186	0.008200013920050323	0.003928070244878867
DLBCL10515	0.9810158558266645	0.004191303044841631	0.002900419146285032	0.008046956766609766	0.0038454652155990284
DLBCL10550	0.0031394341892608457	0.0037637899479152515	0.004299451999366095	0.005828907612834303	0.9829684162506235
DLBCL_RICOVER_417	0.0022763809424850004	0.004731174271054278	0.00421603209462885	0.00491991666324965	0.9838564960285823
DLBC_FF_A7CQ_TP_NB	0.004375844808629177	0.0038012499347538408	0.004324741794029277	0.008195868865677096	0.9793022945969106
DLBCL_MC_F519_ALT	0.002672333846178453	0.004513935954169806	0.0032183523817656675	0.003256436606806223	0.9863389412110799
DLBCL_RICOVER_449	0.0012397295619993992	0.0014757215259755868	0.0011475408450478345	0.0017827951239499148	0.9943542129430273
DLBCL_RICOVER_440	0.006175254405633892	0.9442819472097751	0.03524750668637948	0.006247497704594629	0.008047793993616863
DLBCL_C_D_1114_NULLPAIR	0.9878948075258686	0.0017098613917765398	0.0021313590875737137	0.0060173855463220615	0.0022465864484590967
DLBCL_C_D_1163_NULLPAIR	0.0016730567039543141	0.0024482418921870763	0.002423077859727148	0.004150376497646967	0.9893052470464845
DLBCL10992	0.002055769731576016	0.002418804500459095	0.00380868942774142	0.0035933644509541294	0.9881233718892694
DLBCL10853	0.0062612485411704935	0.0038585407537361288	0.005616788853913065	0.006803892793534071	0.9774595290576462
DLBCL10836	0.006239006930045661	0.0035492845561675506	0.005372884219942921	0.009588025960006153	0.9752507983338378
DLBCL10997	0.9877859186275052	0.0018123740374139862	0.002129821068768379	0.005399109450779462	0.0028727768155329186
DLBCL_MC_F729_MAN	0.004294053599424125	0.9787481187460296	0.009104651655320425	0.0037188869091575824	0.00413428909006825
DLBCL11558	0.0035265050929832327	0.004225572300923342	0.9838585851264756	0.006483997636607474	0.0019053398430103426
DLBCL10510	0.01325128438487169	0.9452340215987142	0.009396130690616768	0.007699555753920189	0.02441900757187721
DLBCL_LS297	0.002224794075377579	0.002724194242437915	0.9881741497584746	0.005008578943356149	0.0018682829803537008
DLBCL_DFCI_DLBCL_GOE16	0.0011888693400966684	0.0015366860083296937	0.9937222608302672	0.00254549326444902	0.0010066905568574863
DLBCL11428	0.0025117659134193115	0.0033774640607926983	0.9887849977190462	0.0038821216914220174	0.0014436506153198492
DLBCL_C_D_1130_NULLPAIR	0.9921054909166876	0.0015030007147482348	0.0013591775537914878	0.0032095718717374154	0.0018227589430352426
DLBCL11507	0.007398788362899491	0.9622615550562563	0.019537166214282874	0.004587079874279292	0.006215410492282002
DLBCL_MC_F089_HCZ	0.002618828997254202	0.9785121359533748	0.00791855675695193	0.004935270756856609	0.006015207535562463
DLBCL10983	0.007746090766450652	0.9700080153143665	0.006301999712381261	0.006460109386263904	0.009483784820537598
DLBCL11565	0.0015668415061334607	0.9921850258579158	0.0023738379981751534	0.0018642427372176616	0.002010051900557945
DLBCL10911	0.000658063396648455	0.9969665978827632	0.001170033535012971	0.000541376335493388	0.0006639288500819337
DLBCL_LS1065	0.0018776367751458475	0.9923424543063128	0.002470422573313011	0.0014080633971536565	0.001901422948074585
DLBCL_C_D_1108_NULLPAIR	0.0008482062609778686	0.9955618394293777	0.0015167364620002602	0.0007906486109381305	0.0012825692367060236
DLBCL_C_D_1136_NULLPAIR	0.0	1.0	0.0	0.0	0.0
DLBCL10461	0.0007262957727963494	0.995572817851981	0.0016817543937477299	0.0007824432151468347	0.0012366887663280445
DLBCL11519	0.4093871006513577	0.05096853154342979	0.03770215633374791	0.48476514702559353	0.017177064445871033
DLBCL10910	0.019194066242559517	0.4278277005853737	0.3755968796932924	0.13518830755510128	0.042193045923673095
DLBCL10503	0.03184004202254095	0.15425614595844153	0.5942205106778482	0.042720922662576946	0.17696237867859235
DLBCL_C_D_1117_NULLPAIR	0.092225189896393	0.6710619012496216	0.021696324087705204	0.1877538438546742	0.027262740911606125
DLBCL11590	0.244194243940417	0.02212886476998918	0.314524373756712	0.34764035327071724	0.07151216426216461
DLBCL11202	0.2857054810661885	0.15603158330201228	0.3732872381699502	0.17190580647520604	0.013069890986643087
DLBCL10936	0.13647733815409224	0.49474598275002024	0.14548841348829966	0.10145915584289766	0.12182910976469019
DLBCL10974	0.048431621986351994	0.03453255842740602	0.05628309880956339	0.4679424304309084	0.3928102903457702
DLBCL11536	0.041478058807991415	0.3551431124704355	0.05968717825024907	0.46572738977876876	0.07796426069255533
DLBCL10885	0.060669570310453974	0.6734606759297551	0.019358390258624313	0.04576995074376261	0.20074141275740398
DLBCL10517	0.012353819913834222	0.38193955382452194	0.542793891307221	0.03532751386823114	0.027585221086191672
DLBCL_RICOVER_1278	0.04850227564792101	0.0379177418621583	0.024337268165082887	0.23033836090063586	0.658904353424202
DLBCL_LS2208	0.03459812708654533	0.06646784224334	0.38889690157690293	0.05912581343051995	0.45091131566269166
DLBCL11515	0.023043507660631086	0.17770932825004107	0.351427240957083	0.03590609628861595	0.41191382684362887
DLBCL_RICOVER_274	0.046033494957672345	0.12283114380148386	0.029133763999603813	0.7442562598326163	0.057745337408623615
DLBC_FF_8042_TP_NB	0.011888796604640752	0.05036913379240561	0.0433671064784528	0.045326930926812475	0.8490480321976883
DLBCL_RICOVER_1106	0.01608397173092943	0.08657111833853923	0.03149478820172875	0.11230646810976025	0.7535436536190423
DLBCL11436	0.15998670570904536	0.3968156605599635	0.07211330124427125	0.3381258666369885	0.03295846584973145
DLBCL10564	0.04356087920859363	0.0812012950469399	0.08493952844620235	0.7586993873400667	0.031598909958197446
DLBCL_C_D_1156_NULLPAIR	0.7913621131438364	0.029274311075376567	0.020248786176487624	0.13968438665095703	0.019430402953342366
DLBCL11430	0.5010621037642133	0.021407594513903803	0.1134573385617654	0.34384670986968807	0.020226253290429482
DLBCL11204	0.10208160152386746	0.7884837412758845	0.04255525658667822	0.028978459868284793	0.0379009407452851
DLBCL_LS2245	0.08432614546412977	0.601491466674625	0.2629258138586443	0.03238308909598362	0.018873484906617295
DLBCL10472	0.047253537561080444	0.0216531234248514	0.7014037885150777	0.20719626960245233	0.022493280896538174
DLBCL10512	0.01884389864449795	0.34835789180712723	0.15864936806704188	0.041553478425963374	0.4325953630553696
DLBCL_LS4616	0.01088977331908372	0.32238331261637504	0.5947113527548379	0.04232583682383165	0.029689724485871666
DLBCL_RICOVER_1018	0.057304600735121794	0.10204251874321574	0.0344605847376693	0.7789968919339504	0.02719540385004279
DLBCL_LS762	0.023537791902107082	0.034263565768249224	0.22981489247459969	0.03324424501387946	0.6791395048411645
DLBCL10565	0.05807036471320955	0.034875616691553236	0.7649897676837872	0.12701634793088504	0.015047902980564833
DLBCL10856	0.04338860473514789	0.07819365600891261	0.2359460432108022	0.031857266773891446	0.6106144292712459
DLBCL10909	0.05488577845890381	0.023363933293159233	0.09504611939090407	0.5671210099296101	0.25958315892742273
DLBCL_LS3499	0.12037891618301326	0.14065106206281278	0.048383340240114356	0.6503501370704026	0.04023654444365703
DLBCL11496	0.5308932812053668	0.03697020199655757	0.06241857997931781	0.04270559937192258	0.3270123374468351
DLBCL11528	0.18262442425332714	0.4233208982268249	0.3422896400388143	0.03272387681253378	0.019041160668500035
DLBCL10553	0.03999574256189825	0.05584707198214578	0.247203840365648	0.6199426777118834	0.037010667378424573
DLBCL_C_D_1118_NULLPAIR	0.14330487686994348	0.7842630174247817	0.01781843833308893	0.03209131669473981	0.022522350677446085
DLBCL10552	0.3872084368760944	0.03201088740529739	0.09025342836465533	0.47343538292311693	0.01709186443083577
DLBCL10782	0.11869332541428032	0.07458716590998404	0.037248330938755576	0.7457680099424006	0.023703167794579445
DLBCL10962	0.05691212118021571	0.7882067546077398	0.06496644869507241	0.05449769791706403	0.035416977599908014
DLBCL10994	0.7988061231885601	0.049913174984362194	0.02429503797164875	0.04971330570255807	0.07727235815287084
DLBCL10921	0.022882890566764333	0.07039855994496087	0.012613350467720335	0.02170186243277608	0.8724033365877784
DLBCL11478	0.7013865854334451	0.040489706455319095	0.20179736727836223	0.038523286488595314	0.01780305434427818
DLBCL11576	0.04652588263665247	0.12229621027924027	0.04507372660937691	0.7485975331590996	0.03750664731563077
DLBCL_RICOVER_910	0.10072934714041047	0.061372482190434514	0.05998633567574561	0.7458002737144587	0.03211156127895075
DLBCL11437	0.0658126717607623	0.01436188484925078	0.04862255095494662	0.7825449156047085	0.0886579768303318
DLBCL_RICOVER_314	0.010276126876644899	0.039624954039246915	0.0336528994736118	0.026080875142981883	0.8903651444675145
DLBCL10871	0.03945917108041619	0.8782194917096922	0.03447531659337327	0.014900679498466426	0.03294534111805198
DLBCL_RICOVER_850	0.009742917708750411	0.041845038617530646	0.01903715507512409	0.034540247092056886	0.8948346415065379
DLBCL10549	0.02164141408809188	0.836314021257637	0.11616387644633726	0.013432096189866748	0.012448592018067164
DLBCL_RICOVER_978	0.7879504883799259	0.020796042950983466	0.03378567349713493	0.14263591868781583	0.01483187648413982
DLBCL11658	0.03183798516675885	0.01422745812022957	0.03640574044231661	0.8772082084493351	0.04032060782135989
DLBCL10844	0.8350549560649922	0.03890565055425491	0.016893549468303203	0.02501666820357175	0.0841291757088779
DLBCL10922	0.022427301053221337	0.8981370789295292	0.04230662437564741	0.01737678587293326	0.0197522097686688
DLBCL_C_D_1144_NULLPAIR	0.015640936078896564	0.03310961311982794	0.010651789493695977	0.015202971027000911	0.9253946902805786
DLBCL_RICOVER_945	0.8615384287425761	0.051460185137713645	0.00972969832540944	0.054376713646859524	0.022894974147441224
DLBCL_RICOVER_467	0.018168519953588314	0.5834223686959338	0.03434950000773561	0.017246271120323082	0.34681334022241916
DLBCL10927	0.05898425734302385	0.01790890054804556	0.026231525927918685	0.8778726161900822	0.01900269999092971
DLBCL11671	0.9263024885845722	0.013118112358489798	0.012297866567837747	0.041436456604962604	0.00684507588413764
DLBCL_LS2357	0.03382087961748094	0.01512249686033551	0.02595318497203713	0.9014990343251573	0.02360440422498907
DLBCL11450	0.004971554991059998	0.008670507177101229	0.004232058542690055	0.010945624248667145	0.9711802550404816
DLBCL_LS2089	0.007121240414073763	0.9469585505924085	0.011270058061307243	0.006210587012272991	0.028439563919937495
DLBCL11488	0.7690633380373565	0.009631606284239586	0.017137847504209935	0.06155767961802198	0.14260952855617196
DLBCL10895	0.011527598172643294	0.05900307304426838	0.06237212940170696	0.017507067597675518	0.8495901317837059
DLBCL_RICOVER_221	0.006682710932093333	0.012708270309149014	0.024784850594563115	0.022427273672165234	0.9333968944920293
DLBCL10993	0.851691316600654	0.010955556321991152	0.023969592213071666	0.07715179739182854	0.036231737472454686
DLBCL_RICOVER_1289	0.011771114585954059	0.010135116882865	0.01577951293857735	0.04630639376298023	0.9160078618296233
DLBCL10535	0.005024460406265529	0.007936410898868007	0.004822796029969724	0.005743305476779823	0.9764730271881169
DLBCL10852	0.009687457991347747	0.010749814286423411	0.009940346465408435	0.032687770020884514	0.9369346112359359
DLBCL10781	0.0036357112381904463	0.004407698029034333	0.0037364749255667574	0.00782342169803831	0.9803966941091702
DLBCL11456	0.0115067793034864	0.9292907086305323	0.025114834738973916	0.02667898943787154	0.007408687889135844
DLBCL11500	0.005494919536225015	0.0050234374102952764	0.005711624399263694	0.00918304183467575	0.9745869768195403
DLBCL_RICOVER_408	0.010875658017898112	0.955044745066105	0.021613286552268067	0.007108218766220057	0.005358091597508762
DLBCL_RICOVER_1248	0.002414331064404288	0.002778187751371357	0.001861826766389328	0.003508069414999729	0.9894375850028353
DLBCL11195	0.0036267769270919396	0.013354883206496797	0.006975661902031584	0.010329357620403466	0.9657133203439762
DLBCL10890	0.006886044883085477	0.01117399798229549	0.015912490429609627	0.013451267925213119	0.9525761987797963
DLBCL10935	0.9517117279397658	0.017089690979873357	0.005643153232433661	0.017116832035180066	0.008438595812747198
DLBCL11673	0.0100035983028686	0.9459515201384773	0.023997280926978934	0.013573319912674563	0.00647428071900061
DLBCL11470	0.8947089332384002	0.00797478841596531	0.015376251272736457	0.07022969594739022	0.01171033112550788
DLBC_FF_8043_TP_NB	0.0165066444897499	0.9562205021509181	0.009385247033921535	0.007184545860398431	0.010703060465011998
DLBCL10530	0.002768379092145122	0.006206185887140662	0.0043641753522399305	0.0043176542265875705	0.9823436054418867
DLBCL_DFCI_DLBCL_GOE05	0.010310240112595358	0.7782561575094542	0.04704266219897833	0.016820476970731996	0.1475704632082401
DLBCL_LS4054	0.0116085273346883	0.9458256413317359	0.011538033907274424	0.01529452142379975	0.015733276002501625
DLBCL10880	0.008556311252575943	0.004435166924530659	0.004089459747603465	0.004709845316461383	0.9782092167588285
DLBCL11353	0.005749438375259227	0.01664521349765706	0.027532297134104877	0.010614404472605872	0.9394586465203729
DLBCL10931	0.9542603740764268	0.003588982416712626	0.008776202591643023	0.02027159000254877	0.013102850912668747
DLBCL_RICOVER_533	0.0033471516059438862	0.9870440117501097	0.004805554203027544	0.002598627627792885	0.0022046548131259636
DLBCL10525	0.9758448056073094	0.0026277652057853543	0.006443164493377972	0.008247802657858344	0.006836462035668956
DLBCL_RICOVER_451	0.9843635925662223	0.0026766784435411054	0.0037829052737300447	0.006173710194788442	0.003003113521718132
DLBCL11566	0.007943559333223353	0.024392821622217085	0.9483741275884563	0.01271391130655166	0.006575580149551569
DLBCL_C_D_1125_NULLPAIR	0.0024670940926365065	0.0065887253232055805	0.0041479938913974845	0.004503316485428167	0.9822928702073322
DLBCL_LS2599	0.00727423712563589	0.00956544790811932	0.9678467582743199	0.011702257297070306	0.0036112993948545827
DLBCL_C_D_1128_NULLPAIR	0.9828176388077645	0.002869691126237237	0.003138350800403712	0.006551931312093655	0.004622387953500839
DLBCL_RICOVER_977	0.9727971741753392	0.0031017511143940847	0.004085296941542194	0.012230631644270594	0.007785146124453905
DLBCL10495	0.9729345643378198	0.0073713986771775375	0.003292094949734508	0.009585031222806415	0.006816910812461796
DLBCL10951	0.0017686163175523034	0.002941898625649295	0.0023584827765308143	0.002358696044097255	0.9905723062361703
DLBCL10884	0.9813303183529382	0.002829324899831985	0.0030031825183823566	0.009715619769583746	0.003121554459263797
DLBCL_LS1757	0.9817843134328994	0.004041799651372776	0.002412183529359543	0.008112341764607008	0.00364936162176131
DLBCL10903	0.003357276352972693	0.9787452409070948	0.010717843663062365	0.0035753304784118005	0.0036043085984583615
DLBCL_RICOVER_577	0.004807408022989315	0.00954176518323868	0.9729797570677592	0.006699036899808401	0.005972032826204414
DLBCL_LS3245	0.004183978113441957	0.9651649321469531	0.01973052371929299	0.005569876583841808	0.0053506894364701305
DLBCL_DFCI_DLBCL_GOE07	0.005684273178612957	0.9664513261508157	0.014480955866322072	0.004234214956153662	0.009149229848095604
DLBCL11670	0.003268524486292336	0.008610629557047247	0.9697351002553815	0.013360276033292913	0.005025469667986028
DLBCL10883	0.0024315627029116446	0.0023840580257923813	0.002850433462259294	0.002867646368829635	0.989466299440207
DLBCL10465	0.001955331308430848	0.004084982923899638	0.987145588805846	0.00440711805983223	0.0024069789019912627
DLBCL10452	0.005070463969573517	0.9606902123631961	0.02020416299896387	0.005484621628928031	0.008550539039338563
DLBCL11656	0.0031996669644405095	0.003839803361108241	0.9800540181026727	0.006517113035348732	0.006389398536429857
DLBCL10862	0.0007771308533328988	0.0012175090573564344	0.001059326855160415	0.0012321373223869647	0.9957138959117633
DLBCL10534	0.00033951432558939194	0.0004563124670543915	0.0004497800871314386	0.000491009037445399	0.9982633840827794
DLBCL11188	0.0016969869085743964	0.9910857340194669	0.0038318516444812343	0.0016595686281896777	0.0017258587992878508
DLBCL11667	0.0018786698328569708	0.0029051602469621694	0.990831418326931	0.003012310004052731	0.0013724415891970979
DLBCL_LS146	0.0012792030939168004	0.9936648426141862	0.0028959823269376155	0.0010029194485948983	0.0011570525163645034
DLBCL10532	0.022364258817398626	0.028890503061286463	0.28077195947010686	0.10336611432447322	0.5646071643267349
DLBCL_RICOVER_216	0.051419750302916845	0.11204235501232253	0.4597300587079143	0.041232632072144434	0.33557520390470197
DLBCL10908	0.11638050857528356	0.39481368657562743	0.11365754421032406	0.0684317604973119	0.3067165001414531
DLBCL10906	0.15548666611040696	0.4703201329348415	0.04303809556869306	0.055455352270075	0.2756997531159835
DLBCL_LS1668	0.054104214528458525	0.35022369335453696	0.23689613187135258	0.2957827603539352	0.06299319989171677
DLBCL11003	0.17431792430305523	0.5260662713013374	0.050560165716718376	0.08476837514412769	0.1642872635347613
DLBCL10539	0.059287222403244424	0.2666715249321808	0.07302036556459654	0.5178416101402253	0.08317927695975284
DLBCL10985	0.09609024307184984	0.2747561410491278	0.04039203405109304	0.5508527569696996	0.037908824858229745
DLBCL_MC_F064AB	0.033930751851250426	0.031034648549823258	0.7197492549594757	0.19241826243230806	0.022867082207142536
DLBCL11449	0.06406873875376663	0.3361603374194179	0.06407138953987213	0.04916881175751476	0.4865307225294285
DLBCL11441	0.09494780814143589	0.01694308031423718	0.08357235843099	0.282006397241906	0.5225303558714309
DLBCL11433	0.03550765230205265	0.02337405808803142	0.08116868835169684	0.2977760760973799	0.5621735251608392
DLBCL10957	0.6651534847431901	0.02965405282187363	0.12609908320559035	0.16410147025964017	0.014991908969705758
DLBCL_LS2590	0.03682316288076498	0.03179333995230699	0.051094911749289186	0.566451049025585	0.3138375363920538
DLBCL_RICOVER_773	0.016884691630802365	0.12261652295357783	0.1456802155491695	0.020303091356446118	0.6945154785100042
DLBCL_RICOVER_956	0.01692985665863414	0.33365480423556054	0.0754157250931075	0.036465847369196044	0.5375337666435018
DLBCL_RICOVER_522	0.11481130529759243	0.0758724396672236	0.580639498445967	0.2177065964968046	0.01097016009241241
DLBCL_RICOVER_720	0.03464973020597223	0.2595457413092672	0.05191171348441533	0.01973990156147697	0.6341529134388683
DLBCL11474	0.6565680811422676	0.022948193083828904	0.02445291430942124	0.2670599307367217	0.0289708807277606
DLBC_FF_A7CX_TP_NB	0.5338432153348313	0.04110451516183792	0.0807205763399762	0.05515356553718549	0.2891781276261692
DLBC_FF_8062_TP_NB	0.08479983940871846	0.030918459051704105	0.15696881416222025	0.6981125640052697	0.029200323372087594
DLBCL_RICOVER_1060	0.1564421845466824	0.5179407676795238	0.04034437593011505	0.031653789035858824	0.2536188828078199
DLBCL_RICOVER_506	0.015082735948495284	0.30367768385320204	0.0630573845788572	0.021708571546216228	0.5964736240732292
DLBCL10863	0.12691455632453313	0.02340181241767958	0.02692713410556437	0.6729991984685633	0.14975729868365967
DLBCL_LS2154	0.22931540999191777	0.628054026629603	0.0527541574151162	0.06539281252440993	0.024483593438953143
DLBCL_MC_F218_RAP	0.14290818272054942	0.01950225011689322	0.054784051798486465	0.7609080754292242	0.02189743993484665
DLBCL_C_D_1112_NULLPAIR	0.04524044225530869	0.23081170418908217	0.6501120225452033	0.049205575284188605	0.02463025572621727
DLBCL10969	0.49840844848241955	0.3732594120560239	0.038524984119865345	0.03208296985715754	0.05772418548453363
DLBCL10965	0.16176406664186962	0.02348930614296376	0.05674378066531561	0.7195872113101202	0.03841563523973082
DLBCL11002	0.2401318250099347	0.04531818359121934	0.034028808765286585	0.6567267246782149	0.02379445795534448
DLBCL11447	0.04774247726033639	0.02536991480099139	0.03281805391000847	0.7161379188321516	0.17793163519651214
DLBCL10486	0.6912323972185154	0.10147414886607131	0.022172184706135432	0.12881542872770507	0.056305840481572875
DLBCL_LS155	0.025560549692456466	0.011552537938943603	0.8358826438599708	0.10264668199133069	0.02435758651729849
DLBCL11206	0.02300447948909686	0.6655187251386693	0.09624446148694926	0.013397649437326166	0.2018346844479585
DLBCL11486	0.6888082975557553	0.024178975523777648	0.018048716367444578	0.034728393101639506	0.2342356174513829
DLBCL10972	0.7453273488495039	0.04899345547798387	0.016636307658167426	0.06477268396944176	0.12427020404490305
DLBCL11681	0.5581666673772442	0.011803320645000184	0.24154790138568796	0.11124580521483098	0.07723630537723673
DLBCL10451	0.7751709649500536	0.024887481691185438	0.15237575175502754	0.03376427432487159	0.013801527278861874
DLBCL11457	0.8800136537469463	0.006443853434033476	0.02730967209033963	0.06891494948602277	0.017317871242657847
DLBCL11527	0.04675302111032553	0.02479960777148159	0.07726041433029307	0.7786746272665646	0.07251232952133523
DLBCL_MC_F307_JPS	0.8155757170082413	0.029505119569108423	0.024392482157393588	0.09725332559852613	0.03327335566673063
DLBCL_C_D_1109_NULLPAIR	0.06028836539886311	0.01546230764647926	0.026739767860282992	0.8692522095407822	0.02825734955359238
DLBCL11504	0.064835808424938	0.0223078508963716	0.027313774346202115	0.07004103361678901	0.8155015327156993
DLBCL11512	0.8658711751388825	0.030739173376288734	0.024334284366621217	0.06781797848668554	0.011237388631522061
DLBCL_RICOVER_1165	0.02469643749170511	0.7815379171267657	0.14720670081832388	0.015773867017563316	0.03078507754564205
DLBCL10490	0.8977529833596957	0.015467544106523122	0.015978587303644078	0.04625724490382421	0.0245436403263129
DLBCL10968	0.6390090641267784	0.01265415584379651	0.026194941477626618	0.24992044697473337	0.07222139157706507
DLBCL11205	0.890566657144928	0.026499230632921103	0.049844292794431234	0.02351162238652624	0.00957819704119339
DLBCL10482	0.7867322032308538	0.026545758076683787	0.021423784705048715	0.028833368022010312	0.13646488596540338
DLBCL_RICOVER_701	0.056817280479036066	0.022012307570207685	0.02685551252088147	0.8677728937416596	0.026542005688215246
DLBCL10780	0.018303294708596977	0.8412382168483612	0.08451920649239199	0.044740663953243213	0.011198617997406572
DLBCL11480	0.7718706166249557	0.03524657455860062	0.023910346174487895	0.06641083754190623	0.10256162510004953
DLBCL_MC_F139_LJF	0.0468773483704756	0.016693382553652873	0.02868993169081932	0.8880118822772021	0.0197274551078501
DLBCL11460	0.03452630898034584	0.021764689170245616	0.028459435396493322	0.8933656219756043	0.021883944477310912
DLBCL_RICOVER_1061	0.05295379424410844	0.01569275170978163	0.040116892959322595	0.8718135927793956	0.019422968307391732
DLBCL_C_D_1119_NULLPAIR	0.07786061676378835	0.8741653201222762	0.018662013363740737	0.014798518821244798	0.01451353092894994
DLBCL11435	0.8781491019010791	0.008989647060238831	0.012436145978978446	0.07787516005194567	0.022549945007757966
DLBCL11538	0.019555189930420557	0.01559605588225132	0.8234576595282049	0.09579935141053061	0.04559174324859254
DLBCL_RICOVER_299	0.012126384163181873	0.8478587386112189	0.11068018002561375	0.011605565918833443	0.01772913128115205
DLBCL10934	0.01953704093428633	0.07600296511567999	0.016196015518644004	0.04398107194196955	0.8442829064894202
DLBCL11472	0.8938436629986655	0.0066999547476196564	0.01920980238362561	0.06202966533269665	0.018216914537392635
DLBCL11458	0.053381995754667205	0.04334260304976239	0.8688363085213876	0.016713391517435942	0.01772570115674686
DLBCL_RICOVER_473	0.9253043581140136	0.02071830510032924	0.007430792614027277	0.038489276115283126	0.008057268056346769
DLBCL_RICOVER_744	0.026423483806675217	0.01233042349092462	0.9420140395905368	0.01132222678538801	0.00790982632647539
DLBCL10963	0.027053731265243987	0.03931268094941663	0.02801906843003557	0.113910796071242	0.7917037232840618
DLBCL10980	0.009175820533092979	0.0801843840658627	0.03106049547079713	0.03264803551440592	0.8469312644158413
DLBCL_C_D_1141_NULLPAIR	0.006655472568909851	0.024550431221759567	0.9409804584077662	0.009676331655388339	0.018137306146175976
DLBCL_C_D_1133_NULLPAIR	0.012942128172459886	0.034879702557504284	0.9296044890023918	0.01478436138839488	0.007789318879249142
DLBCL10857	0.019355481319580488	0.009150056442594324	0.009842590358163678	0.037417941945446856	0.9242339299342146
DLBCL10523	0.015605355953742323	0.010722589004583956	0.9214928736181044	0.04466366512905721	0.007515516294512129
DLBCL_C_D_1126_NULLPAIR	0.03736434027063379	0.9065731973003738	0.014068207740900097	0.015278793594699476	0.02671546109339283
DLBCL10930	0.057803175188246916	0.015239572732638682	0.011161166430979958	0.015588593460934306	0.9002074921872002
DLBCL11484	0.010615367460777674	0.9076733524905032	0.04161469440980246	0.013720356696632425	0.026376228942284297
DLBCL11675	0.02004287125997046	0.010601721299523236	0.8361687863193933	0.057267930140410955	0.07591869098070211
DLBCL_C_D_1113_NULLPAIR	0.005705549391442101	0.012077087818013546	0.9682223695486268	0.009209323106852452	0.004785670135065016
DLBCL_C_D_1105_NULLPAIR	0.08294270712825796	0.8600915152781272	0.013802118576839717	0.0236327963259927	0.019530862690782417
DLBCL10999	0.008466844785543253	0.02563647020405317	0.05169295998988317	0.0879126092290721	0.8262911157914483
DLBCL_RICOVER_496	0.014070247274333635	0.9310805539093842	0.03409111355023137	0.01221853913099556	0.00853954613505526
DLBCL10902	0.006732613501765415	0.029510909178161175	0.041089424554629876	0.01944568513111227	0.9032213676343313
DLBCL10954	0.01127341951899154	0.9293642960379619	0.022622089711763244	0.01541948156984309	0.02132071316144026
DLBCL10925	0.019025262570600554	0.02605787973263397	0.008582938604256159	0.028643896453509725	0.9176900226389996
DLBCL11526	0.006299074474837905	0.0056552909002395195	0.9760286675392558	0.009261017466472737	0.0027559496191941132
DLBCL10498	0.0067042732530889415	0.007634282287494493	0.9693225567147443	0.013292246944692545	0.003046640799979697
DLBCL10898	0.010983898109885919	0.03364184061609575	0.013961416825127524	0.02037541548887797	0.9210374289600128
DLBCL_LS1098	0.003111843559901855	0.0030558426085587355	0.9859396250708801	0.0057818855033385025	0.0021108032573208236
DLBCL_MC_F262_WLC	0.9841780145895775	0.0026141183835362673	0.0023773254315451694	0.007098590285504729	0.0037319513098363053
DLBCL10459	0.003226564972709634	0.00933372834496292	0.9739948881053587	0.009223449344465295	0.004221369232503375
DLBCL_RICOVER_1032	0.005521310774926532	0.024794380165754193	0.008464819688762391	0.012835022879260893	0.948384466491296
DLBCL10458	0.9951081001573219	0.000788446336300103	0.0009956354910908044	0.0021638840537641867	0.0009439339615230141
DLBCL_MC_F349_BJJ	0.0012247850807576201	0.0021354027579505936	0.9916608754599212	0.0030077332420038964	0.0019712034593666445
DLBCL_RICOVER_712	0.004093580044574053	0.0062728486285754895	0.005059814830505989	0.007725544380429434	0.976848212115915
DLBCL_LS378	0.9868126761344013	0.0024747960160211996	0.002914297583008904	0.005747994944833182	0.00205023532173542
DLBCL10889	0.0025682287834365466	0.003995878919841084	0.004105639785677975	0.006815575532476829	0.9825146769785675
DLBCL10842	0.002408008242354361	0.002982652903371019	0.003075686160763076	0.0047979001279714155	0.9867357525655401
DLBCL11000	0.0013634764114909602	0.0020996673623576685	0.0021428687731568133	0.002905782329162379	0.9914882051238322
DLBCL11666	0.001165295678692632	0.0020848151538426785	0.9931399780857894	0.0024354628992710684	0.0011744481824042352
DLBCL10901	0.0019632371850039614	0.0038005541484090947	0.003329082302738443	0.004991056937583049	0.9859160694262654
DLBCL10860	0.002148656313521543	0.003678502615934454	0.004726729798458727	0.00442941980626334	0.9850166914658219
DLBCL_RICOVER_1192	0.0029277219365018165	0.005854307331145465	0.003145887286305441	0.0038560174305538784	0.9842160660154934
DLBCL10977	0.0029925378005221147	0.002254964277000874	0.0028624065928134954	0.0035003594589830943	0.9883897318706805
DLBCL_RICOVER_1210	0.005085521510742278	0.9545020592536378	0.026238774962742916	0.007612015676805271	0.006561628596071713
DLBCL10990	0.0015979476596830855	0.0018709987468315383	0.0017839367232841093	0.001906860380141574	0.9928402564900597
DLBCL10502	0.0071549591059837355	0.9521322654774442	0.025715262174498148	0.0086425363854796	0.006354976856594312
DLBCL10460	0.0026138644304175567	0.9865811699800896	0.006390981374229902	0.001999667332087117	0.002414316883175784
DLBCL10834	0.004000637949458305	0.988496894065683	0.0030289036214453447	0.002117900965559979	0.0023556633978534286
DLBCL10850	0.0032237655906133594	0.9895058004442531	0.003412169481819061	0.0017387487218983554	0.002119515761416118
DLBCL10483	0.0039006410292445177	0.9761179871328625	0.012671790015092346	0.0029815597780688493	0.004328022044731849
DLBCL_C_D_1131_NULLPAIR	0.0014985928185194315	0.9925866869039144	0.0029191306041645828	0.0012108673484429986	0.001784722324958635
DLBCL_RICOVER_253	0.0010312604760663552	0.9961758316954521	0.0012065836793501458	0.0007164292873417855	0.000869894861789615
DLBCL_RICOVER_174	0.0011549253632665989	0.9953285213024031	0.0016807803198571067	0.0009770064197261578	0.000858766594746961
DLBCL_MC_F927_JHS	0.19292261030930108	0.1941249879397088	0.2614444726306859	0.14145860087835246	0.21004932824195188
DLBCL10865	0.3566588396553415	0.12346149435946005	0.0830698609588927	0.12780289348145263	0.30900691154485316
DLBCL_RICOVER_1190	0.3568828101351092	0.03534565791346742	0.27741193661439445	0.03879943241522634	0.2915601629218026
DLBCL11483	0.110182341684493	0.3097504070355137	0.10862000998232998	0.06799784223306758	0.40344939906459576
DLBCL10548	0.6970638155454464	0.12255915805201426	0.017489921782224395	0.13318427459305923	0.029702830027255763
DLBCL10450	0.5162413504952015	0.12139073390175295	0.026306198503566865	0.2550351877472315	0.08102652935224729
DLBCL11657	0.02186698029589529	0.06624194588441358	0.761632864494289	0.11602241131719951	0.03423579800820268
DLBCL11467	0.06553863826154051	0.07011671031330341	0.1234098077544896	0.40890835042272256	0.332026493247944
DLBCL11448	0.029935524970001105	0.07742327999724809	0.19903354143531796	0.3280759142315807	0.36553173936585215
DLBCL_RICOVER_258	0.1387811185767849	0.020090274319487983	0.09330236381461492	0.03569748451170343	0.7121287587774088
DLBCL10971	0.15285851590557153	0.20824204297646812	0.04595572469976527	0.08709772769932378	0.5058459887188713
DLBCL_MAYO_DLBCL_234	0.19705521556247785	0.018535103427354822	0.3406920129601647	0.4065415410720909	0.03717612697791178
DLBCL11678	0.07898044021108014	0.038121223030178744	0.3281788172340969	0.5317360296907708	0.022983489833873418
DLBCL11501	0.4020887628536713	0.45645842482018834	0.01995931770764854	0.04271918891948734	0.0787743056990046
DLBCL10454	0.11614072329838418	0.169310244085889	0.02485888968548379	0.019792977708180542	0.6698971652220626
DLBCL10837	0.06733343778083531	0.031908242525715	0.04357042531726972	0.14760867706310096	0.709579217313079
