	0	1	2	3	4
DLBCL11471	0.40841189907601105	0.17512913201379596	0.11176031130210129	0.19350050464742352	0.1111981529606681
DLBCL11652	0.637877960397804	0.14527859416590888	0.08286332227173095	0.02806941854939556	0.10591070461516057
DLBCL10971	0.25883153276142645	0.3710950800204078	0.021298354652344347	0.06685697539426481	0.28191805717155644
DLBCL_MAYO_DLBCL_3653	0.33796631429316987	0.04976263969449336	0.06932871725463309	0.2751619964578495	0.2677803322998542
DLBCL10869	0.5340460767318863	0.10834683912266176	0.23503929345226318	0.07572802873320043	0.04683976195998835
DLBCL10973	0.1649329609498609	0.016202827990509424	0.32793267129671977	0.44534570947146523	0.045585830291444626
DLBCL11469	0.028241699509007803	0.18149351488791624	0.3466070293649064	0.026066834880048333	0.41759092135812126
DLBCL10957	0.8074044158445363	0.014165800067731302	0.06735636106457518	0.09410624629249954	0.016967176730657774
DLBCL11468	0.28578024822027176	0.020245709914509448	0.44955602938508704	0.19598431151258844	0.048433700967543326
DLBCL11480	0.7671806270925432	0.017757269055462644	0.07200433352659077	0.038721627335433155	0.10433614298997028
DLBCL11525	0.2907597350638315	0.024457908224485483	0.505306922653709	0.15823341081627806	0.021242023241695926
DLBCL_MC_F218_RAP	0.28490273930217597	0.017762012784594966	0.18683369400962832	0.4914551181564543	0.01904643574714652
DLBCL11003	0.03987840238465741	0.48425271787385793	0.022457751052877846	0.040779382467392745	0.4126317462212141
DLBCL10927	0.7225778070412173	0.011399411432029783	0.028250693853359377	0.22125927183232572	0.016512815841067806
DLBCL_RICOVER_1060	0.10166186753896929	0.26591757647564723	0.030848710124523258	0.023557844495942008	0.5780140013649182
DLBCL11474	0.7535897159425986	0.0132487217354869	0.014186437819087842	0.19374489430570696	0.025230230197119695
DLBCL10509	0.3450845456146163	0.527948796636746	0.02162189110538721	0.0688826519182285	0.036462114725021956
DLBCL_LS2590	0.030788013111718873	0.01814287317040855	0.05326354837114495	0.3316412154044782	0.5661643499422493
DLBCL_LS3204	0.06147817921711866	0.756849686513276	0.07157816446513485	0.09721139803501963	0.012882571769450957
DLBCL_LS1668	0.022982388489317856	0.35785654236722936	0.2550748003189114	0.3092705951043518	0.05481567372018965
DLBCL11467	0.10081676760375262	0.06674765722534994	0.10554867059261826	0.5908481995222147	0.1360387050560644
DLBCL11673	0.03442902432418964	0.6946588374205384	0.18344998048597416	0.059978888463183305	0.027483269306114562
DLBCL_RICOVER_773	0.012183924019557533	0.10758526265098743	0.15768272607658493	0.024312953388584076	0.6982351338642859
DLBCL10970	0.042965585861992714	0.3418244422897438	0.08282018192549045	0.4850578027367695	0.047331987186003566
DLBCL11473	0.6711062664806225	0.05248833030803163	0.02315688159227004	0.23558761869301056	0.017660902926065238
DFCIDL004_DT	0.14646497699561922	0.012146237498611684	0.035055966057206636	0.22307950333302057	0.5832533161155419
DLBCL10885	0.025914689371132685	0.7998679529819891	0.02920943889069641	0.035039956464920294	0.10996796229126156
DLBCL10899	0.17353322869665694	0.11505484951653754	0.016071976653720822	0.10796890577269509	0.5873710393603896
DLBCL_RICOVER_338	0.35415787551374417	0.022568511647333547	0.030895317262219342	0.5641159623343803	0.028262333242322624
DLBCL11512	0.9081965278163242	0.011655403158241236	0.019203782595499708	0.055184782088227094	0.0057595043417077805
DLBCL10965	0.1929495566610742	0.01869811326596165	0.024620238824155757	0.6630791305951175	0.10065296065369098
DLBCL10873	0.07964874461228913	0.0957448968073627	0.09600256661674834	0.6860779717544006	0.04252582020919922
DLBCL_RICOVER_467	0.017549655676600932	0.281063264029729	0.03064662599386629	0.014439935788232517	0.6563005185115712
DLBCL11515	0.016159514709044497	0.16546117875024183	0.5917360556839021	0.046538812240073786	0.18010443861673783
DLBCL10544	0.039278667313542424	0.011608085748785977	0.04632587585365868	0.7547345204166721	0.14805285066734078
DLBCL10969	0.5735132269258523	0.08453596921167891	0.23934385133842548	0.05011970746236534	0.052487245061678046
DLBCL_RICOVER_320	0.03120084656069186	0.12090216534000361	0.7547228235476263	0.05265492234195858	0.04051924220971966
DLBCL_RICOVER_1190	0.18320524846234137	0.07139242155798364	0.06575751016792067	0.026983175993326412	0.6526616438184278
DLBCL11472	0.8550238584227984	0.006618806593691622	0.022290474598104994	0.09920009312092168	0.01686676726448334
DLBCL10907	0.10613902517504184	0.664920037013147	0.022742561280653363	0.07401443482452365	0.13218394170663417
DLBCL11495	0.07720303225040827	0.011698672594271573	0.022801948471199433	0.11608558739356356	0.7722107592905572
DLBCL_C_D_1118_NULLPAIR	0.16463379961605504	0.7441012157725685	0.029217200150241346	0.04533699459707805	0.016710789864057086
DLBCL_RICOVER_701	0.0714091733682558	0.01396044646758043	0.023819445909284635	0.8454529910276507	0.045357943227228414
DLBCL10527	0.029431669674995872	0.0271133030382204	0.04639443466450143	0.7785929432151034	0.11846764940717888
DLBCL_C_D_1109_NULLPAIR	0.13070286905071812	0.01158496463636894	0.027893774018598834	0.7940746000787304	0.03574379221558368
DLBCL_RICOVER_401	0.031481503711151534	0.7881532196270058	0.1492115882263496	0.01804558687876821	0.013108101556724828
DLBCL_C_D_1115_NULLPAIR	0.08831611485210855	0.06558053036810127	0.03379947846769572	0.7768292680333287	0.03547460827876572
DLBCL10564	0.04907990503670474	0.03501296334929344	0.06021077897687995	0.8261487548257559	0.02954759781136597
DLBCL_RICOVER_151	0.07586187285412099	0.18990357493413826	0.05417667785898808	0.6487459999366242	0.031311874416128434
DLBCL11458	0.06550634278132614	0.016519523776489166	0.8431942192797153	0.03364517293767779	0.04113474122479167
DLBCL_RICOVER_850	0.005720808002974136	0.02439940364428548	0.027307531788420717	0.03880755546079462	0.903764701103525
DLBCL11566	0.024984565158530227	0.1616584924657839	0.7706086604043756	0.026732497386988657	0.016015784584321586
DLBCL_LS1395	0.0174838747769931	0.16240912955640358	0.7737817019710075	0.022181555848666986	0.024143737846928855
DLBCL10961	0.0061556591543388195	0.03193810020764732	0.016852594017020623	0.03298874090732799	0.9120649057136653
DLBCL_RICOVER_1287	0.018198299441198707	0.06624591642130787	0.020296102952848345	0.018873862723880863	0.8763858184607642
DLBCL_MC_F500_ECU	0.01220581449304214	0.8995287118791062	0.03780454697022989	0.02053420069212842	0.029926725965493357
DLBCL_LS2325	0.024142769877025783	0.3882976713523052	0.5281582662943234	0.03998619422554148	0.01941509825080421
DLBCL10848	0.01065098709844023	0.006725132374912773	0.01999314159840371	0.03684542709077796	0.9257853118374654
DLBCL11436	0.04417728640290947	0.7658566478517211	0.03134093995349737	0.08169279196736401	0.076932333824508
DLBCL11477	0.9240541433181211	0.007327700069440099	0.006996344874419665	0.047296593969312836	0.014325217768706324
DLBCL10935	0.8765709586307261	0.06191957152549656	0.009131937734336584	0.038256711727976546	0.014120820381464205
DLBCL_RICOVER_533	0.00643065029368319	0.9631229619534876	0.01573478726225345	0.0091924473373693	0.005519153153206499
DLBCL10993	0.9068265692466343	0.006926357158269911	0.011705953067304197	0.03447645057319897	0.040064669954592555
DLBCL_LS4593	0.011522262483581866	0.08169431455367754	0.8386554087492154	0.04656534400276809	0.02156267021075715
DLBCL10554	0.018032907589097133	0.008698397938508537	0.9486862183022823	0.016037705401468164	0.00854477076864384
DLBCL10918	0.881435324927325	0.018771728117127875	0.009659402250935983	0.021708221425034886	0.06842532327957626
DLBCL_LS3200	0.013069824888132804	0.09695347808694404	0.015390880564848764	0.012308261667154723	0.8622775547929197
DLBCL10934	0.04174130609845443	0.7898131116797915	0.01662246324465754	0.03967354632010798	0.11214957265698854
DLBCL_LS1757	0.9691462115010846	0.006320678190973961	0.005413556721301172	0.0156003815766213	0.00351917201001899
DLBCL11484	0.009518241610604182	0.9281817982681402	0.030314720578523722	0.011191209756815175	0.020794029785916723
DLBCL10915	0.02638424178491738	0.8155454154334445	0.025114157635015243	0.01798183180297658	0.11497435334364636
DLBCL10457	0.012954804968602353	0.036994177631612196	0.011517463151289641	0.011133681042556234	0.9273998732059395
DLBCL_LS4616	0.008580518473803556	0.04875232139410613	0.8965218083869952	0.034062514796624935	0.012082836948470127
DLBCL_RICOVER_1289	0.008912470190836562	0.005264665484741317	0.010021955769445298	0.01832524814443387	0.957475660410543
DLBCL11564	0.03691828681306927	0.011028699009554487	0.02203977629841648	0.9091203678006036	0.020892870078356156
DLBCL11439	0.035023100045274105	0.008376722639417519	0.8829092367622812	0.04927791410134445	0.024413026451682748
DLBCL10980	0.006688205821164407	0.03572602202209131	0.019248793491962957	0.01640528540262456	0.9219316932621567
DLBCL_C_D_1130_NULLPAIR	0.9892605196855114	0.0014134200918932726	0.0018971163391387025	0.005714964365650492	0.0017139795178060684
DLBCL10837	0.036159431587761935	0.023663871158289124	0.02220512631809287	0.02745432900653634	0.8905172419293197
DLBCL_LS378	0.9895637875993195	0.001494732029996029	0.002208619582783974	0.005306750412496953	0.001426110375403483
DLBCL10954	0.0069297606971478265	0.929592334339902	0.020538983561200094	0.011433552746466492	0.03150536865528361
DLBCL11541	0.006303081547198535	0.017692269694035798	0.9382710496323673	0.015912249619523804	0.021821349506874595
DLBCL11486	0.9672656739640242	0.004195972492073757	0.007176092484953048	0.012043135954901137	0.00931912510404789
DLBCL_C_D_1141_NULLPAIR	0.007954708061099646	0.015403039077153595	0.9353130815869375	0.012194142687635667	0.029135028587173584
DLBCL10902	0.004857545884239677	0.009231031410349488	0.006003306153070005	0.007513078406724254	0.9723950381456166
DLBCL10997	0.9787696191052829	0.003165009528703475	0.003088061764922482	0.011018392848766176	0.003958916752324903
DLBCL10781	0.004916830704894765	0.006853846853224344	0.0043988706952007945	0.012036962309059328	0.9717934894376208
DLBCL11195	0.005062324209793017	0.024094756863009274	0.01005230995674231	0.012600029543716973	0.9481905794267385
DLBCL11669	0.013257947926901313	0.010610485222876194	0.9547552345084007	0.014714750956301741	0.0066615813855200184
DLBCL10999	0.0033171831119808695	0.006976178437074175	0.006732131642970229	0.011311022753040344	0.9716634840549344
DLBCL10896	0.9732972176551264	0.004274732257279449	0.002933442602544322	0.013221350899078572	0.0062732565859712
DLBCL10495	0.9853591778844956	0.0031925620295371496	0.0018751511145940801	0.0068877210745041315	0.0026853878968690404
DLBCL10862	0.003168832209815094	0.007919937349713826	0.006039814865782619	0.004379788512557165	0.9784916270621313
DLBCL10459	0.003888347557598234	0.005544378089040773	0.9725469166734187	0.00976956196399122	0.008250795715950995
DLBCL_C_D_1136_NULLPAIR	0.00246648767835744	0.9854836538381786	0.0048772306962872	0.0036831498950307484	0.00348947789214606
DLBCL10880	0.015727416835968355	0.006398555568303283	0.00935465728403764	0.006801308665788193	0.9617180616459026
DLBCL11670	0.004077138275339608	0.007979791245691231	0.9687913710283014	0.009455005989456741	0.00969669346121103
DLBCL_RICOVER_1032	0.007573645349589441	0.027765895609670882	0.006347790821264189	0.008680875023523124	0.9496317931959524
DLBCL11203	0.003329167245861802	0.9798511435178184	0.006311193742771959	0.0057087173990353285	0.004799778094512503
DLBCL11656	0.0027422218875548165	0.0028305282642416265	0.9855805251809132	0.004952907031080006	0.0038938176362103517
DLBCL10903	0.004321192821665348	0.9734316891150849	0.011569613290476937	0.004220162834721245	0.006457341938051539
DLBCL_LS2089	0.011312667391187829	0.8946020012704925	0.019662913318632777	0.008814116894944107	0.06560830112474275
DLBCL10849	0.005573811670432047	0.957152241981424	0.011392693578184013	0.005092693790357864	0.020788558979602058
DLBCL10889	0.0025127376180771864	0.0029851531757275666	0.0037998108827305742	0.005361346287645897	0.9853409520358187
DLBCL10901	0.0017942394972917939	0.002333095458465749	0.0022948110924150477	0.003324110581559727	0.9902537433702677
DLBCL10480	0.019809657986137583	0.9447735518053265	0.009870682913160385	0.008239876774574835	0.017306230520800624
DLBCL_RICOVER_417	0.0011318241889225712	0.0016581215901739675	0.0010500389528113956	0.0016610527803764862	0.9944989624877156
DLBCL10550	0.0005176542298494214	0.0007667842649170324	0.0006794687207310867	0.000744130638973549	0.997291962145529
DLBCL11188	0.0021470637419396935	0.988703653017271	0.004244463771192686	0.0023670353389418693	0.002537784130654678
DLBCL10530	0.001422681042850398	0.0028434887410409937	0.0018132871099874445	0.0023723816731654034	0.9915481614329558
DLBCL10864	0.0009474394873833441	0.0013221583261758666	0.0016750377913053846	0.0015199289430314529	0.994535435452104
DLBCL10834	0.005547220918268031	0.9801104950051178	0.00674832405734891	0.003345526592597469	0.004248433426667785
DLBCL11441	0.22791053703560546	0.018244180354371857	0.2336408166042168	0.29512758413079393	0.225076881875012
DLBCL_BWH_DLBCL64	0.14308909206515366	0.3060516159641464	0.10724646824588654	0.42901552982669705	0.014597293898116297
DLBCL10503	0.06514688821674688	0.1935861052537806	0.5353673444257931	0.021628322775132405	0.18427133932854686
DLBCL_MAYO_DLBCL_234	0.21884094417368544	0.00866188396463129	0.20146070523785753	0.16762561707597357	0.40341084954785217
DLBCL10492	0.19495457870879215	0.06744394171599577	0.030938694573524328	0.29313071973656124	0.4135320652651265
DLBCL_C_D_1112_NULLPAIR	0.04368563536608679	0.4455040000102081	0.3338822611711725	0.04160490157996859	0.13532320187256414
DLBCL10974	0.06424308478872569	0.021914645470834777	0.044583290306378164	0.5023887558635872	0.36687022357047416
DLBCL11206	0.03015075448901523	0.6012737677720633	0.041406927586455894	0.015448843404006587	0.311719706748459
DLBCL11590	0.11384881680821628	0.0130252745760111	0.23112566967466933	0.526269041173617	0.1157311977674863
DLBCL10566	0.03662920699681662	0.5384057124956376	0.04509659680790012	0.019747813489833437	0.3601206702098122
DLBCL11455	0.36148215817784135	0.04553313942895019	0.09376953455671161	0.4716273300960653	0.0275878377404316
DLBCL11433	0.10258864158552404	0.014552640742064861	0.08568158840467482	0.460854747642177	0.3363223816255592
DLBCL10894	0.1646964076140261	0.7286967582446444	0.03368136894866904	0.0611475104512636	0.011777954741396854
DLBCL10914	0.4670431995147713	0.36828693541949253	0.05276741144217538	0.0491339408097327	0.0627685128138281
DLBCL10904	0.0740606261115146	0.1042010996016008	0.15102601271539925	0.11770986669071579	0.5530023948807695
DLBCL10539	0.06003197708342433	0.4375747243845479	0.047817811210778154	0.3315178747459192	0.12305761257533031
DLBCL_LS2245	0.07773067050881437	0.48200583439828004	0.37437667424411525	0.04193405245072589	0.02395276839806437
DLBCL10487	0.11377748121589044	0.7576404905624342	0.034604214415968754	0.07524595591345634	0.018731857892250223
DLBCL_MC_F815_BAT	0.011052342789000571	0.03322474268306974	0.845761405563839	0.08485338111248408	0.025108127851606606
DLBCL10450	0.45762261561982875	0.1202302739633911	0.024842866965596906	0.3088341707344893	0.08847007271669395
DLBCL_RICOVER_314	0.015311334768175599	0.37620590680149274	0.06859069969784896	0.05526679557951299	0.48462526315296967
DLBCL10780	0.030590478813961108	0.5928716515319813	0.28956754589723016	0.06531596254363708	0.021654361213190323
DLBCL10782	0.38778957974119743	0.09743102929720177	0.03498794939749582	0.4529311396812454	0.02686030188285947
DLBCL11504	0.09868918038203488	0.16094923374506964	0.08534545826514991	0.11380324097571445	0.5412128866320312
DLBCL10932	0.11582312385054487	0.012769259598492844	0.02854506214842583	0.8121883289491341	0.030674225453402412
DLBCL10906	0.022297306266788046	0.7305375264269488	0.023429167723805485	0.018489442931880738	0.20524655665057687
DLBCL11679	0.04636193542796768	0.910447600897724	0.02018203817326612	0.013425541275995769	0.009582884225046395
DLBCL10981	0.032484738004978246	0.8233533519930295	0.029273760953609555	0.08471137162991224	0.03017677741847048
DLBCL11542	0.017512394162322892	0.1291719041621606	0.7736609796489364	0.0657946560839108	0.013860065942669171
DLBCL_LS2328	0.06510247649283837	0.5271927216551366	0.3551876660830561	0.040842600982893926	0.011674534786075033
DLBCL10547	0.0722734052582877	0.020488658137079757	0.028883717967076637	0.8523669465195752	0.025987272117980634
DLBCL11498	0.019353308844686376	0.9553742753523787	0.010869343534475268	0.006300339131176505	0.008102733137283104
DLBCL_MC_F739_AMA3	0.01924553742370968	0.5302974641400579	0.3817583403732627	0.04995221108538064	0.018746446977589218
DLBCL11536	0.03768141107374058	0.7034203878128832	0.06220299499729329	0.17777108590969407	0.01892412020638883
DLBCL_RICOVER_1329	0.031023986530783865	0.2616519749687531	0.022188844393625798	0.018928278194778235	0.666206915912059
DLBCL10854	0.01325505535742304	0.025836982906248175	0.021873624850872287	0.0879216988012592	0.8511126380841973
DLBCL_RICOVER_950	0.0375713908934372	0.014179735997045285	0.047149309418959985	0.884135281308637	0.016964282381920423
DLBCL_MC_F139_LJF	0.046573852510244367	0.011987249643618254	0.02787406096089706	0.8955731923073732	0.0179916445778671
DLBCL_C_D_1103_NULLPAIR	0.031868279424767804	0.030934441045625635	0.0355039061495814	0.8751107959336578	0.02658257744636728
DLBCL_RICOVER_361	0.03110512947172946	0.011606400273127511	0.033498098675008026	0.8904128845903958	0.033377486989739254
DLBCL10847	0.022340379161912415	0.0641781239328463	0.010708854304086017	0.011120208897414127	0.8916524337037411
DLBCL10456	0.05972544384627321	0.013002763388407819	0.04290336186756969	0.8505870233233441	0.03378140757440516
DLBCL10879	0.008061976130046637	0.010876512960230789	0.9348441222063356	0.023910558467495496	0.02230683023589147
DLBCL_RICOVER_299	0.014973001768935871	0.7205817363385354	0.2139720084817105	0.018065994169885653	0.032407259240932615
DLBCL10978	0.03657347854990114	0.011366906061111284	0.03343385227535603	0.8912099305142177	0.027415832599413843
DLBCL11573	0.013553764671559946	0.07684158047447466	0.8699999340721926	0.022298731281741535	0.017305989500031316
DLBCL11496	0.696817792341443	0.013637924398264872	0.04159126151193245	0.05114386468266179	0.1968091570656979
DLBCL_LS762	0.02079964362708445	0.02065828013424459	0.0747290887540814	0.02499876928098631	0.8588142182036033
DLBCL10871	0.016216074034317855	0.9157523968479702	0.028466049582544575	0.011290924946739047	0.0282745545884283
DLBCL10986	0.8955944168079328	0.015053652629412837	0.02137504332227493	0.056475385725584436	0.011501501514795018
DLBCL10453	0.012469289128866282	0.10588199389045212	0.024741309813013833	0.03043503187596391	0.8264723752917039
DLBCL_C_D_1126_NULLPAIR	0.037962899654879714	0.8946126560548416	0.019410655438138406	0.028947700366037762	0.019066088486102476
DLBCL_RICOVER_945	0.9033679114049364	0.011964846394427672	0.01202479457295361	0.06139594081417353	0.01124650681350876
DLBCL10983	0.011681878397006991	0.9500884495970214	0.011590631110964509	0.008865101962639248	0.01777393893236778
DLBCL10857	0.015328318111521714	0.01236869637036174	0.012938855215522072	0.05801403514324811	0.9013500951593464
DLBCL11518	0.6704927869662001	0.05733637443768584	0.20145507658814976	0.051706690644148255	0.01900907136381607
DLBCL11454	0.9301349201943893	0.009334693929063753	0.006533936034893809	0.04751040826069443	0.006486041580958802
DLBCL10959	0.9205248363873857	0.00823142571332303	0.008470972657432496	0.05268732222589899	0.010085443015959763
DLBC_FF_8046_TP_NB	0.04379752638483425	0.019774120010000187	0.8913371499153676	0.02858548466513445	0.016505719024663468
DLBCL10490	0.8155847169134386	0.02325547724930041	0.009883114350427762	0.05091823877262117	0.10035845271421204
DLBCL11662	0.8110405896242816	0.009643329880298491	0.020242345082898825	0.10502725009565039	0.054046485316870674
DLBCL_LS3245	0.009654872700975634	0.8960492442440239	0.060732753766787696	0.01971014087777422	0.013852988410438638
DLBCL_LS1098	0.01178618351146443	0.00643014022195434	0.9514539527229566	0.021627101109318782	0.008702622434305852
DLBCL10913	0.910360087050226	0.016294568716745898	0.007327372856112919	0.05250159504549984	0.013516376331415322
DLBCL11666	0.0062721105141575985	0.018857792014915813	0.9567344936202085	0.00936687919786287	0.008768724652855244
DLBCL10532	0.005492365819119936	0.006230393467868488	0.0093084452305454	0.014109975628498488	0.9648588198539677
DLBCL_RICOVER_408	0.009963427017199836	0.9132186955098696	0.05128198745092191	0.012845978355110626	0.012689911666898066
DLBCL11516	0.016200231942448236	0.9298344488956347	0.015341455555933138	0.018313269157149436	0.020310594448834488
DLBCL_LS3749	0.006002877338403041	0.9490871444391062	0.019314182908791378	0.0173838196227951	0.008211975690904191
DLBCL10838	0.010721016211292662	0.06092347263696618	0.010774961981943887	0.015224097931811346	0.9023564512379859
DLBCL_DFCI_DLBCL_GOE16	0.00398979572609	0.004468412853439656	0.9778879197501208	0.008443225752355862	0.005210645917993687
DLBCL11428	0.0036146251530762325	0.004446691099745904	0.9799140833068026	0.007619811436746176	0.00440478900362906
DLBCL10498	0.00777660626011642	0.007419172446262828	0.9699400035686082	0.011072008505344753	0.003792209219667753
DLBCL10836	0.011788196759620978	0.0048060066733166575	0.009857006926523141	0.015419433753090465	0.9581293558874487
DLBCL10502	0.005706891843952117	0.9679864137675976	0.014140096549544226	0.006235280421438683	0.005931317417467328
DLBCL10883	0.008166717619238461	0.004045082178212721	0.005297411132633588	0.006074186576525622	0.9764166024933896
DLBCL11429	0.9325392222602902	0.004409323397106779	0.008140091933179038	0.028589106201645554	0.026322256207778488
DLBCL10984	0.006921675861010638	0.024435000700086366	0.007845325392221025	0.016217391413026125	0.9445806066336558
DLBCL_LS3809	0.9211118065431434	0.011440869107022333	0.01752555793835571	0.018803720722235833	0.03111804568924277
DLBCL_RICOVER_712	0.008749531467641285	0.03382564188175303	0.008038736072356924	0.0131132915196129	0.9362727990586359
DLBCL10515	0.9473568053341125	0.00578151015564118	0.005038766345362166	0.03301308628812575	0.008809831876758444
DLBCL11565	0.004994273095753154	0.9562863865670603	0.013928142580976789	0.012100707293200915	0.012690490463008849
DLBCL11482	0.9139310880023511	0.005052704796231881	0.02193140901471052	0.04082607114096239	0.018258727045744053
DLBCL10989	0.005872795281674917	0.9731818439922645	0.008172534466959291	0.004858777053968329	0.007914049205132976
DLBCL10890	0.0059648068879282964	0.026879555021706397	0.012630015216856616	0.01350974341676246	0.9410158794567463
DLBCL_MC_F729_MAN	0.004372045826345008	0.9821391999724378	0.0054734461041327735	0.002920920132457538	0.005094387964626869
DLBCL10950	0.9782332219578729	0.003454077976848877	0.003245339992149932	0.011769562675062312	0.003297797398065962
DLBCL10850	0.00329113027877245	0.9858878976324048	0.004937130313810021	0.0023592695839052863	0.0035245721911074867
DLBCL_RICOVER_978	0.9539785624037533	0.0047384246556282225	0.017597179638782958	0.01622220952097354	0.007463623780861992
DLBCL10917	0.005024366184112099	0.9806329622448461	0.006014719696691641	0.00324729295989739	0.0050806589144528165
DLBCL10924	0.001969024975135898	0.0020658209688696914	0.0017539353701202646	0.0037788003241717785	0.9904324183617024
DLBCL10988	0.0024341937426350995	0.9863355049102391	0.0048010291424653625	0.0032574362364663563	0.0031718359681940514
DLBCL10975	0.9806229242045011	0.002013258301838318	0.0025936190949520394	0.010808890324412731	0.003961308074295728
DLBCL_RICOVER_1293	0.0029304381907292783	0.002226635265474034	0.0017732912870956046	0.0028646997309068924	0.9902049355257941
DLBCL11434	0.9841778260114122	0.0024996222523031805	0.0025787091871921353	0.008814572647498322	0.0019292699015941374
DLBCL_RICOVER_948	0.002771728963039488	0.9863636837311224	0.005390896898581448	0.0019151480368585305	0.0035585423703981814
DLBCL11191	0.9843416140786067	0.0019715235124564685	0.0024237342702589544	0.008373210144105376	0.002889917994572594
DLBCL10462	0.9652819487749442	0.0025914064412911296	0.0073838081739590125	0.01893481033352163	0.00580802627628401
DLBCL11537	0.9811212958939948	0.0017791390446901688	0.0034119733884911555	0.008580685455262062	0.005106906217561794
DLBCL10916	0.004292190143959771	0.012005399817424175	0.00757810917719557	0.008618766647334266	0.9675055342140862
DLBCL_RICOVER_449	0.00241355578123636	0.0023327998311293164	0.0024963606522502126	0.003710933722102937	0.9890463500132812
DLBCL10471	0.001882644378017133	0.002367923057211695	0.0012488468022628738	0.0015746394911192508	0.9929259462713891
DLBCL11450	0.0015589580663858465	0.001561440634003037	0.0012338755037420146	0.002130682665259709	0.9935150431306093
DLBCL_RICOVER_1106	0.003764622060386797	0.009960530872065967	0.004408240521002585	0.008445295744358716	0.973421310802186
DLBCL11539	0.9789660946047021	0.001878044770231757	0.0035554977849753134	0.012550615996560805	0.0030497468435300083
DLBCL10853	0.004290920754876446	0.003093632112102759	0.0022068468726301515	0.0032232646463806742	0.98718533561401
DLBCL10887	0.0030257540594980097	0.004854863300204468	0.0076300439802205995	0.006709604315113417	0.9777797343449635
DLBCL10876	0.0008990001022560185	0.001527503005694911	0.0011374309814112997	0.001528521153631848	0.9949075447570059
DLBCL_RICOVER_134	0.00173563160690079	0.003962746138207965	0.0023977017640187063	0.003958607394398883	0.9879453130964737
DLBCL10842	0.0008659536572420349	0.001036306973253814	0.0010766943437691826	0.0015208943487947713	0.9955001506769402
DLBCL_C_D_1125_NULLPAIR	0.0013867431889791385	0.0029129019118767285	0.001544987184346162	0.002263956342931932	0.9918914113718661
DLBCL_MC_F927_JHS	0.10976390049836575	0.2863795620704791	0.11743407525068955	0.07504783124326775	0.4113746309371977
DLBCL11466	0.13199634048690875	0.3169501518169848	0.06468506621835525	0.41442219699951915	0.07194624447823197
DLBCL_C_D_1117_NULLPAIR	0.2789063314635299	0.30943950655058966	0.02851663071893774	0.3615430977520106	0.021594433514931972
DLBCL10856	0.06233582698965658	0.0744662884919443	0.3335277649923862	0.06603213379491712	0.4636379857310957
DLBCL_RICOVER_274	0.03500124688041411	0.06379101829833644	0.035916512010554874	0.7726634281226332	0.09262779468806129
DLBCL11501	0.2631726492020951	0.4116868522725846	0.09279153686361048	0.04656027025512224	0.1857886914065876
DLBC_FF_A7CX_TP_NB	0.26914404966622374	0.017018845973236652	0.16767038674800733	0.10768951597998967	0.4384772016325426
DLBCL10549	0.031539195419477015	0.6040234464803377	0.3160706359714639	0.03247186493168928	0.0158948571970322
DLBCL11446	0.4540191824398946	0.4002737224583533	0.04870517546913882	0.07426297884786398	0.022738940784749154
DLBCL11202	0.21215198318021375	0.0820176068343378	0.6326070322002044	0.062236219382349474	0.010987158402894577
DLBCL_MC_F362_MJB1	0.014337809906022722	0.49765773387411144	0.39704465891258234	0.022131434734987198	0.06882836257229635
DLBCL10454	0.10480115347456599	0.4688612119700228	0.08381357390594601	0.021020774773300832	0.32150328587616434
DLBCL_RICOVER_258	0.4880483306122162	0.017734979464362796	0.06907752741248123	0.10177227414187909	0.32336688836906075
DLBCL10513	0.44551072039315087	0.1628293576525392	0.11695962619853387	0.25860807009487663	0.01609222566089954
DLBCL_RICOVER_440	0.018484066980827198	0.365359597983466	0.5583997024316513	0.022800911535279203	0.03495572106877635
DLBCL_RICOVER_522	0.11366854182761217	0.04078512770078036	0.3095715331314739	0.5197746842749206	0.01620011306521301
DLBCL11591	0.015233284208860994	0.611910698445571	0.3223449485450038	0.022566805783667265	0.0279442630168969
DLBCL_RICOVER_1204	0.018894834210039402	0.019775833782121645	0.05295342745666736	0.20211501715863142	0.7062608873925402
DLBCL_RICOVER_216	0.07075379241219315	0.15765639504909115	0.05089604628734152	0.03745497552048376	0.6832387907308904
DLBCL10548	0.44378837769317747	0.3508098362645207	0.020690312561669234	0.15642990836771142	0.02828156511292114
DLBCL10843	0.5878265792421407	0.01542218893968887	0.029474750963555167	0.3354553654299814	0.03182111542463401
DLBCL10881	0.10836046754944999	0.02012118152382563	0.01563676587399413	0.0859910060725995	0.7698905789801308
DLBCL10909	0.04132703319586582	0.03081505101803164	0.05524187724626556	0.4728472284694136	0.3997688100704233
DLBCL_RICOVER_583	0.023334478423966062	0.3661220618290957	0.0537655251199556	0.01689166434806769	0.539886270278915
DLBCL_C_D_1140_NULLPAIR	0.07427168935229854	0.044224678059775126	0.09842008948130399	0.11890692718948055	0.6641766159171418
DLBCL11657	0.1460079885801939	0.11034785661942516	0.16796714560886628	0.15019665599711038	0.42548035319440425
DLBCL_LS3499	0.10008315181403421	0.06904866365305182	0.052361354429187226	0.7490020975676254	0.029504732536101374
DLBCL10451	0.611533474418841	0.030520525686941944	0.2974601847975153	0.04847102047685018	0.012014794619851558
DLBCL10947	0.11565217130983349	0.7537406055532905	0.01470809251027791	0.01799909966867481	0.09790003095792334
DLBCL10994	0.586920178226257	0.08998347417069348	0.030427950774275375	0.0889348187231171	0.20373357810565704
DLBCL10908	0.05271932314274517	0.08133665079182463	0.6593358772960156	0.04645556645562219	0.16015258231379242
DLBCL10878	0.08890622690984971	0.054608149924762574	0.021862258774749264	0.03292070433121419	0.8017026600594243
DLBCL10985	0.061227412508487226	0.7119269039259583	0.027385871666248975	0.1709306448165404	0.028529167082765136
DLBCL10868	0.06369175486487434	0.012311665224092824	0.025414275949929767	0.8086764078192079	0.08990589614189512
DLBCL11449	0.04216267855593931	0.7294068007297995	0.027185770500893283	0.018922905580031374	0.18232184463333662
DLBCL10552	0.14445881604512206	0.01978851444981352	0.048201448116776284	0.7725667694502449	0.014984451938043219
DLBCL11208	0.02695476476116301	0.7996830361158908	0.0953132338760965	0.04353181882069005	0.0345171464261597
DLBCL10486	0.5499104976847642	0.17275643037557828	0.015508483110468409	0.09298665031806871	0.1688379385111204
DLBCL_RICOVER_111	0.024335600792788247	0.042883469663821276	0.7062429911829	0.08109754940523715	0.14544038895525332
DLBCL11478	0.7525799571384183	0.052597113141674125	0.12556278303173857	0.06097861904773126	0.008281527640437726
DLBCL11663	0.7380344751391554	0.059642938932578694	0.06950981468366495	0.09544589631964578	0.037366874924955155
DLBCL_LS1304	0.020171512403503223	0.08871847268991796	0.7389575707772228	0.025750423033014558	0.12640202109634138
DLBCL10962	0.023167652339679736	0.8470136191963059	0.06727387568568152	0.011028077810512512	0.05151677496782037
DLBCL11460	0.056086930118867416	0.01642942731087823	0.021555695392241336	0.87600940258135	0.029918544596663058
DLBCL10846	0.10629414939067831	0.8055639666677512	0.02144839887479192	0.03865361736208422	0.02803986770469437
DLBCL11481	0.769946553815274	0.018857071689408735	0.11985883980774671	0.05578666033791828	0.03555087434965231
DLBCL_C_D_1153_NULLPAIR	0.07324038511736916	0.13353684645286112	0.02789209991963206	0.3106588007774821	0.45467186773265555
DLBCL_RICOVER_1046	0.010051138284226609	0.8243747013310823	0.11895610206615237	0.01215429418075253	0.03446376413778621
DLBCL11510	0.7637098470411068	0.06436839504110249	0.03125789746748588	0.06658438328158357	0.07407947716872128
DLBCL10895	0.01543083331671481	0.12276598125372322	0.0320316083289296	0.015228625878490418	0.8145429512221419
DLBCL10939	0.051120843081514884	0.011294168238412367	0.025338703371921595	0.8864995375483318	0.02574674775981938
DLBCL11437	0.0700298389811897	0.011315962115996532	0.026412063211035893	0.8336076780800461	0.058634457611731805
DLBCL_C_D_1151_NULLPAIR	0.05015080703606133	0.01634834489180552	0.02886876013054994	0.8884482359313779	0.01618385201020527
DLBCL11459	0.044451944232588476	0.012411726673226535	0.02800666041825466	0.8949781725790085	0.02015149609692186
DLBCL10968	0.6915720017787748	0.011344903365418539	0.017406127589641	0.18506684491947864	0.09461012234668709
DLBCL10553	0.031540981214206044	0.028093182769598383	0.049649381933128026	0.8607932859120995	0.029923168170968104
DLBCL11196	0.03660709166649039	0.009006895613240211	0.02729596371992577	0.9021703008838792	0.024919748116464475
DLBCL10565	0.03044392616223472	0.01804788132112375	0.8547315855658935	0.072503859169727	0.024272747781021137
DLBCL_MC_F064AB	0.023009812475492875	0.01207508067703164	0.8394007757788892	0.10172277654200762	0.02379155452657872
DLBCL_RICOVER_173	0.014869308888856294	0.009379823926647083	0.02089998152643422	0.06249756492757386	0.8923533207304886
DLBCL10884	0.9117467402420996	0.005602302862143704	0.015443461882037822	0.058497520211179405	0.008709974802539463
DLBCL10925	0.040256788967441684	0.0747082007329205	0.022787161951191168	0.12476397673583335	0.7374838716126133
DLBCL10517	0.008229394892727651	0.907334107028053	0.056795035375503906	0.01178431054283245	0.01585715216088308
DLBCL10485	0.032115173444892404	0.13936143942345455	0.0149821414714276	0.017740878888946314	0.7958003667712791
DLBC_FF_A7CR_TP_NB	0.008680726224602142	0.004404810095588265	0.010731649547545241	0.016216199123224875	0.9599666150090395
DLBC_FF_8042_TP_NB	0.008638426707670278	0.049135512028450894	0.033995862614119854	0.014211169332513934	0.894019029317245
DLBCL_LS951	0.7908711891866486	0.06365828706182278	0.0390193308022856	0.09577733843843422	0.010673854510808791
DLBCL_LS4054	0.015037062104202784	0.8981335625068985	0.024065506622663036	0.034315482044883806	0.02844838672135196
DLBCL10900	0.004183091444386641	0.00300342721301441	0.0022986513829451973	0.004186236835669033	0.9863285931239847
DLBCL11476	0.024416858890453	0.02827833350619385	0.007827478446309597	0.01001582961417852	0.929461499542865
DLBCL10521	0.017695931765739432	0.07040358111891688	0.009373827793321188	0.012491051925943564	0.890035607396079
DLBCL10964	0.008181065290883102	0.02966485841032096	0.015427061981984631	0.05434346249659784	0.8923835518202134
DLBCL11672	0.009513318836717539	0.01286821161111894	0.9004235967957384	0.04701016234189854	0.030184710414526673
DLBCL11004	0.011327225670418141	0.01205705969186982	0.011667175947207576	0.0534468903889857	0.9115016483015188
DLBCL11470	0.9745108741538111	0.002096673228938385	0.005059229958572361	0.014360110749295704	0.003973111909382428
DLBCL10472	0.014649509994913231	0.011478939892310849	0.9119336349424184	0.045847039715416704	0.016090875454940756
DLBCL10542	0.8723050679556189	0.005885081369975875	0.0345863472357176	0.04702470003204572	0.040198803406641864
DLBCL11479	0.01124871531125276	0.9320695078999589	0.02145489381904595	0.011027422298324418	0.024199460671417965
DFCIDL009_DT	0.009775490396420741	0.039767985540095536	0.9261874395617458	0.01495156318183865	0.00931752131989936
DLBCL11651	0.011087765763315143	0.008722915445835056	0.9374182096431964	0.026071049561917244	0.016700059585736136
DLBCL10519	0.005016495870323714	0.9681818046482505	0.012075385208680399	0.009126159686636102	0.0056001545861092
DLBCL_MC_F089_HCZ	0.0032765334805933536	0.9670063224767247	0.014191280192936206	0.008340114497040849	0.00718574935270494
DLBCL10522	0.009176038717597474	0.0066908033167362045	0.9579536901814141	0.013283359852143723	0.012896107932108533
DLBCL_RICOVER_678	0.0070680679033817365	0.957102158114873	0.0090054257722843	0.00792491276724714	0.01889943544221383
DLBCL_RICOVER_866	0.01201204696900935	0.013216102655570905	0.9091325538114459	0.05460034905511602	0.011038947508857809
DLBCL_C_D_1157_NULLPAIR	0.013604321650328613	0.0072003858351289115	0.9561194403452233	0.015238844839718158	0.007837007329600966
DLBCL10458	0.9850239668846751	0.0023117096301876494	0.003142682857722683	0.007630092517249704	0.001891548110164902
DLBCL_RICOVER_1219	0.0020665472153644413	0.0034874210513498372	0.0025735458060737815	0.005146730931532491	0.9867257549956795
DLBCL11500	0.003768896057852708	0.0029687332825322206	0.005222703724899674	0.004787350369801074	0.9832523165649143
DLBCL_MC_F132_MLM	0.9759529705049622	0.0023974301934170075	0.003327143134535234	0.013879707416000616	0.00444274875108491
DLBCL_RICOVER_335	0.006272226680791735	0.9657342348003971	0.00926367259402202	0.011564630047249707	0.007165235877539459
DLBCL10977	0.0013763089605468787	0.0016268039940709976	0.002133444814320719	0.0020993380931984547	0.992764104137863
DLBCL10996	0.9828629171608593	0.001666441554998457	0.004838673627323712	0.007756676782680601	0.002875290874137924
DLBCL10860	0.0011109086104171926	0.0013394358292325998	0.0012369727087562733	0.0017549170131294682	0.9945577658384644
DLBCL11677	0.9938660130030902	0.0009230924009305207	0.0015143507110975383	0.002756288391297033	0.0009402554935847589
DLBCL11685	0.003937843023687614	0.005044393904011726	0.9743495743296683	0.00889097698034716	0.0077772117622851925
DLBCL_C_D_1133_NULLPAIR	0.00669145359832135	0.01175123088440118	0.9650809646641839	0.009781760378490545	0.006694590474603051
DLBCL11569	0.004562747882097481	0.00787388115992402	0.9755991189492893	0.008534722435128626	0.0034295295735605733
DLBCL_MC_F519_ALT	0.0005477366925238945	0.000968679456892977	0.0005771438390577084	0.0007726514360489847	0.9971337885754764
DLBCL_C_D_1129_NULLPAIR	0.9548813480237501	0.007055999884420076	0.017889838379408315	0.01341693249795813	0.006755881214463405
DLBCL_RICOVER_1192	0.002850504310576373	0.0049263820257791175	0.003768755153523113	0.0032634454036095093	0.9851909131065119
DLBCL_RICOVER_174	0.004880077714540108	0.9836697884546797	0.004928063910776818	0.0031427106694546813	0.0033793592505486853
DLBCL_RICOVER_826	0.9814762001678817	0.0025050818723912995	0.0025912138070191314	0.010134850263548212	0.003292653889159614
DLBCL_RICOVER_288	0.007471075694919733	0.9755923560322772	0.0065764641599166005	0.006071304882974653	0.004288799229911801
DLBCL_RICOVER_829	0.9535519456890974	0.0069141010871219865	0.004072354586902255	0.022842940170863267	0.012618658466015037
DLBCL10897	0.9880297432239505	0.0017070344267160296	0.0019093023975439824	0.006050987306816997	0.0023029326449724163
DLBCL11507	0.020493297178800406	0.9308195060390932	0.02872795814103767	0.009291783413587329	0.010667455227481372
DLBCL_C_D_1135_NULLPAIR	0.005594663281556578	0.9775238706513432	0.007615435659088332	0.00471677384709397	0.0045492565609179395
DLBCL_LS1065	0.003074449638122061	0.9843545869697303	0.005171404775541601	0.0028822608262895973	0.004517297790316367
DLBCL_LS146	0.0025041786819286187	0.988182440532586	0.0039677555218384005	0.002315171165329254	0.003030454098317746
DLBCL11432	0.3314858090521294	0.009769158517886727	0.16635349878523403	0.4400701344267992	0.052321399217950725
DLBCL_C_D_1148_NULLPAIR	0.3156304860418748	0.012734009008243955	0.13590674355995655	0.5085530058507739	0.02717575553915084
DLBCL_RICOVER_711	0.17477176573940947	0.44922093535395674	0.0470751020884882	0.31000339459315346	0.018928802224992276
DLBCL10955	0.0970406994191556	0.051242791794660854	0.11768983088034317	0.4347035045733694	0.29932317333247094
DLBCL11576	0.0697502792523525	0.08072883456558122	0.28162318949618603	0.5337296232566082	0.03416807342927201
DLBCL_RICOVER_720	0.022594567623165432	0.12759442860456996	0.016924543014295378	0.01347080656165379	0.8194156541963155
DLBCL_C_D_1138_NULLPAIR	0.020658376108170996	0.3563996049991577	0.49850456592599957	0.054372520085068536	0.07006493288160319
DLBCL10501	0.01113558066340887	0.5377440950483324	0.37428081955823284	0.038745282545138864	0.03809422218488701
DLBCL11574	0.09285315008575258	0.18800085577209055	0.5277424957673283	0.10074899425579159	0.09065450411903685
DLBCL11683	0.04210514822081351	0.059686786230510845	0.5634628091668574	0.2858719271373805	0.04887332924443765
DLBCL_MC_F502_RFK	0.012147005793360458	0.6224234721709155	0.3027237161181925	0.02004572807426908	0.04266007784326253
DLBCL11464	0.2567109400592761	0.018374654964215937	0.02512619020709116	0.6722908403094523	0.0274973744599645
DLBCL10867	0.03008050464808221	0.32815719574078306	0.023930336428134698	0.029329623915526064	0.588502339267474
DLBCL_C_D_1119_NULLPAIR	0.1995613511467164	0.7239883431129791	0.030996556210539587	0.02710805313247554	0.018345696397289335
DLBCL10898	0.0224419406644783	0.17077644643366693	0.017861823472446435	0.03139822412461877	0.7575215653047895
