	0	1	2	3	4
DLBCL11431	0.21360690353735662	0.18063929344901938	0.2596386965624208	0.1470505796555791	0.19906452679562406
DLBCL_C_D_PAIR13	0.2163254120771723	0.17027021021571787	0.2652197737369343	0.14768277862381074	0.2005018253463649
DLBCL_LS1921	0.02437292780404487	0.6925351994274677	0.13437431507521522	0.13169003059385184	0.01702752709942043
DLBCL_RICOVER_787	0.038779774533297465	0.7147780615633393	0.08571690671298943	0.1449281473335041	0.015797109856869707
DLBCL10914	0.49772605820370847	0.3134215301762143	0.06831840613797005	0.05181821963313272	0.06871578584897449
DLBCL_MAYO_DLBCL_3653	0.22321982461365406	0.04331153141181592	0.0770082269929186	0.24191925328695446	0.4145411636946569
DLBCL10513	0.35772546125711435	0.10741129739645637	0.0548405939123259	0.4655813803596857	0.014441267074417698
DLBCL_RICOVER_1046	0.012423475090280557	0.7718533698978891	0.16093587377108287	0.014556667069996393	0.04023061417075108
DLBCL_LS1304	0.023197138945684186	0.06882789214141839	0.5617426532455284	0.028662287876564486	0.31757002779080457
DLBCL11661	0.023557759642731338	0.7428642030433219	0.0564712625172132	0.15526472391056248	0.021842050886171083
DFCIDL004_DT	0.1508249411627053	0.013228171370291295	0.03396901134254657	0.20945259912080832	0.5925252770036485
DLBCL_RICOVER_711	0.16536720594815443	0.43706729194898136	0.040727568164994295	0.3360703917685578	0.020767542169312075
DLBCL10867	0.028853049454345536	0.3931927970515324	0.02463497350214564	0.027958185570053595	0.5253609944219229
DLBCL10536	0.031688016572868856	0.5583635166893366	0.31209080776965115	0.04429769983432887	0.05355995913381454
DLBCL11491	0.060916469363995106	0.01971429311535908	0.08218166542535112	0.6977197188773795	0.13946785321791516
DLBCL_RICOVER_478	0.07322865896746028	0.7008939722229377	0.022893805441870824	0.018762759575047975	0.1842208037926832
DLBCL_RICOVER_111	0.031881474844023455	0.032901914084650666	0.6967379077615298	0.07735940162130588	0.16111930168849023
DLBCL10858	0.08220379018674671	0.013501111210609876	0.03780168714964444	0.592460929661146	0.2740324817918529
DLBCL11479	0.020696309118334887	0.8182641291975907	0.1071532580858673	0.0175918883638022	0.036294415234404874
DLBCL_RICOVER_440	0.016594677195313497	0.5616103012568721	0.363128579981402	0.020590732006164684	0.03807570956024777
DLBCL11565	0.005439721328425163	0.9624085369311872	0.011316676022607964	0.01043366518965393	0.010401400528125701
DLBCL_BWH_DLBCL64	0.13951907203080033	0.24875076615080824	0.09928473001411882	0.49658453422753873	0.015860897576733937
DLBCL11534	0.07805424968712264	0.04095168829852601	0.653440404343011	0.15425825329508408	0.07329540437625631
DLBCL10891	0.03675332278459454	0.008762345878824056	0.13339772495649121	0.10806000103315475	0.7130266053469355
DLBCL10868	0.05992934592736745	0.015189259834508227	0.026356032609815772	0.8121657608744624	0.0863596007538462
DLBCL_RICOVER_1045	0.14971990073758873	0.02475281768551494	0.0474832490989493	0.7275822922473962	0.05046174023055088
DLBCL_C_D_1148_NULLPAIR	0.21751099973532115	0.014705229019489474	0.13992220917160833	0.603888614856137	0.023972947217444085
DLBCL10846	0.07124362140696827	0.8452484045940397	0.024734767002199346	0.034210444778485	0.024562762218307624
DLBCL11652	0.7035660512749732	0.10671219996770469	0.07799893252549009	0.02639531424411454	0.0853275019877175
DLBCL10544	0.036106570411269606	0.01619363468710678	0.04177998939232329	0.7575251460827787	0.14839465942652172
DLBCL_MC_F089_HCZ	0.004289741621268059	0.9629028241698795	0.014863628296274186	0.009548443417968087	0.008395362494610157
DLBCL10915	0.038371255548258605	0.29594633688942307	0.03498936747531594	0.03665798573257958	0.5940350543544228
DLBCL_MC_F500_ECU	0.009315617155744806	0.9107660842649122	0.029369003707984512	0.020361472743019384	0.030187822128339124
DLBCL10833	0.06481821243532475	0.015840773446056975	0.011967575542432335	0.06364461714705798	0.843728821429128
DLBCL10494	0.006915182350485756	0.928050660334125	0.03796946168899799	0.015616097050282418	0.011448598576108896
DLBCL_LS951	0.7268911678661033	0.10117211819876562	0.05225311807667532	0.10802388444540113	0.011659711413054642
DLBCL10986	0.8338638967838943	0.01939026715392284	0.042130241383071344	0.08998430008711764	0.014631294591993903
DLBCL_C_D_1159_NULLPAIR	0.7434595484724714	0.016616836358974065	0.01649035146819095	0.20583257962102433	0.017600684079339256
DLBCL10874	0.017911040028316973	0.8566125587142998	0.027577240765240287	0.02617758590982671	0.07172157458231629
DLBCL10981	0.02710727239013023	0.8645956257164207	0.03183987809541322	0.059159100395781726	0.017298123402254166
DLBCL11462	0.82995336990849	0.012265208906726879	0.04694128039276738	0.03432560474107188	0.07651453605094388
DLBCL11507	0.03268329309715418	0.8541859536429871	0.08289549882751822	0.014087485263382764	0.016147769168957705
DLBCL10529	0.016261542347494645	0.18760786543925115	0.04042239726852658	0.03524401208548157	0.7204641828592461
DLBCL_RICOVER_950	0.04347812531824982	0.019532147167659473	0.09482185235298778	0.8209464380989696	0.02122143706213332
DLBCL_LS3749	0.007807075086622284	0.9441998291350138	0.02097167224826112	0.018652529837212672	0.008368893692890147
DLBC_FF_8046_TP_NB	0.0941842934072993	0.01879037654688724	0.8044679317545017	0.04393285846524813	0.038624539826063634
DLBCL11520	0.7889321298790153	0.011586895649365226	0.01570860056183228	0.045664227057856596	0.13810814685193054
DLBCL_LS2325	0.019995024596853136	0.24862503973968833	0.6740566462271096	0.039433682363804734	0.017889607072544247
DLBCL10466	0.008249598434568834	0.03233830839267791	0.8784671636147263	0.057197080087854534	0.023747849470172357
DLBCL11481	0.8350715066469108	0.01648739150462252	0.08421452485005064	0.04040338925452084	0.0238231877438952
DLBCL10456	0.055724492548655025	0.011920884829678215	0.034243113283898834	0.8652463819461074	0.0328651273916605
DLBCL_LS1395	0.011865498904599864	0.0681930007838697	0.8856747020278106	0.016792174846374932	0.017474623437344874
DLBCL11459	0.039228330410727666	0.010829883706717374	0.02227785029184785	0.9068655434186078	0.020798392172099275
DLBCL10491	0.052047529391128715	0.0912874804933923	0.04039194360980632	0.7979563411231781	0.018316705382494514
DLBCL11476	0.04422334638334843	0.032190909355941405	0.011694657863415545	0.014523189530289493	0.8973678968670051
DLBCL10835	0.009781741802963049	0.041763972529984136	0.01599154833297737	0.04125978231753225	0.8912029550165432
DLBCL10547	0.07081888756237044	0.022823786685144943	0.025565440486186967	0.8380457955902246	0.042746089676073004
DLBCL11564	0.037173176725011976	0.011047816930880059	0.019897576737968433	0.9124978228442394	0.019383606761900145
DLBC_FF_A7CQ_TP_NB	0.029906427772270944	0.010527020028770531	0.00947774517117502	0.042985941705287245	0.9071028653224963
DLBCL_RICOVER_1287	0.01837807606324528	0.05044266815907087	0.02215945806373102	0.01807857842828033	0.8909412192856725
DLBCL_MC_F815_BAT	0.010775845842765383	0.027272147954243653	0.8806860338386454	0.060605630231944624	0.020660342132400908
DLBCL_RICOVER_985	0.03443172042832096	0.016619711881329227	0.03458007776379911	0.8849974117951117	0.02937107813143901
DLBCL10894	0.04291084190020141	0.8999038712188118	0.02059263347994119	0.027772576721419386	0.00882007667962625
DLBCL11203	0.004818659209339145	0.9736287204981481	0.008384438253291953	0.007052373931277065	0.006115808107943725
DLBCL10879	0.008809559235065087	0.008898309800147825	0.9425008260735857	0.020867299265832355	0.018924005625369094
DLBCL_LS3200	0.011301030035433821	0.07129703515136833	0.015372366928711686	0.011848283293151783	0.8901812845913344
DLBCL10847	0.020339386440220004	0.04207675753038907	0.012399597838459288	0.009836102494956884	0.9153481556959747
DLBCL10521	0.01603097575375842	0.053596767216097796	0.009258506394014564	0.011242433660166072	0.9098713169759631
DLBCL_RICOVER_829	0.9354592338383486	0.008933627799870867	0.006231562867222824	0.030425550743322937	0.01895002475123479
DLBCL_MC_F606_DMJ	0.007521924553221243	0.04064949267609607	0.9250047624454067	0.014689050433516362	0.012134769891759533
DLBCL10866	0.009855995387642515	0.006156000737182341	0.00944718383351469	0.02192799460921617	0.9526128254324443
DLBCL10878	0.02363268469061678	0.011430113046350358	0.013011903912285181	0.016777189743882585	0.9351481086068651
DLBCL_C_D_1136_NULLPAIR	0.003103783649375338	0.9807244196256638	0.006099572374141428	0.00489480946524635	0.005177414885573105
DLBCL_C_D_1108_NULLPAIR	0.0074861364134504735	0.9407122455749011	0.014075072518424566	0.006995265129055512	0.030731280364168424
DLBCL11662	0.8263557810150743	0.010067147196607142	0.022495763691132133	0.08980929220989992	0.051272015887286436
DLBCL_LS1065	0.0047746292150626125	0.975528991870079	0.007556853681089837	0.004284148088242599	0.00785537714552597
DLBCL11429	0.910474030016816	0.005577380738059083	0.011538526939068663	0.04486257330560116	0.02754748900045502
DLBCL10945	0.9349725050272024	0.007460309992673222	0.007561033732753742	0.01767502628419717	0.032331124963173474
DLBCL_MC_F729_MAN	0.004851624795937705	0.9784547711858325	0.00749478108306008	0.0036698242009878513	0.005528998734181891
DLBCL10836	0.02155130164836454	0.005416755213863995	0.01687828862725589	0.021032154112823637	0.9351215003976919
DLBCL10983	0.006509299818676371	0.9724378706266465	0.0074563150213615235	0.004656185220177198	0.008940329313138307
DLBCL10510	0.0047144157350523	0.9812203287990188	0.005638545777578893	0.0032801239984304254	0.005146585689919559
DLBCL10461	0.004351040285710711	0.9730013604109493	0.009095432673402324	0.003977707804185832	0.009574458825751765
DLBCL10911	0.005682515288982427	0.9790552050374535	0.006558604047178775	0.0037526302596690604	0.004951045366716222
DLBCL10900	0.008839487125166147	0.0041627294950323185	0.004462688802062114	0.009353413195461025	0.9731816813822783
DLBCL11672	0.005274123557869341	0.008352431184721676	0.9559577953519168	0.019563027496885148	0.010852622408607022
DLBCL10950	0.9617223737618039	0.004693304858604635	0.009622925737234353	0.017891227511353584	0.006070168131003461
DLBCL10887	0.0019703845347812327	0.0023926896352465094	0.0038982579726402535	0.0036047630517515813	0.9881339048055804
DLBCL10550	0.0008619674893726981	0.0009704513450962164	0.0012987194852685723	0.0015099588119930074	0.9953589028682696
DLBCL10997	0.9618623795859275	0.006215927680547608	0.006017817611613661	0.018582145187409735	0.0073217299345015585
DLBCL10515	0.948642976031728	0.006463149946747826	0.006424184770250682	0.030360732261696118	0.00810895698957735
DLBCL_C_D_1129_NULLPAIR	0.9818185364658085	0.002918683471979088	0.00478815195920615	0.007235163287622422	0.003239464815383817
DLBCL11558	0.005440126239785352	0.006136790010305152	0.970252191758473	0.013260297573406686	0.004910594418029862
DLBCL11539	0.9663266222341376	0.00349379890336007	0.006916099974549354	0.01938191378735821	0.003881565100594848
DLBCL10992	0.0017576437878533658	0.0014927335786476632	0.001808447896522546	0.0028170244372737164	0.9921241502997027
DLBCL_C_D_1163_NULLPAIR	0.0005792220657384936	0.0005919156381892912	0.000715036779946847	0.0010959061063485522	0.9970179194097768
DLBCL_LS297	0.004537252507890064	0.004908150284203733	0.9733726032337561	0.011769898548770323	0.005412095425379829
DLBCL10853	0.0027570608889335474	0.002186351703048418	0.0021978972579161345	0.0034363225686111446	0.9894223675814907
DLBCL_RICOVER_417	0.00153807743268238	0.0025030604251229005	0.0016226171040208438	0.0029473929873435247	0.9913888520508304
DLBCL_RICOVER_449	0.0010431288221073053	0.0009248473716177839	0.0010440361907720793	0.0015669741904422688	0.9954210134250605
DLBCL_MC_F519_ALT	0.0009520750391050298	0.00129941661852225	0.0010989842898602724	0.0013007662265452388	0.9953487578259672
DLBCL11461	0.9765121598985876	0.002742323225602872	0.005127839467637743	0.012757243420051623	0.002860433988120166
DLBCL11537	0.976630465721047	0.0026321683478302384	0.004632840348950866	0.008902662720476972	0.007201862861695003
DLBCL_C_D_1130_NULLPAIR	0.9877891959857859	0.0020447542437646775	0.0021654645650950265	0.006055550900330673	0.001945034305023777
DLBCL_C_D_1114_NULLPAIR	0.9867550907281628	0.0018623252198055672	0.0023631932763309455	0.006701136926304126	0.002318253849396595
DLBCL10912	0.9868527142334519	0.0019836703157149584	0.002724557052873719	0.006157526180286481	0.0022815322176729384
DLBCL11428	0.0029859882418615947	0.0036561859182654035	0.9832577119547926	0.006717115108121023	0.0033829987769593483
DLBCL11685	0.00402046083876436	0.004208026579444283	0.9775562405844307	0.007732599957308275	0.006482672040052393
DLBCL_DFCI_DLBCL_GOE16	0.0034756774265718286	0.0035990745931278726	0.9820425330633502	0.007026504191016921	0.0038562107259332
DLBCL10555	0.004096952838454864	0.0048824609573824675	0.981299347759647	0.006394868985934847	0.0033263694585808196
DLBCL11680	0.00412755593584832	0.003710792367223759	0.9825536544997184	0.006140145007858879	0.003467852189350646
DLBCL10936	0.14584607557881935	0.4247797693651313	0.17992341064922762	0.11583193500187719	0.1336188094049445
DLBCL_RICOVER_945	0.7235036036101933	0.049114938421543096	0.029553438511535125	0.17783292411954257	0.019995095337185874
DLBCL10503	0.09061363594492801	0.16578702520534852	0.49809449179327564	0.02071834715321606	0.22478649990323177
DLBCL11478	0.6876665226007054	0.04657596224055106	0.2052968912467206	0.05076484550970529	0.009695778402317718
DLBCL_RICOVER_910	0.473384720039766	0.09763282177402911	0.07393077559251109	0.33041055230552085	0.024641130288172886
DLBCL11528	0.1266007476551658	0.6299457054721426	0.19173740783276452	0.030444476190990295	0.021271662848936872
DLBCL_RICOVER_314	0.019876945637529425	0.5030296149368098	0.08896023790231726	0.061490635706979574	0.32664256581636403
DLBCL_DFCI_DLBCL_GOE05	0.015102042607504744	0.4938212770053446	0.06798280449285474	0.020597655603138147	0.4024962202911577
DLBCL11430	0.7003179946018198	0.01592794157800856	0.09222862615289841	0.18145480285446514	0.010070634812808085
DLBCL10782	0.44647198998344034	0.11302983389494677	0.034750666122823334	0.3762022557308791	0.029545254267910454
DLBCL10856	0.05057359540654235	0.07609961972990649	0.5153868065049968	0.052657300082194415	0.30528267827635985
DLBCL10974	0.06461878534639687	0.020865376009252225	0.042016758358128875	0.4862995815090543	0.38619949877716775
DLBCL10909	0.04560456356580895	0.02839525309034384	0.050895063201068506	0.4662139878825579	0.40889113226022067
DLBCL_RICOVER_467	0.02232711915641097	0.3715500813199356	0.03316058558593145	0.015996423295988074	0.5569657906417339
DLBCL11515	0.024084938436952474	0.2875459812246879	0.4539790880677658	0.04832657317156463	0.18606341909902924
DLBCL_RICOVER_1278	0.07243777877804077	0.018402097008431418	0.020032492903211106	0.184356737002046	0.7047708943082708
DLBCL10927	0.2801917012642389	0.01564106036586602	0.036517739424018425	0.6447049822758584	0.022944516670018268
DLBCL10994	0.5442439924017131	0.102864358731052	0.03276360469627995	0.10626015603179939	0.21386788813915553
DLBCL11202	0.36732199315090064	0.091307749669707	0.4656060910113123	0.06547342939455768	0.010290736773522444
DLBCL11576	0.08612344373256048	0.07033161608477737	0.15079211820332547	0.659219601366623	0.033533220612713674
DLBCL10962	0.03555957029856872	0.7703481509255787	0.10050429656709782	0.014839046694734404	0.07874893551402035
DLBCL11488	0.7530069555554919	0.010641635954199539	0.01691082143512364	0.08804406930336374	0.13139651775182115
DLBCL10552	0.162497611414013	0.0216496453338778	0.04364819263079163	0.7552700314496311	0.016934519171686434
DLBCL10553	0.030147705542447747	0.045539921132011364	0.12157192947622998	0.7635757786425975	0.03916466520671343
DLBCL11519	0.15740028068565526	0.03151758915481367	0.044923797213135906	0.750223609665416	0.01593472328097913
DLBCL_C_D_1117_NULLPAIR	0.1865188630810042	0.23149802017503276	0.03854554334051383	0.5219855893755434	0.02145198402790577
DLBCL10910	0.056026286528542316	0.14330284095160728	0.6223401040094754	0.11533616352110442	0.06299460498927058
DLBCL11204	0.058344172638072275	0.7793401354940895	0.052058285027073506	0.06334859730166693	0.04690880953909773
DLBCL11590	0.07352427529961096	0.01258809215270447	0.5739917582397195	0.2392000503629327	0.10069582394503235
DLBCL10517	0.00979006932581449	0.8670964157470137	0.0873059987315658	0.014727400025377445	0.02108011617022855
DLBCL11437	0.08546144008321266	0.012257781302689298	0.03430126721356123	0.8024060605655844	0.06557345083495243
DLBCL_LS3499	0.1077162107073635	0.1181436723714849	0.06339227353928643	0.677389414533531	0.033358428848334176
DLBCL_C_D_1156_NULLPAIR	0.769981678498839	0.027397747126998984	0.02253427423149306	0.165851145093839	0.014235155048829948
DLBCL10512	0.012027515443375582	0.10664153418922127	0.6383150367442407	0.0638276687011689	0.17918824492199348
DLBCL10885	0.023790746915004678	0.8146235749369326	0.024028072598383198	0.02902785161454623	0.10852975393513328
DLBCL_LS2245	0.08069067817807778	0.29783899141338016	0.5597328323781411	0.036423858277536976	0.025313639752864
DLBCL11496	0.7410410636753527	0.011530062059640783	0.03805912166092233	0.04890473992192052	0.1604650126821636
DLBCL11673	0.0440761417098807	0.7337512624323146	0.1345538111993909	0.06132029587394054	0.026298488784473245
DLBCL11671	0.897174642821895	0.014374726659222794	0.01584186236003346	0.06632404441108153	0.006284723747767279
DLBCL_LS762	0.024683256040659157	0.018106718146949457	0.10812855922095306	0.028363509262313184	0.8207179573291251
DLBCL10564	0.040903523120678326	0.03826718747534794	0.08219709969395761	0.8055902469358419	0.03304194277417418
DLBCL10549	0.021224042072834536	0.863373524450241	0.08235907547434494	0.01958495753492647	0.01345840046765309
DLBCL10921	0.018212223857605698	0.7765061491995434	0.024759744444942864	0.0154373027891026	0.16508457970880538
DLBCL_C_D_1118_NULLPAIR	0.16330117848496722	0.7357605532556946	0.02385281919080629	0.05099235620549522	0.02609309286303676
DLBCL10935	0.86080514320782	0.07174337091705699	0.009753068772692065	0.04354479794142024	0.014153619161010733
DLBCL11536	0.028695231838555685	0.7882435497089582	0.056712549723510176	0.10955037466833194	0.016798294060644047
DLBC_FF_8042_TP_NB	0.011200014429213426	0.05260090537703605	0.07870778753641372	0.016540686292292755	0.840950606365044
DLBCL11436	0.042115312108224306	0.7812841566983939	0.044566730304762305	0.08164375972432124	0.05039004116429821
DLBCL_LS3245	0.008358686759519557	0.9257743333398	0.03921931599352212	0.0152235371379877	0.011424126769170675
DLBCL10871	0.03091717121644678	0.8543792076880975	0.036673892359517526	0.017092947640487844	0.0609367810954504
DLBCL10844	0.885903257003816	0.02657954990063592	0.011018107881887607	0.024999743848410905	0.05149934136524962
DLBCL_RICOVER_850	0.0060995050854320745	0.019741168895083823	0.018925292972538033	0.03503682275336424	0.9201972102935818
DLBCL10993	0.8907967822936467	0.006594496872298791	0.022486132328845818	0.032674946790531734	0.04744764171467695
DLBCL_RICOVER_978	0.8831877355449314	0.007987790431877681	0.057068477062510274	0.0432962515955789	0.008459745365101752
DLBCL10895	0.016920203708635884	0.07665910933518388	0.031092247479389726	0.012138448064563559	0.863189991412227
DLBCL_LS4054	0.01653745573871532	0.8910063722950661	0.02337404077151376	0.03410028084102126	0.03498185035368359
DLBCL_RICOVER_408	0.00859935933522239	0.9498491441750443	0.02433048036076807	0.008617071913497311	0.00860394421546797
DLBCL_RICOVER_1018	0.05161871241751066	0.06941426722433516	0.034580181316684847	0.8120954770390766	0.03229136200239276
DLBCL10884	0.9086815801968773	0.006093404664431807	0.017118336210112124	0.05762620254471957	0.010480476383859197
DLBCL_RICOVER_274	0.04630247062255589	0.04475910605938333	0.025202099196118207	0.8237361975215355	0.06000012660040715
DLBCL_LS2208	0.01383284652992302	0.021012517949834872	0.015764853069377294	0.014167997726966365	0.9352217847238985
DLBCL10495	0.9354937927076333	0.023773014375346353	0.006984215658911961	0.024133863200709406	0.00961511405739896
DLBCL_RICOVER_577	0.010922885588794945	0.01870523909908958	0.888717207634881	0.01939786345161174	0.0622568042256227
DLBCL_RICOVER_1106	0.0033664294440437508	0.006412487672519717	0.0047635894437795655	0.008765044372380706	0.9766924490672763
DLBCL_RICOVER_1289	0.007862416353362715	0.006245884330545525	0.011134310360687126	0.0257502196861689	0.9490071692692358
DLBCL11658	0.03729919582936765	0.01209227581310951	0.03543123671832836	0.8676765913166706	0.04750070032252382
DLBCL_LS2599	0.0176884129890933	0.015376224414614626	0.9262523800301042	0.03373711963267536	0.006945862933512414
DLBCL10862	0.006337519936557815	0.013906966876807437	0.0157809744538691	0.00803862359747572	0.95593591513529
DLBCL10852	0.0074825635579877856	0.006964697701316931	0.008021813909806136	0.021375741090603865	0.9561551837402853
DLBCL10890	0.005056456011723755	0.01413375605756856	0.011163077068422338	0.011501105865284883	0.9581456049970004
DLBCL10883	0.011659353473321829	0.00435989590979282	0.008295168608195435	0.009472813227349035	0.9662127687813409
DLBCL10452	0.011066461702396994	0.9119100782461563	0.025882061243945615	0.013517407496445897	0.03762399131105511
DLBCL10472	0.01672286943542535	0.009453079469672531	0.9127219996567435	0.04631588758627865	0.01478616385187995
DLBCL_LS2357	0.032075884969642206	0.010274653690176272	0.024549792313818913	0.9127362048361428	0.02036346419021981
DLBCL_RICOVER_977	0.962281326369403	0.003369564623195975	0.00545249129859174	0.019674443648963206	0.009222174059846077
DLBCL11566	0.018985779728398895	0.06804016347529795	0.884186020428532	0.018155094658570202	0.010632941709200913
DLBCL10525	0.9752277254571338	0.0022319534240170533	0.005783035562619957	0.011000993199972262	0.005756292356256969
DLBCL10565	0.014814435855077687	0.017825562623746943	0.8981014777732935	0.05254192371565809	0.016716600032223777
DLBCL_LS2089	0.012783085907297952	0.8751332504132489	0.01729643239482048	0.009426679726682504	0.08536055155795026
DLBCL_LS1757	0.9790725904808972	0.004533188647002499	0.004157355792521984	0.009482127386525378	0.002754737693052885
DLBCL_C_D_1128_NULLPAIR	0.9852811549531711	0.00224228492307368	0.0030371001852778543	0.006266421095984989	0.003173038842492332
DLBCL_RICOVER_533	0.006722251428878448	0.9631882952714031	0.015275136771357521	0.008803065855974705	0.00601125067238617
DLBCL10931	0.9809076028346329	0.0021748234605128724	0.003485862213212574	0.008617384761291126	0.004814326730350569
DLBCL11470	0.968607189580522	0.0030960041069482145	0.006311080873559164	0.01704603280227245	0.004939692636698068
DLBCL_LS4616	0.007143734844096176	0.04904965737275009	0.88659660756994	0.04065809733481912	0.016551902878394597
DLBCL11353	0.005411784788768258	0.021386340440160256	0.019118615458050662	0.008617685088255323	0.9454655742247655
DLBCL11456	0.010402454487150688	0.9411584366203588	0.020775534457239904	0.01977337281866492	0.00789020161658565
DLBCL_C_D_1144_NULLPAIR	0.007187737677841744	0.01313118038536133	0.006362388965724544	0.008667327826829985	0.9646513651442424
DLBCL10781	0.004942882686256801	0.0057289735134636414	0.004539863673225225	0.011177294901394977	0.9736109852256594
DLBCL10903	0.004819580731298192	0.9689026361102656	0.014419514325102686	0.004905879801171798	0.006952389032161674
DLBCL_RICOVER_451	0.9881597709531432	0.002132692534106778	0.0023163577030295636	0.005479297003163473	0.0019118818065569571
DLBCL11500	0.011150808142459464	0.005523858134862925	0.013904948724431293	0.014817954576858165	0.9546024304213881
DLBCL10922	0.005709559097198616	0.9681446201752346	0.012154240510601814	0.006829590891961988	0.00716198932500301
DLBCL10465	0.00400286075525671	0.006607315956957524	0.9673232109769145	0.012875595934568575	0.009191016376302598
DLBCL11670	0.003968239764637011	0.006632017359642487	0.973236063897441	0.007927808026799966	0.008235870951479584
DLBCL_DFCI_DLBCL_GOE07	0.008839971088986978	0.961805092429604	0.013059492007386883	0.005642353574524103	0.010653090899498013
DLBCL10880	0.021254880890893186	0.006148891545451168	0.012657984182935796	0.01026305964891536	0.9496751837318045
DLBCL11656	0.0047291319577864735	0.004776072380829486	0.9764923998579905	0.007420269301840131	0.006582126501553397
DLBC_FF_8043_TP_NB	0.010577921882729158	0.9639658062250275	0.012106521353706231	0.005483871679506365	0.0078658788590308
DLBCL11667	0.004371412848986971	0.005129003902773795	0.9796760349824805	0.00620436708448555	0.004619181181273215
DLBCL11195	0.0027066742509382065	0.005278104315047242	0.00435551541222927	0.005705690307676554	0.9819540157141087
DLBCL_RICOVER_221	0.0023099337525577172	0.0026539495140251016	0.003922106273400651	0.004027684630728306	0.9870863258292882
DLBCL11188	0.003486970379066194	0.9821707507087483	0.006952176696105827	0.00341399957031369	0.003976102645765991
DLBCL_LS146	0.0037079337922396555	0.9824445184385879	0.006251022325537134	0.003426152823696352	0.0041703726199388905
DLBCL_RICOVER_1248	0.004117900645869796	0.0054925119391772475	0.002760551297260636	0.004509347622435406	0.9831196884952569
DLBCL10535	0.0030592064993998458	0.0035170257903586366	0.00580845490463996	0.004312759127779975	0.9833025536778216
DLBCL11450	0.002889240879363422	0.002640298303447979	0.0019314044642146837	0.003997971740882998	0.9885410846120909
DLBCL_C_D_1125_NULLPAIR	0.000974094265653295	0.0018302551548512042	0.0014117372234417355	0.0018390300881756744	0.9939448832678781
DLBCL10530	0.0014325526921968362	0.0025136732734827197	0.0017322981763754934	0.0023849929395142627	0.9919364829184307
DLBCL10951	0.00040789285189541926	0.0005368228435970788	0.0004097257024209094	0.0005090873234221879	0.9981364712786644
DLBCL10534	0.0	0.0	0.0	0.0	1.0
DLBCL11504	0.1320148604104208	0.1466188042743976	0.15978883876157451	0.19281833275527363	0.3687591637983335
DLBCL11441	0.12513671156869757	0.01436058418534875	0.1229227057969107	0.19926401822646908	0.5383159802225739
DLBCL_LS1668	0.018624709290685843	0.2996287163910728	0.3503182755251437	0.2661078774816777	0.06532042131142006
DLBC_FF_A7CX_TP_NB	0.2751876073157384	0.035264848689168835	0.18283832993742216	0.12518307106812288	0.38152614298954785
DLBCL10539	0.07494319445091563	0.36341645570718867	0.04340500090217194	0.4200030233710184	0.09823232556870538
DLBCL_LS2590	0.03519573764973415	0.018082796673977254	0.0503337217407859	0.3564638858172586	0.5399238581182441
DLBCL_RICOVER_522	0.08896209986725942	0.07631347518041008	0.314124856073352	0.5031021885623075	0.017497380316670995
DLBCL_RICOVER_1060	0.16634379031004548	0.31287058266211254	0.044977241092405404	0.025134864315630417	0.45067352161980606
DLBCL10451	0.5364372922426258	0.034361834685499165	0.3667778679878323	0.049415990297914644	0.013007014786128094
DLBCL_LS2154	0.6036297307620262	0.16501613753286193	0.10939133072609668	0.09047010652492407	0.03149269445409115
DLBCL10934	0.05818968814933672	0.6135214862349162	0.01938081015213645	0.07208645909601172	0.23682155636759888
DLBCL11433	0.14620959782621995	0.015567319608633586	0.09208393609591571	0.46013739376725493	0.2860017527019758
DLBCL10486	0.681154741153539	0.1144224581001178	0.017056503601671134	0.08317336689456244	0.10419293025010962
DLBCL_RICOVER_720	0.03088798858058548	0.2572150492619227	0.02215567204419831	0.01811167299270249	0.671629617120591
DLBCL11003	0.044498604405649074	0.34139509699704534	0.02681141502782638	0.047449408359054326	0.5398454752104248
DLBCL10908	0.051421994296242	0.0668138115259738	0.6972194633431635	0.03835079518235904	0.14619393565226158
DLBCL_LS155	0.06518192145563563	0.011539059546363554	0.6215783989681527	0.2605531094987341	0.0411475105311141
DLBCL_RICOVER_216	0.0857424404753339	0.16112050033456474	0.07317927012331046	0.042873408499009974	0.6370843805677809
DLBCL10965	0.18947866922344306	0.0166802417027847	0.03444715670869071	0.7060920501985598	0.053301882166521715
DLBCL_MC_F218_RAP	0.3258497221046415	0.013110984920488126	0.1010605876667252	0.5354898915837387	0.02448881372440652
DLBCL_C_D_1112_NULLPAIR	0.047379902067047466	0.541384977429136	0.2794572646570969	0.035709861525643045	0.09606799432107657
DLBCL10863	0.07216411116728524	0.0147743403489356	0.03454630320636355	0.762937870679651	0.11557737459776458
DLBCL_RICOVER_773	0.013716207182940783	0.06329423939173257	0.1283267913628663	0.02076740822681281	0.7738953538356474
DLBCL10972	0.7660931696515034	0.06626424310177081	0.04593623448980563	0.03323550916178068	0.0884708435951394
DLBCL10780	0.027500504812181543	0.7471777011758177	0.17200944142605287	0.03988789863337384	0.013424453952574092
DLBCL10980	0.011242740749800752	0.11992767382263238	0.06566959607804053	0.031595175409284096	0.7715648139402422
DLBCL10906	0.0242384628966867	0.7703313379296629	0.022716100197919493	0.01850639267964987	0.16420770629608103
DLBCL11480	0.7487110124805223	0.018115604345860105	0.09792414825750986	0.034573335709614114	0.10067589920649363
DLBCL11002	0.29047359750783397	0.01927909519389595	0.05697977681394325	0.6149389299195955	0.018328600564731286
DLBCL11206	0.027974877226693843	0.6725533990185069	0.04682637678846424	0.0130435628263839	0.23960178413995115
DLBCL_MC_F307_JPS	0.7855913049036809	0.024715331830999596	0.026595176898713185	0.1365311385373312	0.0265670478292751
DLBCL_C_D_1105_NULLPAIR	0.21079663271753785	0.671790114446042	0.0666906984431062	0.025711699317411255	0.025010855075902706
DLBCL11447	0.0508868533507453	0.015016506662835861	0.030240935882122393	0.8070928686925161	0.0967628354117804
DLBC_FF_8062_TP_NB	0.0828201881413984	0.012478088081969388	0.0453750792679764	0.8244758845347894	0.034850759973866434
DLBCL11538	0.03126112913299044	0.015168546949341343	0.6409115103190558	0.21408627671463065	0.0985725368839818
DLBCL10968	0.7288952112538095	0.01186667249646198	0.017151670850833016	0.19584444813287755	0.04624199726601786
DLBCL11474	0.7399060698413545	0.013907180642098825	0.017158587891129756	0.1991818113920933	0.029846350233323524
DLBCL10957	0.7963193108070991	0.015253931988992253	0.05891212625365284	0.11544613856521084	0.014068492385045036
DLBCL10969	0.6395809938515954	0.06916032938643063	0.21140904037467415	0.052025154442434086	0.027824481944865788
DLBCL_RICOVER_1210	0.012815181026711656	0.8347728268487219	0.08795425865026302	0.04293948386908827	0.021518249605215128
DLBCL11460	0.058307459753285724	0.020984001011300504	0.023085214514467767	0.8745387954580317	0.02308452926291425
DLBCL_C_D_1109_NULLPAIR	0.06928245875265023	0.011188889388412981	0.024376635743684153	0.8634468825408698	0.03170513357438286
DLBCL_C_D_1119_NULLPAIR	0.17789317173722916	0.7472972791038949	0.03228511040051632	0.023802341108517675	0.018722097649841948
DLBCL_MC_F064AB	0.02774838583162472	0.017756709930603076	0.8284473876728089	0.1088041779395837	0.01724333862537958
DLBCL11527	0.04030662608032788	0.021769536792434752	0.07457109292301214	0.8271139559633078	0.03623878824091741
DLBCL11458	0.08538966998233194	0.023799795460844514	0.8110527744676529	0.02991112254064948	0.04984663754852114
DLBCL11205	0.8759683771504813	0.038664700942867364	0.045594524200904527	0.03144818426114365	0.008324213444603216
DLBCL_RICOVER_701	0.05115993869376252	0.011309014275349935	0.022262248729273845	0.891511610242952	0.0237571880586617
DLBCL_MC_F139_LJF	0.05281094682193233	0.012243709172644078	0.03006547148069211	0.8849881466258617	0.01989172589886981
DLBCL_RICOVER_956	0.01577055184399078	0.11664537923447825	0.025278563200708024	0.021059560955012806	0.8212459447658101
DLBCL_RICOVER_1061	0.05247291242188106	0.010733652812820781	0.031888796381329736	0.8865933743014948	0.018311264082473626
DLBCL10532	0.00939308858005183	0.010390537614248997	0.03784878706043868	0.02911405895786241	0.9132535277873981
DLBCL_RICOVER_299	0.013973317826587287	0.7582118392961694	0.1788373179657626	0.018086907025828183	0.03089061788565246
DLBCL11675	0.0287961798138733	0.010044259237291039	0.7741002688489215	0.06221187167346554	0.1248474204264487
DLBCL11472	0.8196561731734339	0.008039672170849017	0.02952985510158095	0.12182445915967571	0.020949840394460437
DLBCL11449	0.03767552883288734	0.8237025927314641	0.024752424312092795	0.021355346460481674	0.09251410766307411
DLBCL10490	0.8376686162745349	0.019818061334850614	0.01384210578046018	0.0492413357697085	0.0794298808404458
DLBCL11512	0.8817013225340047	0.016583766429577772	0.02504913335277944	0.06928330139079987	0.007382476292838225
DLBCL11526	0.09511364455761027	0.017042911309302293	0.8403266809630136	0.035458979914548716	0.012057783255525194
DLBCL_C_D_1126_NULLPAIR	0.016591921580319705	0.9245565042283199	0.01832980324086534	0.020084258404840297	0.020437512545654693
DLBCL11486	0.8364545292737474	0.012846583275440113	0.020751747965908295	0.0327826775845716	0.09716446190033254
DLBCL_RICOVER_1165	0.01759946091613983	0.8521054249050081	0.04994192473862583	0.01593936256603026	0.06441382687419597
DLBCL_LS1098	0.011140924326291383	0.006194511492730929	0.9526966465917799	0.020011720672705163	0.00995619691649259
DLBCL10985	0.056395983554884024	0.7479871313795698	0.03162076588132946	0.13939701331568755	0.024599105868529106
DLBCL10898	0.020401793266189468	0.10982735828672403	0.016532869539115067	0.03150566576094009	0.8217323131470313
DLBCL10482	0.9022790726222835	0.010085558497696547	0.011290689411690669	0.02638783058652722	0.049956848881802046
DLBCL11681	0.7321818763324643	0.00880238468665728	0.12467162483164303	0.0576183681769623	0.07672574597227307
DLBCL10925	0.014680749605264113	0.020581978368076268	0.012426924525341061	0.04936691772011749	0.9029434297812011
DLBCL10523	0.015254850268610974	0.00899808955231669	0.9216315093776977	0.043550715559576486	0.010564835241798206
DLBCL10999	0.006570523540897995	0.0108753136745851	0.012865426327244994	0.035787768395497584	0.9339009680617744
DLBCL10498	0.022010526734852973	0.013051188973287817	0.9252453176177405	0.03277783609523489	0.00691513057888377
DLBCL_RICOVER_496	0.01298600526509768	0.9374459341861318	0.023829381761197577	0.014086112626804353	0.011652566160768686
DLBCL11484	0.011835884998496046	0.9179907430994366	0.02920328797637448	0.014297094197815479	0.026672989727877426
DLBCL11666	0.006514867337185692	0.034046050151575614	0.9350928780212905	0.01233839942805145	0.012007805061896736
DLBCL_RICOVER_506	0.008410388605140784	0.0451619375637577	0.01006526712684141	0.01163597036715675	0.9247264363371034
DLBCL10930	0.0807499067733225	0.016152368200650823	0.01832939833025747	0.016831918407534726	0.8679364082882345
DLBCL10902	0.010948412292307948	0.023602939134859214	0.015650787766244123	0.013679029604509339	0.9361188312020794
DLBCL11457	0.9160536866733897	0.0046031013354343375	0.02219014331731474	0.04055615682990215	0.016596911843959016
DLBCL10963	0.05096535435492186	0.05698018113190963	0.019671767891231894	0.07171504258929291	0.8006676540326437
DLBCL_C_D_1141_NULLPAIR	0.008311824768470654	0.015990193735063902	0.9369242648740154	0.01208365873832225	0.026690057884127795
DLBCL_C_D_1133_NULLPAIR	0.0058785734109136675	0.008585357199012194	0.9696455457910849	0.00959524686139113	0.00629527673759814
DLBCL10954	0.007802334561068888	0.9361558812781988	0.01863012292408168	0.010256761068132494	0.027154900168518084
DLBCL_C_D_1113_NULLPAIR	0.007006268322156515	0.009434874240319214	0.9648446191893527	0.011254311874433045	0.007459926373738513
DLBCL10460	0.008563735050706575	0.9633053713917651	0.01622608743031464	0.005265046385693487	0.006639759741520243
DLBCL10483	0.007038802650281692	0.94790229253574	0.026056131296285923	0.006240676920233974	0.012762096597458387
DLBCL10857	0.006420051795073309	0.007011961056730762	0.00803748741696437	0.022453179455638444	0.9560773202755931
DLBCL_C_D_1131_NULLPAIR	0.005983303121960873	0.9380272546508446	0.023832938583787776	0.009307468296616819	0.022849035346789958
DLBCL_MC_F349_BJJ	0.003972935259864014	0.004526163638177834	0.9785985191206485	0.007349899577845631	0.005552482403464008
DLBCL10502	0.007970696753809632	0.9514444706286185	0.023339903902886226	0.008897457082787443	0.008347471631898277
DLBCL10459	0.0039334161007760675	0.007409470492624435	0.9738384483110094	0.00917604085321515	0.005642624242374961
DLBCL_RICOVER_473	0.9608780242588421	0.005547135048209513	0.007294699073650975	0.021203575546588534	0.005076566072708889
DLBCL10458	0.9803234413340401	0.0034254482171221672	0.0049648507175865855	0.008750964343590574	0.0025352953876605585
DLBCL10990	0.00672347476482585	0.015402861477672329	0.00584439599249464	0.005993745699752179	0.966035522065255
DLBCL11435	0.959569621227372	0.003647599340593717	0.0074074374400239194	0.021961299387670857	0.007414042604339566
DLBCL10850	0.0048403109641759826	0.9792768164369615	0.007240856884581793	0.0037717733506274723	0.004870242363653249
DLBCL_LS378	0.9796094190516262	0.0029688541045559355	0.00541100673953498	0.009459501022721604	0.002551219081561291
DLBCL_RICOVER_744	0.0042532746281419495	0.004043829912228092	0.9817047890218132	0.006141904918677668	0.0038562015191390825
DLBCL_MC_F262_WLC	0.986228820634062	0.001846152506123978	0.002285324008069041	0.006948713275598109	0.002690989576146866
DLBCL_RICOVER_253	0.005541483665660627	0.9778428883836509	0.007111775996547026	0.0032951890279240633	0.006208662926217409
DLBCL10834	0.004752982779228209	0.9808100323337445	0.006603470119710604	0.003306199836605849	0.004527314930710845
DLBCL_RICOVER_174	0.004455460951299757	0.9803847250221797	0.006745209623409319	0.004148276827374165	0.0042663275757371085
DLBCL_RICOVER_1032	0.007542630738697797	0.022211634584315593	0.006614005156219558	0.008695615194939032	0.954936114325828
DLBCL_RICOVER_712	0.0035714289884681383	0.007257130548021785	0.0035420125364517014	0.0068700404501537094	0.9787593874769047
DLBCL10889	0.0023478440532968656	0.0029138072968555428	0.003699903943312138	0.0057010520841757	0.9853373926223598
DLBCL10977	0.002349917111702017	0.0025509718178120646	0.004425229345867549	0.0036943067584273718	0.986979574966191
DLBCL10901	0.0022027251779186234	0.002617396681241266	0.0029981441003632844	0.00412557608990682	0.98805615795057
DLBCL11000	0.0012728214591155786	0.0017440740640692679	0.001872454264316812	0.002936707578737327	0.992173942633761
DLBCL10842	0.000793708615284659	0.0007844310771209803	0.001147659246313843	0.0015246769612926225	0.9957495240999878
DLBCL_RICOVER_1192	0.001189433943375202	0.0017683540987275513	0.0015866899971436032	0.0017260485774965907	0.993729473383257
DLBCL10860	0.0010470614037915121	0.0013235342108103266	0.00159193981513685	0.0018694963805344633	0.9941679681897269
DLBCL_MC_F927_JHS	0.1364341624111422	0.2740298952049104	0.17275718005293716	0.08731691283149366	0.32946184949951657
DLBCL11501	0.2472323342211051	0.42306113347366775	0.09362366557064153	0.037743860042522864	0.19833900669206267
DLBCL11483	0.22045233946058515	0.15775449222881605	0.2559491132310751	0.14268535510569677	0.22315869997382687
DLBCL_RICOVER_258	0.36226900420565084	0.013176977526122282	0.08274244006271396	0.0952112857696332	0.4466002924358798
DLBCL10501	0.010894063953953547	0.47971012741303853	0.4122831688537406	0.050186424391815775	0.046926215387451495
DLBCL_MAYO_DLBCL_234	0.10161599705894309	0.01093261937161972	0.27104079347884497	0.2419615098812589	0.37444908020933343
DLBCL11591	0.013878127073685145	0.6138150246062329	0.31726733646532357	0.021425996592522593	0.033613515262235785
DLBCL_C_D_1166_NULLPAIR	0.02215618066148017	0.3729953324274436	0.03541976327059325	0.013674009349574174	0.5557547142909087
DLBCL11467	0.07833424943707509	0.04219803839240557	0.09691471620318834	0.5137340762854177	0.2688189196819134
DLBCL11683	0.04919201454512078	0.038022883812359604	0.6627960733067824	0.21679681266037426	0.033192215675363
DLBCL11455	0.49961806088912336	0.03868239779583107	0.08275527007871962	0.3560177377501	0.022926533486226034
DLBCL11469	0.03202455697793994	0.14793698339813569	0.5054887647101788	0.026831825084060283	0.2877178698296853
DLBCL11678	0.1176340298536324	0.025982592078394248	0.4978918241665932	0.3355112793670084	0.02298027453437179
DLBCL10450	0.5873754118309427	0.09422003841584281	0.016789366063702987	0.22247459834542274	0.0791405853440888
DLBCL_LS2328	0.04026301502674629	0.5266069688701974	0.38134421412075503	0.03884551039292835	0.012940291589373033
DLBCL_RICOVER_1329	0.03455136073202024	0.42497553938572186	0.029260860168128087	0.020574004183986742	0.4906382355301431
DLBCL10454	0.08855971568636041	0.5868127807179319	0.06393253414543593	0.018053296081843466	0.24264167336842835
