	0	1	2	3	4
DLBCL10915	0.035610605475757645	0.23338128848783482	0.1580400495914787	0.15816891363701924	0.41479914280790964
DLBCL10971	0.23615158035949374	0.46481637442379126	0.02460900367907776	0.054494203229054676	0.21992883830858265
DLBCL10869	0.43426635034545735	0.17812860368250374	0.25470998626945784	0.06045611537311566	0.07243894432946534
DLBCL11468	0.14219311385827127	0.025970937390205836	0.29496694268038315	0.5037177679052735	0.03315123816586627
DLBCL_MAYO_DLBCL_3653	0.39048746761417313	0.03509031040749812	0.07156560265393092	0.20062895721525775	0.30222766210914015
DFCIDL004_DT	0.34825977440529754	0.013493760218612701	0.02495675891653971	0.14406842580517726	0.46922128065437274
DLBCL11525	0.1774206270275071	0.020913432791121067	0.666097637771702	0.11239810170493093	0.023170200704738943
DLBCL11515	0.011997992370116057	0.18074837378436615	0.41600363360855724	0.04046981098265044	0.35078018925431026
DLBCL_MC_F218_RAP	0.2841160250145863	0.013663583252707506	0.1459734456195119	0.5191700450896783	0.0370769010235159
DLBCL10934	0.04911008621587056	0.32400713767575834	0.03005953288035271	0.09221308429740602	0.5046101589306125
DLBCL_RICOVER_467	0.022388392311200777	0.5025452461748109	0.027225395302914963	0.014478157433246066	0.4333628087778273
DLBCL11003	0.1301768860951295	0.43997031501196937	0.02877044851300441	0.10713894413051434	0.2939434062493824
DLBCL_LS1668	0.03349565229092513	0.18009567434115833	0.23211690799513474	0.45934636764171305	0.09494539773106879
DLBCL_RICOVER_1287	0.03147404593718061	0.3068818988313392	0.0412273537646827	0.03265466140677779	0.5877620400600198
DLBCL_LS4616	0.011650066046263948	0.21545848981077176	0.7031814933976376	0.046557166357687196	0.0231527843876396
DLBCL11471	0.45411782461821254	0.29969388620208814	0.034790451902212874	0.14253468772952613	0.06886314954796025
DLBCL10527	0.0229926948237163	0.02653545456362095	0.08887229027747472	0.7100134867587875	0.15158607357640044
DLBCL11467	0.07591274985321717	0.0464868334331114	0.09444356372026282	0.4941546250898791	0.2890022279035295
DLBCL11473	0.5328165429125922	0.09911059298010627	0.02128798968800197	0.30906908156808827	0.03771579285121126
DLBCL10907	0.3033852535734653	0.33540694978455377	0.04025789634444043	0.1704594039703924	0.15049049632714817
DLBCL10509	0.5285816564260745	0.3245502933155881	0.0182631214146438	0.07221566349905291	0.05638926534464079
DLBCL_RICOVER_773	0.014307067542279296	0.22658466472787164	0.0746142710127089	0.01902032460196006	0.66547367211518
DLBCL_RICOVER_338	0.5631045630781756	0.02596104359904784	0.07517506094209828	0.3095871949310303	0.026172137449647984
DLBCL10969	0.5063039561782828	0.33614306245934666	0.03502803519621568	0.04060355673415735	0.08192138943199748
DLBCL_RICOVER_1190	0.32244423732181837	0.038113293783367024	0.16227364725175641	0.03907149865028213	0.43809732299277615
DLBCL10957	0.8614416270932033	0.02063749305081392	0.04375789685388524	0.059506394794338495	0.014656588207759056
DLBCL10999	0.0055547347119192444	0.014314933258570056	0.020017759563441272	0.03523227521133973	0.9248802972547298
DLBCL_LS1395	0.04070490494521156	0.17298333316738493	0.7314598423400704	0.020762991864763238	0.03408892768256984
DLBCL11474	0.5475514988018669	0.01725228129189243	0.02957224149070684	0.35752840316778667	0.04809557524774714
DLBCL10873	0.061256489739408886	0.11521911438058788	0.2552394075505292	0.526436741258187	0.0418482470712871
DLBCL11469	0.018103977888921246	0.0445326008099169	0.784610181044236	0.02619512820750535	0.12655811204942055
DLBCL10899	0.07727349717593511	0.03892258311211694	0.012346341062600531	0.07114005890996161	0.8003175197393858
DLBCL10973	0.12951337120614145	0.017652406094642612	0.08868780720146426	0.695163231712161	0.06898318378559078
DLBCL10965	0.2229218346080027	0.02128533671192966	0.03435592961746449	0.6609179998771844	0.06051889918541872
DLBCL_RICOVER_1060	0.13106353984978883	0.16622830632126814	0.028714804189431453	0.02176780054548128	0.6522255490940303
DLBCL10544	0.03395627944832304	0.014635818541536548	0.04875871651366132	0.726182978922825	0.17646620657365403
DLBCL_LS3204	0.020532376505869695	0.9079395605750836	0.033822727871544965	0.02820687049190669	0.009498464555595094
DLBCL10885	0.05316015720483848	0.6404196808527829	0.029910351255981883	0.059715007862995835	0.21679480282340094
DLBCL_LS2590	0.03647720337542538	0.02140614062835384	0.0406169262378132	0.5168084908319468	0.38469123892646073
DLBCL_RICOVER_850	0.007285459166262204	0.026351473335917086	0.027630326735374303	0.03918104770090195	0.8995516930615445
DLBCL_RICOVER_151	0.046088203678429064	0.4919280277250406	0.07400054210662138	0.345170631934125	0.04281259455578391
DLBCL_C_D_1115_NULLPAIR	0.07789907638656238	0.0634380750371681	0.04182361408070517	0.7651323951146584	0.05170683938090603
DLBCL11436	0.05685506181107059	0.735415204119802	0.0528221072236865	0.11956989914756558	0.035337727697875285
DLBCL_RICOVER_320	0.03161380202628919	0.16048224884084358	0.7156945191724265	0.049775802748335714	0.04243362721210502
DLBCL_C_D_1118_NULLPAIR	0.12379446398071428	0.8060120223265946	0.0189974507139779	0.027891026848956977	0.02330503612975617
DLBCL_RICOVER_1289	0.011474105057612304	0.005911048690375056	0.011304307060120554	0.02792188324262137	0.9433886559492707
DLBCL_LS2325	0.026568851259681187	0.14171077583103392	0.7915953218799505	0.026439761480522236	0.01368528954881214
DLBCL10970	0.02944067594970014	0.08196178663690638	0.06927766426955231	0.7727328262622755	0.046587046881565716
DLBCL10918	0.7889238260515156	0.018908935132677225	0.012673682839055149	0.027021215299117725	0.15247234067763438
DLBCL_MC_F500_ECU	0.018989910202840483	0.8706844838399592	0.05911263481898692	0.03355660698855221	0.01765636414966116
DLBCL11495	0.04964775507562162	0.008681975368745373	0.017959242636506036	0.06530651465125403	0.858404512267873
DLBCL11673	0.023927265183010114	0.7893144291903913	0.13219904791179654	0.037879532593101756	0.01667972512170027
DLBCL10993	0.8198554696091622	0.008030999202372007	0.04275512064549281	0.0418059220862422	0.0875524884567308
DLBCL10980	0.010844900976537798	0.07965280562010307	0.017273296603190814	0.029231973974316035	0.8629970228258523
DLBCL10902	0.007812991945011716	0.030297767138960655	0.03164522851248903	0.012540479037737971	0.9177035333658007
DLBCL_RICOVER_701	0.0764580594279977	0.015764980297750666	0.024371389695462962	0.8530142740037856	0.030391296575003123
DLBCL10961	0.006159513298763751	0.04093110130717019	0.02419331599966843	0.04519553077116797	0.8835205386232297
DLBCL11480	0.8379156553227747	0.035263848264096634	0.021451048770809056	0.023999029204235387	0.08137041843808422
DLBCL10564	0.04891804162102742	0.097855932338783	0.11638847803818053	0.6945325681792782	0.04230497982273078
DLBCL11512	0.9009251829774769	0.018808291813926462	0.014565776264742758	0.05755470521447665	0.008146043729377151
DLBCL10837	0.04722804156200163	0.026594463651205644	0.04087314637464378	0.04089786616062828	0.8444064822515207
DLBCL10954	0.010765562617005243	0.8618820922005419	0.05358370204065268	0.02658199650341412	0.047186646638386
DLBCL10935	0.9169619189794257	0.03662477225523128	0.00886539723573676	0.025839914036099282	0.011707997493506933
DLBCL11566	0.0075476252386411135	0.04690036339098517	0.9193659569100736	0.01644274925434928	0.009743305205950865
DLBCL11541	0.013757287088990558	0.07336704878499024	0.8125999684625708	0.026984395245663796	0.07329130041778457
DLBCL_RICOVER_401	0.02793452491538947	0.7807039901822317	0.1649850168585151	0.011812276389632689	0.01456419165423112
DLBCL11484	0.014292593106844846	0.8662514465286629	0.053201800677575	0.014025648546717465	0.052228511140199774
DLBCL10927	0.1130555369314771	0.014426910758094056	0.034587580313210596	0.8114018991179897	0.02652807287922863
DLBCL_C_D_1109_NULLPAIR	0.06600910097421277	0.01080206339309877	0.032517142589451084	0.8612856941525966	0.029385998890640835
DLBCL_LS4593	0.008057620883827074	0.0714449606276841	0.8694456956597251	0.031080904884879405	0.01997081794388435
DLBCL11472	0.8939463785454306	0.007157868290888233	0.02374744596797431	0.0593667524817694	0.015781554713937534
DLBCL11458	0.029714531676106673	0.047153311423395086	0.8857316351884905	0.02218587363496677	0.015214648077040906
DLBCL10480	0.0344155975775631	0.9206029058321961	0.01010602321902329	0.010709941244257885	0.024165532126959644
DLBCL10896	0.9356015347875366	0.008186945006483107	0.007159260601448095	0.03896436969982091	0.010087889904711326
DLBCL10457	0.013124766004085511	0.05125113263800528	0.017663459731883865	0.013465862652543159	0.9044947789734822
DLBCL11439	0.021578039695157387	0.013494446357733749	0.8953192093052768	0.05731160869374666	0.01229669594808547
DLBCL11669	0.016119609006958534	0.0118990525769179	0.9471569024528941	0.018673502345478977	0.006150933617750491
DLBCL11564	0.027332825909787705	0.01279214491581701	0.026484769106575313	0.9106913777620979	0.022698882305722097
DLBCL11652	0.9139996821591878	0.01815938842678581	0.007246472557571366	0.02620889512138891	0.03438556173506611
DLBCL11195	0.0033364899881459407	0.012470794018509545	0.006112890462992683	0.010782780965106544	0.9672970445652452
DLBCL11670	0.004152875904383607	0.016719554063379122	0.94633928311715	0.021956734940431693	0.010831551974655594
DLBCL10849	0.019121941404571272	0.8729990785423175	0.016198797777627914	0.00938388882544936	0.08229629345003388
DLBCL11486	0.8558609139832777	0.020497699535254668	0.010736237017245184	0.027245470605776555	0.08565967885844587
DLBCL_C_D_1141_NULLPAIR	0.008760549598791823	0.025508070255727162	0.9189306693674772	0.01388602592828154	0.032914684849722195
DLBCL_LS2089	0.013572063387622848	0.8970418286843976	0.01702554789743302	0.007551352190818175	0.06480920783972836
DLBCL11477	0.958761451667529	0.00416815236287204	0.006292206052857257	0.02007111114664233	0.010707078770099373
DLBCL10848	0.00311791478738709	0.0027195673411965593	0.0034655371146199263	0.006897453256889527	0.9837995274999068
DLBCL10530	0.0021035261346506367	0.004636922177682868	0.0038441238825446264	0.003631978695629015	0.9857834491094929
DLBCL10901	0.0019801011119048844	0.002958470264618357	0.002657758350721408	0.0037344996067830163	0.9886691706659724
DLBCL10459	0.003994539466702846	0.015210855270454451	0.9597364285715501	0.012932211919082554	0.008125964772210097
DLBCL10781	0.0027220730084353355	0.004187646050725617	0.0036680772069486913	0.008084443479930621	0.9813377602539597
DLBCL10495	0.9814769910298637	0.005168774456020087	0.0024961502866587657	0.0065437695856994955	0.00431431464175791
DLBCL_RICOVER_1032	0.0059833162899898505	0.0211905821292153	0.006450967032825098	0.006982221981324796	0.9593929125666449
DLBCL10554	0.011221559888655653	0.00775585177302701	0.9623356404930387	0.012891926216060685	0.005795021629218046
DLBCL10550	0.0014860081394739038	0.0023790569587369462	0.00224474581125277	0.0035522478450732164	0.9903379412454631
DLBCL10889	0.0014741051428844168	0.0017155342003584615	0.0020484080748234233	0.0027270458869662205	0.9920349066949675
DLBCL11203	0.0036734164898672454	0.9723437561928777	0.008860130764638695	0.008319295201051347	0.0068034013515650025
DLBCL_LS3200	0.0034704997626698155	0.009012005456557885	0.004092939581887759	0.004266230754944355	0.9791583244439401
DLBCL10834	0.007584345218259229	0.9801972075936822	0.005415371167412289	0.0028088610179240288	0.003994215002722237
DLBCL11656	0.004155256486047036	0.0052738659382740105	0.9702897088809502	0.010736212522846105	0.009544956171882567
DLBCL_RICOVER_417	0.0011027708637508795	0.0019247273962417367	0.0013161058261668922	0.00214093959666718	0.9935154563171733
DLBCL10880	0.01833344543239665	0.007261810718305853	0.005532775734785431	0.007388265599903891	0.9614837025146081
DLBCL_LS1757	0.9856560831431421	0.0030386919154294493	0.0018382818567160048	0.006475937435638671	0.002991005649073796
DLBCL_RICOVER_533	0.004665250427608864	0.9771860869075611	0.009586778999504691	0.004777221685558767	0.003784661979766532
DLBCL10862	0.0006191808602910192	0.0007744381227378263	0.0006380827104020974	0.0008638753096933812	0.9971044229968756
DLBCL10997	0.983230069799101	0.0031341634078510755	0.0028071498451126453	0.0071410555473110275	0.003687561400624216
DLBCL_LS378	0.9917718821534383	0.0017153172609662367	0.0015275167798101466	0.003457476222099511	0.0015278075836858195
DLBCL10864	0.00018989285101867002	0.00022139035157666168	0.0002467423724872899	0.0002609017985043263	0.9990810726264131
DLBCL10903	0.0029164791678005612	0.98380466253845	0.00739319030989031	0.002529240511359166	0.0033564274724999176
DLBCL_C_D_1130_NULLPAIR	0.9930612233528711	0.0011838264872241645	0.0012067771867563593	0.0029632491491349724	0.001584923824013499
DLBCL11188	0.0011978267568717967	0.9939630870890629	0.0023575853051826714	0.0010780158825116092	0.0014034849663709902
DLBCL_C_D_1136_NULLPAIR	0.0007803909054601802	0.9961044513193243	0.0013575652313350295	0.0007444432461853819	0.0010131492976950347
DLBCL_LS2245	0.10905439572343592	0.3295171938443145	0.4862735210280998	0.050603839203573586	0.024551050200576182
DLBCL10450	0.3212990108065876	0.1300951222061014	0.03164386472493546	0.26232442768504777	0.2546375745773278
DLBCL_BWH_DLBCL64	0.23955140337902311	0.3632782060544039	0.0457433763073671	0.32884643859881946	0.022580575660386553
DLBCL11441	0.19916934909653697	0.013610226722290546	0.101264575305603	0.4527036477612763	0.23325220111429312
DLBCL10503	0.07919619838688768	0.3024830938901215	0.5105146558890535	0.01711391214027436	0.09069213969366284
DLBCL10566	0.04124743553539189	0.382381256928186	0.03935364020487676	0.017063885655268042	0.5199537816762773
DLBCL10986	0.28224215993122537	0.07105195514690353	0.5079071513587375	0.10873528999953887	0.030063443563594607
DLBCL_LS2328	0.04244575918630602	0.3528984646466006	0.5634994188369629	0.029428241389658834	0.011728115940471769
DLBCL_MAYO_DLBCL_234	0.3086594955030901	0.013131498779500352	0.40626942915722086	0.21824175128567017	0.05369782527451852
DLBCL11433	0.06997179964224097	0.016254972255399083	0.08068862252619359	0.283097843981951	0.5499867615942154
DLBCL11496	0.6182087042114035	0.02578890668033437	0.03875799093124517	0.03603734874185931	0.2812070494351577
DLBCL_RICOVER_314	0.016354967810145272	0.25414001941478415	0.13124542890775936	0.08269680235450458	0.5155627815128065
DLBCL11518	0.4770753593166142	0.30457925471909597	0.15799540755375216	0.03410829373317232	0.02624168467736542
DLBCL11536	0.04061402659531128	0.3593410396311746	0.08696091397653216	0.4530351926411304	0.06004882715585151
DLBCL11590	0.11538498018055938	0.015414415393371617	0.3200603362806094	0.4714863110716619	0.07765395707379759
DLBCL10492	0.20758871222183745	0.029346307481114747	0.019595656505274235	0.09912734527907115	0.6443419785127024
DLBCL11455	0.2820134740153759	0.019977794071390595	0.09505550547794603	0.5682606946161322	0.03469253181915527
DLBCL_RICOVER_1329	0.05432275636802072	0.3513937861048162	0.02761993059750022	0.024749938975532026	0.5419135879541309
DLBCL10782	0.11351120913064677	0.049235395876317055	0.03855796579307227	0.7727934260960151	0.025902003103948808
DLBCL11206	0.02919857266294773	0.7465137766173606	0.04030110671121015	0.010286245872572734	0.17370029813590876
DLBCL10894	0.17579112165627656	0.7396656233005469	0.018685107840292918	0.04593489108982234	0.0199232561130613
DLBCL10974	0.04505755184811782	0.021484967380168304	0.042219043477368386	0.3157632793137684	0.575475157980577
DLBCL10904	0.10030186622256972	0.07235397439733555	0.06632742212339648	0.1163843048040372	0.644632432452661
DLBCL10906	0.028540774482649883	0.6878519149292305	0.029106639517601222	0.029581040408181908	0.22491963066233656
DLBCL11516	0.022303265920602687	0.8403453365514894	0.06395880656591024	0.04219550189162994	0.03119708907036776
DLBCL10780	0.018140705424296272	0.716888963158533	0.2142342625543812	0.03354051122209504	0.01719555764069442
DLBCL11573	0.01504546094650804	0.07996988059482488	0.831144899688351	0.04958735012471053	0.02425240864560555
DLBCL_C_D_1112_NULLPAIR	0.02324713005055408	0.12318253253469183	0.7670842307070117	0.06336255414187202	0.02312355256587043
DLBCL10981	0.018435996659172997	0.8286972511405102	0.07200808761027919	0.05409247196022693	0.026766192629810722
DLBCL11454	0.8825329952273697	0.021849796863542957	0.010412455173169992	0.07402489728225034	0.011179855453666955
DLBCL_MC_F739_AMA3	0.0138794011764608	0.6989152438392721	0.24386130677595433	0.024717587639571277	0.018626460568741513
DLBCL10539	0.05404106155028375	0.14709266153626172	0.04842393883178346	0.6707700444262696	0.07967229365540138
DLBCL_LS762	0.015320517896188678	0.025532265506499553	0.0749556999025206	0.01886916130130389	0.8653223553934873
DLBCL11542	0.010193553000702404	0.03583858567234633	0.9150396922532064	0.032397484061871325	0.006530685011873544
DLBCL_RICOVER_950	0.032357937648143834	0.015822064183044077	0.08910111160729899	0.8386016560722565	0.024117230489256604
DLBCL10978	0.03035761959940778	0.02153507551589366	0.058690139191943394	0.8519985782641112	0.037418587428644026
DLBCL_RICOVER_361	0.025476687527927262	0.011548218666043716	0.038904468856217636	0.8866231437951979	0.03744748115461351
DLBCL_MC_F815_BAT	0.0049467264914696265	0.013926923836273931	0.9443854275303387	0.02875627304330544	0.007984649098612333
DLBCL10456	0.043993533383636645	0.01354124149694035	0.07924354114088816	0.8109878427803017	0.052233841198233155
DLBCL10932	0.0419839384970544	0.011263586803822029	0.024821741565162144	0.8947145505431532	0.027216182590808217
DLBCL_C_D_1103_NULLPAIR	0.024989260403101874	0.020726770921504926	0.06582329381681627	0.8659619494281843	0.022498725430392708
DLBCL10547	0.03485314402517927	0.01528587037796946	0.030740971828662953	0.885025487652178	0.03409452611601033
DLBCL10487	0.046128340157399514	0.8653570886666149	0.023413981101138723	0.04173357707308713	0.023367013001759807
DLBCL_MC_F139_LJF	0.033424630729489084	0.012151550153654963	0.029328936820863485	0.9053195214475782	0.01977536084841419
DLBCL11504	0.025801282566140282	0.027734595478494196	0.030337784525486335	0.03899301065125068	0.8771333267786285
DLBCL10984	0.012082412203072776	0.05064252417247634	0.01286298707171471	0.0322252832850076	0.8921867932677285
DLBCL10453	0.007926267443595713	0.037262212774676375	0.01990195858425729	0.022195190880349384	0.9127143703171212
DLBCL10838	0.01136596227422307	0.07467367397597932	0.01740142933140473	0.0237751447590975	0.8727837896592954
DLBCL_RICOVER_945	0.9313574626420097	0.020085685914722734	0.006932171305604932	0.029326789366423994	0.012297890771238605
DLBCL10879	0.004870494602699079	0.008940014908360917	0.9582217197799048	0.018236326592071778	0.009731444116963424
DLBCL10959	0.9333052263507979	0.010962617138537628	0.007228657540503361	0.03702531157913127	0.011478187391029801
DLBCL_RICOVER_408	0.012491524350104243	0.8965989927414582	0.06540090942515808	0.014318802756369087	0.011189770726910424
DLBCL10871	0.024019373717145364	0.8979258101538615	0.03679753842130746	0.010901119769749612	0.030356157937935994
DLBCL_RICOVER_134	0.004118775354813772	0.011607145778763553	0.00741505732917235	0.009956885888541312	0.966902135648709
DLBCL10502	0.012421122489035269	0.9065654859239131	0.05750127866744507	0.014450794321783362	0.009061318597823205
DLBCL10498	0.010340847113211267	0.012203767411365437	0.9491768969108798	0.023699551686269003	0.0045789368782744476
DLBC_FF_8046_TP_NB	0.03269545233418822	0.018322284759324695	0.9074685829198795	0.024222654921605077	0.017291025065002446
DLBCL_RICOVER_299	0.01310086165583777	0.8022387789945753	0.1496361575192384	0.012099425231318493	0.02292477659903009
DLBCL_LS3809	0.845410685285884	0.03477872180645363	0.031892994834794866	0.017017801363709173	0.07089979670915823
DLBCL10854	0.006138295438747852	0.017446740805356253	0.014777602464238378	0.031245838736356845	0.9303915225553007
DLBCL10914	0.8685723138453907	0.035626922987136614	0.05542672399284555	0.02198514931242852	0.018388889862198658
DLBCL10490	0.9222872091059139	0.01848745691938253	0.0073026814954647145	0.024129288536622603	0.027793363942616285
DLBCL10890	0.01805002817097629	0.02244056460257989	0.011770891549634175	0.025575323599066363	0.9221631920777432
DLBCL_RICOVER_978	0.9473460377234603	0.007156524676179533	0.016848561292034978	0.022499631962381465	0.006149244345943732
DLBCL_RICOVER_1106	0.004697276411925291	0.015380592580014379	0.01153379403751338	0.01905075481630919	0.9493375821542378
DLBCL_LS1098	0.005519676198575709	0.005808415722471446	0.969398104590295	0.01461210993241638	0.004661693556241529
DLBCL_C_D_1126_NULLPAIR	0.06119547274096696	0.8804252798521585	0.018244620121024322	0.02021031228572847	0.019924315000121765
DLBCL10857	0.016827240585656565	0.008048625696268574	0.009738275609189422	0.038172733043926606	0.9272131250649588
DLBCL10532	0.009244289282351608	0.010491613897380772	0.032267757641580005	0.023274026753672017	0.9247223124250156
DLBCL10916	0.007209922776006655	0.02180491637165546	0.009466546124001224	0.019567982202156248	0.9419506325261804
DLBCL11679	0.026347775092627434	0.9438944412984507	0.013806573054334387	0.006800405410348506	0.00915080514423893
DLBCL11666	0.0028787102924539934	0.006008710353083604	0.9817864116546281	0.006418332415521782	0.0029078352843125575
DLBCL11428	0.003929880725948155	0.005962370635511791	0.9787482336743197	0.007936973285201753	0.0034225416790185288
DLBCL10847	0.01624063554314702	0.017625684576089998	0.00784971641785468	0.007240272726356136	0.9510436907365521
DLBCL11429	0.9434248032185188	0.004478450245740236	0.00855240113218118	0.024623455349075923	0.01892089005448381
DLBCL11662	0.9143039783769586	0.011000198893468973	0.006287057251582776	0.030110969431184072	0.0382977960468055
DLBCL_DFCI_DLBCL_GOE16	0.00266521307523235	0.004389349315453332	0.9822795667226708	0.006760126737570446	0.003905744149073059
DLBCL_RICOVER_712	0.0036942494479764868	0.008769882299978748	0.005378925246018101	0.010495105047515552	0.9716618379585111
DLBCL10462	0.9640834991713343	0.003537066905090074	0.006351685734353071	0.016412189427828947	0.009615558761393582
DLBCL_RICOVER_948	0.005512978528980806	0.9644577297235508	0.019373233438469466	0.003219661723095001	0.007436396585903956
DLBCL10887	0.00588660148789991	0.008879355498194994	0.02566485746680962	0.012732186427047576	0.9468369991200479
DLBCL10950	0.9397112666700574	0.005833950305550745	0.01770010317554111	0.02681831293825659	0.009936366910594106
DLBCL10975	0.9673379866634437	0.0036349998141006652	0.003765354712077208	0.016958739440310955	0.008302919370067458
DLBCL11450	0.0028045893947409245	0.003438765242634806	0.0019568016227992945	0.0039144309235512155	0.9878854128162737
DLBCL10989	0.0197436941689554	0.942407682851174	0.009943592151824101	0.010129264894309823	0.017775765933736684
DLBCL11191	0.9828798665493851	0.0025273107836457655	0.0033027392207938397	0.007887799431690858	0.003402284014484474
DLBCL10876	0.002490807353160856	0.006438632953669869	0.003537800525131302	0.004119295135251251	0.9834134640327867
DLBCL11434	0.9814710798881868	0.003264647490496169	0.0031843171230474063	0.009317844639366454	0.0027621108589031182
DLBCL11537	0.9793257394583079	0.0023464519647206712	0.0036961465787846565	0.007720321752311703	0.006911340245875005
DLBCL11482	0.9864140063268778	0.0017459633643267124	0.002763810162491031	0.006082470764257752	0.0029937493820467224
DLBCL10515	0.9802634421488047	0.003449178837848638	0.0030434616777658954	0.008949697557586902	0.004294219777993899
DLBCL_RICOVER_1293	0.0011206470219384276	0.0009605427146814784	0.0007091457622489789	0.001304948107502511	0.9959047163936287
DLBCL_RICOVER_449	0.0008744323144132261	0.0007902776404293235	0.0006126947600096277	0.0011527585058031318	0.9965698367793447
DLBCL10913	0.9916589325685875	0.0014731946394790888	0.001469556998736477	0.003474818861404229	0.0019234969317926962
DLBCL10836	0.004272947243396942	0.0022351886747841204	0.002807867946032957	0.004847346751199557	0.9858366493845864
DLBCL10471	0.0007261398036093774	0.0006537723724585904	0.0004254966990427056	0.0005594624261518582	0.9976351286987375
DLBCL10924	0.0016602066363726503	0.0014422242651770383	0.0014148381975381482	0.0033507581564635644	0.9921319727444486
DLBCL_C_D_1125_NULLPAIR	0.000652751051195064	0.0012830920389481995	0.0008467986058084927	0.0011024455397415371	0.9961149127643067
DLBCL10853	0.00567561569895324	0.0032086736561299377	0.0025793014283749497	0.0037702931053893453	0.9847661161111525
DLBCL11539	0.979882301089232	0.002277710536882264	0.004201671274730928	0.010401160106936327	0.0032371569922184282
DLBCL_LS3245	0.004019033647583658	0.9647657682468439	0.01874764866191778	0.005730833706577058	0.006736715737077653
DLBCL10983	0.01461766006155411	0.9500983333302148	0.009003427547631195	0.009235599369174749	0.01704497969142514
DLBCL11498	0.015855518410936797	0.9628043111019405	0.009184219051826547	0.004727088822928627	0.007428862612367464
DLBCL10883	0.0035731952239899186	0.002150990135425604	0.0031713295206226583	0.0030159459136129036	0.9880885392063489
DLBCL_MC_F729_MAN	0.003780737014967547	0.9822888161709785	0.007151748965577488	0.00302729836136093	0.0037513994871155114
DLBCL_LS3749	0.002896297262783834	0.9798546271651576	0.008321195109258042	0.004937696031383222	0.0039901844314172655
DLBCL10842	0.000797545018908794	0.0008910418745052782	0.0009209499939101978	0.0015631231383377512	0.995827339974338
DLBCL11565	0.003295187657290147	0.9786512739403365	0.006597137909095264	0.004976194391605234	0.0064802061016728495
DLBCL10917	0.005205982807803397	0.978736964231554	0.0071420566138400195	0.0031549707594890628	0.0057600255873135565
DLBCL10988	0.00123668069803609	0.9933324448192798	0.0023643427748758963	0.0015609950070764797	0.0015055367007317168
DLBCL10850	0.0017007589773272386	0.9934629364612656	0.0022044541594457945	0.0009344200819021426	0.001697430320059235
DLBCL_MC_F927_JHS	0.1855115511419205	0.19158124182780795	0.2080642838394015	0.1351149730676376	0.2797279501232324
DLBCL11466	0.09339485524190111	0.44155539403160105	0.07932108688768517	0.26497398326714056	0.12075468057167213
DLBCL_C_D_1117_NULLPAIR	0.2537482077983384	0.31000589494992	0.02802094302361817	0.3752235389656506	0.0330014152624729
DLBCL10908	0.11323425448243316	0.31445216203297727	0.09529436046315191	0.06015507177377843	0.4168641512476592
DLBCL_RICOVER_274	0.03319417396802119	0.09930110798476886	0.041295015487647316	0.738156230283791	0.08805347227577162
DLBCL11202	0.40094139609088975	0.17168665125690147	0.3293283798034181	0.0856276023433389	0.01241597050545183
DLBCL_RICOVER_258	0.2688056079384809	0.015450764705700216	0.17205855395967434	0.09748881651816971	0.4461962568779749
DLBCL10994	0.45611577987350665	0.19064111675325754	0.04467404779178958	0.05609989736393178	0.2524691582175145
DLBCL11446	0.18403134893317064	0.5630463978693354	0.05749251174293873	0.1346750122967382	0.06075472915781704
DLBCL_MC_F362_MJB1	0.014280113186634576	0.39554068990941665	0.463817550953616	0.022404893431326525	0.10395675251900625
DLBCL_RICOVER_111	0.13719470877616005	0.08211848322955972	0.1569934998781473	0.10716122694688701	0.516532081169246
DLBCL11479	0.0570872664730515	0.2991698069072634	0.5563188063270138	0.05588926549482307	0.03153485479784815
DLBCL10513	0.3575608859828352	0.08152055425268981	0.06080586670830226	0.4810038870647039	0.01910880599146872
DLBC_FF_A7CX_TP_NB	0.3048160123647827	0.024791518631746307	0.09430506705555512	0.08431630652916118	0.49177109541875463
DLBCL11478	0.6829013975639973	0.0379754013534969	0.2206334770306509	0.0456226674800307	0.012867056571824253
DLBCL10846	0.20820926749159563	0.635101737127192	0.042743136541503135	0.07117042006437974	0.042775438775329494
DLBCL10451	0.7469432912284271	0.02892685351473727	0.174817669832136	0.0352407090817946	0.014071476342905032
DLBCL10985	0.0855189020079262	0.47340074487189326	0.03718519013298005	0.34607387103357284	0.05782129195362775
DLBCL_RICOVER_1046	0.009877406722569412	0.7429296898190068	0.1833120309952378	0.01543338303290092	0.04844748943028507
DLBCL11657	0.05833243398220528	0.05529076249865045	0.5042157496969157	0.3459360933802846	0.03622496044194387
DLBCL_LS3499	0.08581993189449401	0.09476503235146758	0.06532718358095253	0.7118119728771304	0.04227587929595545
DLBCL11510	0.6768748397825448	0.12847832171958362	0.05143700045775467	0.05230209875095563	0.09090773928916127
DLBCL10968	0.617545050979557	0.012888591861069141	0.021543287002406715	0.2657347846449202	0.08228828551204692
DLBCL11663	0.6804884291315351	0.07283777326168359	0.09432621116236649	0.10027218951843644	0.05207539692597844
DLBCL11501	0.49538740644448825	0.3584337238902467	0.020721910006301615	0.03139503454726244	0.09406192511170104
DLBCL10962	0.026623477879284027	0.8483704024288244	0.06259562833973355	0.010637244628212066	0.051773246723946
DLBCL_C_D_1140_NULLPAIR	0.057119745315278365	0.04368567553603857	0.08817220477817302	0.0934222136895192	0.7176001606809909
DLBCL11449	0.05513062938791085	0.6810947464154241	0.0460342330594342	0.01910106327529691	0.1986393278619339
DLBCL_C_D_1153_NULLPAIR	0.07438010550861966	0.10749548731695091	0.027947020626671197	0.4886514053462917	0.30152598120146656
DLBCL10454	0.24188929494235245	0.54263865964905	0.03020443076142008	0.0189907133514253	0.1662769012957521
DLBCL10548	0.5632828222733179	0.20853585077422127	0.028080279915305036	0.16366933828310118	0.03643170875405458
DLBCL10900	0.03293512576100335	0.0068873754292534855	0.01196109516076225	0.03408624047935692	0.914130163169624
DLBCL10517	0.01167291128762295	0.5009942625353202	0.40420523603407876	0.0469201679844019	0.036207422158576266
DLBCL11208	0.03176284807617478	0.7550372176536799	0.11818966490840459	0.042751253355424845	0.052259016006315856
DLBCL10856	0.055553270024697926	0.06712788806367215	0.06631025391605647	0.023275963307481905	0.7877326246880916
DLBCL_RICOVER_216	0.046312833114727864	0.11773375940201974	0.04380045569727094	0.025233137996300087	0.7669198137896813
DLBCL10549	0.026923010823307166	0.6410601892007609	0.29103205129523696	0.02489781069559261	0.01608693798510234
DLBCL10881	0.045704311631371834	0.00964905297482036	0.014465518411600197	0.05927645374632792	0.8709046632358797
DLBCL10909	0.035833419864903675	0.02622610255506445	0.06459864626486483	0.6104472795054849	0.2628945518096821
DLBCL_RICOVER_440	0.01130707750750442	0.8273731447733006	0.12927716353181648	0.01409016486960815	0.017952449317770378
DLBCL10472	0.09743395994811338	0.02002068236127953	0.531547507973237	0.32092884291891777	0.030069006798452307
DLBCL10868	0.06458392288544845	0.015148478955959117	0.029256913518573617	0.7506009164566013	0.14040976818341744
DLBCL_RICOVER_1204	0.02315646788099888	0.06032132376039782	0.08815015845687389	0.49512369085222335	0.33324835904950606
DLBCL10947	0.10675613074046662	0.7606703761986647	0.015539466507178194	0.01467162562045439	0.10236240093323604
DLBCL11507	0.0105990300449161	0.9456917154201189	0.028964251121887313	0.006439639560822307	0.00830536385225545
DLBCL10552	0.2802531738172936	0.025423444566052732	0.09115506249841815	0.5849797634828889	0.01818855563534654
DLBCL10565	0.10931662865937604	0.05192023430789332	0.6513783634183512	0.1600536803413485	0.02733109327303093
DLBCL10964	0.017828037627560793	0.025035910926377	0.01664493242215852	0.10490616520140225	0.8355849538225014
DLBCL10486	0.7315380161255943	0.07170874022966973	0.015541932149123082	0.10256592153348756	0.07864538996212528
DLBCL_MC_F064AB	0.025031313065464977	0.02876445177606426	0.7355447920800567	0.18459883016960402	0.026060612908809906
DLBCL_RICOVER_522	0.07353135158631714	0.06944382946401903	0.5242608776488932	0.31886306657770785	0.013900874723062775
DLBCL10553	0.024865344536089563	0.03506991412497709	0.06372740139819523	0.8368588261170058	0.03947851382373227
DLBCL_LS1304	0.013082433611080593	0.02214546825849996	0.9030123688300651	0.02201896338217296	0.03974076591818135
DLBCL11004	0.012984953045152289	0.009618142033402666	0.014066992838318287	0.06083036668819533	0.9024995453949314
DLBCL_RICOVER_583	0.015286118134061175	0.8027133713767041	0.06410714046055091	0.012350492620738385	0.10554287740794548
DLBCL10843	0.8294450211942072	0.015256229685785177	0.014403431985342972	0.11197836401976657	0.028916953114898128
DLBCL_C_D_1129_NULLPAIR	0.915768251096453	0.015215729259382174	0.02801643968762463	0.01493700409140094	0.026062575865139305
DLBCL10485	0.04361077366986444	0.1316631939874409	0.014824124298008886	0.015795095160472197	0.7941068128842136
DLBCL10895	0.01537685859662479	0.07115317832504958	0.039201872698129844	0.013896635087733764	0.8603714552924621
DLBCL_LS4054	0.02347449223441493	0.8813171393000085	0.01940888138670934	0.033579750765188134	0.04221973631367908
DLBCL_RICOVER_826	0.9287571981970933	0.008500454750772997	0.008119764059683347	0.03839992807152158	0.016222654920928753
DLBCL11591	0.010519078035218036	0.8940954753995295	0.0725396319912124	0.008082094977453417	0.014763719596586688
DLBCL11481	0.9411378505455855	0.007466098891482951	0.021051424140395444	0.01632149767590985	0.014023128746626175
DLBCL_C_D_1151_NULLPAIR	0.03711813096860028	0.014865737173385326	0.029672920600088037	0.8991110791125089	0.0192321321454175
DLBCL10878	0.02371696731133138	0.010934988934094659	0.012062721138923609	0.01835505324960202	0.9349302693660483
DLBCL11437	0.04093335888521265	0.01064062804720432	0.0388554170674047	0.8644707682561997	0.04509982774397863
DLBCL11460	0.030590420407947447	0.013395156806141914	0.02924826790838693	0.901599542179951	0.02516661269757276
DLBCL11459	0.02573187619849306	0.011831947107177393	0.026861997939616612	0.9123642521198034	0.023209926634909495
DLBCL10939	0.03537124485633389	0.011138828765490029	0.03127674986435792	0.8924417378314258	0.029771438682392334
DLBCL11196	0.02638693896407285	0.008873427557891268	0.027065507631670354	0.9136655431811876	0.02400858266517784
DLBCL_RICOVER_173	0.008530900955458732	0.008598598405708474	0.012956881673737758	0.036097291490227605	0.9338163274748674
DLBC_FF_A7CR_TP_NB	0.012596855060759762	0.004466380181523397	0.0071469034656639506	0.01782046008304999	0.9579694012090029
DLBCL_RICOVER_288	0.024498592916381977	0.9464126939683731	0.010582381076107497	0.011179852027792243	0.00732648001134518
DLBCL11651	0.015183236304398152	0.02067279736791093	0.875020284996978	0.05148480383651099	0.03763887749420188
DFCIDL009_DT	0.008304248566027697	0.043740494638317494	0.9241566501874809	0.015690275554601937	0.008108331053571893
DLBCL_RICOVER_866	0.02524421202941985	0.020999103461613412	0.6840420352766728	0.24666241868363833	0.023052230548655513
DLBC_FF_8042_TP_NB	0.005449875224888153	0.021724412524737117	0.016273275868700136	0.010990000606866786	0.9455624357748078
DLBCL10542	0.9038064392830492	0.006632883841864422	0.015672867833141937	0.02446750543578074	0.04942030360616369
DLBCL11476	0.026347381796170567	0.018123276180593516	0.007423168275941909	0.009987258076916826	0.9381189156703772
DLBCL_LS951	0.935492710244	0.014952025621461156	0.014033800504885273	0.028731203687303607	0.006790259942349908
DLBCL10521	0.01619511363522943	0.07351629032144892	0.00990086323487207	0.011483494324246607	0.888904238484203
DLBCL10925	0.00829838692992784	0.013504012184828206	0.00683822182011771	0.02144355754996541	0.9499158215151609
DLBCL10522	0.008942300836975956	0.007005991173154373	0.9633929481185475	0.011187201709764338	0.009471558161557866
DLBCL_RICOVER_829	0.9415542883504241	0.013196905313178875	0.0045393005258885875	0.021266600881339952	0.019442904929168486
DLBCL11677	0.9841835071832704	0.002159798228716886	0.0033488997199486287	0.007265977326869776	0.003041817541194258
DLBCL_RICOVER_678	0.007257460106564428	0.9748848348001754	0.0052215910697157916	0.00422919446817387	0.008406919555370495
DLBCL_C_D_1133_NULLPAIR	0.008559632911540412	0.016647484811236856	0.9550966182486044	0.010196635236366209	0.009499628792252112
DLBCL11500	0.003311564742946395	0.0027817422447640734	0.0033356177640543033	0.0054229675535276385	0.9851481076947076
DLBCL11685	0.006298952370690968	0.007625042274453083	0.9493017113052838	0.016610253864204245	0.02016404018536786
DLBCL_LS146	0.0019220122624709185	0.9891183536441296	0.004773184702525674	0.0015645775989416625	0.002621871791932185
DLBCL_RICOVER_335	0.011737748697956128	0.9454023033720385	0.010812009111472759	0.020133957078790593	0.011913981739742069
DLBCL11672	0.005411969546344503	0.007212341382513211	0.9562921998105374	0.019450003140705645	0.011633486119899322
DLBCL11470	0.9749375672870785	0.002893281070249162	0.004155159933402615	0.01332637356857865	0.00468761814069109
DLBCL_C_D_1157_NULLPAIR	0.016300860131121444	0.009013914555920917	0.9412234983106041	0.023681922258391247	0.009779804743962216
DLBCL_MC_F132_MLM	0.9807593401566903	0.0024321547771602474	0.002727439045149294	0.009710214859982368	0.00437085116101775
DLBCL11569	0.004666679087087192	0.013181356359109667	0.9685358433770292	0.009593658972801232	0.004022462203972621
DLBCL_RICOVER_1219	0.0012778614577933988	0.0019785113654977008	0.0015756964322626147	0.003119947243250714	0.9920479835011956
DLBCL10519	0.003958516459374277	0.9769218397378073	0.010639354509432729	0.0045825359013316426	0.0038977533920539786
DLBCL10884	0.9790809480246495	0.003109076365173066	0.003334341371182536	0.010992838649152488	0.0034827955898423485
DLBCL10996	0.9920285277651002	0.001030280326750278	0.001750690241481185	0.003249109072351442	0.0019413925943168884
DLBCL10860	0.0015846388699122917	0.002467881289204506	0.002727649212808552	0.0030725555963458705	0.9901472750317288
DLBCL10458	0.9879787152971331	0.002213389050282388	0.001875255548538787	0.005613884694139513	0.0023187554099061793
DLBCL_LS1065	0.003672560781527456	0.9861712455192271	0.004060584942553175	0.0021525640103730276	0.0039430447463192604
DLBCL10897	0.9842985405518778	0.0030129496587279606	0.002227569990499278	0.006735320117346529	0.00372561968154838
DLBCL_RICOVER_174	0.0028637925176439915	0.9897402993061936	0.0035815852144093054	0.0017282868088993257	0.0020860361528538453
DLBCL10977	0.0006487780699065549	0.0007254399322909744	0.0008100805661411701	0.0010766103798369358	0.9967390910518243
DLBCL_C_D_1135_NULLPAIR	0.012500865587495798	0.955798545059655	0.01462505305381599	0.01073161465995714	0.006343921639076029
DLBCL_MC_F089_HCZ	0.002649457935715666	0.980500355604077	0.007258947016562094	0.004640203520992854	0.004951035922652389
DLBCL_RICOVER_1192	0.0020544598446603024	0.0029665141736494077	0.0016764634040380621	0.0017800965820263753	0.9915224659956259
DLBCL_MC_F519_ALT	0.0004677817868519641	0.0006373901873967538	0.0003668480779716711	0.0004988991719860635	0.9980290807757936
DLBCL11430	0.6116870670513984	0.016281784582256875	0.1242418195361481	0.2262931900191037	0.021496138811092916
DLBCL10865	0.17022544823127866	0.12244381755724389	0.11846266468766053	0.27306567626840383	0.31580239325541287
DLBCL11488	0.466831605947476	0.011212100368710287	0.02686624234133091	0.1099515996705022	0.3851384516719805
DLBCL_RICOVER_711	0.1761676649922679	0.3377671162780547	0.04227311358496102	0.41732899449864075	0.026463110646075618
DLBCL11448	0.04257562041612903	0.07462877577935254	0.26803145839046116	0.2705081314865569	0.3442560139275003
DLBCL11432	0.5298905384140008	0.009730922058873642	0.21429200692815695	0.19089416001199389	0.055192372586974764
DLBCL_RICOVER_985	0.02743180480702865	0.0397414161347968	0.366794089931752	0.5174149675890826	0.04861772153734001
DLBCL_C_D_1148_NULLPAIR	0.5625488200765846	0.013040392934349356	0.10174293618173211	0.293173394439889	0.029494456367444914
DLBCL_C_D_1149_NULLPAIR	0.043833298024667906	0.5402341220355624	0.07879256120608565	0.011853656109964283	0.32528636262371974
DLBCL11678	0.0716139732128084	0.04119000913552089	0.2654809993169821	0.5975599274945316	0.024155090840156934
DLBCL_MC_F496DMP	0.29811831985270976	0.49753288508451404	0.13402576619184595	0.04305520876091929	0.027267820110010815
DLBCL11576	0.10210117631302017	0.09737426192729785	0.10603388377866778	0.6539679963134888	0.04052268166752542
DLBCL10921	0.027466848562597488	0.40753943888012606	0.03715088808689533	0.03299040824231556	0.49485241622806564
DLBCL10867	0.032256291780252515	0.35242572566036307	0.024613240689176523	0.02269427140967123	0.5680104704605367
DLBCL_C_D_1159_NULLPAIR	0.24061244766357154	0.018165793386294076	0.03501961106418615	0.6740445086004134	0.0321576392855348
DLBCL11574	0.0825573254597258	0.20353461529256672	0.5243543077083499	0.09118489090628831	0.09836886063306931
