	0	1	2	3	4
DLBCL11479	0.05433734680045895	0.23857871044196907	0.2849422019186491	0.04755097566387865	0.3745907651750442
DLBCL11534	0.05359610945357123	0.09602773283275011	0.3077175608648455	0.17446587869368002	0.36819271815515303
DFCIDL004_DT	0.3432054485028734	0.0263630465571569	0.02629512909279339	0.16019787451424589	0.44393850133293056
DLBCL_LS1304	0.01689951361373316	0.17036812064394816	0.35159141300615615	0.030508814795862732	0.4306321379402998
DLBCL10981	0.0562690607428068	0.5752989577131427	0.05233417955446804	0.1328134418063252	0.18328436018325733
DLBCL_BWH_DLBCL64	0.18853162969274423	0.22899801825689536	0.052490096364937774	0.5072058448315369	0.022774410853885804
DLBCL10986	0.5632662561997509	0.13363165905410185	0.16086334819568457	0.09124045518906132	0.050998281361401374
DLBCL11431	0.17678320973363298	0.31874844421125026	0.17774075808128154	0.1302668907719717	0.1964606972018633
DLBCL_C_D_PAIR13	0.17176758220980365	0.316565996202674	0.18929604840822054	0.12846263360340465	0.19390773957589708
DLBCL10915	0.05348747127267179	0.38465943527393637	0.0396725370922688	0.2456118835925401	0.276568672768583
DLBCL10878	0.3103212151488801	0.03817591132664739	0.023805551980893437	0.10299255417084295	0.5247047673727361
DLBCL_LS1395	0.034948101352947784	0.27269613344260546	0.6214923059362364	0.017915566703402865	0.05294789256480752
DLBCL11565	0.02081442323250383	0.29044830408960737	0.05428169628117654	0.11324704023955655	0.5212085361571558
DLBCL_RICOVER_711	0.27256355074880495	0.18997098924016376	0.026224287171115118	0.4775238255992642	0.03371734724065194
DLBCL11652	0.5644942950190166	0.254171469047182	0.09301065155401479	0.05854711040593701	0.029776473973849592
DLBCL_C_D_1159_NULLPAIR	0.23085304939192772	0.06314968198523893	0.027214051158804996	0.6473799131148185	0.03140330434920989
DLBCL_RICOVER_787	0.28112620565501056	0.10330042502201485	0.053862745448887035	0.4835682286664299	0.07814239520765763
DLBCL10874	0.04724501883678806	0.04408651899555505	0.036676126611004556	0.25507712288219225	0.6169152126744601
DLBCL10867	0.02430546924387953	0.19035803024872497	0.024752070218374302	0.0485693843344438	0.7120150459545774
DLBCL10858	0.0441662616233033	0.023399542244332147	0.026420280307177343	0.2003136189251871	0.7057002969000001
DLBCL_LS951	0.5851635853088267	0.29349638604828426	0.03431398779688351	0.059858907748592954	0.027167133097412564
DLBCL10894	0.29947528715163696	0.5235412053755969	0.0378350440112399	0.11661004661843988	0.022538416843086363
DLBCL_MC_F606_DMJ	0.01622759681600372	0.29094508173448574	0.6357720192642392	0.021726897502939366	0.035328404682332004
DLBCL_C_D_1148_NULLPAIR	0.4822441813582307	0.0462496146619703	0.09981356831253688	0.34580773680778254	0.025884898859479435
DLBCL10891	0.02571452925035755	0.024246654101667122	0.10155467118818433	0.14287774768894504	0.705606397770846
DLBCL10491	0.04278291808453732	0.6553903699723547	0.06323579861551336	0.2220940918982774	0.016496821429317226
DLBCL_RICOVER_1045	0.5833939411836992	0.062314231119943185	0.025355176087011266	0.28009981901795084	0.04883683259139542
DLBCL_MAYO_DLBCL_3653	0.6941206619466733	0.0632797356321046	0.04452778610299067	0.0935558225322455	0.10451599378598592
DLBCL10513	0.14558701781007968	0.14484994908811977	0.11655196138443734	0.5760819216189307	0.01692915009843255
DLBCL10835	0.017355376688114123	0.04507740335408112	0.015198815861327453	0.09448345284106349	0.8278849512554138
DLBCL_RICOVER_1046	0.011204200400701981	0.23479591461070917	0.6801634958241309	0.024457825843987212	0.04937856332047062
DLBCL10914	0.765999281904344	0.09977090950461436	0.07581247529792644	0.030324446893757503	0.02809288639935779
DLBCL10866	0.020654134674083693	0.01594327764807109	0.021055805177052904	0.063719713895692	0.8786270686051003
DLBCL10847	0.03835046039424705	0.1338721033611596	0.023665469991235987	0.017566606765499388	0.786545359487858
DLBCL10461	0.012010942835470207	0.7193033841502751	0.07334375853268167	0.020750616799402335	0.17459129768217077
DLBCL10950	0.7685747014652462	0.028570103101876174	0.027194798079065684	0.06263627884375293	0.11302411851005897
DLBCL10536	0.02363772923174451	0.520940071196764	0.3697068516022514	0.042317233742124316	0.04339811422711586
DLBCL_LS1921	0.044742236385320044	0.12713709773524445	0.1057908857081154	0.6912644909483131	0.031065289223007032
DLBCL10833	0.06986170406455101	0.03353471933615495	0.0140405710516528	0.0639783194170058	0.8185846861306355
DLBCL_RICOVER_478	0.1840933060501792	0.23850406715620864	0.07738500707307472	0.03522573752858543	0.46479188219195194
DLBC_FF_8046_TP_NB	0.051197445173049805	0.0844623156011393	0.8131938584054628	0.03564998295732861	0.015496397863019536
DLBCL10521	0.021987166925084543	0.38145034114647725	0.02764948833045213	0.027003384532487733	0.5419096190654984
DLBCL10879	0.01634562993960069	0.041123385224308535	0.8287121138596746	0.04484018647641475	0.06897868450000143
DLBCL_RICOVER_111	0.043388252680804276	0.06810058769152652	0.11694095469553355	0.040599364699981634	0.730970840232154
DLBCL_MC_F089_HCZ	0.008730646691314268	0.77226440663916	0.09710685090798817	0.04608375220436007	0.07581434355717757
DLBCL10466	0.00812725102897069	0.060701504276587416	0.8818859207345651	0.029679724052656196	0.019605599907220553
DLBCL11491	0.1663213457460278	0.040782047779196695	0.06512333405987793	0.6428024610444197	0.08497081137047788
DLBCL_MC_F815_BAT	0.016479422754425755	0.04019399745111364	0.8803716396186219	0.04788439008497101	0.015070550090867798
DLBCL10494	0.024464153233689653	0.32514731572012173	0.5770255882955496	0.04717769173797376	0.026185251012665216
DLBCL10900	0.016117034503161	0.010800196621854724	0.009089498480329212	0.026909590330777552	0.9370836800638775
DLBCL10868	0.07771707430017595	0.02416831150755584	0.03162439493360428	0.7358004695260902	0.13068974973257372
DLBCL11507	0.022863525099517185	0.8554424863810927	0.08649727101355596	0.014827386763038205	0.02036933074279601
DLBCL10529	0.007373538141133525	0.041038257911897295	0.01743978482333363	0.021431334742481357	0.9127170843811542
DLBCL_RICOVER_985	0.03214995806777533	0.0986006764563876	0.091199079146662	0.7292765024257529	0.04877378390342214
DLBCL10983	0.047101107209581584	0.5688718798138118	0.033086072776368304	0.03697329566740697	0.3139676445328313
DLBCL10510	0.05946829822471245	0.7184877795328474	0.02671134995319572	0.03335353378888658	0.16197903850035794
DLBCL_LS3749	0.014586847115380537	0.9064270713755377	0.03262719512686732	0.03092913426420592	0.015429752118008547
DLBCL10544	0.037774720907001215	0.026067089925514632	0.03218390567841024	0.8318285298390796	0.07214575364999429
DLBCL11429	0.9311643707300279	0.008989363606606767	0.009469073173174865	0.03267621215271043	0.017700980337480098
DLBCL11476	0.014173615507244445	0.04020235791320485	0.010529642257958167	0.016778471944223775	0.9183159123773688
DLBCL_MC_F500_ECU	0.013562358853231036	0.8588539952698586	0.03230368106206508	0.023169015935819	0.07211094887902625
DLBCL_RICOVER_950	0.03809163709443145	0.04787626158701778	0.0512435616755307	0.8377123823572539	0.025076157285766155
DLBCL10945	0.9302586507834629	0.009720034042258921	0.008124248601448973	0.01952231973952602	0.03237474683330312
DLBCL10456	0.04961112936002978	0.0762118219645095	0.05319941785397673	0.7623267995443	0.05865083127718387
DLBCL11459	0.03245869687034475	0.03181224288272197	0.025038592895172417	0.8854247849382666	0.02526568241349431
DLBCL11564	0.03689398235871124	0.030776379917579637	0.027026826927572994	0.8821718803335407	0.02313093046259552
DLBCL10547	0.0422958123091994	0.02398088880726284	0.02949604055243592	0.8694035885254916	0.03482366980561021
DLBCL11462	0.9144208381956433	0.01161165119690996	0.021482487243464292	0.019379156117293572	0.03310586724668882
DLBCL11203	0.014051314244867623	0.8781899418462558	0.028960489958348642	0.053069801351096305	0.025728452599431715
DLBCL10846	0.032821217868187744	0.8864101712719681	0.01700488227476831	0.021432679577618775	0.04233104900745707
DLBCL11520	0.9365169255354899	0.009626346657820637	0.006305559942877805	0.018896643188079893	0.028654524675731777
DLBCL11481	0.9188582135544981	0.017148496288156886	0.030169058628396903	0.02202491613967133	0.01179931538927677
DLBCL_RICOVER_829	0.9785325453664032	0.005517147561381186	0.002749660456665642	0.008593346122165143	0.004607300493384786
DLBCL11662	0.9388287077429183	0.008869731786282392	0.006607585675587432	0.02685674835070385	0.018837226444508044
DLBCL_C_D_1163_NULLPAIR	0.0036935676138147994	0.0060237244550780085	0.004406376037678134	0.010396595523388941	0.9754797363700402
DLBCL10836	0.011695903351732656	0.0074478692964954595	0.011211262073158822	0.01752965036326683	0.9521153149153463
DLBCL_LS2325	0.013281496764995829	0.050710968763653504	0.909540453791136	0.015839025945951855	0.010628054734262754
DLBCL_RICOVER_1287	0.006249399577604094	0.018952337456371596	0.009374516707181927	0.011409355162619648	0.9540143910962228
DLBCL_C_D_1129_NULLPAIR	0.9282941518304557	0.011030063516470361	0.011793009306324839	0.01993087560962003	0.02895189973712907
DLBCL11672	0.010399950392471498	0.020836022332547548	0.9367429749675317	0.018584631949634823	0.013436420357814506
DLBC_FF_A7CQ_TP_NB	0.007595118628238448	0.010285339455485551	0.006967169686425493	0.019223867609580593	0.9559285046202699
DLBCL11680	0.023480302666307615	0.027071140910112413	0.9273557368073083	0.014837085012476492	0.007255734603795129
DLBCL_LS3200	0.0040829970108584	0.019075868936949715	0.00746452595751735	0.009013370251768507	0.960363237842906
DLBCL11537	0.9150454913880821	0.009501350826359726	0.011551340608829395	0.02163172379777948	0.042270093378949304
DLBCL_C_D_1136_NULLPAIR	0.011257101059091872	0.9473949700293682	0.01170074772982546	0.016215760451195046	0.013431420730519431
DLBCL_C_D_1108_NULLPAIR	0.009362582132316846	0.9207130366719591	0.015555478773158118	0.010399580999386449	0.04396932142317944
DLBCL11661	0.0111521582229731	0.9400181909447708	0.019885516868726166	0.01930516557087558	0.009638968392654367
DLBCL10550	0.002131643624845336	0.005747475843181699	0.0037038296174188956	0.004211523769996764	0.9842055271445573
DLBCL_LS1065	0.009736901299728075	0.9586916245825833	0.012104598991684172	0.009845602494236326	0.009621272631768114
DLBCL_RICOVER_440	0.008730798381740758	0.04622143828163957	0.9213806925341299	0.01225250603848	0.0114145647640098
DLBCL_MC_F729_MAN	0.006355824448371555	0.9691975410431941	0.011492539789774835	0.005970046623693971	0.006984048094965518
DLBCL10515	0.9747690778381376	0.006592796969632009	0.003303649513188144	0.011127378455603652	0.004207097223438548
DLBCL_RICOVER_417	0.002530286555866887	0.0074668014573577675	0.0035201994740933166	0.00727151869267993	0.9792111938200021
DLBCL10555	0.043279286739728355	0.027701805934600497	0.8983481690550527	0.01979299298971123	0.010877745280907292
DLBCL_MC_F519_ALT	0.00318649404710553	0.00853191788890614	0.003490173058566681	0.004335068282169635	0.980456346723252
DLBCL11461	0.9729414045730964	0.006013305576013941	0.0050575665300003425	0.012993306848583491	0.002994416472305854
DLBCL11539	0.9492758991923479	0.008178013465384016	0.01236576226215997	0.025029423389795268	0.005150901690312828
DLBCL10911	0.0038863019194304523	0.9801379421264308	0.006725913800923344	0.0034207487006271096	0.005829093452588247
DLBCL10992	0.001971097062944452	0.0026211909009058094	0.0022525060742400473	0.003409347499559406	0.9897458584623503
DLBCL10887	0.0020318028479258533	0.006487104480748548	0.00526507778252038	0.0047470015035692426	0.981469013385236
DLBCL10997	0.9875903972113655	0.002732850127421941	0.002035233202947873	0.00481575853556212	0.0028257609227025754
DLBCL10853	0.0032498484879418814	0.006851251827083407	0.0028622852719162313	0.004672699704868845	0.9823639147081896
DLBCL_C_D_1114_NULLPAIR	0.9957015379429136	0.0009293471974004984	0.0006070799571573316	0.001980111876151489	0.0007819230263770751
DLBCL_LS297	0.007532417052026229	0.011225122239564966	0.9634258325289677	0.013288664903025318	0.0045279632764157534
DLBCL_RICOVER_449	0.0006482881034327226	0.0009025279158392847	0.0005643477830383904	0.0010384812899040636	0.9968463549077855
DLBCL11685	0.006963873891731893	0.015258188186313438	0.9524455928156685	0.011432222913659636	0.013900122192626535
DLBCL10912	0.9894130362827063	0.0021890994304074483	0.0020087544557191796	0.0045676767420051445	0.0018214330891619987
DLBCL11558	0.0059594677977949885	0.010900827979511451	0.96777561509203	0.010775742483840656	0.004588346646822918
DLBCL_C_D_1130_NULLPAIR	0.9961239535482443	0.000803565007166996	0.0007041431285758765	0.001543813154300285	0.0008245251617125267
DLBCL_DFCI_DLBCL_GOE16	0.005480034315900578	0.013250248876741155	0.9663276700792557	0.009802771447609094	0.005139275280493537
DLBCL11428	0.007618583617035349	0.00980516688474329	0.96897203526058	0.009107210136136499	0.004497004101504952
DLBCL10936	0.17205432281728142	0.31281422801009284	0.1742142019747046	0.12809248230568915	0.21282476489223195
DLBCL10512	0.02903688844390441	0.29105115729499836	0.5237679506789061	0.06478504757762774	0.09135895600456329
DLBCL11478	0.44834642176579204	0.2526529713288197	0.2394029123395283	0.04391831196418359	0.015679382601676544
DLBCL_RICOVER_408	0.06463748625616218	0.6228779595975839	0.1794888025235719	0.024913376480830488	0.10808237514185162
DLBCL10856	0.035486644984526486	0.4172403346036101	0.20058872251191914	0.026750889164323218	0.3199334087356211
DLBCL10503	0.035576557867004144	0.1036814322059846	0.46067275920807843	0.077431950680933	0.3226373000379998
DLBCL11430	0.5586483457389421	0.032300286121319036	0.08907648491676934	0.29975761636625176	0.020217266856717788
DLBCL11519	0.6001660261860273	0.036367316540023856	0.040138046975967824	0.30532212549803683	0.018006484799944166
DLBCL10553	0.042914295828558664	0.07782665377659927	0.3781089294289761	0.44983058470344045	0.05131953626242557
DLBC_FF_8043_TP_NB	0.07673795890399951	0.7488215256990587	0.0520624003176926	0.022661902785142386	0.09971621229410677
DLBCL11204	0.268578029035213	0.5506619616780649	0.0612481133676031	0.06463859783739045	0.0548732980817285
DLBCL_LS4054	0.08859601474317166	0.20374178007048166	0.1093007524747643	0.47210106390670786	0.1262603888048745
DLBCL11515	0.024710891264806294	0.17655003741416886	0.2981224288152031	0.027594614722596056	0.4730220277832258
DLBCL11590	0.14855047938982352	0.03789079739166295	0.5628466132065015	0.1946522816742357	0.056059828337776285
DLBCL_RICOVER_1278	0.05813788266257137	0.03438815287753941	0.02958297071031826	0.21748263082956723	0.6604083629200038
DLBCL10452	0.015916398980219397	0.7235395004909916	0.10192099040453964	0.026450762757332987	0.1321723473669163
DLBCL_LS3245	0.011062756558660842	0.6513664508762618	0.2667981651556936	0.028553634703412024	0.04221899270597171
DLBCL_RICOVER_1018	0.06008025821914735	0.22522324481135206	0.03242094836199578	0.6345162978161145	0.047759250791390304
DLBCL10871	0.09508490360274786	0.6518799929986652	0.07562393024642583	0.03718644740408377	0.14022472574807737
DLBCL10552	0.3714717706598987	0.08524599879726762	0.06722131086394517	0.4596245487465108	0.016436370932377865
DLBC_FF_8042_TP_NB	0.01437509166638498	0.2656652704881065	0.17879850615633341	0.07296685217286561	0.4681942795163095
DLBCL_LS2208	0.019557679520611042	0.46985138820990097	0.13655441307534028	0.03673637005906213	0.3373001491350856
DLBCL_LS2089	0.016791149560697313	0.7288429528801428	0.02875714094742894	0.019970037770634216	0.20563871884109672
DLBCL_LS3499	0.18114412118686485	0.16299563045593463	0.044990140309365705	0.5303974292601734	0.08047267878766146
DLBCL10549	0.038676644301867374	0.2520979831261226	0.6579045311157424	0.03518757787332102	0.016133263582946606
DLBCL11673	0.029975608975331497	0.7258328747287979	0.17119182987877377	0.052949254309887804	0.02005043210720907
DLBCL11496	0.7271557260082561	0.018455077289477526	0.03966280799723711	0.05313180810332912	0.16159458060170015
DLBCL11436	0.05498501817974508	0.7639313155922548	0.028871695504544527	0.10296731939702566	0.049244651326429904
DLBCL_RICOVER_533	0.05827522600825597	0.7392541656104463	0.12237292832512296	0.05324890717302841	0.026848772883146334
DLBCL11488	0.8110917835282792	0.015251423407255897	0.011853434124539215	0.05243770207670799	0.1093656568632178
DLBCL11536	0.04356166643614737	0.06490332968522053	0.036799685199831234	0.7852772754517472	0.06945804322705368
DLBCL11202	0.2541598886540186	0.05380900065379396	0.4911512357249349	0.18847606414272178	0.012403810824530641
DLBCL_RICOVER_467	0.011820616820397811	0.7425957611828089	0.05716482471519004	0.02040840288347713	0.16801039439812612
DLBCL_RICOVER_274	0.046810555060314715	0.13858342288092446	0.03570153050187841	0.7063247326326679	0.07257975892421457
DLBCL11528	0.3738593980084608	0.05875968665276157	0.49328387457294437	0.049284904320553616	0.024812136445279746
DLBCL_C_D_1117_NULLPAIR	0.1382955133795546	0.20441635816222653	0.027248250834681093	0.6008106856774059	0.029229191946131886
DLBCL11576	0.05295929747635999	0.29956660640468574	0.07015156691919025	0.5441507159743361	0.03317181322542797
DLBCL10517	0.011840783120883313	0.660600303786951	0.25975341568614096	0.030223820498379777	0.037581676907644905
DLBCL11671	0.7922101212866651	0.08063396064418345	0.026782306755590395	0.08942755338563621	0.010946057927924824
DLBCL11456	0.03232477490296496	0.6907687152892074	0.12048759234928876	0.13540355830291792	0.02101535915562101
DLBCL_C_D_1156_NULLPAIR	0.759485035255774	0.060399190460156585	0.018869560185157484	0.13865430726974404	0.022591906829167802
DLBCL10974	0.0746826433489449	0.049018946241240244	0.043128807663723165	0.3581559152844502	0.47501368746164147
DLBCL_RICOVER_910	0.10851792727461991	0.16199052540897935	0.05356379631398915	0.6360720050184496	0.03985574598396194
DLBCL_RICOVER_945	0.9289894794484969	0.008448205831347552	0.010096237513723993	0.03933713827709721	0.013128938929334396
DLBCL_RICOVER_978	0.7632441100966638	0.01771350105967282	0.057289999009773364	0.14278651814012477	0.018965871693765186
DLBCL10564	0.050196572624059375	0.030779912045830075	0.052309231682731376	0.8292972437387189	0.03741703990866026
DLBCL11566	0.026923605572142115	0.17027919401970829	0.7576807715350901	0.03248433428468839	0.012632094588371185
DLBCL10994	0.8423436883399614	0.055992610941725855	0.01771738458539404	0.03818570803558592	0.04576060809733271
DLBCL10909	0.0598687340127869	0.04775842804305694	0.050050139157607754	0.7862090253329108	0.05611367345363751
DLBCL10565	0.04007533168117929	0.04658438302653265	0.833866562813679	0.06316992790929779	0.01630379456931135
DLBCL_RICOVER_314	0.010958488632969193	0.8755245156861019	0.0355971127998131	0.02054230034444268	0.05737758253667313
DLBCL10472	0.030072623337163245	0.035354858997535064	0.8211897454583363	0.09907577204510953	0.014307000161855892
DLBCL10927	0.09700935576210999	0.04499581713922588	0.028721917462694726	0.8063745700630048	0.022898339572964582
DLBCL_LS2245	0.04870734803251574	0.04110276567034937	0.8656119925758364	0.029985420987461837	0.014592472733836594
DLBCL10844	0.8958291150668156	0.018091895251134502	0.013273168238048354	0.025868234718713422	0.04693758672528807
DLBCL10782	0.06404738159344284	0.0392166168693684	0.03040652489353287	0.8446378889248979	0.02169158771875802
DLBCL_C_D_1144_NULLPAIR	0.042108015652562704	0.2599422196234546	0.021365985218655095	0.03918505242349436	0.6373987270818332
DLBCL10962	0.010565620232510748	0.9307030733176274	0.026330783496934927	0.010222422187232865	0.022178100765694073
DLBCL10993	0.8968911450968357	0.013680306718905818	0.013148245195124666	0.05054654247647615	0.025733760512657706
DLBCL_LS4616	0.011323130668494321	0.1313835456228041	0.8109925131427792	0.03046180785170881	0.01583900271421351
DLBCL10935	0.8574925883729871	0.07877121290382315	0.010462806113196424	0.03392533353816085	0.019348059071832402
DLBCL10910	0.013862188226599195	0.8416038467067795	0.09488750668783093	0.031879277700163244	0.017767180678627204
DLBCL10931	0.9672722609599019	0.004171744171428376	0.005603051852758739	0.01390840460304141	0.009044538412869566
DLBCL10922	0.009536217935118692	0.958197882172337	0.0139259526651858	0.008682069621059045	0.009657877606299412
DLBCL11437	0.062060250130108414	0.03064294996884335	0.028265483418036665	0.8313960023543935	0.04763531412861808
DLBCL_LS762	0.022948130234575353	0.06785535544888456	0.11967102552295468	0.03373318140254309	0.7557923073910423
DLBCL_C_D_1118_NULLPAIR	0.927953196655373	0.011621626884494352	0.0069939229577114055	0.027109094808288887	0.026322158694132312
DLBCL_DFCI_DLBCL_GOE07	0.006374487777504861	0.961629071170386	0.013971659838125176	0.005969106619799263	0.012055674594184683
DLBCL_RICOVER_577	0.010604252043028678	0.03222611628006392	0.9298442376977082	0.01548660707715776	0.011838786902041471
DLBCL_DFCI_DLBCL_GOE05	0.00826181438149817	0.9064192319507901	0.03180529448137089	0.00950185582577119	0.044011803360569694
DLBCL11658	0.03626020868603205	0.02880776429930483	0.03378222102681305	0.8485301470025879	0.05261965898526223
DLBCL10903	0.0058451612568041714	0.9502421164472284	0.02644776131535953	0.0065262370819162245	0.01093872389869167
DLBCL_RICOVER_977	0.9790942439551131	0.003203917527148238	0.0028763723116080734	0.008918405480583444	0.0059070607255471376
DLBCL10495	0.9261467039720355	0.03606252559235083	0.007263738206656927	0.020505757304023087	0.010021274924933729
DLBCL11188	0.0033052688967460274	0.9815531703166456	0.007096308536575722	0.0032102782088904956	0.004834974041142138
DLBCL_RICOVER_1106	0.009086048064660127	0.03813471575877685	0.012253632908115788	0.037317675868174555	0.9032079274002727
DLBCL11470	0.9204174001131705	0.011602118798613332	0.012929388609239954	0.046076280005684436	0.008974812473291719
DLBCL_RICOVER_451	0.9502533156254394	0.01849436233301538	0.010792771409558585	0.013919647824012785	0.00653990280797388
DLBCL_LS146	0.004343554285752382	0.9778003256981976	0.007700033995598456	0.004041190218070419	0.006114895802381125
DLBCL11670	0.007833343428487318	0.055790050977058414	0.8925599335982242	0.029337570299807065	0.014479101696423085
DLBCL_RICOVER_1289	0.0130817346129182	0.01268438840338281	0.010321848139711692	0.03583841384037645	0.9280736150036109
DLBCL_LS2599	0.009660601590591752	0.021584810946039586	0.9447848873809552	0.01680953818930524	0.00716016189310823
DLBCL11667	0.006942740740645337	0.020691262196291214	0.9557326494774431	0.010611269687313038	0.0060220778983073675
DLBCL10525	0.9995924803889885	7.407646881481642e-05	7.970513377409384e-05	0.00016603192022987998	8.77060881926598e-05
DLBCL10884	0.9865230285439653	0.002596551226953639	0.0025126150280549366	0.005940940905999003	0.002426864295027075
DLBCL_C_D_1128_NULLPAIR	0.9887748570925059	0.0024258953905624747	0.0019135960725870141	0.004461592066457713	0.0024240593778868595
DLBCL10465	0.004292388594020243	0.01393774968972517	0.963976821223952	0.01093596618286817	0.006857074309434443
DLBCL_LS1757	0.9976694401413384	0.0004872744827832699	0.0004398042913934222	0.0009256193124936867	0.00047786177199120425
DLBCL_LS2357	0.03459832924835872	0.031114419823713938	0.030710060487266357	0.8777266764229269	0.025850514017734024
DLBCL10781	0.014255862763276608	0.02160466955617038	0.012526783855911963	0.04885008141658287	0.9027626024080582
DLBCL11656	0.004288474387826543	0.00893596358796561	0.9735050929187118	0.007398981263417972	0.005871487842078126
DLBCL11450	0.009362180166681677	0.016268817671820927	0.008331283326096138	0.029338083600246673	0.9366996352351545
DLBCL10885	0.011356338245801904	0.020436447030426883	0.008081516644746807	0.021850458072480608	0.9382752400065438
DLBCL10890	0.008166306130757325	0.03582324803308282	0.020607133396019064	0.01526371718453014	0.9201395952556106
DLBCL11353	0.006260374469794504	0.027281931595693858	0.025209592392612633	0.015260404154480172	0.9259876973874188
DLBCL10535	0.011922388684631757	0.01864713482968857	0.023868175051514527	0.015892966630339896	0.9296693348038253
DLBCL10921	0.004825169050659098	0.008679465741995183	0.004091146320030251	0.00639899098045075	0.9760052279068647
DLBCL11195	0.004923101825171435	0.02439399894754562	0.010495965447830376	0.014637707922102651	0.9455492258573499
DLBCL11500	0.016527258837419925	0.012961746254005714	0.019892870409689338	0.028121765482197223	0.9224963590166878
DLBCL10880	0.010877282525643064	0.01078903697948531	0.008470059179912483	0.007360361864815253	0.9625032594501439
DLBCL_RICOVER_221	0.00365432701014231	0.013008125686584911	0.00880453884964253	0.011541584436368414	0.9629914240172618
DLBCL10895	0.003316135653120726	0.009830933345052832	0.006600303277695573	0.005147683269554022	0.9751049444545768
DLBCL10862	0.0033183186607480437	0.012952351859959063	0.00765582665968336	0.006818443666963671	0.9692550591526459
DLBCL_RICOVER_850	0.004393590053538254	0.014054495008333555	0.004607530631966745	0.009314913053288507	0.9676294712528729
DLBCL10951	0.0011288588017852373	0.0031472049321628363	0.0013283444509325651	0.0019036513635202583	0.992491940451599
DLBCL10852	0.0035505241070457995	0.007842149588054218	0.0034437779560122137	0.008443573666424066	0.9767199746824637
DLBCL10883	0.004128621290963092	0.003529322846442078	0.002730545509571956	0.004432600654127835	0.985178909698895
DLBCL_C_D_1125_NULLPAIR	0.0009708069575325467	0.002555844298297081	0.001442552454586184	0.0022418057906841097	0.9927889904989001
DLBCL_RICOVER_1248	0.0009664120142124089	0.001659719084029214	0.0007076972780220938	0.0016584064615004892	0.9950077651622358
DLBCL10534	0.0002481331952180132	0.00043941979485659946	0.00026364353447617977	0.00042438874939534785	0.9986244147260539
DLBCL10530	0.00026121791418273874	0.00047143040183816594	0.0003128057849149606	0.00045299594367265443	0.9985015499553915
DLBCL_RICOVER_216	0.045725977774304455	0.27685838617077585	0.3734186787548784	0.05002441348771728	0.25397254381232404
DLBCL_C_D_1105_NULLPAIR	0.6881420948252035	0.15266902257335616	0.023342355477377518	0.07337940989106756	0.06246711723299531
DLBCL10486	0.258582617059073	0.32263122104292097	0.03128217887082482	0.12791450076609776	0.25958948226108347
DLBCL_RICOVER_522	0.12592041216317434	0.07239361002553833	0.5694574881043526	0.21592791815438475	0.016300571552550054
DLBCL_RICOVER_773	0.019988228412154287	0.2036550654007649	0.2928791806838664	0.024046396350094267	0.4594311291531201
DLBCL10863	0.15083406330332602	0.05497305504194071	0.02678006843814307	0.5397316507282065	0.2276811624883837
DLBCL_LS1668	0.039229619215578146	0.5709040957395347	0.15367826220842334	0.1821748201357722	0.05401320270069152
DLBCL10968	0.7122591445476192	0.017790306738992727	0.020655578072589012	0.19188283234504694	0.05741213829575214
DLBCL10934	0.03772482861934683	0.5948428284496617	0.024871395314496683	0.05632880892758792	0.2862321386889068
DLBCL10780	0.035327139359857915	0.2880896196708572	0.5744065571775566	0.08469035369858684	0.017486330093141454
DLBCL10963	0.022139766299500298	0.35048202571027526	0.04043534831376159	0.07571379162010065	0.5112290680563621
DLBCL11681	0.4663479916948634	0.0223425505340963	0.33357976257058825	0.09868176772047611	0.079047927479976
DLBCL11474	0.6283811052945214	0.05907947641605693	0.01727728440198898	0.2548897074772687	0.04037242641016405
DLBCL10980	0.01240176000923801	0.3430303306939514	0.06466380192629935	0.04189236771778529	0.538011739652726
DLBCL_LS2590	0.041238422433936196	0.032445548641435694	0.06040844547279222	0.5446319870667107	0.32127559638512526
DLBCL10985	0.09438757711377671	0.5651139031447662	0.03034405951935045	0.2605054840344082	0.04964897618769845
DLBCL_LS155	0.02764800083882069	0.03970615744753911	0.780987370436653	0.12877959910287856	0.02287887217410867
DLBCL_RICOVER_1210	0.016703933959340063	0.7279039942075676	0.19041435378780283	0.04632269723501861	0.018655020810270873
DLBCL11538	0.0327965378024667	0.04237793747539034	0.7100596803119557	0.15424109418925713	0.060524750220930144
DLBCL_RICOVER_473	0.5921430653916537	0.2535256443029611	0.03915063241721099	0.07757109339637906	0.03760956449179517
DLBCL11435	0.8565190970887638	0.012291089873405544	0.015935780915779515	0.09146604694178881	0.023787985180262334
DLBCL_C_D_1119_NULLPAIR	0.6866784818359225	0.20411962603757655	0.0336305740981843	0.043696875038603734	0.03187444298971288
DLBCL11003	0.05318001554527043	0.1732153894031225	0.040902151854318884	0.06454985941748637	0.6681525837798018
DLBCL_LS2154	0.6556351644366639	0.10758595703859712	0.08122957410236628	0.11253001446939201	0.043019289952980766
DLBCL_C_D_1133_NULLPAIR	0.01892567614223886	0.14858141887571424	0.7873100567728748	0.019824694556140835	0.02535815365303119
DLBCL10451	0.6670987302371745	0.07074742847213018	0.21408283433342312	0.03249365493395373	0.015577352023318444
DLBCL11206	0.030774407081041958	0.5417424794854432	0.16202918232827804	0.023223411386940344	0.24223051971829648
DLBCL_MC_F307_JPS	0.7141449230634942	0.08745997984351898	0.027680092814617262	0.12858397330330382	0.042131030975065764
DLBCL_RICOVER_720	0.027609892503723442	0.32909350285367445	0.052967205388203986	0.02097812937523163	0.5693512698791665
DLBCL_RICOVER_299	0.014672687688532035	0.23465307008891764	0.6870223944638918	0.018008142216963462	0.04564370554169504
DLBC_FF_A7CX_TP_NB	0.2346325361189543	0.07116473846158793	0.07582017272796193	0.04886635044895063	0.5695162022425452
DLBCL10898	0.01731803790497134	0.15484784216950084	0.017067515110301433	0.028404084024169423	0.782362520791057
DLBCL10954	0.018372486192233833	0.8028366300633306	0.03835321275393235	0.030011274938924564	0.11042639605157856
DLBCL10957	0.6765206641038742	0.06668330831060976	0.07994661203006076	0.15469293228189424	0.022156483273560946
DLBCL10906	0.03824816373763233	0.6586882561307292	0.03802893581874666	0.03406980586036151	0.23096483845253019
DLBCL_RICOVER_956	0.017594510033063754	0.40844453214843685	0.04211515404834308	0.032537858618642626	0.49930794515151367
DLBCL_RICOVER_496	0.07220646757612913	0.20150169252426664	0.5897612285189705	0.07538753344853659	0.06114307793209723
DLBCL11486	0.6153221023914986	0.022137449502881792	0.03465773154736589	0.042521811121198086	0.2853609054370556
DLBCL11447	0.060961544373072295	0.04107899255352511	0.03259213642978533	0.7042710208085734	0.1610963058350439
DLBCL11504	0.13271028349739594	0.054256758373951754	0.02962888345032971	0.1078770386334739	0.6755270360448486
DLBCL11441	0.11137726187361283	0.03332580063204007	0.04894929069222356	0.23941708472972145	0.5669305620724021
DLBCL10539	0.022628670991736745	0.7877481294817236	0.038124843969195805	0.09637233736894134	0.05512601818840255
DLBCL10908	0.06783037291143802	0.11682907667387438	0.6894540296241531	0.05363082881983342	0.07225569197070104
DLBCL10969	0.5629370873442611	0.13385448046959914	0.22597784860866524	0.04333350389838216	0.033897079679092404
DLBCL10930	0.20683562380909482	0.03343439984429425	0.04435396808492874	0.04044009311257119	0.674935915149111
DLBCL10490	0.8173900708781854	0.0646868263986227	0.015524192457188482	0.06768293750060049	0.0347159727654029
DLBCL10502	0.02738571527103767	0.6043852893944848	0.295160338770793	0.047432177232636596	0.025636479331047936
DLBCL_RICOVER_1060	0.14547264913664143	0.5774146890639503	0.06468368359984304	0.052267502425255644	0.16016147577430953
DLBCL11480	0.754316407924695	0.05493916119920868	0.07863126246652084	0.08789610843985357	0.024217059969721833
DLBCL10902	0.013919186467088125	0.175076951873288	0.033176926809907054	0.02776169148189731	0.7500652433678195
DLBCL10965	0.12038773490611367	0.028471186068898216	0.040922447076624804	0.7665908159736466	0.04362781597471665
DLBCL11675	0.027479225002869957	0.019632734248932433	0.8265896303829747	0.06344128970109875	0.06285712066412408
DLBCL11472	0.9032238345825273	0.010816736301364245	0.014658610949950818	0.05438940328721639	0.016911414878941218
DLBCL11457	0.9268257982181651	0.010781240251189372	0.012388902797574753	0.038708284005871445	0.01129577472719926
DLBCL_MC_F218_RAP	0.16410452562518513	0.033826941252559216	0.05162194139634001	0.7213259774811274	0.02912061424478823
DLBCL_C_D_1112_NULLPAIR	0.02430894573921024	0.748409765622511	0.13464827696473725	0.021338033965859413	0.071294977707682
DLBCL10523	0.040692267615537216	0.02209558529659243	0.8593226971874645	0.06659891864351493	0.011290531256890918
DLBCL10482	0.8114516794494232	0.03717537476958199	0.014051676133523393	0.03373938501739813	0.10358188463007324
DLBCL11002	0.1770522849627562	0.0689307190207505	0.061961431562035575	0.6707346576096992	0.02132090684475845
DLBCL11527	0.065012785704088	0.029706741463856656	0.05922874499052268	0.7210080947877568	0.1250436330537759
DLBC_FF_8062_TP_NB	0.0873609265711706	0.07507645512859928	0.10368507905712422	0.704181786191509	0.029695753051596937
DLBCL11458	0.05064257341481635	0.06940281497309803	0.8309694550134122	0.017854215683226173	0.03113094091544722
DLBCL11449	0.02687592930296193	0.7351881028107176	0.033274417587572824	0.02432164820179632	0.1803399020969514
DLBCL_RICOVER_1032	0.010635430921536349	0.07881101604964176	0.013499416148267128	0.026535382029978637	0.8705187548505762
DLBCL_C_D_1109_NULLPAIR	0.09599406639560763	0.027825311051768237	0.025754694912152338	0.8082129423487835	0.04221298529168833
DLBCL_C_D_1126_NULLPAIR	0.058847973346264196	0.8736770318359149	0.017679712858333394	0.025046550930638234	0.024748731028849287
DLBCL_RICOVER_506	0.006210102416706118	0.03556391215822955	0.010758588456055753	0.010754322720001078	0.9367130742490075
DLBCL11484	0.02533802383082361	0.8309633661398218	0.04801379827617945	0.03045420096211966	0.06523061079105551
DLBCL_MC_F064AB	0.01238829990430244	0.02921399936730165	0.907769113479794	0.037856323152660146	0.0127722640959417
DLBCL_RICOVER_712	0.006704661820048914	0.035160757906448396	0.01046662383470526	0.01654985027506767	0.9311181061637298
DLBCL_C_D_1131_NULLPAIR	0.01962260996176087	0.7939177893770338	0.08869577663714505	0.015294862772023753	0.08246896125203654
DLBCL11433	0.03505608401891239	0.024458444733382528	0.05265852286996239	0.18941759919069312	0.6984093491870496
DLBCL_RICOVER_701	0.06310846917003546	0.05262699610219098	0.02762820705453885	0.8322848365497337	0.024351491123500973
DLBCL10972	0.8105754253018402	0.028501162205276872	0.028644335219982962	0.05183381452865956	0.08044526274424042
DLBCL11460	0.0375499005795698	0.026783265665066083	0.02213572871605766	0.8895235428145779	0.02400756222472859
DLBCL_RICOVER_1061	0.05744466364674708	0.03322277556006567	0.04088415919146064	0.849787879953595	0.018660521648131687
DLBCL_MC_F139_LJF	0.05180822434509475	0.026514966733794856	0.024584311864160983	0.8724738704144611	0.02461862664248826
DLBCL10990	0.004003501440300046	0.014390726072754932	0.004880244460793749	0.006329076900028231	0.970396451126123
DLBCL_RICOVER_1165	0.010777722484748781	0.9274919101159611	0.030931911377579863	0.00786207534649483	0.022936380675215463
DLBCL10498	0.014387001644203342	0.042915605258511194	0.9091159614449915	0.026552035103203756	0.007029396549090153
DLBCL10532	0.03439299827652987	0.03158814094829995	0.18126948553586128	0.11243081581113072	0.6403185594281783
DLBCL10999	0.016860368875939835	0.03332600062371213	0.05082125208088489	0.15986346963716103	0.7391289087823021
DLBCL11526	0.029114699072406096	0.022105493165315127	0.9167875616142362	0.024649197731048803	0.0073430484169937325
DLBCL_C_D_1113_NULLPAIR	0.0139476154046496	0.028773471459402476	0.9266264202270468	0.017834005892345996	0.012818487016555141
DLBCL_C_D_1141_NULLPAIR	0.009086268946462552	0.03228170811752768	0.9278971463993763	0.010977455220063945	0.01975742131656958
DLBCL11512	0.9038924146487252	0.02194563640166012	0.01611805017989576	0.04962334369222895	0.008420555077490061
DLBCL10483	0.01588980765201719	0.7938439944037163	0.1381648776801357	0.010780510859729668	0.04132080940440108
DLBCL10857	0.013005749246712654	0.013401162122966869	0.005169141259803854	0.01946684420257786	0.9489571031679388
DLBCL_RICOVER_744	0.029267589722593502	0.022081418004441317	0.9236679887713343	0.015054512605572196	0.009928490896058687
DLBCL_MC_F349_BJJ	0.0057054151549150766	0.009764309537505254	0.9689213671339174	0.007590818947071434	0.008018089226590785
DLBCL10460	0.008672468317208519	0.9513450180412238	0.02524295134808543	0.006505099517672093	0.008234462775810162
DLBCL10860	0.0031177508947045963	0.011335893763981437	0.007433394227962068	0.007572497253828412	0.9705404638595235
DLBCL10834	0.0386450397478632	0.9134991349559036	0.02298449927704411	0.0128728206903037	0.011998505328885372
DLBCL10459	0.004906616365840319	0.012624795649983945	0.9658519768300093	0.010785737911200487	0.005830873242965866
DLBCL11666	0.004077248179989293	0.010071670953912381	0.9745027983484454	0.007893230926716677	0.0034550515909362446
DLBCL_RICOVER_1192	0.002841127039498465	0.0054697749672171616	0.00506737709295718	0.004243182022532192	0.982378538877795
DLBCL_LS1098	0.004951789978386363	0.012199586672657114	0.9681130691647981	0.010183291611545424	0.004552262572612985
DLBCL11205	0.9053419253718514	0.026788734562073105	0.03488691724792897	0.02420543069669914	0.008776992121447369
DLBCL10925	0.012948954932024073	0.016301025055618437	0.005891677074331892	0.02335995769642867	0.9414983852415969
DLBCL10889	0.0017587544935766936	0.003513624411984078	0.0021873058415389423	0.00476207629127243	0.9877782389616279
DLBCL10977	0.0018124089950097616	0.0025976151583856103	0.0020968723362812694	0.0023043451018878772	0.9911887584084355
DLBCL10850	0.013209271494121308	0.950547364727899	0.01606828031636061	0.006318072726847156	0.013857010734771897
DLBCL11000	0.0016200974477579508	0.003307570070987229	0.002303731150569041	0.004314018989032434	0.9884545823416534
DLBCL_RICOVER_253	0.010006181535382566	0.9644416306116554	0.013019612932244904	0.0053049389613623625	0.0072276359593546995
DLBCL_RICOVER_174	0.008624276723056783	0.9703357254850479	0.008186814286262162	0.00623282567864205	0.006620357826991145
DLBCL10901	0.0016049438809057272	0.002447060514493912	0.002000084248436418	0.0032122847457247364	0.9907356266104392
DLBCL_MC_F262_WLC	0.9853517575979411	0.002835432431272964	0.0018639562820912765	0.0064330616540972515	0.003515792034597366
DLBCL10842	0.000244896471509986	0.00046409156194557533	0.0003082914325749759	0.0005235317419851833	0.9984591887919843
DLBCL_LS378	0.9831434210036173	0.0048454795187872395	0.0037391159519782795	0.005829301010652792	0.0024426825149644125
DLBCL10458	1.0	0.0	0.0	0.0	0.0
DLBCL11483	0.1824927426525454	0.2895232209741167	0.1856761177680519	0.124383870940635	0.21792404766465104
DLBCL_MC_F927_JHS	0.0771706113105861	0.472928683176488	0.12299825592985512	0.07477651246782054	0.25212593711525033
DLBCL_RICOVER_120	0.32133894460727713	0.26414489639104327	0.1268531604529693	0.03959020267583376	0.24807279587287653
DLBCL10519	0.0680283707470625	0.47840841932906836	0.22653714503042752	0.20422309116866647	0.022802973724775123
DLBCL11467	0.0742567238132417	0.16134928054162145	0.09905883074194782	0.43354869751709	0.23178646738609904
DLBCL10450	0.48287003057941047	0.056704836453035506	0.020505553183823477	0.26240019433048156	0.17751938545324897
DLBCL_MAYO_DLBCL_234	0.24833238274332928	0.049960547229668924	0.20737646257990028	0.4440994976744526	0.05023110977264893
DLBCL10480	0.3046045510191579	0.5018340665823111	0.0427179033183743	0.06192093725160726	0.08892254182854932
DLBCL11683	0.04592676519462929	0.07655451497613762	0.6583522481654388	0.1912891294838987	0.027877342179895633
DLBCL10492	0.3722033288335082	0.021266998148301713	0.02702032487558947	0.09367888547758363	0.48583046266501695
DLBCL_RICOVER_1190	0.08364705757152344	0.4326599829246239	0.09339084949140987	0.02827892961675265	0.36202318039569015
DFCIDL009_DT	0.017292633913665034	0.6961787012202125	0.23785494999812268	0.01734967306695547	0.031324041801044325
DLBCL10454	0.5478746710621955	0.05914129809911276	0.06086254255087665	0.04798558701466412	0.28413590127315097
DLBCL11469	0.017241880750745075	0.47822883017711854	0.3160944856429598	0.025528962121383662	0.16290584130779281
DLBCL10849	0.03387210955492538	0.5242175052636682	0.029467801390465967	0.025481544138546204	0.38696103965239437
DLBCL10877	0.18097460123715564	0.6712277476406321	0.053334766187307724	0.048293452076906204	0.04616943285799833
DLBCL11664	0.34939938090938016	0.49903380449109663	0.053723845518890596	0.07923938809882028	0.01860358098181232
