	0	1	2	3	4
DLBCL11431	0.1987602097422133	0.19343543424820828	0.2558605349418991	0.1336972531536615	0.21824656791401775
DLBCL_C_D_PAIR13	0.20005503790056636	0.18771098552927254	0.2608992060277148	0.13366235784800073	0.2176724126944454
DLBCL10513	0.3353839858746421	0.11991135973251975	0.06004020313784609	0.46995475061355096	0.014709700641441038
DLBCL_RICOVER_478	0.14416133683128474	0.578403968675001	0.028492765856139034	0.02610051622045085	0.2228414124171244
DLBCL_RICOVER_787	0.04737370082243081	0.6156261864245908	0.13173618956494038	0.18783127909899527	0.017432644089042805
DLBCL10915	0.043567816667466806	0.4831856940922834	0.07132693285607648	0.04717319947906646	0.3547463569051068
DLBCL_RICOVER_711	0.11732348467383331	0.5417098157991078	0.03809167224982162	0.28087184120553993	0.022003186071697333
DLBCL_MAYO_DLBCL_3653	0.22320806062990847	0.03368491510945402	0.06948628863530723	0.1832850749224246	0.4903356607029057
DLBCL11661	0.029040294737232908	0.6640096405472466	0.07084044855343136	0.21130542739589492	0.024804188766194217
DLBCL_LS1921	0.019743899742334734	0.5674185773752219	0.2222186938052368	0.16828869363690446	0.022330135440302046
DLBCL10914	0.555083649289501	0.23676034554949865	0.063594368590892	0.04521910308673649	0.09934253348337171
DLBCL10536	0.02198808925680441	0.5623247587320849	0.346300720117972	0.031398413455597796	0.03798801843754085
DLBCL10858	0.08326917620101118	0.014657118014740343	0.044704422651461566	0.5747202050650161	0.28264907806777084
DLBCL_RICOVER_111	0.02793800446481671	0.1081008246097276	0.2703148404597419	0.10819454421874768	0.48545178624696605
DLBCL11491	0.05894098665232882	0.028661671546358666	0.05283554231992352	0.7111303999267805	0.14843139955460857
DFCIDL004_DT	0.14760856024452698	0.013331272556771611	0.03738243546220441	0.17566111416520994	0.6260166175712871
DLBCL_RICOVER_1046	0.013124479168694423	0.7194575857446	0.19955394098925633	0.01332961637875741	0.05453437771869186
DLBCL10846	0.18276110552043	0.6464248895777683	0.046022371104380046	0.08639722915789037	0.0383944046395312
DLBCL10833	0.07391334115506014	0.016041730314324903	0.013022693980247847	0.07485880625786939	0.8221634282924977
DLBCL_MC_F500_ECU	0.015005331540773686	0.8136593063144906	0.0798069148990433	0.05593227001309664	0.03559617723259578
DLBCL10981	0.029465314717935377	0.7720319576175237	0.05886372151510531	0.11755816836120872	0.022080837788226827
DLBCL_BWH_DLBCL64	0.18498702934920544	0.21013854799943033	0.04077728968074778	0.5427104378245717	0.02138669514604466
DLBCL10529	0.027146153513364375	0.25917105672498186	0.0307367490379446	0.05388197506697235	0.6290640656567368
DLBCL10867	0.02548753400819957	0.2885302316840993	0.027907718501855902	0.020654663024188048	0.6374198527816571
DLBCL_C_D_1148_NULLPAIR	0.19052436822914615	0.016717632950488368	0.20352483331685736	0.5642374764409973	0.02499568906251078
DLBCL10986	0.7217557855147726	0.024874708623101677	0.09586876467765162	0.13009919604242634	0.02740154514204779
DLBCL10891	0.02323267522649445	0.008699053196028334	0.056544027098923325	0.07440413339531442	0.8371201110832395
DLBCL11479	0.0496517999958369	0.1803607015411716	0.6820418112974739	0.052608524568065286	0.03533716259745238
DLBCL11534	0.06907257124181322	0.05077351459469176	0.6764133918523139	0.13688856446205416	0.06685195784912704
DLBCL_RICOVER_1045	0.1320398425232974	0.020768410089605654	0.05316625112692602	0.7653908930048405	0.02863460325533031
DLBCL10868	0.0551728422563023	0.01579820900425222	0.025832880537684635	0.8422169275670838	0.06097914063467708
DLBCL_RICOVER_440	0.012339359907495075	0.2970381266080732	0.6320444489735733	0.02613076414137072	0.032447300369487724
DLBCL10466	0.008420791199304237	0.06792663981314928	0.8068002891486217	0.08376829534725692	0.0330839844916679
DLBCL_LS1395	0.013325086250206458	0.11342977668552635	0.8367092056378896	0.017768724350699424	0.018767207075678187
DLBCL_LS1304	0.0181256286703257	0.026654902383647833	0.8107125666092662	0.030964003546594888	0.11354289879016541
DLBCL11520	0.7273524257298206	0.012742312373408629	0.01805436000419001	0.042326575100415084	0.19952432679216564
DLBCL_RICOVER_950	0.04074669091605212	0.020331307504963803	0.09334179299720828	0.8263628416902821	0.019217366891493767
DLBCL11476	0.09323905922493299	0.031539202150843125	0.01783047683101885	0.01895135928340871	0.8384399025097963
DLBCL_LS951	0.8123611247644099	0.04762969684145112	0.049198212816123355	0.08116578052784724	0.009645185050168321
DLBCL10491	0.0472924975395047	0.1041678616155395	0.051121276637489846	0.7785920381588046	0.018826326048661426
DLBCL_C_D_1159_NULLPAIR	0.7582221766484522	0.015403388321205714	0.01843552678151422	0.19006430829170748	0.017874599957120367
DLBCL10544	0.03266655766755389	0.01998156513649119	0.04348739777635881	0.7647853927404372	0.1390790866791589
DLBCL11481	0.8154636250694905	0.021274710926596305	0.09732956771383637	0.039373099166301544	0.02655899712377529
DLBC_FF_8046_TP_NB	0.0654825865528425	0.018213830176800467	0.8386372197495626	0.037278794704567464	0.04038756881622698
DLBCL11565	0.005879486312890028	0.9565015431994142	0.013465768164473155	0.010920159222796433	0.013233043100426277
DLBCL10494	0.008226985049207448	0.9118273184431396	0.0530982158641181	0.013930579247319485	0.012916901396215328
DLBCL11652	0.7864045911241881	0.06811576939563395	0.02121140730090183	0.02472364322936659	0.09954458894990952
DLBCL10456	0.050888072391245244	0.014355066756519196	0.044386181598414925	0.8613951526928448	0.02897552656097585
DLBCL_RICOVER_1287	0.02386885544381452	0.057987216660745265	0.03206477533723662	0.019554885090643914	0.8665242674675597
DLBCL11462	0.859723724085097	0.01077680947550765	0.05164042037207425	0.0348971739941068	0.04296187207321429
DLBCL10547	0.06639645041043618	0.027521605895050708	0.03116293095200634	0.8348396335303928	0.04007937921211399
DLBCL10521	0.01581132008637186	0.0546702060514678	0.01309121443309232	0.009802582306045995	0.906624677123022
DLBCL10878	0.04412703969162774	0.015691121991580133	0.0217789223840826	0.022201932217234537	0.896200983715475
DLBCL_RICOVER_985	0.03224900332472472	0.020354427917411363	0.04612965564045686	0.8688685471213948	0.03239836599601223
DLBCL_LS3749	0.006544255577711487	0.9508399250518635	0.021072012074196324	0.01410088162434123	0.007442925671887402
DLBCL10835	0.007890646281365864	0.02926167252095493	0.01298836270851559	0.031034107644564966	0.9188252108445987
DLBCL11459	0.032610369747047216	0.01269853843697816	0.023181354270589906	0.9107435301724721	0.02076620737291259
DLBCL_RICOVER_829	0.9219339610649346	0.011096063533440188	0.006658081777076154	0.030267960877172328	0.03004393274737673
DLBCL10866	0.011456278841032686	0.005715128356666518	0.011849088447675394	0.022034956145109523	0.9489445482095159
DLBCL_MC_F815_BAT	0.005760417494354427	0.017025607938136275	0.9400114066249949	0.02654528356868929	0.010657284373825038
DLBCL11564	0.03656513938235415	0.01415904025850105	0.02133873214585938	0.9081117332307357	0.01982535498254978
DLBCL10879	0.008244929264195868	0.009360308491958734	0.9381267605693481	0.023790064844309823	0.020477936830187504
DLBCL10874	0.025495352889898897	0.8890796819704139	0.014494199689721623	0.026408652418476636	0.04452211303148896
DLBCL_MC_F089_HCZ	0.003693366452101082	0.9702487084920881	0.011622245463574633	0.007220241015947452	0.007215438576288752
DLBCL10847	0.022771432473977588	0.019408498865654312	0.013010091059285295	0.008135432510168931	0.9366745450909139
DLBCL_LS3200	0.009666744925263978	0.026738526463507738	0.010359859450626997	0.007149498284274299	0.9460853708763269
DLBCL11507	0.01821905597124791	0.9173028586053069	0.044887421739846084	0.00793663285128903	0.011654030832310067
DLBCL11662	0.8417945815988935	0.015827254287044918	0.012210164487961509	0.07220200117080121	0.05796599845529884
DLBCL_MC_F729_MAN	0.007808410755019963	0.958910832564982	0.018808626365528436	0.007616706243424998	0.006855424071044554
DLBCL_LS1065	0.008037854662682512	0.9534810333080229	0.013913280555100556	0.00611838113908518	0.01844945033510889
DLBCL_MC_F606_DMJ	0.004113051502936147	0.017559360493775742	0.9606747493254328	0.009126520805040055	0.008526317872815247
DLBCL10900	0.017991568381308824	0.005252036282434149	0.008255409411343102	0.016395611929985142	0.9521053739949288
DLBC_FF_A7CQ_TP_NB	0.017416819650862097	0.007106857665032329	0.006284196723773164	0.02073803720221391	0.9484540887581185
DLBCL10887	0.0044583548730003295	0.005309784071915005	0.015465596510196977	0.0076200139855733704	0.9671462505593144
DLBCL11203	0.005121085454787333	0.9677028214024216	0.010292362218153231	0.009340506243176954	0.0075432246814608915
DLBCL11429	0.9169574819324483	0.005482621592134361	0.011420405507007675	0.04104455150624195	0.025094939462167693
DLBCL_LS2325	0.010320474290387767	0.08422595466478836	0.8718340895377689	0.02312488103362884	0.010494600473426173
DLBCL10510	0.007479686856350749	0.9691592105530771	0.008925252655797848	0.004461821075078733	0.009974028859695575
DLBCL10894	0.02835549971048316	0.9328362178987403	0.01219562991518103	0.016562717311692673	0.010049935163902901
DLBCL10836	0.012286069542613758	0.003825651102083466	0.008558683357226048	0.010600833845699192	0.9647287621523776
DLBCL10950	0.9426496123781372	0.0053561867591714616	0.017141202559000583	0.02711760812134839	0.007735390182342445
DLBCL_C_D_1108_NULLPAIR	0.0044630777653207705	0.9670663787609659	0.011865140960724347	0.00469147090926847	0.011913931603720545
DLBCL_C_D_1136_NULLPAIR	0.002870654695838792	0.9812647137835419	0.006728420622094609	0.004409557963429642	0.004726652935095117
DLBCL10911	0.0038733664544029563	0.9822789902848774	0.00631688292155177	0.002782043547753866	0.004748716791413986
DLBCL10983	0.005679163367139756	0.975914892255698	0.006782676542092673	0.004357401656598061	0.00726586617847142
DLBCL10461	0.004344387776332205	0.9728434826307438	0.00933306154460066	0.004086386787575198	0.00939268126074812
DLBCL10992	0.0012122932068359734	0.0009908034939547607	0.001446232873045752	0.001720724730511931	0.9946299456956516
DLBCL10550	0.0005136310207823173	0.0005631491178850103	0.0007110776747555727	0.0008580808857134943	0.9973540613008636
DLBCL_C_D_1163_NULLPAIR	7.833766585573735e-05	7.543897873313972e-05	9.144623918300179e-05	0.00011970860868242875	0.9996350685075457
DLBCL10853	0.0013047329296668074	0.001068869530365334	0.0012601573782829278	0.001650755371648344	0.9947154847900366
DLBCL_MC_F519_ALT	0.001280249398571027	0.001925687595780521	0.0017836109970390099	0.0016284766794614398	0.993381975329148
DLBCL_RICOVER_417	0.0016920889299366119	0.00340759669402212	0.002320867136813164	0.002828778604226724	0.9897506686350014
DLBCL11672	0.00435594782358648	0.008101968955059907	0.9631071421912922	0.01530524462989823	0.009129696400163107
DLBCL10945	0.9656552326409132	0.0044423811861525695	0.004788088571440536	0.011047441121645206	0.01406685647984846
DLBCL10515	0.9623451080324334	0.005800986816754758	0.004704762245619622	0.02012998617692474	0.007019156728267459
DLBCL_C_D_1129_NULLPAIR	0.9812644065843175	0.0037370434333191135	0.004937219282234311	0.006280202009120623	0.0037811286910085433
DLBCL11558	0.0036597125036511155	0.006064864077854609	0.9770326525233555	0.00975530958459737	0.003487461310541388
DLBCL11539	0.9646100137625251	0.003870828376068251	0.0071976543352216035	0.020250496610538724	0.004071006915646294
DLBCL11461	0.9773158796151914	0.0029665629334405686	0.005351049834048986	0.011583449331809883	0.00278305828550913
DLBCL_RICOVER_449	0.000920726651151139	0.0008783202726477881	0.0007280428228661149	0.0012252958142088247	0.9962476144391261
DLBCL11537	0.9758886320185488	0.003348717240324913	0.0046757518581976186	0.008628153953841379	0.007458744929087329
DLBCL10997	0.9729415745210235	0.004469882228977819	0.004663193867340767	0.0118341452018514	0.0060912041808065
DLBCL_LS297	0.003340357870648305	0.004999985357875493	0.9778441563504223	0.009607182227705827	0.004208318193348036
DLBCL11428	0.0029724933143187734	0.004713632823200333	0.9810852140987918	0.0076003598949728884	0.0036282998687162155
DLBCL_DFCI_DLBCL_GOE16	0.002670853166351343	0.004342316769368893	0.9823439894035336	0.0069303707643588435	0.003712469896387351
DLBCL11685	0.0035872721550404326	0.005226349086531888	0.9752902714878441	0.008318699056712625	0.007577408213870964
DLBCL10555	0.004464805120370062	0.009864238271976815	0.973613705237895	0.008186762594227586	0.0038704887755305313
DLBCL_C_D_1130_NULLPAIR	0.9871016049782375	0.00251685522266727	0.0019173506754636977	0.006161939322773129	0.0023022498008584344
DLBCL_C_D_1114_NULLPAIR	0.9876410044440074	0.0018405573944888247	0.00213666000309739	0.005885428748556146	0.0024963494098502307
DLBCL10912	0.9860923178160295	0.0021381683333133407	0.0029662716898274932	0.006241560096670759	0.002561682064158896
DLBCL11680	0.003000466167004944	0.004101544553599877	0.9854592014006588	0.004942256110892497	0.0024965317678439197
DLBCL10503	0.07310100225328776	0.1398224425026149	0.6499883264294722	0.015936497978548025	0.12115173083607707
DLBCL_RICOVER_1278	0.06130654999904761	0.020595504137780794	0.01652870884290978	0.12809391973642847	0.7734753172838333
DLBCL_RICOVER_314	0.020510233525703414	0.4159758215142845	0.16388818763312638	0.07381501811455148	0.3258107392123343
DLBCL10936	0.13233247655359437	0.44139754249094926	0.176851637306221	0.10594910772439114	0.14346923592484434
DLBCL10512	0.012148859790344248	0.32502977828604207	0.4084592179258586	0.060878928257130156	0.19348321574062485
DLBCL11202	0.5971945507518542	0.10785126917476018	0.2206220578736902	0.06500272290696697	0.009329399292728368
DLBCL11590	0.07654606364853289	0.017354519242427164	0.4543466253847405	0.35893986761786456	0.09281292410643481
DLBCL11515	0.016043594426541668	0.3613755025355588	0.2787971903776993	0.036767814687510864	0.30701589797268936
DLBCL11536	0.03396648992815578	0.6770558619544143	0.0871461084108284	0.1799785744684379	0.02185296523816366
DLBCL10782	0.36875520369188236	0.11456100135764814	0.027757834894858346	0.4548887154919933	0.03403724456361783
DLBCL10856	0.05449644933307727	0.12391168195089566	0.3191223733242845	0.04431027339814261	0.45815922199360004
DLBCL10927	0.2814251819842245	0.019493703354483312	0.03155472787673514	0.6456265211658145	0.02189986561874251
DLBCL10910	0.03718389035828278	0.6788372466983498	0.16499691271833114	0.06734895447230084	0.05163299575273546
DLBCL11673	0.05827226657051187	0.4772472364781494	0.3265987396540216	0.11258764235275665	0.025294114944560596
DLBCL10452	0.01941716937329008	0.7710659219874983	0.09433568602253126	0.0274428907365754	0.08773833188010491
DLBCL11436	0.08110566268406502	0.5208062856774823	0.12263682343269221	0.23652360047172152	0.03892762773403889
DLBCL10909	0.040977777366705666	0.025824146130009166	0.05128279381640289	0.29666484964190665	0.5852504330449756
DLBCL10921	0.026104109824556333	0.518207560321216	0.04029520851780672	0.02874722868179261	0.38664589265462845
DLBCL10517	0.013359953293554704	0.5973208625984732	0.3340503350730842	0.02247656326018215	0.032792285774705755
DLBCL_RICOVER_910	0.2897833533277189	0.12106551553796477	0.10137716154852441	0.4510733117178072	0.03670065786798469
DLBCL11478	0.6074105139252349	0.06598825155576567	0.26368129284344427	0.05073503270036101	0.012184908975194152
DLBCL_LS2245	0.07096145619320181	0.25855292159405885	0.6155836022562405	0.03733740280879948	0.017564617147699395
DLBCL11528	0.07805967480531563	0.7063898180194166	0.1728220047073039	0.024129126900960262	0.018599375567003678
DLBCL_RICOVER_577	0.010662693994280022	0.03460591181536184	0.8553921514623529	0.018021446999118285	0.08131779572888694
DLBCL_LS2089	0.0153865303885671	0.8365191658418191	0.02428245345347885	0.00933701547126936	0.11447483484486559
DLBCL10885	0.025640669592139495	0.8351282313121177	0.02360000798418122	0.02794659061190685	0.08768450049965475
DLBCL10974	0.05973140737918263	0.0244266546658599	0.05005238028634094	0.47889602768098055	0.38689352998763593
DLBCL_C_D_1118_NULLPAIR	0.08552366553088554	0.8382640044711257	0.022008334764651725	0.0332882302965144	0.02091576493682257
DLBCL10552	0.17515722459360689	0.024402365335850003	0.050245774794929914	0.7353724970678363	0.014822138207776954
DLBCL11204	0.024479830188586085	0.847936108493444	0.06585628245898172	0.03245110248205399	0.029276676376934208
DLBCL_RICOVER_467	0.026879310830395693	0.3447486127159275	0.03301702926155114	0.013096914675278525	0.5822581325168472
DLBCL10564	0.035980499609921696	0.05483550157811902	0.11706218878563047	0.753845647008176	0.03827616301815271
DLBCL_RICOVER_945	0.7412638896421743	0.06884117143482892	0.031709550887866145	0.1378340233158117	0.020351364719318994
DLBCL10994	0.4706812979654513	0.1716102980459784	0.0452548582928191	0.08783742724964809	0.22461611844610316
DLBCL11519	0.15126867867761687	0.0255574804971948	0.044058784454950636	0.7642737895079388	0.014841266862298896
DLBCL11576	0.10764834187186781	0.11251247381943433	0.0807862851796844	0.6630281496183101	0.03602474951070334
DLBCL10549	0.03506595018108247	0.7022561558487342	0.22019096357493767	0.02496655456799896	0.017520375827246637
DLBCL11430	0.6746276639469294	0.018056522947017286	0.12401401797886732	0.17246895941373044	0.010832835713455466
DLBCL_C_D_1117_NULLPAIR	0.1787791505161513	0.2285026171040934	0.04132247984645693	0.5284667750267792	0.022928977506519174
DLBCL_DFCI_DLBCL_GOE05	0.013655010684782054	0.7410099206281948	0.0460864294710643	0.014281320367983566	0.1849673188479752
DLBCL11496	0.6074854069775324	0.01805618336663322	0.061214837189122295	0.04453598964700483	0.2687075828197073
DLBCL_C_D_1156_NULLPAIR	0.7636180886530352	0.034956489500356326	0.020594806678271453	0.1646090695127467	0.016221545655590388
DLBCL11566	0.02552563031476503	0.22479795989502346	0.7097087560677143	0.023761594189038532	0.016206059533458647
DLBCL10472	0.02733661805074236	0.015243247339202426	0.8533026247101734	0.08471011986256895	0.01940739003731286
DLBCL_LS3499	0.11056727809331192	0.12980103361775108	0.06953012454470253	0.6542387984569701	0.03586276528726429
DLBCL11488	0.7180425625584738	0.011351173700342663	0.020046322542221495	0.08796174653300742	0.1625981946659547
DLBCL_LS762	0.024369392656349777	0.029738769315612222	0.17102247122992678	0.023544914417804454	0.7513244523803067
DLBCL11671	0.8932812139835391	0.016929767276784982	0.01957148379525287	0.06361475389390467	0.006602781050518373
DLBCL10565	0.029518115688050715	0.04338730592822217	0.7572336625096608	0.1374330607354784	0.032427855138587876
DLBCL10871	0.024602556252075327	0.8808948353242667	0.04106112768544947	0.014580866163612245	0.03886061457459629
DLBCL_RICOVER_850	0.0073292453005554216	0.04463490573406677	0.045073486778067585	0.0558567297213098	0.8471056324660005
DLBCL10962	0.025505612270896736	0.8647717488576425	0.047372465386562514	0.013290257755301774	0.04905991572959648
DLBCL11437	0.08674547073342297	0.013866822640216754	0.03721522379468823	0.7980747718675001	0.06409771096417194
DLBCL10895	0.02243753415106013	0.12821017573488291	0.09252261170385555	0.013584883424370702	0.7432447949858306
DLBCL10553	0.025226617202397123	0.039588828574409846	0.06363758092297414	0.8403744419567191	0.03117253134349977
DLBCL10890	0.008655144860968321	0.022109292014031542	0.02108688482980244	0.03480174062655605	0.9133469376686416
DLBCL_LS4054	0.015280012839227723	0.8974269204824341	0.022912304003766214	0.02741109142179764	0.03696967125277431
DLBCL_LS2208	0.03279849809810023	0.025080438059279616	0.036858373305997304	0.031630468600649046	0.8736322219359738
DLBCL10852	0.008382370216354613	0.00648815175078816	0.009577469388479042	0.02253805586746677	0.9530139527769114
DLBCL10922	0.014925917973294319	0.8966356706180255	0.05149745278658288	0.01722854887785415	0.01971240974424317
DLBCL10844	0.8518117550948461	0.04156320411554973	0.01480433921914862	0.022356342532972917	0.06946435903748267
DLBCL_RICOVER_978	0.8869854307060241	0.008369208664018081	0.049366399908153884	0.04626891509971865	0.009010045622085277
DLBCL10993	0.8608808800050168	0.009020049188586175	0.031791938539667434	0.033017796434022674	0.06528933583270695
DLBC_FF_8043_TP_NB	0.024557056345046235	0.9377837143733643	0.015732072611774083	0.008606373859337428	0.01332078281047794
DLBCL10884	0.8997999073741372	0.008232729914955095	0.012453576980725137	0.06896662925571988	0.010547156474462716
DLBCL_RICOVER_274	0.041564000423757616	0.08163812807338731	0.03453815616388598	0.7524234840883512	0.0898362312506178
DLBCL_RICOVER_408	0.013557530372432782	0.8972130462637795	0.06261384581077166	0.016860723559961245	0.009754853993054835
DLBCL_RICOVER_1289	0.00694837653136201	0.005831554163154897	0.016048664260733377	0.021519133380636782	0.9496522716641129
DLBCL11670	0.0045509099978798895	0.016491429373689324	0.9552452043023143	0.010388869761990202	0.013323586564126312
DLBCL_C_D_1144_NULLPAIR	0.008155095827525452	0.021363343238663228	0.010348331339162322	0.008263085461010256	0.9518701441336388
DLBCL_LS4616	0.009118977523145739	0.14594495489131615	0.7567371332253121	0.06192848256396629	0.026270451796259784
DLBCL_DFCI_DLBCL_GOE07	0.009715700354531235	0.9408763313378801	0.02206890385239782	0.006476174798011161	0.02086288965717969
DLBCL_RICOVER_1018	0.034850801602103805	0.030749102928577465	0.028032462813978153	0.8864908929200959	0.019876739735244685
DLBCL10495	0.9243506020257353	0.0326862817062439	0.0071837429353042125	0.02065216436035912	0.015127208972357494
DLBCL10935	0.9059898340361485	0.03903036566505479	0.009004060560259522	0.037128481387238677	0.008847258351298475
DLBCL_LS2599	0.008389816531866642	0.01065519046424401	0.9578119067877044	0.01824987883927666	0.004893207376908199
DLBCL_LS3245	0.0056982661242966385	0.9497488063721169	0.02615537898686947	0.009525099621600357	0.00887244889511659
DLBCL11658	0.031201806053529957	0.013562748483048628	0.03885961355736985	0.8786864542514676	0.037689377654583925
DLBCL10883	0.018001621379653335	0.005811919630912999	0.017267379554669813	0.010097516845782112	0.9488215625889818
DLBCL_LS2357	0.029008450113469832	0.01244701621796361	0.024695084766216714	0.9148046509538852	0.01904479794846461
DLBCL10465	0.003613491571780607	0.008393209487893658	0.9637669107876502	0.0138056244700295	0.010420763682645976
DLBCL11353	0.007243701517463868	0.03763676397327593	0.04717121088309104	0.010190538985960992	0.8977577846402082
DLBCL_RICOVER_977	0.9636706197204106	0.0036531266843055034	0.005184145361948012	0.01886703294412382	0.008625075289212062
DLBCL10525	0.9662055959410719	0.003320617909550767	0.008313021022119001	0.013972307722289235	0.008188457404969094
DLBCL_RICOVER_1248	0.0056793816569698525	0.004163736263157746	0.002721698674142219	0.005271233933858698	0.9821639494718715
DLBCL11470	0.9687259537158815	0.003716390039390089	0.005245220630780997	0.01709588996982658	0.005216545644120774
DLBCL_RICOVER_1106	0.0034809137598710853	0.006623055025305596	0.0065422406399191484	0.010098713948824644	0.9732550766260796
DLBCL10931	0.9807025180167048	0.0025311886910646033	0.0034316779378160073	0.008073354737046604	0.005261260617367986
DLBCL_C_D_1128_NULLPAIR	0.9857671421404455	0.002561042333870361	0.0026845441698140626	0.00562625183439347	0.003361019521476674
DLBCL_LS1757	0.9747956807365323	0.006888003909202231	0.003830662963206908	0.010786959613514783	0.003698692777543764
DLBCL_RICOVER_451	0.9918048780694497	0.0014543861419970834	0.0017130270796097313	0.003495954275611052	0.001531754433332376
DLBCL11667	0.004300192518391472	0.007391992000881477	0.9781525631855839	0.006027583672936103	0.004127668622207086
DLBCL11456	0.009445024449691575	0.943235939173706	0.02099366061396195	0.018040920335049317	0.008284455427591179
DLBCL10880	0.022137333283789886	0.0064218389106770885	0.007779830443745925	0.009670754856600692	0.9539902425051864
DLBCL11656	0.0034434960099291563	0.005126366831451824	0.9788041009613428	0.006419774967367305	0.006206261229908882
DLBCL11195	0.004161475922337095	0.010639933681918535	0.005773965022201784	0.008011208097844757	0.9714134172756979
DLBCL_RICOVER_221	0.007773129748793091	0.007939305972083205	0.029381135080604144	0.016174920473214283	0.9387315087253053
DLBCL11500	0.008455599230908278	0.0043671005088624345	0.007346533544376729	0.009585659869843721	0.9702451068460088
DLBC_FF_8042_TP_NB	0.008478604198342959	0.028161697325032216	0.039425584281338966	0.010813381086582334	0.9131207331087036
DLBCL10862	0.0038102871661921576	0.005099461304490147	0.0037643385175618817	0.0035722287396782867	0.9837536842720775
DLBCL10903	0.004461342978108086	0.9736254635530365	0.011272921640423591	0.005371722535959147	0.005268549292472759
DLBCL_RICOVER_533	0.007814843856964902	0.9586966405540264	0.018336067230476764	0.008780601841661639	0.006371846516870365
DLBCL10781	0.0033462037804346937	0.003578159049412533	0.0025671314264695106	0.005520802187121389	0.9849877035565618
DLBCL11450	0.004073829250852441	0.003509469871713383	0.002025076678302572	0.004001863382329188	0.9863897608168024
DLBCL11188	0.003739366312601509	0.9804548201041341	0.008145018507722429	0.0034888437240115414	0.004171951351530386
DLBCL_LS146	0.004204075364627781	0.9775972317324509	0.009547560207293769	0.0039614541159081074	0.004689678579719391
DLBCL10535	0.001907901967072995	0.0024957195030642235	0.0019360793764236998	0.0020927060021599265	0.9915675931512792
DLBCL10530	0.0017911186315072495	0.0032193828403826613	0.0025069334670298304	0.002635774848066282	0.989846790213014
DLBCL_C_D_1125_NULLPAIR	0.0014787780131899637	0.003067788812279816	0.0025958555051563566	0.0025277855309622315	0.9903297921384117
DLBCL10951	0.000716664739127654	0.001023629747307031	0.0008818045878963152	0.0009022175451047529	0.9964756833805642
DLBCL10534	0.0	0.0	0.0	0.0	1.0
DLBCL11441	0.11262198589817238	0.01602946587467047	0.18615820735070585	0.1834675040674589	0.5017228368089923
DLBCL11504	0.11666257852116306	0.13475202877265663	0.1652926646559003	0.133635445860886	0.449657282189394
DLBCL10908	0.12604562083986653	0.36691010969342785	0.11280062427345214	0.060162667979756335	0.33408097721349705
DLBCL_RICOVER_1060	0.2734209507077152	0.16066241394706654	0.039799082100117164	0.023775212124302787	0.5023423411207982
DLBCL_LS2590	0.04282163701559544	0.023935144316330096	0.0428337591860204	0.5611512471017341	0.32925821238032
DLBCL_LS2154	0.6130999494922101	0.1655280760897241	0.10281771083180449	0.08482764940738369	0.033726614178877526
DLBCL10451	0.6410199416787569	0.03366549384867343	0.271569566165655	0.040270956950356984	0.013474041356557788
DLBCL_LS1668	0.018229811646761157	0.2471047937199473	0.2732743016771908	0.3741814941492318	0.087209598806869
DLBCL_MC_F064AB	0.047805485396064815	0.03518460723784788	0.5912327671828178	0.3000745535795714	0.025702586603698115
DLBC_FF_A7CX_TP_NB	0.22311304494642342	0.02450726337173415	0.19978086099996273	0.08275612304062759	0.4698427076412523
DLBCL10985	0.07954453485042604	0.5849538798626459	0.04644452599602066	0.2564449333164023	0.03261212597450512
DLBCL_RICOVER_522	0.05464966049257134	0.077340165403662	0.6005255437214411	0.2529368832055576	0.014547747176768005
DLBCL11433	0.13409892292350387	0.017989950422781145	0.13319342823298014	0.4426646545470569	0.27205304387367785
DLBCL_MC_F218_RAP	0.2807840495621434	0.015925882991986513	0.10457574021952262	0.5739972593591951	0.02471706786715228
DLBCL10965	0.21426633098677242	0.02102385826629371	0.04043594096845687	0.6725608487512033	0.051713021027273764
DLBCL_C_D_1105_NULLPAIR	0.25765209170564285	0.6524780808056839	0.03504002285842197	0.030723334709907808	0.02410646992034344
DLBCL10957	0.6321070010915104	0.023123600853480135	0.17242903278362257	0.15407805881979925	0.0182623064515876
DLBCL11458	0.17837687937463703	0.07514651816145847	0.6267896473437647	0.03387719392612518	0.0858097611940146
DLBCL11206	0.035579592044911235	0.6076025664058792	0.0788180461534074	0.010377125037590461	0.26762267035821174
DLBCL10539	0.07917182529291472	0.20535873721949854	0.0412974576355056	0.6154056385676127	0.05876634128446842
DLBCL10972	0.6531808255142303	0.17905163829575274	0.023733568311675265	0.03422867596230539	0.10980529191603637
DLBCL_RICOVER_216	0.07829108897825439	0.18041881033815227	0.06986147407785122	0.030958815179456485	0.6404698114262857
DLBCL_RICOVER_1165	0.027392806163269952	0.6290586314083877	0.22194136658702965	0.025401899843500875	0.09620529599781183
DLBCL11002	0.30109490873554656	0.031866743718330176	0.032000384025013165	0.6168283629205027	0.018209600600607376
DLBCL10863	0.07016451414440115	0.01915400054400627	0.02920736758039094	0.771211576792179	0.11026254093902263
DLBCL11486	0.6840661482556167	0.028231252580851775	0.01634842708435191	0.0404080603490361	0.2309461117301434
DLBCL11449	0.06155699841385165	0.732625871174628	0.05748314799809372	0.02926700597132777	0.11906697644209892
DLBCL10934	0.085089963012992	0.2549550717245188	0.027147115277400553	0.11999664657767725	0.5128112034074114
DLBCL10490	0.8146510301555232	0.023433405038114974	0.01398864119964195	0.03907717854273945	0.1088497450639804
DLBCL11447	0.04431442493907238	0.01952243115811949	0.03353978440594146	0.8142695734634106	0.08835378603345607
DLBCL10930	0.163718432830509	0.02720006210246423	0.014738780391444828	0.023871455641941795	0.7704712690336402
DLBCL_MC_F307_JPS	0.7791448908319887	0.032435238178275025	0.028040063497294116	0.12820989806365757	0.03216990942878464
DLBC_FF_8062_TP_NB	0.09737893339183054	0.014732182241731423	0.06145528070256157	0.7919110312911011	0.034522572372775354
DLBCL_C_D_1112_NULLPAIR	0.031061143096247246	0.1652238471010002	0.7408047221393608	0.03410722121003051	0.028803066453361326
DLBCL11474	0.7842955731108731	0.013161909721007697	0.01616116322191127	0.15602565701770296	0.030355696928505028
DLBCL11538	0.022703828079941358	0.01612975807580792	0.743963323378666	0.1495512215029649	0.06765186896261981
DLBCL11003	0.08556002677989134	0.07905101019264811	0.028526952749708574	0.09343350591848908	0.7134285043592629
DLBCL_LS155	0.03774127571780229	0.011381750123661924	0.7537114962847962	0.16399957989425556	0.03316589797948406
DLBCL10906	0.029406658272611567	0.823717824588819	0.03331483004484493	0.02507174705310303	0.08848894004062138
DLBCL_C_D_1109_NULLPAIR	0.0718812209483481	0.012995700939369179	0.025698535509223772	0.8580798904421635	0.03134465216089549
DLBCL_C_D_1126_NULLPAIR	0.017344091143619362	0.9113571871059375	0.02237415829084925	0.019217010516905778	0.029707552942688113
DLBCL10968	0.7596635342232646	0.013204869586339572	0.01519925298266084	0.1688536210643875	0.043078722143347445
DLBCL_MC_F139_LJF	0.05332109180665944	0.013641420280145693	0.03822936041673974	0.8770082354815526	0.01779989201490248
DLBCL_RICOVER_956	0.017812181834862724	0.1819669760695254	0.054369433931566596	0.025424312260260942	0.7204270959037843
DLBCL11527	0.03701580130444307	0.032645507723292375	0.12291311937180587	0.7672903375886428	0.040135234011815894
DLBCL_RICOVER_1061	0.04974243976141776	0.012714420957988096	0.02707796463805003	0.8945389299806104	0.015926244661933788
DLBCL11472	0.8006786030867377	0.008697002495699845	0.03672613687332412	0.1327982753589578	0.021099982185280537
DLBCL_RICOVER_701	0.05067804487441917	0.014094769837510268	0.02427231524157849	0.88860627737251	0.022348592673982093
DLBCL10482	0.8842701073544764	0.012478236458690393	0.014838396425466652	0.024001005266488216	0.06441225449487833
DLBCL_C_D_1119_NULLPAIR	0.1337609392410639	0.7937293858727338	0.03056630914468365	0.018400691075930984	0.0235426746655877
DLBCL11512	0.8337771479369771	0.03503819224785327	0.02952487093160953	0.09220791570228773	0.009451873181272358
DLBCL10486	0.8231440717752978	0.05434454010150621	0.015488948501784316	0.07074729759079533	0.0362751420306163
DLBCL_RICOVER_1210	0.010681100519663644	0.8116723629171129	0.13068304213541654	0.027264582552332144	0.01969891187547478
DLBCL10532	0.011398106547090243	0.015018678834653227	0.06607667911720162	0.029437022036830816	0.8780695134642241
DLBCL11460	0.05061929017055095	0.02353694401922122	0.023337730100410528	0.8819738778965708	0.02053215781324649
DLBCL11484	0.01444227335094871	0.8692348874930508	0.053434657891392456	0.016433076382907242	0.046455104881700765
DLBCL11675	0.019631233869094232	0.010650803063317392	0.8440289686750009	0.049830539888290955	0.07585845450429651
DLBCL11480	0.869508019382788	0.02249321775146727	0.02419810051799557	0.022320244148651795	0.0614804181990974
DLBCL10963	0.09617734364582321	0.06979973240612031	0.022153212072399238	0.17556117877102148	0.6363085331046358
DLBCL11205	0.884339492006888	0.03637437935648794	0.042938138595474254	0.026373724452714	0.00997426558843586
DLBCL10954	0.009975215235112364	0.8981790289284212	0.0440303705086823	0.02001508862784311	0.02780029669994109
DLBCL10969	0.7621189034724952	0.10863223549651428	0.06238659803774544	0.04109810366993384	0.02576415932331119
DLBCL11681	0.8018861608656154	0.008266891179120514	0.08258160238810393	0.04531353374017133	0.06195181182698887
DLBCL_RICOVER_773	0.010262018829089921	0.05098080002494762	0.05743162389175305	0.011713037169736068	0.8696125200844733
DLBCL10898	0.017859981760354183	0.07251609432508702	0.0224224991061013	0.03625289953422398	0.8509485252742335
DLBCL_C_D_1141_NULLPAIR	0.010351942325855618	0.041787194156746074	0.885783158872422	0.012945857183274555	0.0491318474617018
DLBCL10780	0.021520259128270533	0.8216904474176621	0.10883530538189563	0.03677647198375849	0.011177516088413235
DLBCL_C_D_1133_NULLPAIR	0.00903460865205869	0.017955668540511033	0.9475955622635625	0.014132206378621958	0.011281954165245892
DLBCL_RICOVER_496	0.01737605906713095	0.9111014702343018	0.03574084236206328	0.018898100465431878	0.016883527871072116
DLBCL_LS1098	0.007302424735873369	0.006032400759704505	0.9642535567314341	0.015440181809882004	0.006971435963106059
DLBCL10523	0.012199532768904491	0.010851070203804637	0.9313320751583029	0.03726673242640784	0.008350589442580185
DLBCL10902	0.014823603895453546	0.05169642433492666	0.061164823070057	0.01520261802201277	0.85711253067755
DLBCL10980	0.01442252004067402	0.13938738749234875	0.029811149585791525	0.03144377039199915	0.7849351724891865
DLBCL_RICOVER_299	0.012227274194940138	0.7533226244389906	0.18560839529649617	0.01448475239484594	0.03435695367472721
DLBCL_RICOVER_720	0.01653523593629362	0.045522667487403086	0.015030715973812503	0.009414392002336368	0.9134969886001544
DLBCL10460	0.01363905982582225	0.9236935134777833	0.043711267814141155	0.0072900557561339585	0.01166610312611939
DLBCL11666	0.004187659501150764	0.021981903368839782	0.9566510432909383	0.00913799453809637	0.008041399300974745
DLBCL_RICOVER_473	0.9360587059836477	0.007888314276385101	0.008427796444482128	0.040270726360384895	0.007354456935100206
DLBCL11457	0.9053686983905301	0.005259885114695692	0.0225279537436774	0.046825548494462334	0.020017914256634392
DLBCL11526	0.04491725733348301	0.015155809667663828	0.908521515809955	0.022308272728638865	0.009097144460259254
DLBCL_C_D_1131_NULLPAIR	0.006333648296330092	0.9423700610839175	0.01729575762742885	0.008255912033246332	0.0257446209590772
DLBCL10502	0.012114172920849375	0.9151805992461117	0.04901566528682865	0.0134786592045661	0.010210903341644168
DLBCL10925	0.010625142171985123	0.01608423004967746	0.010964705058257414	0.03238648757682776	0.9299394351432523
DLBCL_C_D_1113_NULLPAIR	0.006278146961695843	0.012695254273141858	0.9639102774877628	0.01121693197767646	0.005899389299723
DLBCL10459	0.003866390797581613	0.011380249785229448	0.9657125941512656	0.012143025527117607	0.0068977397388057336
DLBCL10857	0.006435139177983459	0.00781352522267144	0.010038374947295649	0.024198108311064472	0.951514852340985
DLBCL10483	0.005356340324811197	0.9632133165990968	0.01756734595623994	0.00464824201279437	0.009214755107057654
DLBCL11435	0.9613446978685033	0.003748475136766287	0.007279169110097815	0.020324425739970422	0.007303232144662228
DLBCL_LS378	0.9836870855988391	0.002940531284076128	0.0033434661441848	0.0077235836244604434	0.0023053333484394805
DLBCL10498	0.022216052836545364	0.02690287497735736	0.9077787928299277	0.036310651621435874	0.006791627734733739
DLBCL_MC_F349_BJJ	0.003083029898367837	0.004551018586585326	0.9809133943946522	0.006270887780084058	0.005181669340310602
DLBCL10458	0.9803644611598485	0.004426260003354385	0.0036070448693623137	0.00894315688529684	0.0026590770821378973
DLBCL_RICOVER_253	0.00625226666047783	0.9753611391709941	0.0077727877108751415	0.0035709939254156505	0.007042812532237244
DLBCL10850	0.00545091830624639	0.9779384347330883	0.0071717308468853755	0.003942759772207963	0.005496156341572049
DLBCL10999	0.0047521644699266025	0.007967246611117569	0.009313426754280433	0.019586195296429736	0.9583809668682457
DLBCL_RICOVER_174	0.005150628047360179	0.9762700251522012	0.009474977147362899	0.004810892288531686	0.004293477364544042
DLBCL10834	0.00506231397893493	0.9793486910346977	0.007180754007638283	0.0036293436781504756	0.0047788973005785775
DLBCL_MC_F262_WLC	0.9854399220010576	0.0022010206145601134	0.002505500320551208	0.006781663152958478	0.003071893910872649
DLBCL10889	0.0016629778284069504	0.0020159820168682736	0.0029177903666182353	0.0033737395950245302	0.990029510193082
DLBCL_RICOVER_744	0.003154054748915765	0.004317015592990677	0.9838593819914305	0.0054706124141065855	0.0031989352525564952
DLBCL_RICOVER_712	0.005138955157712895	0.010164728652081241	0.005963115259408651	0.010201524241667653	0.9685316766891295
DLBCL10990	0.004287492214826494	0.005116356030628464	0.0036819130467421503	0.003735620790757806	0.9831786179170451
DLBCL10977	0.0013861023409459678	0.001543573847256764	0.0020246991488562685	0.0020489936850560135	0.9929966309778849
DLBCL_RICOVER_506	0.0064478051462621465	0.02978488216991832	0.011043402247930347	0.00840461730766039	0.9443192931282288
DLBCL10901	0.0014677846303961448	0.0018309880836080389	0.0022184197909265514	0.0024527206148915095	0.9920300868801778
DLBCL_RICOVER_1032	0.004079472917502336	0.00986663332319899	0.005090942220190461	0.0049895855000037705	0.9759733660391045
DLBCL10842	0.0005439722934121664	0.0005172046637236667	0.0006201972831430808	0.0009450202323385154	0.9973736055273825
DLBCL10860	0.00035211694535886733	0.0003995206230489095	0.00044297355722999445	0.0005683522579096594	0.9982370366164526
DLBCL_RICOVER_1192	0.0026309772357080265	0.004661629764782695	0.0026427989972168304	0.0028394949358391927	0.9872250990664533
DLBCL11000	0.0008915361111342501	0.0010454648012975208	0.0012577008608986476	0.0016266841231321325	0.9951786141035375
DLBCL11483	0.20336039827852598	0.17501136583582833	0.2320399745108085	0.13243965067803315	0.25714861069680406
DLBCL_MC_F927_JHS	0.19930605901060644	0.19329126914053696	0.2597098471546148	0.13719346998230122	0.21049935471194056
DLBCL_RICOVER_1190	0.4390466315710973	0.0433271879401031	0.21953255989169446	0.03435451039756024	0.2637391101995449
DLBCL10971	0.2924718212224987	0.48601586758145643	0.035092430276863484	0.05211175442183376	0.13430812649734764
DLBCL10907	0.2992294284296316	0.4215968787711353	0.03701556219150845	0.1611604926274736	0.08099763798025107
DLBCL_RICOVER_258	0.3135854723003611	0.014869286334835556	0.1095998001689852	0.09181551287281235	0.47012992832300576
DLBCL10548	0.5553603298599341	0.2215287192541449	0.020773660367984986	0.1720347099536342	0.030302580564301854
DLBCL11683	0.06734225689163265	0.03252006207472684	0.6510144459905628	0.22377116766067182	0.02535206738240593
DLBCL_LS2367	0.6199402592846198	0.09296655345148722	0.04244944506175687	0.1653648051275075	0.07927893707462862
DLBCL10875	0.6885423163753711	0.10068524683941055	0.02111519765654993	0.16008812736495762	0.029569111763710826
DLBCL11473	0.6558420606161273	0.11539377175350095	0.014443575317414558	0.1881121489082027	0.026208443404754606
DLBCL_RICOVER_1329	0.05174797756326146	0.5164012606608723	0.04242230366123062	0.02616809004234315	0.3632603680722924
DLBCL_MAYO_DLBCL_234	0.08176550577179674	0.016595240115665287	0.21598667131490754	0.2959918387907695	0.3896607440068609
DLBCL10488	0.689351987600168	0.11942623920269907	0.09939940249855891	0.08444710192018826	0.007375268778385728
DLBCL11455	0.45498058924624746	0.03223444067740293	0.11757240875052104	0.3759252550567731	0.01928730626905545
DLBCL11467	0.07501588882023184	0.05236972484233673	0.11307060063808617	0.4590052910299521	0.3005384946693931
DLBCL11509	0.5190440638093042	0.0645957134304511	0.10258908777660718	0.28687735874670045	0.02689377623693704
