	0	1	2	3	4
DLBCL11431	0.21151382424828916	0.1844674815627124	0.20890632754126423	0.1450202547933655	0.2500921118543687
DLBCL_C_D_PAIR13	0.21030406273660535	0.1797539260986699	0.2116793668981434	0.1485288158367067	0.24973382842987465
DLBCL_MAYO_DLBCL_3653	0.2388608676308437	0.047443137216369426	0.08154363287838506	0.20989582544285926	0.4222565368315424
DLBCL11534	0.04949866662049348	0.02854871889894349	0.4341843406320635	0.14750205578432868	0.3402662180641709
DLBCL_RICOVER_711	0.20865095833175124	0.48482732808076123	0.025285372574651598	0.252644325745674	0.028592015267161833
DFCIDL004_DT	0.2862386616442612	0.012401208864490636	0.025473794402607403	0.18772674564983094	0.48815958943880977
DLBCL10915	0.055639002614045904	0.08690345299492372	0.04303299991297994	0.2739915712022981	0.5404329732757523
DLBCL_LS1304	0.023567815936323015	0.028048951340392203	0.5477959365189702	0.03625387066956754	0.36433342553474707
DLBCL_LS2325	0.03622726456368355	0.32807436770692283	0.5863949556669283	0.02629793871671782	0.023005473345747485
DLBCL10891	0.022388986374983443	0.012398921551005505	0.1140405048729463	0.1187950799829732	0.7323765072180916
DLBCL_RICOVER_1045	0.40857282622715413	0.036327464228814436	0.024642676005995023	0.46720388339345686	0.06325315014457951
DLBCL10874	0.059729309599677996	0.1908136453959404	0.02519292995600418	0.12699005307751832	0.5972740619708591
DLBCL10986	0.7019009231919554	0.06545026195150445	0.11833961418744204	0.09534401370509454	0.018965186964003577
DLBCL_BWH_DLBCL64	0.17601676623022755	0.2277004182562431	0.06210052264888671	0.5138235755260026	0.020358717338640073
DLBCL10858	0.04626948948899788	0.011194081548860483	0.026737092601733604	0.20596744196418823	0.7098318943962197
DLBCL_C_D_1148_NULLPAIR	0.5451368393017132	0.011956164307744287	0.11839121933352066	0.29658559767068543	0.027930179386336323
DLBCL_RICOVER_1046	0.013404024854079339	0.5557586929126402	0.3503217797170607	0.02378506567885294	0.056730436837366865
DLBCL10867	0.01623374165492212	0.2767345470105305	0.030067445516945436	0.04398922659645238	0.6329750392211495
DLBCL_C_D_1159_NULLPAIR	0.269831771761272	0.017263527640982122	0.03342343387525813	0.646696857252757	0.032784409469730665
DLBCL11652	0.5524006955976015	0.30733950327861453	0.03945938954961005	0.043557102228801575	0.05724330934537233
DLBCL_LS951	0.8561954987939475	0.04577603663910326	0.030807929531151367	0.05873245453294853	0.00848808050284929
DLBCL_RICOVER_1287	0.025455441610831672	0.2208014217135399	0.03010809009294427	0.028016817701746254	0.6956182288809379
DLBCL11491	0.1971278243091358	0.017996500772203054	0.04490127644395744	0.6524643301025516	0.08751006837215212
DLBCL10878	0.054698587982373	0.012190894807654614	0.016043174423706532	0.06200737896837094	0.855059963817895
DLBCL10846	0.09801940252572186	0.7547365008867042	0.026784364699968772	0.06550270369598621	0.05495702819161906
DLBCL10833	0.04586069581068256	0.010201802700134604	0.012846074675531144	0.05139174234631722	0.8796996844673345
DLBCL10835	0.011244052435708527	0.05560169208921524	0.015476807540734903	0.0494103104108138	0.8682671375235276
DLBCL10491	0.04824174936189176	0.2753415285986345	0.09248457626135465	0.5586226731429791	0.025309472635140003
DLBCL_RICOVER_478	0.10535315574370294	0.7341610628437227	0.024015391599686065	0.017323937953684757	0.11914645185920347
DLBCL10513	0.14038763485790218	0.041002210560634855	0.051976343124450555	0.7493611273118674	0.017272684145144986
DLBCL_RICOVER_111	0.14398177658994013	0.03444444997565008	0.5825645410882354	0.06520642776596913	0.17380280458020517
DLBCL11429	0.9140256583643623	0.005231029214442897	0.012408899753483705	0.04797380363630425	0.020360609031406796
DLBCL10981	0.023172052179135965	0.8633631658818162	0.03945762366199069	0.0521275384191869	0.021879619857870333
DLBCL10836	0.014962952439614804	0.004888208236650364	0.014488915355125075	0.022946860330577957	0.9427130636380318
DLBCL10868	0.056687947575106166	0.018773556705970647	0.02587871084166865	0.7508174746720455	0.14784231020520905
DLBCL11661	0.018154687265491912	0.8560830963605315	0.04759420207786907	0.06493003036332531	0.013237983932782195
DLBCL10456	0.040555609561907575	0.01701037113376259	0.05214972753519472	0.8494484564250596	0.04083583534407552
DLBCL11507	0.024720491517079973	0.851775529871612	0.09334678366366977	0.015615305400422429	0.014541889547215879
DLBCL10866	0.006734018820747179	0.006675387543479454	0.01062481408055883	0.020891088100802792	0.9550746914544117
DLBCL_RICOVER_787	0.0804894313997434	0.7943912179680584	0.04114183232823729	0.07139463066510748	0.012582887638853386
DLBCL_RICOVER_985	0.03401115443877686	0.024947813664518502	0.08654958283854296	0.8113965828676973	0.0430948661904644
DLBCL11520	0.8980226598261176	0.0062471631352731495	0.010585093410253769	0.031273350603930765	0.053871733024424724
DLBCL10529	0.007287526526291779	0.047508794793926265	0.02076478869058325	0.02274479496986523	0.9016940950193335
DLBCL10914	0.8787972159423137	0.030635512763979002	0.05118904939483561	0.021784344062041935	0.01759387783682972
DLBCL10894	0.02490749723857497	0.9347382942810493	0.011540114803798652	0.02092857814399275	0.007885515532584392
DLBCL10547	0.040658768083842896	0.018307896542929632	0.02669937121797968	0.8858100504683398	0.02852391368690794
DLBCL10521	0.011073003559918148	0.05641484110220734	0.008392830002079174	0.011352933332068462	0.9127663920037269
DLBCL11539	0.9751488768467126	0.0021777735277922917	0.005673985888415387	0.013837459523801053	0.0031619042132787064
DLBCL11476	0.021373984544909852	0.017918515716782952	0.007595303236151697	0.009398850602236632	0.9437133458999188
DLBC_FF_A7CQ_TP_NB	0.010906029630127921	0.006679745793202293	0.00832371891401781	0.022843578239867518	0.9512469274227845
DLBCL_MC_F815_BAT	0.009562068749241058	0.02168573260390653	0.9130322910377627	0.042856096737665314	0.012863810871424297
DLBCL_RICOVER_950	0.036486458174808035	0.014824430125176436	0.05952789508971298	0.8676672695592471	0.021493947051055395
DLBCL_LS1921	0.022536731321048647	0.883380311073761	0.03431662267846199	0.0502451267882488	0.009521208138479509
DLBCL10544	0.04400932794737197	0.014885449700589215	0.03941071374947437	0.7706487609387168	0.1310457476638477
DLBCL11459	0.034579403620535624	0.013478889261296933	0.025745970171005533	0.9042244055747417	0.021971331372420223
DLBCL10536	0.020635374823974862	0.10394419382121825	0.7853670350392703	0.06355474077474291	0.02649865554079373
DLBC_FF_8046_TP_NB	0.016195042560802456	0.008819379226927684	0.9460002336328984	0.01760919037824975	0.011376154201121688
DLBCL11564	0.037262535440163766	0.014822707807847712	0.02549192262099666	0.898085396565126	0.02433743756586587
DLBCL_LS1395	0.011693627979505235	0.03694318862685791	0.9145206587165217	0.015141350341822046	0.021701174335293123
DLBCL10466	0.006832844061702934	0.021967249756874658	0.9282116427631141	0.029114995832955026	0.013873267585353347
DLBCL_C_D_1108_NULLPAIR	0.015224248056868202	0.8608879610549134	0.01539823676177767	0.011307261797430745	0.09718229232900999
DLBCL11481	0.9385745336506723	0.0060744057737427614	0.02384247599502147	0.015363295126329772	0.016145289454233717
DLBCL11479	0.016842383995036757	0.8894912648977044	0.056758007617956394	0.012756082382390472	0.024152261106912067
DLBCL10900	0.004153763517569209	0.0031532548520417673	0.003729443688029712	0.007297521621615941	0.9816660163207434
DLBCL_MC_F500_ECU	0.006309411865072037	0.9514291525335329	0.01380993061933573	0.011850181108764492	0.016601323873294823
DLBCL11662	0.9468568519687632	0.006282036526921619	0.00528780261950406	0.022600794204663887	0.018972514680147167
DLBCL10992	0.002487238919409128	0.0022400249092754325	0.0041918315849966276	0.004766106592740345	0.9863147979935785
DLBCL10950	0.9079705904702785	0.008899097189739087	0.015019070014583965	0.040570229630231866	0.027541012695166567
DLBCL11462	0.9161498367081315	0.007426621029364814	0.022047727122658657	0.017907474755460423	0.03646834038438453
DLBCL10879	0.007637494068941646	0.008419183459613757	0.9487982280665359	0.020306549095828855	0.014838545309079873
DLBCL_MC_F606_DMJ	0.00811708666434514	0.04271341722453224	0.9214110336930488	0.01515157302135781	0.012606889396716
DLBCL_RICOVER_829	0.9456897562447902	0.011151221995239347	0.0045838475223405435	0.02619378415357416	0.012381390084055663
DLBCL10847	0.011436624313821019	0.021659971282445	0.007128092198068	0.007006778388907073	0.9527685338167589
DLBCL11672	0.0058477135331436525	0.006612856933453375	0.9584518731726054	0.017118203739541735	0.011969352621255858
DLBCL11461	0.9862813882753264	0.0018256587986511953	0.00268954509344964	0.007385886695348101	0.001817521137224645
DLBCL10912	0.9938509445619911	0.0008683111056536255	0.001325667634233048	0.0030207986403320464	0.0009342780577902004
DLBCL11537	0.9610840908500656	0.0034793011913559985	0.007363404445065096	0.011775146787084162	0.016298056726429082
DLBCL10494	0.007944840825175723	0.9348658732339528	0.03749024147025461	0.010505021081534229	0.009194023389082723
DLBCL10515	0.9824674861773434	0.002735959729941213	0.0022045532112955606	0.009054748687534649	0.0035372521938851855
DLBCL10945	0.9374914752314392	0.006468484203347587	0.007791150424822882	0.01807953349474308	0.030169356645647266
DLBCL10555	0.00822237343550882	0.00807993261457207	0.972342289510492	0.007665960175566521	0.0036894442638606686
DLBCL11685	0.004299794854704679	0.005292138080746546	0.9676507143277778	0.010030240720159051	0.01272711201661193
DLBCL10853	0.002875117414709661	0.002384073491357134	0.0031248393582154746	0.003964473069048013	0.9876514966666697
DLBCL_LS3200	0.004983006580660463	0.01913488561819428	0.006497602598233835	0.00631609511753717	0.9630684100853742
DLBCL10887	0.003518397370507533	0.005214725115742589	0.011593888265224688	0.00807798300744889	0.9715950062410763
DLBCL11558	0.004378641524756057	0.004694606714556429	0.9803227126553681	0.007811635899272778	0.002792403206046604
DLBCL_LS297	0.004420625937646761	0.0038218681043325343	0.9792480975110613	0.00878741577510169	0.003721992671857624
DLBCL_C_D_1129_NULLPAIR	0.9633440456047997	0.0035941195129725397	0.009306797903458479	0.011926727428556097	0.011828309550213148
DLBCL_C_D_1114_NULLPAIR	0.9906074444675653	0.0012078970763556608	0.0014669496003125778	0.005098894798728172	0.0016188140570382536
DLBCL_C_D_1130_NULLPAIR	1.0	0.0	0.0	0.0	0.0
DLBCL_MC_F089_HCZ	0.002856924839704696	0.9760371307443259	0.009770536570164755	0.004946033009517772	0.006389374836286929
DLBCL_RICOVER_417	0.0017931059069524538	0.002595607364990507	0.0029909222152479284	0.004028800028472554	0.9885915644843366
DLBCL_LS3749	0.003348540694696994	0.9845142215209671	0.005155773672625958	0.004255890870661112	0.0027255732410487905
DLBCL10997	0.9875605978650911	0.0019364799397350709	0.0018136673281161204	0.006183698783124912	0.00250555608393275
DLBCL_DFCI_DLBCL_GOE16	0.0024795775149003855	0.0027801152320282977	0.9867274924467423	0.005452600122435568	0.002560214683893426
DLBCL11428	0.0038513133327776365	0.004270911626502877	0.9834268666504427	0.006087896953441404	0.0023630114368354623
DLBCL11680	0.0071396033605270175	0.005217745541895854	0.9774453407497349	0.006325762582101293	0.0038715477657409237
DLBCL11203	0.0034993867887635802	0.9817234092148619	0.005289961414164889	0.00530011731764422	0.004187125264565449
DLBCL10550	0.0015384011996163508	0.0016138524778859583	0.0021885529755689406	0.002602391268301277	0.9920568020786275
DLBCL_RICOVER_449	0.0008991165531512476	0.0009166404964421465	0.0009582100509901416	0.0015629157214027843	0.9956631171780137
DLBCL_RICOVER_440	0.011173819905105006	0.9017782071379017	0.06466721474300187	0.007623150215627339	0.014757607998364035
DLBCL_C_D_1163_NULLPAIR	0.0023636609832271074	0.002943234974338593	0.003353411875735734	0.006535941129591912	0.9848037510371066
DLBCL10510	0.0033452207904937723	0.9886490321922835	0.0028129442303541827	0.0021321837967825962	0.0030606189900859175
DLBCL_MC_F519_ALT	0.0003215079211271219	0.0004425207830715134	0.00031990958055260274	0.00042948133885190775	0.9984865803763968
DLBCL10983	0.00570596684950798	0.9767794976764428	0.005171971435595563	0.004504682542029125	0.007837881496424563
DLBCL_LS1065	0.0026328056023847035	0.9897047621887489	0.0031617210021197086	0.00204410997988779	0.0024566012268588235
DLBCL10461	0.0026270888141477692	0.9810426033758778	0.006636651140984398	0.0029034424479361894	0.006790214221053841
DLBCL_C_D_1136_NULLPAIR	0.0014695320240115588	0.9941712546246967	0.0015718211998881693	0.001357632496415587	0.0014297596549879635
DLBCL_MC_F729_MAN	0.0015075046550103214	0.9936972235198858	0.001888905415364094	0.0010888776481426511	0.001817488761597137
DLBCL11565	0.0015154666644447248	0.9924356806813274	0.0021855311522667145	0.0017194333182094564	0.0021438881837517226
DLBCL10911	0.0008931602699951528	0.9962750194809864	0.0012403095847194662	0.000696822442913663	0.0008946882213853159
DLBCL_RICOVER_910	0.18960693773199552	0.17636813743045884	0.04809109661413812	0.5532791488836868	0.03265467933972074
DLBCL10974	0.05529297979363583	0.02313111511405136	0.049186187153217494	0.5127527865746371	0.3596369313644583
DLBCL11590	0.23036273842426852	0.017294724836115792	0.44864965849090455	0.2145671450274641	0.08912573322124696
DLBCL_RICOVER_1018	0.05767802666629483	0.10879527992136408	0.029323524778881418	0.7667195279803183	0.03748364065314139
DLBCL_DFCI_DLBCL_GOE05	0.01080512030305524	0.46338011655780714	0.09715137489796892	0.024289528608705653	0.40437385963246303
DLBCL_LS3499	0.08296304116505433	0.15090798774681652	0.04968304155966297	0.6715031027966585	0.0449428267318077
DLBCL10782	0.1315914007896379	0.053076807664822034	0.04057070522898834	0.7510602241700179	0.023700862146533833
DLBCL10936	0.14911603111995292	0.469821245182123	0.14101151275590626	0.10763240076801463	0.13241881017400314
DLBCL11528	0.4936156550714851	0.2840300052570016	0.15677975291241047	0.040215685274176474	0.025358901484926238
DLBCL11202	0.24773857686517817	0.05957558427559457	0.565081725023056	0.11767995375935755	0.00992416007681375
DLBC_FF_8042_TP_NB	0.012214360463781873	0.08590377554155665	0.06229642318342644	0.044980821741339855	0.7946046190698951
DLBCL11436	0.18344872617126254	0.47588098359664055	0.03215916555894153	0.2284809647861606	0.08003015988699479
DLBCL11204	0.21316605234018116	0.6447659871540381	0.03774396790499482	0.06324686000033097	0.041077132600454876
DLBCL10553	0.04036599206979568	0.0304011475826356	0.09685674594846876	0.7932587610466625	0.03911735335243751
DLBCL_RICOVER_1278	0.07573086705940822	0.028789086980148017	0.0323794123040678	0.39139688017178825	0.47170375348458765
DLBCL11430	0.7371166045124067	0.012197568324734533	0.0567517730454902	0.1756766323046068	0.018257421812761767
DLBCL_C_D_1117_NULLPAIR	0.14180689995788107	0.5718113892083616	0.023204032181931882	0.23183622882923605	0.03134144982258936
DLBCL10512	0.012216465271429253	0.09251776020579267	0.638096622914471	0.04273674559417318	0.21443240601413396
DLBCL10910	0.018583327334994338	0.08769423652559082	0.7509029761902853	0.10832742093786299	0.0344920390112665
DLBCL11515	0.020926375441182997	0.10431146638235578	0.6600506019360322	0.039815694002148884	0.17489586223828013
DLBCL10909	0.06259741322875362	0.018029822022867955	0.06326074680439264	0.7533454339357022	0.1027665840082836
DLBCL_RICOVER_274	0.04376777183912637	0.07064593168378942	0.031313715833439865	0.8000630359943222	0.05420954464932218
DLBCL10564	0.041146575443282006	0.03473285301394508	0.05264822805442513	0.8416246399985293	0.029847703489818498
DLBCL10517	0.011111857947754123	0.721445512180279	0.20665366166203855	0.028535057670991983	0.03225391053893638
DLBCL11576	0.051391433985396175	0.15719496052612322	0.061126772383789295	0.6950696725152911	0.035217160589400276
DLBCL11478	0.568772387370186	0.0455397927970772	0.3194906413812809	0.05028651687594797	0.015910661575507978
DLBCL11519	0.6283230833044497	0.0339375630051342	0.02678068105645375	0.2944056349350655	0.016553037698896867
DLBCL10552	0.16864584316085413	0.021292194000531825	0.07924032380157425	0.7117024859245796	0.01911915311246007
DLBCL_RICOVER_945	0.8501690097823356	0.05099628271728415	0.011260088924310283	0.06740217892496508	0.020172439651104955
DLBCL11566	0.01289821575508583	0.03555187784089564	0.9287203767966408	0.015104448075477296	0.007725081531900503
DLBCL_LS2208	0.018582740482553844	0.07179152936701574	0.14584637045688426	0.03548463083008257	0.7282947288634636
DLBCL11437	0.06809291106314998	0.01121766156923713	0.039538206622600824	0.824039906123608	0.05711131462140402
DLBCL_RICOVER_577	0.009720948818952335	0.009529238369195205	0.9548903288057072	0.012235414915571546	0.01362406909057369
DLBCL11496	0.6937520941192162	0.0209553025764055	0.03172511045882395	0.056265011056968524	0.1973024817885858
DLBCL_RICOVER_467	0.018457648109048277	0.5174156973733612	0.03402969820799002	0.016041227283146765	0.41405572902645366
DLBCL10994	0.8352024499605036	0.043799839089363475	0.020245112857496503	0.04462249033678522	0.0561301077558512
DLBCL_C_D_1156_NULLPAIR	0.7824939702726182	0.024749143473026564	0.019222740569378238	0.15303326100290066	0.020500884682076254
DLBCL10503	0.04919587920580078	0.7096067688986945	0.1436464900707854	0.024825895724935997	0.07272496609978348
DLBCL10844	0.8300554295655058	0.02804109359609719	0.01472298628633988	0.029168360763708143	0.09801212978834897
DLBCL_C_D_1118_NULLPAIR	0.3185084274442935	0.5752715287746274	0.01926474866000278	0.05576004317900334	0.031195251942072972
DLBCL11488	0.7303408229457004	0.010154279603462654	0.015737969980460974	0.08512055849222087	0.1586463689781551
DLBCL10927	0.06727287405067685	0.01379326801909673	0.02706632036639483	0.8699479584321542	0.02191957913167736
DLBCL10565	0.030994201468228875	0.01344476108993091	0.8923126974350292	0.051433888658782005	0.011814451348029059
DLBCL11673	0.020273054551305132	0.8398225244985896	0.09686614308507209	0.027771765017360752	0.015266512847672411
DLBCL_RICOVER_850	0.007605101911648539	0.024271552358625284	0.01661391861711663	0.03393080659624239	0.9175786205163672
DLBCL_RICOVER_314	0.012936019218463213	0.08506305348000463	0.05704456364134807	0.03333261394621352	0.8116237497139706
DLBCL10921	0.019525018671183354	0.7510662199639846	0.020300478266343246	0.01692790989713985	0.19218037320134893
DLBCL11658	0.03907588384579567	0.011990813844884768	0.036160250350153966	0.8574157443991962	0.055357307559969406
DLBCL_RICOVER_1106	0.005555262647385543	0.01962160444820332	0.008217120259917433	0.018506075477421873	0.9480999371670719
DLBCL_LS2357	0.035523963320097544	0.012641081709011754	0.022678041517287893	0.9068042428845903	0.022352670569012502
DLBCL_LS4616	0.008348630564169438	0.055767376305113435	0.896185616955977	0.027714716422636596	0.011983659752103564
DLBCL_LS762	0.020630863088623726	0.01805172863488226	0.09016641411455403	0.030784252499754236	0.8403667416621857
DLBCL10781	0.004385905678163497	0.007301235054275005	0.006832336535594773	0.017298327119242056	0.9641821956127247
DLBCL_LS2245	0.09546956926513543	0.5906931811149804	0.24729975626359152	0.036536365046848984	0.03000112830944369
DLBCL10962	0.025089521704156837	0.7794751254173676	0.11072691938210212	0.031139703590715547	0.05356872990565784
DLBCL10549	0.02251811990278762	0.8226364414524613	0.12259643543937356	0.019080208989030945	0.013168794216346626
DLBCL10895	0.010777864874279168	0.05520514605900428	0.02005522260783727	0.01221972646319293	0.9017420399956864
DLBCL10993	0.8515013906287556	0.007498207468673794	0.022076951927869543	0.08764332849758348	0.0312801214771175
DLBCL10871	0.016998961176842783	0.9081604252161505	0.030161470146202508	0.010484135939456464	0.03419500752134778
DLBCL11536	0.040394665904725166	0.5951382874836786	0.04657609120650495	0.2675992219649421	0.05029173344014926
DLBCL10885	0.04466785157578646	0.7424050871693321	0.01962769206983741	0.040665647528659504	0.15263372165638453
DLBCL_LS2089	0.008309458376471644	0.9362613542008338	0.011612985138933976	0.006592579098656673	0.03722362318510386
DLBCL11456	0.016172101011009157	0.9038667954747038	0.031167690009099632	0.038658851080733324	0.010134562424454001
DLBCL10856	0.030382327620948436	0.04593230829146697	0.11228011229887612	0.03035454714397766	0.7810507046447308
DLBCL10472	0.02188024630358773	0.014268608998727752	0.8963100644157751	0.05698820025634865	0.010552880025560764
DLBCL_C_D_1144_NULLPAIR	0.008405654034128582	0.04113196321910691	0.012527403709384075	0.019950493501618996	0.9179844855357614
DLBCL11195	0.0024553412883119487	0.007070741002269519	0.005669892833954071	0.007851600378381762	0.9769524244970827
DLBCL_LS4054	0.021270843309161208	0.9147567497837612	0.013923781214184451	0.024901638453840268	0.025146987239052846
DLBCL_RICOVER_1289	0.015562121605593782	0.010045262497051401	0.015997968066961674	0.06686753834495103	0.8915271094854421
DLBCL10465	0.001989098595077937	0.0030768797180603835	0.98794924501625	0.004349112412345264	0.0026356642582663872
DLBCL_LS3245	0.004760606543594656	0.9552035101793296	0.024771850514611417	0.006909555718306931	0.008354477044157364
DLBCL11656	0.004802547029457067	0.004627527019924713	0.9706737915081814	0.008950365875586692	0.01094576856685003
DLBCL11667	0.0028043905914564606	0.003473588169777279	0.9864992033930423	0.004618144906799424	0.002604672938924502
DLBCL11670	0.0019724435960036834	0.003299115212211188	0.9857109862717693	0.006046663388121008	0.0029707915318947426
DLBCL_RICOVER_408	0.006312153652924342	0.9511571508286326	0.025626375887094578	0.006857173287439241	0.010047146343909236
DLBC_FF_8043_TP_NB	0.009638179164299562	0.9721701108281365	0.007527176655830128	0.004446513885351393	0.006218019466382364
DLBCL_LS2599	0.016399495477079667	0.016447875955575748	0.9289245544221972	0.030647199290615452	0.007580874854531927
DLBCL10922	0.005910114415144318	0.973990064082319	0.0075282784566716105	0.005470171216832212	0.0071013718290328315
DLBCL_RICOVER_221	0.0019461241026805785	0.0034967729883048433	0.0038423475415045347	0.004528316528188985	0.9861864388393211
DLBCL11450	0.0031902149199568297	0.004760182668703621	0.003430266840635385	0.007892168670992527	0.9807271668997116
DLBCL10935	0.9279637952371166	0.029798994954318515	0.006861526971954952	0.023473298818553943	0.011902384018056029
DLBCL10903	0.0032845360773461883	0.9740775962616169	0.012736307257190741	0.003907563504806223	0.005993996899039889
DLBCL_RICOVER_978	0.8848635486614256	0.011189218181014085	0.03522977873638777	0.060286490796226694	0.008430963624945893
DLBCL10931	0.9653712438515055	0.002641320865639626	0.006015613219746752	0.017026467880934988	0.008945354182173086
DLBCL_RICOVER_977	0.9328046774460567	0.005122675019384776	0.00739469742926866	0.030141366354949174	0.02453658375034077
DLBCL11671	0.9604378062490708	0.006403877799264715	0.007846063545439333	0.021378010503169738	0.003934241903055445
DLBCL_DFCI_DLBCL_GOE07	0.003710727800776212	0.9831295885592126	0.005597971724835168	0.0025188818940394438	0.0050428300211365525
DLBCL11470	0.9352016483837701	0.004454436036179084	0.011410537197877246	0.04070216152219184	0.008231216859981749
DLBCL11353	0.004223250255304117	0.010900346501230672	0.013875899550763574	0.008854847367550534	0.9621456563251511
DLBCL10880	0.020887175308349756	0.00718828995522074	0.017215584496390723	0.009688093747817768	0.945020856492221
DLBCL10495	0.9497234613707881	0.017536548464542712	0.004406219229948619	0.01710889877910603	0.011224872155614555
DLBCL10852	0.006281191516579549	0.007246766221314826	0.006627112708907492	0.018721828635435582	0.9611231009177625
DLBCL10535	0.006454440307905748	0.006623762819924915	0.01040832988864032	0.007533524677815982	0.968979942305713
DLBCL_RICOVER_451	0.9916408692554601	0.001336571184987714	0.002171937340915187	0.0034441182982369966	0.001406503920399951
DLBCL10452	0.0036979996284846753	0.9768921459267236	0.0081334894404803	0.004001045172324061	0.0072753198319873745
DLBCL11188	0.001206376702541675	0.9940186664777082	0.0021424968882138608	0.0011844775577095053	0.0014479823738267278
DLBCL_RICOVER_533	0.003813725209277669	0.9827586722853988	0.0062159427216630135	0.004067223597924429	0.003144436185736072
DLBCL_C_D_1128_NULLPAIR	0.9932277881216801	0.0009150760633563883	0.0012074165286203335	0.0032224654551099075	0.0014272538312332726
DLBCL10525	0.9887616804425642	0.0011374933230203267	0.0029523054879695885	0.004792650916710286	0.0023558698297355698
DLBCL10884	0.9900275731708632	0.0012462452800775842	0.0016254072256720478	0.005301986652473055	0.0017987876709140748
DLBCL_LS146	0.00047910623838582375	0.9975863242031605	0.0008755081631853671	0.0004554398863221634	0.00060362150894613
DLBCL_LS1757	0.9923119172336752	0.0012935842355716429	0.0012500680805523075	0.0038355854447448038	0.0013088450054560528
DLBCL_RICOVER_1248	0.0010933395143713925	0.0014824582954479856	0.0009336554732694286	0.0019033272059777687	0.9945872195109334
DLBCL10530	0.001111456047654865	0.0023649031906475605	0.0018036850402074899	0.0020730114762820854	0.992646944245208
DLBCL10890	0.0016446792000048582	0.0026798575639673363	0.0023455614720007084	0.00283601400037393	0.9904938877636532
DLBCL10951	0.0005611650345772474	0.0008232433920142463	0.0006095080189409893	0.0007659229355904899	0.997240160618877
DLBCL_C_D_1125_NULLPAIR	0.0013838625427250752	0.0034455993587946903	0.0021480531368188267	0.0028120881694219777	0.9902103967922394
DLBCL10862	0.0022795218552430167	0.004170406934730214	0.004763059491444149	0.004032573682120786	0.9847544380364618
DLBCL11500	0.004955675287170293	0.004514697979917655	0.007836143180940145	0.009662265558263033	0.9730312179937088
DLBCL10883	0.0031142073463047877	0.001976775597111831	0.0028525150872571524	0.0039276717017033575	0.9881288302676229
DLBCL10534	0.0005980575058482702	0.0008018209133892859	0.0008002250244078496	0.0010661186792527	0.9967337778771019
DLBCL_RICOVER_216	0.07164927383623572	0.06882986911613395	0.33893542490347883	0.042271481470618606	0.47831395067353283
DLBCL11433	0.03913051419020418	0.018750908659349263	0.10939565332170842	0.15740457228518465	0.6753183515435536
DLBCL10999	0.01271340090365719	0.022054430839779787	0.06764680871368343	0.13494852905851032	0.7626368304843693
DLBCL10969	0.29586519159837776	0.38327939790685867	0.22267994326883353	0.03593045236190225	0.06224501486402781
DLBCL10985	0.06566045358021508	0.5719235030741536	0.03009941622935567	0.28954489798247757	0.042771729133798043
DLBC_FF_A7CX_TP_NB	0.35143913605358934	0.0387015636534077	0.08943331600363835	0.07258146153265457	0.44784452275670994
DLBCL_RICOVER_1060	0.147134702956041	0.2234199888851889	0.03181634387125106	0.0300010040512827	0.5676279602362363
DLBCL11003	0.0776284606565767	0.5854793412834781	0.023845751866185587	0.039780458231529627	0.27326598796222995
DLBCL11504	0.20743147375829776	0.0455250425735717	0.056649096260332925	0.30504821473897775	0.38534617266881976
DLBCL10934	0.039259022036676625	0.535023826601211	0.02620866364508045	0.06852710992650715	0.3309813777905249
DLBCL10486	0.4374690845213502	0.14704776877842338	0.01950581099935745	0.13742503082665622	0.25855230487421277
DLBCL11441	0.20037233958002015	0.016580406542296113	0.09488621916264635	0.42051074545674316	0.26765028925829415
DLBCL_C_D_1112_NULLPAIR	0.038361827082108745	0.3530642860667521	0.4543404471665277	0.05506158937313445	0.09917185031147693
DLBCL10539	0.06862456860087834	0.22567415966383092	0.047275789408044125	0.5406639342518974	0.11776154807534918
DLBCL_RICOVER_720	0.024755139574926303	0.41205020518266544	0.03426073060665313	0.017548061520907078	0.511385863114848
DLBCL_RICOVER_956	0.01226290585990578	0.2115116477650302	0.032869622439101666	0.028097084050925623	0.7152587398850367
DLBCL10980	0.009803569353988772	0.14505371482900967	0.05347463183396666	0.037367448460937626	0.7543006355220973
DLBCL_LS1668	0.05082487965721379	0.3491789663272577	0.26073332594553666	0.27664751873483545	0.06261530933515638
DLBCL10906	0.04946474483077435	0.5472923325765381	0.021536416920278956	0.01936738026008311	0.3623391254123255
DLBCL_RICOVER_506	0.014314497961674694	0.33210307724164195	0.042379168287820894	0.021813898733210137	0.5893893577756524
DLBCL11474	0.7196695173941616	0.015241775122776245	0.01566759922214761	0.21927882217716674	0.030142286083747857
DLBCL_LS155	0.03519995154450344	0.012161831666111159	0.7910510690949524	0.1333266118189752	0.028260535875457862
DLBCL11457	0.8578881402874708	0.006351028376031404	0.028719306113807463	0.08149385624171022	0.025547668980980043
DLBCL_LS2154	0.2888344722666692	0.5529736947097751	0.057201074333574825	0.0764466835317592	0.024544075158221632
DLBCL11206	0.031709471718412374	0.5322176453972021	0.05206179765872158	0.014164868659332927	0.369846216566331
DLBCL_MC_F218_RAP	0.13334431552635465	0.015550758631514715	0.047513353504938745	0.7802525907227218	0.02333898161447016
DLBCL10451	0.658101765830793	0.032021990850958824	0.25505279058169655	0.04138315653849852	0.013440296198052972
DLBCL11449	0.03170493146521336	0.7716137524489505	0.036064646528568924	0.025594954934545864	0.13502171462272144
DLBCL_RICOVER_522	0.12913593430097484	0.06391882956451109	0.3358780600314918	0.4560408158597621	0.015026360243260175
DLBCL11002	0.26389951455483457	0.027018588276855847	0.06315553517040583	0.6251394983989306	0.02078686359897312
DLBCL_LS2590	0.0391338918393228	0.021002847198436744	0.04938487876268291	0.5501552012871398	0.34032318091241776
DLBCL11480	0.6434020241843181	0.019705104576464606	0.13257800173101147	0.07507204141826647	0.1292428280899393
DLBCL10863	0.08169228209935192	0.018210921843676703	0.034233049571683404	0.7144279857584396	0.1514357607268484
DLBCL10957	0.7922647952094353	0.014382098118940213	0.06159075093831687	0.11713058196082321	0.014631773772484395
DLBCL10968	0.6322695875695328	0.011882227257104512	0.022393979676222184	0.2708246940038315	0.06262951149330902
DLBC_FF_8062_TP_NB	0.12217264247087004	0.021217769232666467	0.14102659340977466	0.6838954897842251	0.03168750510246375
DLBCL11538	0.034965717427540156	0.014148649222018984	0.6936687942650711	0.14845365254349344	0.10876318654187633
DLBCL_MC_F064AB	0.01168718924927188	0.009643659080945591	0.9313157326320498	0.037843154232277354	0.009510264805455398
DLBCL10908	0.0654308536492654	0.09175964330052343	0.6103128724993878	0.047590101063441116	0.18490652948738215
DLBCL10965	0.1958783264037581	0.016511201920164077	0.03618495274138452	0.7066134034958792	0.044812115438814124
DLBCL11512	0.8775575508047349	0.019379623676527385	0.02415171247884108	0.06895292549553965	0.00995818754435705
DLBCL11681	0.7744815588722307	0.009560947018080862	0.09728471980082748	0.06794933424649141	0.05072344006236956
DLBCL_RICOVER_773	0.012598022793871004	0.47506468991431566	0.15932421436410932	0.02777101006657298	0.3252420628611311
DLBCL10490	0.8891212677652115	0.014840828216727258	0.01340992515186188	0.05930660849702667	0.023321370369172728
DLBCL10925	0.017342774674201648	0.03211286226148804	0.01551787982264034	0.06519613214785445	0.8698303510938156
DLBCL10972	0.8523797797887022	0.014974369992018392	0.019904645671995614	0.05328682767679964	0.05945437687048415
DLBCL11447	0.046623711546600194	0.018771402862279674	0.028903273891460073	0.8031344642832904	0.10256714741636966
DLBCL_MC_F307_JPS	0.8450686411532272	0.021554711954205302	0.01702386834969392	0.09256204751649798	0.023790731026375564
DLBCL10780	0.015037407694801596	0.8358490124414327	0.09642803485393346	0.03663376542579877	0.016051779584033445
DLBCL_C_D_1119_NULLPAIR	0.05515313276503621	0.9036554357216151	0.015049752832443447	0.014165866558269848	0.011975812122635378
DLBCL10857	0.013503750220022539	0.007277300265102169	0.0076440637476469925	0.028419287646167128	0.9431555981210612
DLBCL_C_D_1109_NULLPAIR	0.056292969190829045	0.013097419285274402	0.024527128863107758	0.8782826036794084	0.02779987898138048
DLBCL10532	0.017367554305817143	0.01711285325529858	0.08982572392418786	0.06643008895642082	0.8092637795582756
DLBCL_C_D_1105_NULLPAIR	0.17127572207722955	0.737131887908792	0.02022990860591873	0.033967593131941476	0.03739488827611817
DLBCL10889	0.0031917011297721153	0.004026790280564615	0.005614166476498164	0.010644455868339536	0.9765228862448255
DLBCL10523	0.01855625934502829	0.00918502634304708	0.9211422703581519	0.04222322954301557	0.008893214410757227
DLBCL10902	0.0054669764368598635	0.019058957342514535	0.020057718739003045	0.017850090484792955	0.9375662569968296
DLBCL11435	0.8987579728829795	0.0070984862954245505	0.010093424827383677	0.06299267093064889	0.021057445063563347
DLBCL_RICOVER_701	0.06546510476512336	0.016499572770320686	0.023533398408952685	0.8628238543678289	0.03167806968777431
DLBCL11675	0.028257348081480463	0.011111789203043456	0.758895230607748	0.06319134418379428	0.13854428792393383
DLBCL10482	0.9109176781763466	0.010313193848180632	0.010539303318623482	0.021518646741098994	0.04671117791575027
DLBCL11527	0.04855215163703542	0.019491171076622713	0.05439207083945012	0.8184245511624518	0.059140055284439885
DLBCL10930	0.06763024405664403	0.015599209880955955	0.02024381880710403	0.019186029676196772	0.8773406975790992
DLBCL11486	0.777028424659108	0.014826008865962735	0.025180873733762932	0.032645753162408364	0.1503189395787579
DLBCL10498	0.007413185840286487	0.006993369316286905	0.9657592497412776	0.015782170391819908	0.004052024710329087
DLBCL_RICOVER_1061	0.04325739972196595	0.010831497194035223	0.041066561583020064	0.8855094698809679	0.01933507162001091
DLBCL_MC_F139_LJF	0.04039893330742745	0.012738203897441115	0.02307280561922174	0.9009607805604603	0.022829276615449475
DLBCL11526	0.018979376527962825	0.009203151935245462	0.945791396174598	0.020024230585721958	0.006001844776471809
DLBCL11460	0.035293011846536444	0.014295036290800875	0.022412587396998893	0.9072790541907553	0.020720310274908473
DLBCL11472	0.9216338720249612	0.004723833812496849	0.01358689342584736	0.045137485320550716	0.014917915416143915
DLBCL_RICOVER_473	0.9293001519041348	0.019084457461455286	0.009235473824593816	0.03266638112560889	0.009713535684207205
DLBCL10459	0.0025276082914555266	0.004006998661187871	0.9842288174530829	0.006340784195395888	0.002895791398877805
DLBCL10963	0.010254765935746483	0.01634063791088733	0.01270420294874781	0.02870242258315394	0.9319979706214644
DLBCL10954	0.010425145354624257	0.9279076528027024	0.015216001523787444	0.010449962375658322	0.036001237943227654
DLBCL11205	0.936389862982748	0.012214421384927468	0.026310361116288285	0.019100975678057748	0.00598437883797853
DLBCL_RICOVER_1032	0.005974832469993046	0.028658830976401883	0.0075001050050648764	0.010601473211634582	0.9472647583369056
DLBCL_RICOVER_744	0.019241219191021897	0.008892862887490614	0.9534545766237352	0.009884289377657242	0.008527051920095015
DLBCL_RICOVER_496	0.012480374575906679	0.9400315329599267	0.028177458446466987	0.011595988481350976	0.007714645536348655
DLBCL11458	0.051934186255751955	0.037692226772645415	0.8662465549567955	0.019869857107076932	0.024257174907730265
DLBCL_RICOVER_1165	0.011394239607819932	0.9155345464074987	0.03630187166654426	0.009405995466828855	0.027363346851308274
DLBCL10898	0.008421374818129131	0.026549215125364976	0.007225279187696521	0.012239313717546918	0.9455648171512624
DLBCL_LS1098	0.003909145734954729	0.003417732459619715	0.9825315695652642	0.007036685005721723	0.003104867234439641
DLBCL_C_D_1126_NULLPAIR	0.02735839617706864	0.9322152941054503	0.011587362003033725	0.012040306022003634	0.016798641692443633
DLBCL10842	0.0020796143777683375	0.002498985439373386	0.0032004169645337022	0.004781797509133835	0.9874391857091908
DLBCL10901	0.0016649511016616047	0.0025462405283682853	0.0026725100383422607	0.004182514020536614	0.9889337843110912
DLBCL_C_D_1113_NULLPAIR	0.007022485341852114	0.009301356736801965	0.9670357980962873	0.009971737884142315	0.006668621940916327
DLBCL10860	0.002584498803620659	0.004672380073189489	0.007558263739257701	0.006562513421798274	0.9786223439621339
DLBCL_C_D_1141_NULLPAIR	0.006015377232540633	0.011829279104909602	0.9577212092607976	0.009115879803365015	0.015318254598387164
DLBCL10977	0.00231769171310381	0.0018448948572098948	0.0031149477322759377	0.0033046679792536203	0.9894177977181567
DLBCL11484	0.007111153160478789	0.9542984766087619	0.01705995543514298	0.00847732871772156	0.013053086077894828
DLBCL11000	0.0010072843278268852	0.001521741249368363	0.0014688366687990795	0.002452008908561621	0.993550128845444
DLBCL_RICOVER_712	0.001722782128906573	0.002818819554548772	0.0021329848086465556	0.003030049581907885	0.9902953639259903
DLBCL_RICOVER_1192	0.0027919596381588267	0.005552909928142695	0.004782200060575899	0.004142473588742866	0.9827304567843798
DLBCL_C_D_1133_NULLPAIR	0.0035223662111267024	0.00510102859027356	0.9827470761419875	0.005414436578437618	0.0032150924781745812
DLBCL10834	0.006757500542071416	0.9814263983158764	0.004554298927749097	0.003380179611349398	0.0038816226029536913
DLBCL10990	0.0006304904250078182	0.0010482550971568885	0.0006975226527074181	0.0008358101116006666	0.9967879217135273
DLBCL11666	0.0022606031789805118	0.0029377991032919206	0.9882941367654497	0.004335516480803003	0.0021719444714748512
DLBCL_MC_F262_WLC	0.9961414233587368	0.0005791171704146886	0.0005769065999322058	0.0019346448842193548	0.0007679079866969186
DLBCL_RICOVER_299	0.010908542362905279	0.8695498740509197	0.08783442402010272	0.010715114084978926	0.020992045481093388
DLBCL10502	0.01163542700435446	0.9136717889557474	0.04823936426878702	0.015485321052598795	0.010968098718512275
DLBCL_LS378	0.9892037660426231	0.0016871878087228946	0.0027466891868486703	0.004809883794086386	0.0015524731677189693
DLBCL_RICOVER_1210	0.004080234124724064	0.9744069374221869	0.009651387806683976	0.006666670259838745	0.00519477038656637
DLBCL10458	0.9946439177052161	0.0006876889948612602	0.001378955519718637	0.002438223576798445	0.0008512142034056042
DLBCL_MC_F349_BJJ	0.0016812866455953503	0.002420380252170986	0.9895142006799721	0.0035902156525730346	0.0027939167696885083
DLBCL10483	0.005122954637740485	0.9585042962909761	0.02197202008024251	0.0047929485424605305	0.00960778044858035
DLBCL_C_D_1131_NULLPAIR	0.0032690800641071464	0.9825181458269004	0.007140921986221379	0.0027175572716093524	0.0043542948511616315
DLBCL_RICOVER_174	0.0019136144979449148	0.9929581270208416	0.0020734002445385227	0.0014670894412833614	0.0015877687953915988
DLBCL10850	0.0013686482470343121	0.9941305345266351	0.0020886770545802376	0.0010493918361124063	0.0013627483356379389
DLBCL10460	0.0039578357082972115	0.9797698063999809	0.009280862366770198	0.003115825893099899	0.0038756696318518026
DLBCL_RICOVER_253	0.0009171491597360428	0.9967233680672563	0.0009726780055196373	0.0005830343612289347	0.0008037704062591623
DLBCL10907	0.10754398826386727	0.6565337107370347	0.024399830409600764	0.07999539609056311	0.13152707449893405
DLBCL_MC_F927_JHS	0.11803881001961936	0.1996395068503409	0.14007844369037856	0.08387663265612043	0.4583666067835408
DLBCL11467	0.08349730356746224	0.05200935876186256	0.0885510233343347	0.46605865468277385	0.3098836596535666
DLBCL10454	0.3720147225064257	0.30683368542052053	0.0844400157921964	0.01846736167277863	0.21824421460807872
DLBCL10971	0.361475730554363	0.25160405939235075	0.02521595163372358	0.08099202244249552	0.28071223597706707
DLBCL_RICOVER_120	0.22261604751048505	0.10076983452021965	0.06176649133908211	0.05217570846029618	0.562671918169917
DLBCL11483	0.16414251911147484	0.421275406909741	0.1505365706256447	0.11426244918584783	0.14978305416729168
DLBCL_RICOVER_258	0.2929246929644384	0.017954812470652223	0.12493222555921948	0.0692752352718141	0.4949130337338758
DLBCL_LS2328	0.0447835430245532	0.49780223691209546	0.41218393942845677	0.03063005896580482	0.014600221669089782
DLBCL11448	0.03218303959491665	0.05437900835016178	0.1399971340356899	0.36324948592802175	0.41019133209121
DLBCL11664	0.12239914942653456	0.7839651307708314	0.03314141628631216	0.0471110620418677	0.013383241474454218
DLBCL11678	0.0955945661307988	0.031039872298983227	0.2165514576121274	0.6320901305704372	0.024723973387653326
DLBCL11535	0.06635059310261046	0.02837047654707425	0.030897919493072502	0.40722728479192327	0.46715372606531946
DLBCL10492	0.15860676540170413	0.034104122740851936	0.013862070595413997	0.10939437497947904	0.6840326662825509
DLBCL10450	0.5949102656222228	0.0942838998281102	0.01960094330560502	0.21121527787000155	0.07998961337406034
