	0	1	2	3	4
DLBCL11431	0.2195739786725407	0.18230378776251432	0.2553296604453869	0.14489037234074953	0.19790220077880857
DLBCL_C_D_PAIR13	0.2204913719072879	0.17255048948499832	0.26409798648019567	0.14365135652015312	0.19920879560736499
DLBCL_LS1921	0.024141584140666115	0.6308736595622326	0.16950860674056628	0.15717818709879705	0.018297962457737883
DLBCL_RICOVER_787	0.050682115223090116	0.6352918678819786	0.10809283122300584	0.18857043024736433	0.017362755424561175
DLBCL_RICOVER_711	0.15951428087469163	0.49501392853866144	0.037948962639675725	0.2885536508794976	0.018969177067473704
DLBCL_MAYO_DLBCL_3653	0.23282983904822702	0.04587053968348777	0.08082614809297094	0.2562568901731108	0.38421658300220346
DLBCL10914	0.44004636560173255	0.37344104693978547	0.0692444780352931	0.052643736728277164	0.0646243726949117
DLBCL10513	0.36381090480976186	0.11350422672120082	0.05457037593756419	0.4537438920280279	0.01437060050344518
DLBCL_RICOVER_1046	0.014086617709690004	0.7378658982715559	0.18764627290212013	0.01489487029458067	0.045506340822053196
DFCIDL004_DT	0.1598694939774592	0.013892556536314046	0.03180125740292712	0.20466674657909117	0.5897699455042085
DLBCL_LS1304	0.023360058265317948	0.07601602495764954	0.5464817170316776	0.02677018886210571	0.3273720108832492
DLBCL11661	0.02256959914923494	0.760479003154395	0.054273365244812195	0.14268196418081278	0.019996068270745068
DLBCL10867	0.028239485106545687	0.33628380117503337	0.023020726214619945	0.027153408621147998	0.585302578882653
DLBCL_RICOVER_111	0.0237670325948779	0.033065663309033745	0.6363782663519688	0.08515886127334528	0.22163017647077426
DLBCL_RICOVER_478	0.09611674722373513	0.6319227973107866	0.023499818241744234	0.020572730381757248	0.22788790684197682
DLBCL11479	0.02770884296855856	0.7374186424807821	0.158562202560253	0.021236480236376146	0.05507383175403008
DLBCL10536	0.030797915577873314	0.5878873626507513	0.2896432370464026	0.04543847020329096	0.04623301452168186
DLBCL11491	0.05943713287456136	0.020505351237550835	0.07483936429085525	0.7055554707998628	0.1396626807971697
DLBCL_BWH_DLBCL64	0.14164157348305761	0.25278164142589854	0.10397417743108492	0.48611987802808254	0.01548272963187634
DLBCL10858	0.08526456084279989	0.014123091941732674	0.037017814532745164	0.5695896150544757	0.29400491762824654
DLBCL11534	0.08073354159539416	0.04378885097715138	0.637392548321869	0.16118267480935666	0.07690238429622882
DLBCL10915	0.03751323604656583	0.3221436046141196	0.037137376131793166	0.034700405352870126	0.5685053778546513
DLBCL_C_D_1148_NULLPAIR	0.21609162949388208	0.014628558182612165	0.1364958907888223	0.6092142787068061	0.023569642827877293
DLBCL_RICOVER_1045	0.1408783417251042	0.02624224646914509	0.04677173034827702	0.7351009556840028	0.05100672577347087
DLBCL11565	0.006078663213604228	0.9560380697145238	0.012555703960669316	0.012578955069960004	0.012748608041242651
DLBCL10891	0.033949988581339345	0.008806439245160847	0.11803156486972921	0.09605877346090722	0.7431532338428634
DLBCL10868	0.0640389128116157	0.015686538364155737	0.025660375336578004	0.805273732282617	0.08934044120503361
DLBCL_RICOVER_440	0.015806131885081835	0.3392733851504986	0.5780648664981299	0.020921431139656537	0.04593418532663312
DLBCL10986	0.777935486933109	0.022199073701692506	0.05613008293034104	0.12345264233241507	0.02028271410244242
DLBCL10981	0.03283460933035942	0.807826669099155	0.04240347054097636	0.09421290467310667	0.022722346356402506
DLBCL10833	0.06569554567295802	0.01598356697012162	0.01234118839175229	0.06271787189093671	0.8432618270742314
DLBCL10846	0.05555238448685672	0.8625055011741842	0.025055402775742475	0.03293652923925479	0.023950182323961854
DLBCL_LS951	0.7911597905432565	0.053678779088641604	0.04260541288455638	0.10172117501417718	0.010834842469368363
DLBCL11507	0.03201576869660967	0.855331080103241	0.08405059194046567	0.013346920417687204	0.015255638841996495
DLBCL_MC_F500_ECU	0.008758731749564938	0.9202800667112059	0.027750099691858213	0.018352710488427286	0.024858391358943733
DLBCL10544	0.0360132544584195	0.017123498265453396	0.040871557932143865	0.7589738797787113	0.14701780956527186
DLBCL10494	0.007288599783575648	0.9292592225317925	0.03870091170964019	0.014029783976864506	0.010721481998127206
DLBCL_C_D_1159_NULLPAIR	0.7662356945633673	0.013960994325313001	0.01676680846629456	0.1852020537965306	0.017834448848494538
DLBCL_MC_F089_HCZ	0.004439894634426203	0.9638196381906609	0.015259587071968936	0.00877647020443866	0.007704409898505291
DLBCL11652	0.7654897279278695	0.06110018776183176	0.06707270439762253	0.023577803635334085	0.08275957627734216
DLBCL11520	0.787233758531455	0.011798736972851795	0.014981116293912605	0.045370491983217916	0.14061589621856266
DLBCL_LS2325	0.022036266163483042	0.23825568581122616	0.6863218826273503	0.03701746834829585	0.016368697049644717
DLBC_FF_8046_TP_NB	0.09698416288031039	0.019424110984536433	0.8057208185620053	0.04280357253968296	0.03506733503346498
DLBCL10491	0.05153162907181237	0.09983098840640776	0.04389462591731997	0.785927567361176	0.01881518924328386
DLBCL_RICOVER_950	0.044259595293990574	0.020133776504875554	0.09431957611406612	0.8205800912691679	0.020706960817899918
DLBCL11462	0.8460403305726285	0.012393339967661583	0.043943782348283285	0.032981340996448075	0.0646412061149785
DLBCL10466	0.008357170114332063	0.036534859079783516	0.8761872524471618	0.05589289267751864	0.023027825681204005
DLBCL10835	0.008657920713768563	0.03776824855950163	0.015282163904473846	0.03766913625882338	0.9006225305634326
DLBCL10529	0.014940377160641553	0.12356908886695672	0.03527265167117134	0.031251861917910025	0.7949660203833204
DLBCL_LS1395	0.012837120334036492	0.08646943612824579	0.8641156474476777	0.017615388891641753	0.01896240719839835
DLBCL10456	0.05166672919395059	0.011634278980643295	0.031502746714956356	0.8760159400031402	0.029180305107309505
DLBCL10874	0.016280057590509	0.8920575228411295	0.021397069373133508	0.020244238263806155	0.050021111931421794
DLBCL11476	0.04585060901467251	0.03398087882773837	0.011879888253157497	0.01368497648557091	0.8946036474188607
DLBCL_LS3749	0.007831480446249723	0.9488343655517267	0.019400763400641136	0.016462923945335696	0.00747046665604675
DLBCL11481	0.8434982318903042	0.016871644948197394	0.07774788651637023	0.038017076738860005	0.02386515990626829
DLBC_FF_A7CQ_TP_NB	0.03129346576408262	0.009280343090362277	0.009109625573409082	0.039019648793548876	0.9112969167785971
DLBCL10894	0.05886035851532583	0.8803763449404136	0.020155132176036625	0.03103874889563813	0.009569415472585783
DLBCL11459	0.03684183323890603	0.011134471693270694	0.02410727589588604	0.9054164078969422	0.02250001127499503
DLBCL10521	0.02001691973978686	0.0780971934442462	0.011211122343696953	0.012521211736112536	0.8781535527361575
DLBCL_RICOVER_1287	0.020111142271077406	0.05531136997769135	0.02255533869439071	0.01848886644978928	0.8835332826070512
DLBCL10847	0.02344444642935078	0.05490976094665037	0.01366423637504647	0.010502148174235155	0.8974794080747172
DLBCL_RICOVER_985	0.03190415921835394	0.015403198154454125	0.033292260016125216	0.8921088636020279	0.02729151900903879
DLBCL10547	0.07822572681598404	0.02296213413691739	0.02699506773700174	0.8304719811452486	0.04134509016484824
DLBCL_MC_F606_DMJ	0.007564539663826378	0.04732541902290338	0.9167883970304148	0.015610195621653467	0.01271144866120196
DLBCL_MC_F815_BAT	0.01052757567197413	0.028103795651136222	0.8834163621288681	0.05949028767083229	0.018461978877189218
DLBCL11564	0.035434247162889516	0.010951274262112336	0.020375389197362037	0.9136155146990739	0.019623574678562242
DLBCL_LS3200	0.010114649375364042	0.04749402118233913	0.012152610615475847	0.00949075831365072	0.9207479605131702
DLBCL11203	0.005651621054117279	0.967083685864043	0.010308256593916647	0.009474051964637884	0.007482384523285146
DLBCL10879	0.009456801723507617	0.009546505062538816	0.9396298973163594	0.02180643524093855	0.019560360656655635
DLBCL_RICOVER_829	0.9326025273723807	0.00902051729245519	0.006283457838504542	0.030840598888479006	0.021252898608180585
DLBCL10878	0.023247563988663403	0.01087375367531148	0.011966192963259603	0.015239430855528242	0.9386730585172373
DLBCL_LS1065	0.004826520512435879	0.9755936447638887	0.007573337686448438	0.0042364924922131345	0.007770004545013929
DLBCL10866	0.012199297669723996	0.006325035476191994	0.01036319272936592	0.025241273537022133	0.9458712005876959
DLBCL_C_D_1108_NULLPAIR	0.007042116284986857	0.9474376976794103	0.013014860081020974	0.006245015597440826	0.02626031035714104
DLBCL_C_D_1136_NULLPAIR	0.002919988385298849	0.9826665708927338	0.005717741324048258	0.004161171384593946	0.004534528013325163
DLBCL11662	0.8516086418599467	0.008959548965467929	0.019993448260385883	0.07394831525633339	0.04549004565786613
DLBCL11429	0.9203308671545628	0.005258592871877897	0.010488594936529018	0.039403089319958666	0.02451885571707164
DLBCL10461	0.004277048333623113	0.9730690905099687	0.00890943372865923	0.003815989623294331	0.009928437804454668
DLBCL_MC_F729_MAN	0.004156465450266073	0.9808909815069435	0.006572372923583571	0.003399103668170957	0.004981076451035859
DLBCL10836	0.017139460515029452	0.0050610604310436635	0.01385581463271055	0.018439138149388325	0.945504526271828
DLBCL10510	0.00543481823547363	0.9786111593159115	0.006427316003971939	0.0036430885099986154	0.005883617934644386
DLBCL10983	0.007776100044806889	0.9687758650536811	0.008251887612582493	0.005426645409700616	0.009769501879228964
DLBCL10911	0.00415817763532855	0.9829304683366504	0.005566214389840712	0.0031534751337905687	0.004191664504389691
DLBCL10887	0.001894586802292835	0.002214350718681644	0.00360042129488639	0.003367500400907521	0.9889231407832316
DLBCL10550	0.0008908154894232546	0.0009557069619484598	0.00122729632871977	0.0014477173236087713	0.9954784638962998
DLBCL10950	0.9591783211041464	0.004609110900788713	0.010080408866711136	0.019399123131287527	0.006733035997066268
DLBCL11672	0.004833890275685536	0.007966203556174606	0.9594860372412276	0.01771531833490541	0.009998550592006843
DLBCL10945	0.9462023092959831	0.006742075598294454	0.006213506926133251	0.015623110783686606	0.025218997395902533
DLBCL10997	0.9648347995008738	0.005854449376280736	0.00537301680583079	0.016993945916350752	0.006943788400663958
DLBCL10992	0.0017587229981673674	0.0014175011473034713	0.0017969580459916447	0.0026473080905556707	0.9923795097179818
DLBCL10900	0.0067829618410653	0.0033888727693001503	0.0036975959565180936	0.0071308688326012105	0.9789997006005152
DLBCL_MC_F519_ALT	0.001180888711022629	0.0015306971766685963	0.0013053863742369576	0.0014882278176574575	0.9944947999204143
DLBCL11558	0.00553596279515042	0.0070191963466149695	0.9690741733088644	0.01362832418147241	0.004742343367897811
DLBCL_LS297	0.004365153381570096	0.0047919675645493555	0.9748669706429588	0.011076219493296487	0.004899688917625306
DLBCL10515	0.955624112316549	0.005649090898989992	0.005659857436794969	0.025436543302730607	0.007630396044935441
DLBCL_C_D_1163_NULLPAIR	0.0006366035383848917	0.0005898271690813912	0.0007029914803961137	0.0010998098386865096	0.9969707679734511
DLBCL_RICOVER_417	0.0018603803841317351	0.002838181382289427	0.0018293099439997207	0.003293935802196553	0.9901781924873826
DLBCL_RICOVER_449	0.001975042806867833	0.001529597803616028	0.0018228508920240553	0.002735063284101651	0.9919374452133904
DLBCL_C_D_1129_NULLPAIR	0.984072286435254	0.0025353002155199373	0.004075406785654644	0.006231565207604068	0.003085441355967381
DLBCL10853	0.0018116694667545522	0.0015264662820019075	0.001568657972101054	0.002384918634424823	0.9927082876447176
DLBCL11539	0.9693628300095329	0.003182584439154113	0.006016994554090789	0.017725122957319817	0.0037124680399023297
DLBCL11461	0.976908947171141	0.0026808981640267975	0.0049355238814412635	0.012559450993810272	0.002915179789580659
DLBCL11537	0.9800131244190262	0.00243596542285678	0.004020690719854635	0.007689701107844707	0.005840518330417698
DLBCL_C_D_1130_NULLPAIR	0.9893805354737536	0.001780734617818814	0.0017212999409780161	0.005329136311076833	0.0017882936563727604
DLBCL11428	0.003209517619253857	0.0036024091254768732	0.9829021811241868	0.006839322172090979	0.003446569958991524
DLBCL_C_D_1114_NULLPAIR	0.9818770080477649	0.0023838956677305345	0.0030136279159633313	0.009429963844168677	0.0032955045243725535
DLBCL11685	0.004299812224568975	0.004472390732289401	0.9763486060972822	0.00831529559970426	0.006563895346155164
DLBCL_DFCI_DLBCL_GOE16	0.0034007627708544422	0.003638082165470512	0.9822119731400735	0.0070065575443944515	0.0037426243792071418
DLBCL10912	0.9852567048639385	0.002088249911665905	0.0029519061615289875	0.007016661235556452	0.0026864778273101666
DLBCL10555	0.004035284368648651	0.005179889400001847	0.9809765423787999	0.0065021723093474934	0.00330611154320207
DLBCL11680	0.004035900719335525	0.0036299755088576896	0.9833569060103864	0.005690204834749881	0.00328701292667047
DLBCL10962	0.04143009748526466	0.6147407736542014	0.15447588591077555	0.019035195784961215	0.17031804716479707
DLBCL10503	0.08730325584223358	0.1942824187900707	0.47457506144258	0.019580013054713304	0.22425925087040244
DLBCL_RICOVER_314	0.018285110348339895	0.5028850308097538	0.0881060247711882	0.05649132380449552	0.3342325102662225
DLBCL10936	0.14845204410231022	0.4389167629173503	0.1771890339230371	0.11118257077187936	0.12425958828542309
DLBCL10782	0.4381167433387852	0.10118823541272745	0.035920752291189656	0.39519619944417717	0.029578069513120402
DLBCL11478	0.6690411397776053	0.051473712745687475	0.21578291159767815	0.05400775790676497	0.009694477972264177
DLBCL11430	0.6974157141715969	0.01704833341078047	0.09051379739532554	0.18461443847394923	0.010407716548347913
DLBCL10856	0.05259707938343343	0.08692568099192208	0.4873269897935076	0.06242476612994837	0.3107254837011886
DLBCL_DFCI_DLBCL_GOE05	0.014930462464898313	0.5155209921840419	0.06706941773980925	0.01984979813233398	0.3826293294789166
DLBCL_RICOVER_1278	0.08649220229617863	0.02066254011995076	0.019477822816273572	0.1994952628796619	0.6738721718879351
DLBCL_RICOVER_945	0.7571554040123768	0.051222245830965324	0.027798749749208165	0.1442716695962328	0.01955193081121689
DLBCL10909	0.04725390722329879	0.02210675818789979	0.052618412238116016	0.3814881294196491	0.4965327929310362
DLBCL10974	0.06569847859059004	0.02071402425853417	0.043946139228176695	0.5027001256715035	0.36694123225119557
DLBCL11528	0.1086770044474782	0.686563489324067	0.15730509075957774	0.027841962759241144	0.01961245270963596
DLBCL11202	0.32565583789642827	0.1061988321549041	0.49836866480331277	0.05993467799861135	0.009841987146743501
DLBCL10927	0.2889068667190586	0.016451083832870743	0.03782060740178832	0.6332308637007683	0.023590578345514097
DLBCL_RICOVER_910	0.3241769954280091	0.08993388036114337	0.08422765714417152	0.4667342381427315	0.03492722892394442
DLBCL11515	0.017854891055238114	0.23325727675489275	0.47579491834530613	0.04687569508095813	0.22621721876360484
DLBCL10994	0.5706447598627551	0.10723669198915321	0.03199254913906608	0.10082181178259528	0.1893041872264303
DLBCL_LS2245	0.08869254582370639	0.3702082410910676	0.48108920388342113	0.03534770911570906	0.024662300086095826
DLBCL10553	0.029760562726530437	0.052468455632196175	0.12410172568456915	0.7560345523532737	0.03763470360343057
DLBCL11488	0.7776303028723492	0.010149788396673581	0.01609082190055499	0.0820750824839873	0.11405400434643485
DLBCL10910	0.05311743346569999	0.14369166335669945	0.6126938812958382	0.12051169548042412	0.06998532640133824
DLBCL_RICOVER_467	0.023649513303883967	0.32625120244182126	0.03221882394991098	0.014453978345798372	0.6034264819585855
DLBCL11590	0.0707990856530499	0.013217605220876871	0.5734801662143891	0.24473695118216557	0.09776619172951853
DLBCL11519	0.1643097730274576	0.031803353067694294	0.0452079111866763	0.7427510045138763	0.015927958204295524
DLBCL10552	0.15499939586961553	0.020709195478752607	0.04423413027455663	0.7639948070187036	0.016062471358371574
DLBCL11576	0.08158156529999555	0.07402009014628771	0.14156755896362488	0.6666288444387658	0.03620194115132612
DLBCL_C_D_1117_NULLPAIR	0.1923472097490822	0.22462965021209166	0.038247779520550265	0.5219470098933201	0.022828350624955713
DLBCL10512	0.011233604156332054	0.10768712106810967	0.6488817969562959	0.061885995744235985	0.17031148207502636
DLBCL10921	0.020809062758088324	0.7544156126766547	0.026043070830112737	0.015042132379599539	0.18369012135554463
DLBCL_C_D_1156_NULLPAIR	0.790847900188306	0.026866153442211726	0.01957952766818069	0.14954195291098182	0.013164465790319775
DLBCL11437	0.08520645351691578	0.012122324592885167	0.033155297015892725	0.8087208522523931	0.06079507262191321
DLBCL_LS3499	0.11371527334584916	0.11609723021969373	0.062426871574718906	0.6750215650265805	0.0327390598331577
DLBCL10549	0.027161349568576708	0.8278214587429418	0.10947897024862836	0.021549977251913464	0.013988244187939765
DLBCL11204	0.04809968904937046	0.8245827848050841	0.04340369813861857	0.050091189031579296	0.03382263897534757
DLBCL11496	0.772035791481502	0.010839281975704294	0.033818988628124255	0.04545341168492473	0.1378525262297447
DLBCL10564	0.04653714319042158	0.04838218668639281	0.09949018537061591	0.7754984111485943	0.030092073603975405
DLBCL10517	0.009362500068966759	0.8873824941778136	0.0724117576097754	0.01280690016790635	0.018036347975537877
DLBCL10935	0.8500759093173417	0.08128212944523797	0.010742499878686414	0.04304671231686439	0.014852749041869577
DLBCL_LS762	0.023777039626883184	0.01778386454833119	0.10131762842118908	0.026919962862916223	0.8302015045406803
DLBCL11671	0.8949093506082386	0.014594080624380702	0.01546039764907301	0.06824391794514006	0.006792253173167559
DLBCL11673	0.04095296235770365	0.7606319130186228	0.12089430359169807	0.05274966886835895	0.024771152163616535
DLBCL11536	0.032057148963392346	0.7660476322755612	0.05637291946697694	0.1286149413839888	0.01690735791008074
DLBCL_C_D_1118_NULLPAIR	0.14566022892412916	0.7636238313514274	0.025084250032847737	0.045851359756888206	0.019780329934707554
DLBCL10885	0.019493634353219363	0.894967948575331	0.016968973550880458	0.018699752356698664	0.04986969116387048
DLBCL11436	0.039821130813591524	0.785866543262378	0.04487838863758732	0.07786859421483687	0.051565343071606276
DLBCL_RICOVER_850	0.006859782627038423	0.024539186934810813	0.02293327924826789	0.043110417671782086	0.9025573335181007
DLBCL10844	0.8842686124031057	0.02990630382136315	0.010719613140566471	0.024620064450197588	0.05048540618476707
DLBCL10895	0.019572793361865334	0.1079553313306047	0.03447756252824577	0.012974347516404907	0.8250199652628792
DLBCL_RICOVER_978	0.8955026192687406	0.007204085499902695	0.04853336556797413	0.040269523805579	0.00849040585780355
DLBCL10993	0.9011585891313114	0.006377042580222119	0.019914404356579176	0.030236266637334527	0.042313697294552755
DLBCL_LS3245	0.007835248986989694	0.9329240798763075	0.03479856800917971	0.013617468868443408	0.01082463425907961
DLBC_FF_8042_TP_NB	0.010767525211759832	0.0281755663447576	0.05627172976265746	0.013573072686203324	0.8912121059946218
DLBCL10871	0.025192252795980096	0.8851336078146445	0.0309989029905893	0.014018447850656516	0.04465678854812964
DLBCL_RICOVER_1018	0.05144347929712518	0.08191523097697166	0.03672819507815154	0.7956239364484865	0.03428915819926514
DLBCL_RICOVER_408	0.008480366744645931	0.9524785848850511	0.02319962638429005	0.008083325775073834	0.007758096210939034
DLBCL10884	0.9140925515213965	0.005852855563209184	0.01617621390643974	0.05426962663815342	0.009608752370801202
DLBCL10495	0.9289918606989336	0.0303136579597688	0.006993188553214128	0.023393304722546165	0.01030798806553734
DLBCL_RICOVER_1289	0.008667304966367665	0.006197454950716428	0.012155027253661996	0.026836374366823908	0.94614383846243
DLBCL_LS4054	0.015653328148628968	0.9085157646648008	0.02060421982039643	0.027535882230463844	0.02769080513570995
DLBCL_RICOVER_274	0.04832449019473778	0.04521999852758636	0.02605719174004	0.824401291083468	0.05599702845416779
DLBCL_RICOVER_577	0.011018961333067718	0.020018594230359163	0.8813664609434113	0.019756226614765282	0.06783975687839651
DLBCL_LS2208	0.015117394652822762	0.022595036800819944	0.01595130299286693	0.014103633213303034	0.9322326323401873
DLBCL_RICOVER_1106	0.0034597827059544405	0.0069032166218622034	0.004979780004086636	0.008799879755061817	0.9758573409130349
DLBCL_LS2089	0.01328286694681982	0.8662245385953058	0.017794273270900524	0.009482862955282834	0.09321545823169101
DLBCL10472	0.021381696579554625	0.00916743045015502	0.8927394459562741	0.058041415743167596	0.018670011270848642
DLBCL10852	0.008057915916599401	0.00738545845132088	0.008697308294793711	0.022620304376657345	0.9532390129606286
DLBCL10890	0.005315638319366683	0.015003366808304918	0.011770938611675962	0.012128647972774641	0.9557814082878778
DLBCL10862	0.006317832209986079	0.014986609588300783	0.016774692377828	0.007982512453246517	0.9539383533706386
DLBCL11658	0.036273854083959306	0.011842581953834223	0.033121873442371816	0.8736185616662292	0.045143128853605496
DLBCL_LS2599	0.014624487266232989	0.013952426736020488	0.9344871761458493	0.030469682315420722	0.006466227536476505
DLBCL10452	0.010352310942382769	0.9217912607133845	0.023148570028919003	0.012961366689676844	0.031746491625636974
DLBCL_RICOVER_977	0.9678301292503126	0.0031107464256518473	0.004595852863664486	0.016907208383923497	0.007556063076447548
DLBCL10525	0.9754639155816348	0.0022222266394661835	0.005735750374470082	0.010940146662540328	0.0056379607418885445
DLBCL_LS2357	0.034840670415453696	0.011026200365310079	0.02590606848552168	0.9067847355844869	0.02144232514922769
DLBCL11470	0.9637020502613971	0.003203863356946981	0.007338191909737883	0.01990334557122323	0.005852548900694774
DLBCL10565	0.01528712035712141	0.019428749320977445	0.9013124842804676	0.04939440455427331	0.014577241487160235
DLBCL_LS1757	0.9795781158258584	0.00462849288099337	0.003964416108380991	0.008976672013763412	0.002852303171003775
DLBCL_C_D_1128_NULLPAIR	0.9867133797667397	0.001993442387748285	0.002707141838931029	0.005727768675226422	0.002858267331354614
DLBCL10883	0.010624791272875262	0.0040769480797065005	0.007585206334196287	0.00840207359874411	0.9693109807144779
DLBCL10931	0.9801135599149646	0.002218244685553684	0.003589669061824593	0.0090674373348849	0.005011089002772179
DLBCL_LS4616	0.007432466768389016	0.05354648453258726	0.8813541501790358	0.04060687596164696	0.01706002255834098
DLBCL_DFCI_DLBCL_GOE07	0.009803483056587554	0.9489417933923191	0.01676817453357089	0.006815157907284434	0.01767139111023806
DLBCL_C_D_1144_NULLPAIR	0.008264039456931297	0.016231223720624268	0.007195120049671486	0.009639819230815113	0.9586697975419578
DLBCL11566	0.017404824690284284	0.06115104323219013	0.8931011408751915	0.017560914256047062	0.010782076946286965
DLBCL_RICOVER_533	0.006899208199154736	0.964450856212603	0.01509312734568509	0.00810120565185496	0.005455602590702288
DLBCL11353	0.006517753013673074	0.030572876426039057	0.023492323399682456	0.00992588008107256	0.9294911670795328
DLBCL10781	0.006522051609757055	0.007219474349387634	0.005466407968653343	0.013886621430064841	0.9669054446421371
DLBCL10903	0.0053685962197357094	0.9639428094011862	0.0173333457701368	0.00546001681936724	0.007895231789574061
DLBCL_RICOVER_451	0.9906359791729836	0.0017354440314642178	0.0018717699695266544	0.004165479371165771	0.0015913274548597742
DLBCL11670	0.004640047150778671	0.008184405811944254	0.9683215003791759	0.009444343197617605	0.009409703460483648
DLBCL11456	0.010226387302335039	0.9434608546297903	0.020495750167775294	0.018488901786982346	0.007328106113116997
DLBCL10465	0.003998501409239765	0.007347999940802347	0.965904797744312	0.01352733540281952	0.009221365502826363
DLBCL11500	0.00985588189173986	0.00535252138052014	0.012731851830870071	0.013423701309559737	0.9586360435873101
DLBCL10922	0.004888925112763422	0.9731176555219287	0.010096612928387323	0.005893386005446362	0.006003420431474192
DLBC_FF_8043_TP_NB	0.012163386409486039	0.9585383202735405	0.014379160174570691	0.005932169133756388	0.008986964008646374
DLBCL11656	0.0049183017243517166	0.004926389448476341	0.9745397501020776	0.008061123079604148	0.007554435645490169
DLBCL10880	0.017753909761094155	0.0054417032058863115	0.010945634932757423	0.008827388044261435	0.9570313640560006
DLBCL11667	0.003614802429406543	0.0045134814525825935	0.982583912903355	0.005412830716482329	0.003874972498173485
DLBCL11195	0.002662276182698986	0.005149770261103607	0.0044240671113315875	0.005471045779423442	0.9822928406654424
DLBCL11188	0.0038263012366578277	0.9798331245164953	0.008221856941580561	0.0038626397630294154	0.004256077542236914
DLBCL_RICOVER_221	0.0024340771648670117	0.0026465438603312168	0.0037605305920466784	0.0038927131766600094	0.9872661352060951
DLBCL_RICOVER_1248	0.005955603899063977	0.0068300056701937764	0.0033112573081898345	0.0056786716549270845	0.9782244614676253
DLBCL_LS146	0.0035774692536708545	0.9827275738026086	0.006183907857079707	0.0033697174898426603	0.004141331596798169
DLBCL10535	0.0032897677414005307	0.0036570330281437058	0.006005437381092375	0.004402411663208096	0.9826453501861553
DLBCL11450	0.0028726910727688492	0.0024927887585392172	0.0018650082037779336	0.0036759380779734364	0.9890935738869405
DLBCL_C_D_1125_NULLPAIR	0.0014088453710955258	0.0026765555554768786	0.0020782410204763704	0.00263230384914307	0.9912040542038082
DLBCL10530	0.0018146853712383304	0.0031275980298112803	0.0020299886642067455	0.002685469615071853	0.9903422583196718
DLBCL10951	0.0004791286115817902	0.0006070436120057251	0.00045393976719843287	0.0005465731653351138	0.9979133148438789
DLBCL10534	0.0	0.0	0.0	0.0	1.0
DLBCL11504	0.12883162156006545	0.14345227689237933	0.16495178338756017	0.19831031539229796	0.3644540027676971
DLBCL11441	0.12629562398082206	0.014190669592608396	0.13165179725126278	0.1934477606532448	0.534414148522062
DLBC_FF_A7CX_TP_NB	0.28493935950984434	0.03660803261211312	0.16643954202743994	0.1239620081737179	0.3880510576768846
DLBCL_LS1668	0.020396814409298854	0.2151881260027312	0.3753545065767239	0.32029843462709257	0.0687621183841534
DLBCL_RICOVER_1060	0.15106573689127636	0.32881919579559604	0.04108561518213708	0.02325785431455147	0.45577159781643906
DLBCL10451	0.5095362126113505	0.03299658684269137	0.39389109165191505	0.04991027448909506	0.013665834404948049
DLBCL11003	0.044859334614570937	0.41764422405838486	0.028070155137249673	0.043592852738799086	0.4658334334509954
DLBCL_RICOVER_522	0.08955627259548997	0.08185416317437148	0.28890185215394554	0.5228893660634393	0.016798346012753845
DLBCL_LS2590	0.03488898844643454	0.018073065315288774	0.050719898305886565	0.3453977282423925	0.5509203196899977
DLBCL_LS2154	0.6095739924614049	0.1673587408691511	0.10460875004418417	0.08630897146124927	0.03214954516401059
DLBCL_LS155	0.06652561519282965	0.011333214911950752	0.6057419439184294	0.2763972584112917	0.040001967565498495
DLBCL10539	0.06703829681333294	0.42640936533454027	0.05118077788406916	0.35825710315771137	0.09711445681034626
DLBCL_RICOVER_216	0.08406832048925483	0.16733618143937573	0.0720776027557043	0.041275355246881584	0.6352425400687836
DLBCL10780	0.026821987133259895	0.7643353765811969	0.16020541619908563	0.03521151482885089	0.013425705257606793
DLBCL_RICOVER_299	0.014749985551837819	0.6986748659323858	0.23152244769380945	0.018681584981465257	0.0363711158405016
DLBCL_MC_F218_RAP	0.34455336544717374	0.013267334030020875	0.09854777467234307	0.5191209266678913	0.024510599182571036
DLBCL_C_D_1105_NULLPAIR	0.19598368722132486	0.6970629186004208	0.058808423723732295	0.023114314565096595	0.025030655889425414
DLBCL_C_D_1112_NULLPAIR	0.04366613953187816	0.533545667532658	0.292038196237655	0.03653868462713195	0.094211312070677
DLBCL11433	0.1537647811134228	0.015431462740586304	0.0895927977816302	0.45764702940831836	0.2835639289560424
DLBCL10908	0.05262420039931513	0.07206147204456217	0.6907834117005657	0.038698432774111585	0.1458324830814454
DLBCL10980	0.011118980540834024	0.1121867272612103	0.06450937485030543	0.029794522879823822	0.7823903944678264
DLBCL_RICOVER_720	0.02884127806860966	0.19997807113621338	0.0204821837352567	0.015871484152812688	0.7348269829071076
DLBCL11206	0.03241739201184784	0.6119336651094927	0.050628002776366886	0.013520429582171386	0.29150051052012116
DLBCL10965	0.2034409367200114	0.016885195459655153	0.03451398896598982	0.6946527845317471	0.05050709432259655
DLBCL11474	0.757811953391997	0.013413555124067066	0.016384707001295448	0.18470787966442512	0.02768190481821535
DLBCL_RICOVER_773	0.013281517615190202	0.03896035099017745	0.11767330308030512	0.018932695447913	0.8111521328664142
DLBCL_C_D_1119_NULLPAIR	0.16628386772457485	0.7608731065313372	0.03178603382070776	0.023359024702781717	0.01769796722059846
DLBCL10486	0.6481090898997277	0.13816958335285628	0.01849640438258685	0.08583812622716991	0.10938679613765927
DLBCL_MC_F307_JPS	0.7973633351534619	0.023109114085407573	0.025315365994442535	0.12894856635858035	0.02526361840810768
DLBCL10972	0.7789871355690614	0.06494798041490008	0.04396554327690488	0.03214721944692276	0.07995212129221087
DLBCL11480	0.7576816097309707	0.01788760886003205	0.0936400566914266	0.03234178827893116	0.0984489364386396
DLBCL11538	0.03061892709910732	0.015885832201547666	0.6286625954269642	0.2169373359074602	0.10789530936492055
DLBCL10906	0.02297858748610285	0.7955301330855077	0.021939303752674943	0.016775289008888656	0.14277668666682589
DLBCL10934	0.05937450149867487	0.6292548682080761	0.01910503379772886	0.06175982527515243	0.23050577122036775
DLBCL_RICOVER_956	0.01659040010768672	0.12864736004306057	0.025822622735924703	0.021254267537413742	0.8076853495759143
DLBCL_MC_F064AB	0.028060330699244247	0.018942007789879603	0.8211624158508402	0.11527308033288548	0.016562165327150512
DLBCL10968	0.7534689975329737	0.01119237633456397	0.015797434881844787	0.17808107520657007	0.041460116044047444
DLBCL10957	0.7899688883040746	0.014221513039836528	0.0627076487758899	0.11895307996532323	0.014148869914875703
DLBCL11002	0.268780070688037	0.020517268228828607	0.06217147816460221	0.6312755498684485	0.017255633050083694
DLBC_FF_8062_TP_NB	0.08326227753692941	0.012947509474261133	0.045345374862010734	0.8231314495109279	0.03531338861587081
DLBCL10863	0.06467256863410774	0.014788382523385848	0.034140395168242146	0.7891444696804519	0.09725418399381233
DLBCL10532	0.010976042608701763	0.011610235465040971	0.03736085198502227	0.03029175809910604	0.9097611118421289
DLBCL11681	0.6644719180022575	0.008611924915442288	0.15618164574345217	0.06340025387778397	0.10733425746106413
DLBCL10969	0.6230233118414086	0.08190611729692239	0.20629940723049378	0.057297559973922364	0.03147360365725288
DLBCL_C_D_1126_NULLPAIR	0.022672218453609356	0.9019019601237179	0.022025494621396146	0.026768401251128872	0.026631925550147727
DLBCL10925	0.017554818792891867	0.023566890149833646	0.015622398614587018	0.062147576150545634	0.8811083162921418
DLBCL11447	0.05159498771555989	0.015322132817641453	0.02960075111903547	0.8181489271942243	0.08533320115353886
DLBCL_C_D_1109_NULLPAIR	0.07548147513017744	0.011242406173321562	0.024224870578632776	0.8568843976847288	0.03216685043313943
DLBCL11486	0.7717134549874171	0.014903813915249914	0.02345171891551563	0.03991606417596492	0.15001494800585252
DLBCL10985	0.07088433838570146	0.6789505211097826	0.034269134264828596	0.18774970970877403	0.028146296530913297
DLBCL11472	0.7977846768911696	0.008435655431962329	0.033015154502833585	0.13780240394669024	0.02296210922734422
DLBCL11460	0.06029743654512017	0.02203693791585388	0.023428256632316825	0.8726046187191	0.02163275018760918
DLBCL10490	0.82111537644135	0.021255822594309866	0.01396379430955289	0.05333507002183429	0.09032993663295298
DLBCL11205	0.871345731819851	0.042740502572811964	0.04473299385638524	0.032487545009503314	0.008693226741448528
DLBCL_RICOVER_701	0.05287602003909897	0.01201107187676347	0.022313835142954368	0.8888563638917865	0.02394270904939678
DLBCL11527	0.039895223175453506	0.025154307264124823	0.07949904858158251	0.8208414036644547	0.03461001731438445
DLBCL_RICOVER_1210	0.01246259477600954	0.8508494109585296	0.08048765394682057	0.03693393289703976	0.01926640742160048
DLBCL11458	0.09715686402493837	0.024841255651940716	0.8020022261082708	0.029069861583321244	0.04692979263152888
DLBCL_MC_F139_LJF	0.047718340143537846	0.011883456890237603	0.028915412935190288	0.8931420884692635	0.01834070156177084
DLBCL11675	0.028694344256373683	0.010634259180121014	0.7735877741608286	0.06519506962909327	0.12188855277358346
DLBCL10898	0.02129874012952344	0.12009320776437322	0.01693090981559574	0.031055474116249072	0.8106216681742585
DLBCL_RICOVER_1061	0.05417211370599181	0.010961086980739701	0.03166948852059135	0.8857411684038405	0.01745614238883658
DLBCL11484	0.015389271442078984	0.8919028013239687	0.038236812821070956	0.01763104671428548	0.03684006769859592
DLBCL_RICOVER_496	0.01778558326759532	0.9197969592623882	0.030918814830758267	0.017727523030097662	0.013771119609160542
DLBCL10999	0.00679908322596799	0.009430870561896126	0.012792495316737993	0.034321201115434255	0.9366563497799636
DLBCL11512	0.8596628376163563	0.02117279995351042	0.028968254394277134	0.08211747000433758	0.008078638031518565
DLBCL10483	0.006872586759481812	0.9444965691955011	0.028641294162301947	0.006576509735498314	0.013413040147216808
DLBCL11526	0.110029718472733	0.017605198204522884	0.8208428868890784	0.03879437786900178	0.012727818564663998
DLBCL10930	0.08691192377410553	0.01489539994309414	0.018449153666147113	0.01721055000354838	0.8625329726131048
DLBCL_RICOVER_1165	0.01580924366055336	0.8746660890566205	0.04586332586099985	0.014175563172325123	0.04948577824950124
DLBCL11449	0.03359718017593942	0.8505542598529022	0.023987589041307805	0.018482352652395593	0.07337861827745494
DLBCL10523	0.016332913303085145	0.009109164778244336	0.9179443057629422	0.04622413334216364	0.010389482813564756
DLBCL10482	0.9046576219629122	0.010233842412173616	0.01021213083146909	0.025369803575966025	0.04952660121747903
DLBCL_LS1098	0.010032775934604717	0.005686998248991947	0.9565075103078814	0.018683716987812415	0.009088998520709551
DLBCL10460	0.013575683589199162	0.9437457926744384	0.02631380625840421	0.007284060075999779	0.009080657401958455
DLBCL10902	0.011170702040657276	0.024296527244479737	0.017165614633302382	0.01441855002665628	0.9329486060549044
DLBCL11457	0.8850707190906053	0.004807387226449572	0.02898901680312416	0.05579525787073956	0.025337619009081425
DLBCL10502	0.009601198983742908	0.9427030963585352	0.029000885683279937	0.009701680145234183	0.008993138829207737
DLBCL10498	0.02456134584705248	0.014412260465474343	0.9175760422778346	0.03661432382732272	0.006836027582315794
DLBCL10857	0.006458576341504539	0.006824284662393178	0.00784422181379237	0.02178938599740626	0.9570835311849036
DLBCL10954	0.007281569345080001	0.9469902935661741	0.01598314639330681	0.008425617686503009	0.02131937300893601
DLBCL_C_D_1131_NULLPAIR	0.00561413075900808	0.9466372119445351	0.021548864397473565	0.008658361192084744	0.017541431706898532
DLBCL11666	0.006926177624849272	0.038657622380862386	0.9286051946340323	0.013157941393953508	0.012653063966302518
DLBCL10990	0.0093411893611246	0.023172795009874583	0.007362933503256328	0.007421526201925425	0.9527015559238191
DLBCL10963	0.02854473255153921	0.03747824121469659	0.014711949984568403	0.04656320037263651	0.8727018758765592
DLBCL_C_D_1113_NULLPAIR	0.00697203879794563	0.009319951207579096	0.9652618198699975	0.011238542465712601	0.007207647658765151
DLBCL_C_D_1133_NULLPAIR	0.005533899994106211	0.008966486705502872	0.9697679622209976	0.00930812860267481	0.006423522476718544
DLBCL_C_D_1141_NULLPAIR	0.007979606544468564	0.016831056368204367	0.9364731715389536	0.011064799103548469	0.02765136644482501
DLBCL_RICOVER_473	0.9509761101247668	0.006678636160828512	0.008418696514559221	0.027615017039665207	0.006311540160180321
DLBCL_RICOVER_1032	0.01024546865952975	0.03955217828409686	0.009399461959530139	0.010781598347925882	0.9300212927489174
DLBCL_RICOVER_506	0.008503215063948771	0.04389539118391279	0.009683679324099793	0.0109366507568077	0.9269810636712309
DLBCL_RICOVER_174	0.004880769570569369	0.9784560563981332	0.007581095423274486	0.004680602518956521	0.004401476089066469
DLBCL_RICOVER_253	0.006235728982319695	0.9752278180049484	0.00800344691545145	0.003756873893263936	0.0067761322040164815
DLBCL10850	0.005059510061466701	0.9785652429193505	0.00763685503323212	0.0039919814664378375	0.004746410519512844
DLBCL10834	0.005612928052326255	0.9781386463286906	0.0074050510822174075	0.0039047283459985108	0.004938646190767203
DLBCL_MC_F349_BJJ	0.003634278778833002	0.004212489083075546	0.9803681766105224	0.006727172020120084	0.005057883507448943
DLBCL_LS378	0.9791292814603068	0.0029407064463271354	0.005388476477222117	0.009875357069668375	0.0026661785464756446
DLBCL_RICOVER_712	0.004258845828813351	0.008678437099285874	0.004022832081363509	0.007263803597950337	0.975776081392587
DLBCL10889	0.0022724167950720466	0.0026365966930636505	0.003542785803713281	0.0053715363659092245	0.9861766643422418
DLBCL11435	0.9625504852581246	0.003586279198916812	0.006596230420079029	0.020480236925469464	0.006786768197410112
DLBCL10458	0.9806267026624095	0.003459350601704987	0.004635936282634559	0.008780147739356852	0.002497862713894162
DLBCL10459	0.003936613812374257	0.0077605359715643436	0.9731468962359361	0.009420077004881249	0.00573587697524405
DLBCL_RICOVER_744	0.004339005589725069	0.003924668373401207	0.981968120417498	0.006098276812683739	0.0036699288066918984
DLBCL_MC_F262_WLC	0.98470492411505	0.00200926160561853	0.002518355755256204	0.007815567276784617	0.002951891247290725
DLBCL10977	0.0025943868551542484	0.0025739485621932043	0.004444877665631846	0.0038025536371469985	0.9865842332798737
DLBCL10901	0.0018711061502173728	0.002302784218998631	0.0027278361807841363	0.003628426664984566	0.9894698467850153
DLBCL11000	0.0012563258760904825	0.0014581111974616785	0.0016913583604414254	0.0026825350420134468	0.992911669523993
DLBCL10842	0.0007677479243397294	0.0007091771965479959	0.0010007922602971978	0.0013558885476452657	0.9961663940711698
DLBCL_RICOVER_1192	0.0016805085634332378	0.002280717390343001	0.0019438248904304228	0.002029501657389405	0.992065447498404
DLBCL10860	0.001218974151265507	0.0014151517989281239	0.0017064331452372509	0.00203121497047133	0.9936282259340978
DLBCL11501	0.25260679103895295	0.41821917906907313	0.0909902184590627	0.03714414705889621	0.2010396643740149
DLBCL_MC_F927_JHS	0.13433516519288446	0.2797574047876535	0.16708573520923767	0.08378141360778694	0.3350402812024375
DLBCL11483	0.222509521821987	0.15893547786434867	0.25399361408232785	0.14112440274646848	0.22343698348486798
DLBCL10971	0.2262724875054846	0.5232083335187364	0.030001689773977897	0.057679006639936664	0.16283848256186448
DLBCL11678	0.10360807966594326	0.027446445197110363	0.47948718356197245	0.3644852058301602	0.024973085744813665
DLBCL11467	0.07888328747235	0.04301135729829963	0.09809114689014642	0.5063330513087656	0.2736811570304383
DLBCL11664	0.4017981115799663	0.4766237442649531	0.05511135033646106	0.051029510300985514	0.015437283517634022
DLBCL11683	0.05038316592644325	0.040431765717941937	0.6582902615497113	0.21799418068307055	0.03290062612283296
DLBCL_RICOVER_1329	0.03462957601270953	0.5570065094490944	0.030362930667494847	0.018873558270532456	0.3591274256001687
DLBCL10527	0.027657266430031104	0.027383279373235737	0.06815712657226122	0.6671198659503963	0.20968246167407564
DLBCL_RICOVER_258	0.3729432015087695	0.013751397621152501	0.07423761263852308	0.09325938101774363	0.44580840721381126
DLBCL_RICOVER_1190	0.2563776189230556	0.058825799029493656	0.131533205162921	0.031446445790696054	0.5218169310938336
DLBCL_MAYO_DLBCL_234	0.0943161494869161	0.010788415470190611	0.25225190862308433	0.23707050059708004	0.4055730258227288
DLBCL10450	0.5307136196253502	0.09594856045423682	0.018149170634250044	0.26558084146342825	0.0896078078227347
DLBCL10548	0.4983094841408326	0.29233865503532575	0.020869308896371074	0.15851847602693858	0.029964075900531992
DLBCL11469	0.031039176834546853	0.1624027398607651	0.4845737434915574	0.026777452298744783	0.29520688751438595
