	0	1	2	3	4
DLBCL11471	0.3548876372786015	0.2716544034650917	0.11482936523121469	0.1332361740410076	0.1253924199840846
DLBCL10971	0.19864586975747872	0.4332280765807958	0.0221402524150781	0.06192592597681142	0.284059875269836
DLBCL10969	0.5964644741922684	0.18943529282698773	0.1093359469537249	0.043641904025406165	0.061122382001612824
DLBCL11468	0.14835897814179602	0.020767002694664985	0.267657029925532	0.5340045709654604	0.029212418272546562
DLBCL_LS2590	0.031256943049409285	0.01886002389276876	0.04960195228046896	0.319385330733902	0.580895750043451
DLBCL_RICOVER_1060	0.07798041256613293	0.31225301113495063	0.02794306191770692	0.02293198790899035	0.5588915264722192
DLBCL_MAYO_DLBCL_3653	0.40109181652932896	0.04886205079588761	0.07071863907152177	0.2443015976737903	0.2350258959294712
DLBCL11525	0.23145794536651979	0.01939247681368825	0.5732740956467215	0.15610916425163035	0.019766317921440096
DLBCL10973	0.11594733155191388	0.01703826905988927	0.24427440684392743	0.49162610266459694	0.13111388987967243
DLBCL_RICOVER_773	0.014423787592511126	0.23024609457656842	0.10542778422870333	0.022284086997766298	0.6276182466044509
DLBCL11469	0.02470589077203161	0.08998705694699134	0.4507352626587373	0.03596051407815261	0.3986112755440872
DLBCL_RICOVER_467	0.018630436198883143	0.4077082292965287	0.0285872727983712	0.01450269742527866	0.5305713642809383
DLBCL11473	0.5951612123674479	0.04968561993872054	0.025526921433283317	0.3046613795710268	0.024964866689521397
DFCIDL004_DT	0.4905517412015424	0.012777242974696098	0.025023313800230568	0.15282476063881834	0.3188229413847126
DLBCL10509	0.2156188464547223	0.6726981958225845	0.016300680038892866	0.04372058550523259	0.0516616921785677
DLBCL10965	0.26281188305355885	0.01601145214424337	0.03234656587152881	0.637065961265757	0.05176413766491196
DLBCL_LS2325	0.04768359347098678	0.4950108811426283	0.40667915497882323	0.02996676020885244	0.020659610198709287
DLBCL_LS3204	0.04034581348155025	0.8563847079535889	0.0431343593300865	0.04891357609931223	0.011221543135462168
DLBCL_RICOVER_1287	0.027419670486777768	0.2519680475794835	0.03178222588415998	0.028286070402849847	0.660543985646729
DLBCL_RICOVER_338	0.5555975975597903	0.01927936523955041	0.07060440529930694	0.3306765493634997	0.02384208253785264
DLBCL11480	0.7211023962626526	0.031430293950501675	0.08466581698314922	0.03418341815014116	0.12861807465355532
DLBCL11467	0.08271043932544497	0.03860822349017239	0.0885911491109227	0.5671484236506759	0.22294176442278402
DLBCL_MC_F218_RAP	0.3218249539157123	0.011058445891326023	0.12413748579906006	0.5114120177704525	0.031567096623449045
DLBCL11474	0.594904358293189	0.015533705488612682	0.024370459950313915	0.32878996647630915	0.03640150979157521
DLBCL10915	0.026461791352236808	0.1425876085073692	0.06709002446961758	0.08470325847178534	0.6791573171989911
DLBCL10869	0.5440779366575277	0.12546358770549024	0.20773825990473158	0.06875917678111164	0.05396103895113884
DLBCL_C_D_1118_NULLPAIR	0.24911862836168797	0.6629346362181743	0.023670223800051335	0.03905895956124113	0.02521755205884532
DLBCL_LS1668	0.04318158428990724	0.1005844822674428	0.2994950306053873	0.503415506223062	0.053323396614200685
DLBCL_RICOVER_320	0.03491931354825052	0.10191368873033821	0.7767381794472571	0.05465807606320532	0.03177074221094884
DLBCL10907	0.13106524493887614	0.5642152790084585	0.02912003678311532	0.07788968065335952	0.19770975861619053
DLBCL11515	0.012386577842437133	0.09843957686517307	0.6860507880546318	0.048394029357552104	0.15472902788020593
DLBCL10873	0.07119304570947876	0.17990917284692134	0.2310694124306387	0.46149632168620214	0.05633204732675903
DLBCL10934	0.04237226060727004	0.6991845517968958	0.02013946780930917	0.049000217459421985	0.18930350232710305
DLBCL10980	0.009406310781002921	0.10917803249688973	0.032809875146917744	0.028945850223959343	0.8196599313512303
DLBCL_LS1395	0.030773093663630024	0.12596633737905072	0.7908862041707153	0.019410594696704468	0.03296377008989946
DLBCL11003	0.03898420513153452	0.7416542430908185	0.017239082630075144	0.030342920362494908	0.17177954878507695
DLBCL10527	0.027535111018450752	0.017227953236102187	0.06836926251847128	0.7741923644327632	0.11267530879421254
DLBCL10999	0.007707886273364783	0.015437766279829379	0.02562836389093537	0.0513197992024168	0.8999061843534537
DLBCL10957	0.9157245180838648	0.010238081928338246	0.022553410890657166	0.041859298111785695	0.009624690985354076
DLBCL10885	0.03428751691709191	0.8312519411559416	0.023121248751700536	0.03500947347590013	0.07632981969936586
DLBCL_C_D_1115_NULLPAIR	0.08576560133288746	0.07822768013077966	0.04445869814750792	0.7515194176409479	0.04002860274787712
DLBCL10544	0.04282136381629532	0.010453623696255734	0.041837598300399306	0.7289723265714868	0.1759150876155628
DLBCL11495	0.06768290694260183	0.010290250908276975	0.02234931612980129	0.10079503435768823	0.7988824916616317
DLBCL_LS4593	0.012996359058294316	0.15396321651531564	0.7564723353737055	0.05111578761527503	0.025452301437409584
DLBCL11512	0.9189020763313462	0.013065035497320462	0.01223015093446076	0.049563255165963487	0.006239482070909014
DLBCL10961	0.005809321785698412	0.02729473094899111	0.01621373214139859	0.031101909175863255	0.9195803059480486
DLBCL_RICOVER_151	0.07270305145256557	0.2606644151470135	0.07728487201062402	0.5550859806050316	0.03426168078476535
DLBCL10993	0.8731624408370878	0.005957913967983286	0.029020772166166997	0.03860581194636233	0.05325306108239957
DLBCL_RICOVER_401	0.029951673597427127	0.7242980817458311	0.21421760716527413	0.015861029088107045	0.01567160840336061
DLBCL_RICOVER_1032	0.014579032134033545	0.08252339607771363	0.01022824619034848	0.01349023224349402	0.8791790933544104
DLBCL11436	0.02955511419027321	0.8596579916623251	0.024119630027179668	0.04394536431461562	0.04272189980560632
DLBCL10899	0.06366768903627076	0.03745559911566532	0.010014530438665594	0.04743804431756373	0.8414241370918346
DLBCL_C_D_1109_NULLPAIR	0.061973336055831135	0.008983229073862528	0.02915517345628422	0.874673797779643	0.025214463634379066
DLBCL10927	0.12343892079626605	0.011930828455192277	0.04006396169783728	0.8004214075505112	0.024144881500193182
DLBCL10970	0.03534804603947193	0.06057068458612224	0.060781360840297366	0.8082007763663525	0.03509913216775599
DLBCL10564	0.06124291223610394	0.0649191768838035	0.1064071360341257	0.7366029432271836	0.030827831618783216
DLBCL11484	0.013105214271879634	0.8919168639519488	0.032289190121667394	0.011387607267443103	0.05130112438706102
DLBCL_RICOVER_1190	0.053359945349290935	0.03593576162246081	0.026770097546248213	0.014809529712910703	0.8691246657690893
DLBCL11472	0.8986008953510096	0.006062357223825404	0.02040693655189975	0.06055155289325412	0.014378257980011085
DLBCL11652	0.9124829010234794	0.02073646194747798	0.014616804432452665	0.027821537345153528	0.024342295251436465
DLBCL_RICOVER_850	0.006957915799122424	0.020764336751859715	0.018122874414558586	0.028957791359366113	0.9251970816750932
DLBCL11673	0.01475924792631434	0.902169208089463	0.05246910118382749	0.01752036972763074	0.013082073072764397
DLBCL_RICOVER_701	0.07633586712804252	0.013166145150595315	0.025741143383732783	0.8583550179101144	0.026401826427514975
DLBCL_LS4616	0.00921716421952522	0.055497316967238045	0.8884606861441451	0.03444700596025228	0.012377826708839407
DLBCL_RICOVER_1289	0.016954718063329828	0.006863764890332556	0.012401375675424185	0.037429744999006524	0.9263503963719069
DLBCL11486	0.8929910120278851	0.011056521838139231	0.015104082199015116	0.025447933768656294	0.05540045016630427
DLBCL10457	0.010179344903553987	0.03546683279858793	0.010803335086784483	0.011267342136747096	0.9322831450743265
DLBCL11541	0.008503550690547222	0.03527183033555594	0.9084474305363582	0.019791914405813127	0.027985274031725432
DLBCL10918	0.8212655307145684	0.013059392804738744	0.011578364137716885	0.03127460673040949	0.12282210561256643
DLBCL10902	0.00834687848233469	0.030585455939883408	0.017128125533056447	0.015002849121989278	0.9289366909227361
DLBCL11477	0.9578873053549392	0.0038597540719894105	0.00627703154707379	0.02360559419563098	0.00837031483036661
DLBCL11458	0.01957412679403324	0.02032705359114488	0.9329668907480362	0.017371741946649193	0.009760186920136499
DLBCL10554	0.011958768365548553	0.006752758945828784	0.9620211473035817	0.013313111143292268	0.005954214241748671
DLBCL10935	0.8685459919124149	0.06926233255340437	0.010148421742854106	0.032592323851474786	0.019450929939851886
DLBCL10848	0.00767022294993612	0.005561345721818307	0.011922734021631274	0.019699136098706535	0.9551465612079078
DLBCL11439	0.01395673558060587	0.008253662847573897	0.932456041986903	0.035837303793041786	0.009496255791875444
DLBCL11564	0.029845427741437367	0.010551896693575221	0.026901913521061756	0.9131260497979384	0.0195747122459872
DLBCL_MC_F500_ECU	0.0071156372648402706	0.9580904498915301	0.016503277233763547	0.008679759374021304	0.0096108762358447
DLBCL10480	0.030050550176379667	0.9317179359448149	0.009098425930140753	0.008874831913532203	0.02025825603513255
DLBCL10954	0.0073464591393912594	0.9333466131249936	0.017896798389198384	0.010655785910712298	0.03075434343570449
DLBCL10781	0.004425036500578886	0.007411397450844659	0.007020346771961551	0.016595781879860744	0.9645474373967542
DLBCL10837	0.024144516704809688	0.02929251185823233	0.009959206014927413	0.013729978674501472	0.9228737867475291
DLBCL10896	0.9521443111474392	0.00643645898450554	0.004687644853512062	0.027378046803404592	0.009353538211138534
DLBCL11669	0.007860801660737516	0.0074912949166366805	0.9682709785943914	0.011797442968629713	0.004579481859604686
DLBCL_RICOVER_533	0.005746894973163298	0.9769344955960634	0.008429891097645484	0.005305056781750328	0.0035836615513774738
DLBCL11670	0.00444260980270614	0.00839525976800048	0.9619873254453363	0.018179082111396537	0.006995722872560525
DLBCL11566	0.0056952024992799905	0.01595641460509471	0.9601285102581056	0.012546536361773303	0.005673336275746368
DLBCL_LS3200	0.00423435448733578	0.015178182367415043	0.004662918115463073	0.005841952478724877	0.9700825925510612
DLBCL10849	0.015663477509817218	0.8861270312719889	0.014085587599064009	0.008669572420556767	0.07545433119857309
DLBCL11203	0.0040688680150569555	0.9770834398046143	0.006290074460258613	0.006417814847986737	0.006139802872083345
DLBCL_C_D_1141_NULLPAIR	0.004771167591590267	0.009178520848498335	0.9656689574129459	0.008795998970451385	0.011585355176514095
DLBCL10459	0.0037510150324319355	0.00776940430212831	0.9723099272915403	0.010365016158519404	0.005804637215380035
DLBCL11656	0.0050625830036733505	0.004771581086726555	0.9688023765350137	0.012111357798079253	0.00925210157650721
DLBCL11195	0.0026237245900996593	0.008409904445473466	0.005629466810552581	0.008862548644320177	0.9744743555095541
DLBCL_LS2089	0.007975803963130992	0.9462408925044254	0.012069751073068688	0.0051065976298668644	0.02860695482950798
DLBCL_RICOVER_417	0.0015622922156243281	0.0028729536016901536	0.0018248055832118203	0.003310787628020119	0.9904291609714536
DLBCL10997	0.9806897461194752	0.0038119343239191006	0.0028563015678200743	0.00920331403243025	0.00343870395635531
DLBCL10889	0.0019292890028764233	0.0024403435140833607	0.0026573421028657012	0.0039468847113315626	0.989026140668843
DLBCL_LS1757	0.9911241094688721	0.0015012017709355044	0.0014766014177958267	0.004406386344089336	0.001491700998307214
DLBCL10834	0.00901023533543978	0.976129876789211	0.006633178262618849	0.0031005479540970626	0.0051261616586332935
DLBCL10880	0.012124059356732383	0.006017846113064942	0.006357950957366311	0.005735497827994163	0.9697646457448422
DLBCL10903	0.003427243339960083	0.976245319220194	0.011169474223811409	0.0027153491119897614	0.006442614104044743
DLBCL10901	0.002583496039780712	0.0039029510845682517	0.00328371273169944	0.005289710701191675	0.9849401294427599
DLBCL_LS378	0.9962273584264494	0.0006970644415847546	0.000809585364215972	0.001675501977672956	0.0005904897900769557
DLBCL10495	0.9824367464567337	0.004801055661425226	0.0023776405910312993	0.00719035947386003	0.003194197816949712
DLBCL10862	0.0013682378334892342	0.0028225168732763247	0.002184623601025191	0.002274161837634499	0.9913504598545747
DLBCL10530	0.0017152634644704988	0.0035315834527892497	0.002264792770179163	0.0029527152214302707	0.9895356450911308
DLBCL_C_D_1130_NULLPAIR	0.9946735374473588	0.0007324560057992233	0.0010201977432880728	0.0025273729754524536	0.0010464358281014666
DLBCL10550	0.0008666328706312539	0.0015859222631497384	0.0012768757569372234	0.0017423482894633922	0.9945282208198184
DLBCL10864	0.0	0.0	0.0	0.0	1.0
DLBCL11188	0.0010966771249546212	0.9943616294965868	0.0021492663015928093	0.0009788585705990704	0.0014135685062667352
DLBCL_C_D_1136_NULLPAIR	0.0008146644681150726	0.9961376291432177	0.0012772585408350487	0.0008114321410309576	0.0009590157068011969
DLBCL10450	0.46965067568497537	0.09681290706838969	0.02463039685676667	0.22751549325008874	0.18139052713977957
DLBCL10986	0.4884285820522016	0.08636476842138992	0.27188502703015405	0.11442907322205996	0.03889254927419442
DLBCL11441	0.22090029595736255	0.011873686358101827	0.0917137451651305	0.4856266491490069	0.1898856233703983
DLBCL11433	0.09891046674738364	0.014405883483508398	0.08060859383479269	0.31332370964831274	0.4927513462860026
DLBCL11518	0.46186107495681317	0.21471493242412998	0.2524291916878544	0.03893359551159128	0.0320612054196113
DLBCL10492	0.3589825045779016	0.030929447219725507	0.020923174812739066	0.16454880216016027	0.4246160712294737
DLBCL10782	0.11136586314675119	0.033732581269602234	0.041813243147807	0.7918406527426594	0.02124765969318022
DLBCL_MAYO_DLBCL_234	0.28124987711863225	0.01074620473819606	0.4213110995336745	0.22228476848469833	0.06440805012479892
DLBCL11536	0.046114348723288255	0.45941262848438497	0.08293423361631683	0.36988122145946944	0.04165756771654064
DLBCL10566	0.04337205517569749	0.48011368625499956	0.036471067138606136	0.019091332823947836	0.420951858606749
DLBCL10503	0.07892027584778936	0.41237171566550596	0.33455102573319206	0.019600345118283395	0.15455663763522942
DLBCL_C_D_1112_NULLPAIR	0.030295411847723643	0.2930546902779326	0.5026304336762429	0.08863078562439222	0.0853886785737086
DLBCL_LS2328	0.04988955657186019	0.24005818144216814	0.6647150209700856	0.03305668347233772	0.012280557543548258
DLBCL11455	0.3260242977137151	0.018888795958418834	0.0769889233485224	0.5407745333570478	0.037323449622295814
DLBCL10974	0.056787304914538296	0.01997636124545739	0.04517909625774135	0.3595778277854256	0.5184794097968374
DLBCL_BWH_DLBCL64	0.1619629849645554	0.4683208898413542	0.08890300193346952	0.2656029964279536	0.01521012683266718
DLBCL10780	0.02317396790396502	0.6257729068137389	0.2922145748704846	0.036811201233777215	0.022027349178034363
DLBCL_LS2245	0.08121082224270149	0.6242690290896787	0.22909946852146473	0.03104958002270982	0.03437110012344514
DLBCL_RICOVER_1329	0.040350197695151586	0.24077248700129833	0.016968376243619257	0.018725369697327708	0.6831835693626032
DLBCL_RICOVER_299	0.012915677065373018	0.8194422764905972	0.1346001105456311	0.012133785118051065	0.020908150780347697
DLBCL10904	0.030401787063843572	0.0587523160793884	0.04815926500193701	0.04270459264857556	0.8199820392062555
DLBCL10894	0.23709539767913027	0.6626166574038876	0.02763422730433006	0.055588657314533226	0.017065060298118825
DLBCL10539	0.05887464559351721	0.17371277315198733	0.06457746940686153	0.5930690263583237	0.10976608548931019
DLBCL10453	0.014400806923304891	0.1284566286304483	0.023842077681590374	0.032565965626154936	0.8007345211385015
DLBCL_MC_F739_AMA3	0.01615381427948004	0.6482693184426113	0.2839471080350152	0.031801301110300835	0.019828458132592684
DLBCL_RICOVER_314	0.013286307852298502	0.4875469731730782	0.0692380986663665	0.048828319664832864	0.38110030064342393
DLBCL11590	0.08390593561658755	0.013631707908541147	0.5473173664999509	0.2865150565261206	0.06862993344879983
DLBCL_RICOVER_950	0.03704936116130462	0.014269148683000582	0.08659613468797406	0.8414225366884476	0.02066281877927314
DLBCL10838	0.011545554023672371	0.0983012399698489	0.012595911713399256	0.01693616920309677	0.8606211250899827
DLBCL10984	0.013205128510917336	0.0762436393790374	0.013400002479018612	0.029913492801999713	0.8672377368290269
DLBCL_C_D_1103_NULLPAIR	0.03191478683995937	0.017671453309960783	0.06387844294744044	0.8665070459892985	0.020028270913340872
DLBCL11454	0.8977031010589657	0.017744279949136705	0.008921243530238578	0.06587951713899048	0.009751858322668552
DLBCL11496	0.7381162206538032	0.01641120149449171	0.02621112582274466	0.039199241848800276	0.18006221018016016
DLBCL11206	0.032088696554335626	0.6792924979384138	0.029969742075534284	0.01189673731522023	0.24675232611649606
DLBCL_RICOVER_978	0.9201972721230962	0.00980912553555031	0.03297684684760099	0.02920594023599814	0.007810815257754358
DLBCL_RICOVER_945	0.9472953449493456	0.012521921819505611	0.006704855898585432	0.025259729507386922	0.008218147825176384
DLBCL11504	0.04610690259651849	0.04019642580006788	0.03875448718582563	0.06411989395653613	0.8108222904610518
DLBCL10547	0.038175540909963904	0.01117766565185811	0.02632844240249489	0.8954977771997359	0.028820573835947227
DLBCL10456	0.04836769854288156	0.011385408029773104	0.053075157587416474	0.8471036486316499	0.040068087208279
DLBCL10978	0.030497186850035222	0.011483044988725205	0.04093583294929951	0.8935029704020331	0.023580964809906995
DLBCL_RICOVER_361	0.030887641062100124	0.010303258095812054	0.03738196543923722	0.8884725824759884	0.032954552926862175
DLBCL10932	0.043134709624223076	0.008575638724992425	0.023095939468785288	0.9018412427580413	0.02335246942395787
DLBCL10906	0.028152771779177268	0.6056496160045461	0.019664661003898378	0.019437757448837426	0.32709519376354085
DLBCL_MC_F139_LJF	0.03264362118990292	0.010016166471611496	0.027404619700861072	0.9134513584597378	0.016484234177886758
DLBCL10487	0.1073362119381689	0.7614456849230371	0.03198799511772098	0.07481835559993147	0.024411752421141443
DLBCL10854	0.007911427773456983	0.01627651551649375	0.01699840381228685	0.04150823500949885	0.9173054178882636
DLBCL_LS762	0.016590025258856837	0.018007907451407228	0.05284521760837058	0.021490120008595414	0.89106672967277
DLBCL10502	0.011000952828288854	0.9302908028978398	0.039198404664232196	0.011037310795982962	0.008472528813656136
DLBCL_MC_F815_BAT	0.007788130425463855	0.018525603239667142	0.9151226703861465	0.046840021856823996	0.011723574091898566
DLBCL_RICOVER_1106	0.0038570545545776862	0.014250829094984914	0.0075877512425597034	0.011588962815011856	0.9627154022928659
DLBCL10847	0.017546539357494742	0.047416336514597326	0.007813206265998452	0.009444961950141937	0.9177789559117675
DLBCL10532	0.012805252985099285	0.011530020963216462	0.039675609792518066	0.0341362012257556	0.9018529150334106
DLBCL10498	0.0109175665052012	0.00920574542619994	0.95171305578142	0.023906533399412098	0.004257098887766765
DLBCL10879	0.005722524322258629	0.011538589702107204	0.9501534626807803	0.01911292202558987	0.013472501269263993
DLBCL11573	0.013555614473522708	0.045523804071681856	0.8849685526069131	0.034365727940151365	0.021586300907730976
DLBCL10959	0.9389662695781349	0.008982106127320833	0.006907715903529999	0.036362658519527795	0.008781249871486532
DLBCL11542	0.014050293198988225	0.0518947473115155	0.8786920265876081	0.04708416366801634	0.008278769233871767
DLBCL10914	0.8621161792567023	0.03923956825975355	0.05792477511559203	0.026923839094378305	0.013795638273573899
DLBCL_RICOVER_408	0.008312091901739451	0.9435763488973274	0.03114677011034512	0.007743740367332362	0.009221048723255566
DLBCL10981	0.026741217232089103	0.8016134626786464	0.06579578468990596	0.07374527851225622	0.032104256887102306
DLBC_FF_8046_TP_NB	0.038358381947663486	0.02009760387677588	0.8951647225855435	0.024428094857316108	0.021951196732701028
DLBCL11428	0.0037139408177784996	0.004128998153175436	0.9821976888681383	0.007041500304930444	0.0029178718559773674
DLBCL_C_D_1126_NULLPAIR	0.06589048348999965	0.8801563530092973	0.01568938349743369	0.02071325848370787	0.017550521519561456
DLBCL_LS1098	0.005331025814142128	0.004631918751578644	0.9722959931127174	0.013782057413315365	0.00395900490824644
DLBCL10890	0.005582198191990813	0.013091557194627948	0.005811393334603971	0.007366079487017815	0.9681487717917594
DLBCL10871	0.02202332375808792	0.9020188661952875	0.030573658547444798	0.009762686751596463	0.03562146474758329
DLBCL11666	0.003279660245198305	0.00473837293480926	0.9824002999369335	0.006870501924934178	0.0027111649581247808
DLBCL_LS3809	0.9284689036820694	0.01323264496463809	0.01642640542461579	0.017637484491802552	0.024234561436874205
DLBCL10490	0.9388752066254141	0.01141994007795183	0.006171316550799259	0.026454391502425862	0.017079145243408953
DLBCL10857	0.019704772702722098	0.008757494337993225	0.00984284019048566	0.0382038837816803	0.9234910089871187
DLBCL_DFCI_DLBCL_GOE16	0.0026782447597140896	0.003019342539898026	0.9850029399410221	0.006156966577769933	0.0031425061815958605
DLBCL10950	0.9413799339502854	0.0065496414384794855	0.013435739303763308	0.028603031934168764	0.01003165337330307
DLBCL11679	0.032565638280899784	0.936304051890626	0.013452279250460894	0.009164762297053767	0.008513268280959482
DLBCL_LS3245	0.005131471708594604	0.9583104520104642	0.02205433891535808	0.006906453642030232	0.007597283723552899
DLBCL11662	0.9364396594042851	0.00583214379595805	0.006681041997989093	0.02799577439921589	0.0230513804025519
DLBCL11450	0.0038190909646805275	0.005461790443775743	0.0032054906136949547	0.006641649259372796	0.980871978718476
DLBCL11429	0.9572097692463711	0.003413716001487784	0.005772572798237615	0.02150820127049084	0.012095740683412601
DLBCL10916	0.004347391527502613	0.014059290885916256	0.006349813868038964	0.008336965035778618	0.9669065386827635
DLBCL10462	0.9473749703525274	0.0038300603784942565	0.011406425193375227	0.025636981002638976	0.011751563072964183
DLBCL11516	0.013718848221782444	0.9233577487317602	0.0238485566847071	0.018675904637615565	0.020398941724134645
DLBCL10853	0.0025921460699678323	0.0020913441016959453	0.0013773008484535862	0.0021431968223648533	0.9917960121575178
DLBCL_RICOVER_712	0.0027747355628988273	0.006596057049736055	0.0030633666595261755	0.005877549588429596	0.9816882911394094
DLBCL10515	0.981275173678443	0.00253867433376492	0.002699867835459837	0.010166112319016762	0.003320171833315482
DLBCL10876	0.002892929089260045	0.007938657019104498	0.0033617286364738307	0.004580270533242849	0.9812264147219187
DLBCL_RICOVER_134	0.0029027069351056397	0.007220137151868136	0.0028052599289493134	0.0047631817983038545	0.982308714185773
DLBCL10975	0.9692280091504665	0.00315843475252498	0.003378754539400295	0.017126235586177783	0.007108565971430462
DLBCL_LS3749	0.0038170684513041332	0.9781744454628939	0.008138832141852978	0.0058914836352002824	0.0039781703087487345
DLBCL11434	0.9855851026770801	0.0023297559115593135	0.0025898343021105307	0.00768293349949549	0.0018123736097545142
DLBCL11498	0.015142539070931351	0.9648812068577927	0.008254974255982811	0.004929344634086178	0.006791935181207019
DLBCL10471	0.0018536728408182414	0.0020277152279834895	0.0009781028547735547	0.0014663701974731039	0.9936741388789516
DLBCL10887	0.0033206200553534417	0.004948772809209189	0.008030376053005937	0.007889506736657547	0.9758107243457739
DLBCL11191	0.9864729637987688	0.0019518302766675067	0.002249613898591928	0.006916015762859464	0.002409576263112267
DLBCL11482	0.992840222020761	0.0008462773768471612	0.0012952162599581245	0.0036102232566146363	0.001408061085819017
DLBCL10913	0.9946643618012734	0.0007800011627060299	0.0009199803217379818	0.0025651996886509355	0.001070457025631692
DLBCL10883	0.004277400391455153	0.0027496925591466268	0.0029489127795015195	0.003875122826353083	0.9861488714435436
DLBCL_RICOVER_1293	0.0024591522790606644	0.00219624853015902	0.0013549655125438282	0.0026048505056884834	0.991384783172548
DLBCL10836	0.009414934263432725	0.004286306579883801	0.007918191470202736	0.012816607405078478	0.9655639602814022
DLBCL11565	0.0040855357783783925	0.9763940500416264	0.007087944468426471	0.006266041202677373	0.006166428508891335
DLBCL_RICOVER_449	0.0016194373760195337	0.0014714235889639901	0.001435963439579005	0.00231948789794079	0.9931536876974967
DLBCL11539	0.9846842889573126	0.0015320754770083661	0.0030340459764070225	0.008490176174844611	0.002259413414427314
DLBCL10924	0.0020074694700882053	0.0021374401792056325	0.0017689953325037678	0.004233399346749283	0.9898526956714531
DLBCL11537	0.9853519665810168	0.001448509768213627	0.002477918751363865	0.006106189541569482	0.004615415357836284
DLBCL_C_D_1125_NULLPAIR	0.0008052663767985458	0.0016472230839045083	0.0009288430761956196	0.0013796861604006656	0.9952389813027006
DLBCL10842	0.0008593464345670766	0.0011402655541097107	0.0011005196932673707	0.001755652234577893	0.9951442160834779
DLBCL_RICOVER_948	0.0025770059440203856	0.9861028438421333	0.006262129734157166	0.0015156693885157073	0.0035423510911734204
DLBCL10989	0.005086689256055779	0.9777885348595066	0.006665827564568389	0.0032653593469423674	0.007193588972926895
DLBCL10917	0.0035958464809695387	0.9861699540908286	0.003893567163308164	0.0022879369361059935	0.0040526953287876736
DLBCL_MC_F729_MAN	0.0015288540130222693	0.9927212587023269	0.0022749772537523014	0.001083468413404103	0.00239144161749448
DLBCL10983	0.011684790027354326	0.9539745964769574	0.009518915617203565	0.006729041452108245	0.01809265642637645
DLBCL10988	0.0009175035151008482	0.9951421889058544	0.0017162133791825715	0.0010682673773410591	0.0011558268225211141
DLBCL10850	0.0012122793433740017	0.9948239753657376	0.0018439967398338592	0.0007678537297542798	0.0013518948213002257
DLBCL11466	0.11671949790543794	0.3990837157141582	0.0755532922947069	0.3203639781767269	0.08827951590897015
DLBCL_MC_F927_JHS	0.09822607549254588	0.2515829485811204	0.12228389308983187	0.07662318055798618	0.45128390227851567
DLBCL11446	0.2539858676445061	0.479884263094794	0.05728207471567627	0.1547405164706402	0.05410727807438356
DLBCL_C_D_1117_NULLPAIR	0.3320892738131117	0.24290182996925822	0.02795037000963594	0.37250031127845884	0.02455821492953522
DLBCL10985	0.07754284831930444	0.523865940823271	0.036127119236279495	0.31265384054346534	0.049810251077679724
DLBCL_RICOVER_111	0.06425621603338853	0.04437736754221288	0.3556442637697946	0.08650341090668384	0.4492187417479201
DLBCL10513	0.3707461482986631	0.06118658462307394	0.0697949648499415	0.48166913964554486	0.016603162582776596
DLBCL10454	0.24092424268400853	0.5443574737824585	0.04543310797893498	0.01856839896552933	0.15071677658906865
DLBCL_C_D_1153_NULLPAIR	0.082850070757906	0.05736934261838591	0.026488429708672795	0.6239306504668858	0.20936150644814955
DLBCL_RICOVER_258	0.37541951107249755	0.013249819017245333	0.1983597970953768	0.1288866964150594	0.2840841763998208
DLBCL10962	0.027881465435248432	0.7048618547800368	0.11061382752069089	0.014078274829395627	0.14256457743462822
DLBCL10868	0.07364693023217522	0.012779722862003774	0.028344202135619997	0.7077708226617547	0.17745832210844628
DLBCL_RICOVER_1046	0.011006138214923428	0.7198227137144008	0.20559894012194524	0.01630006841552598	0.04727213953320453
DLBCL_RICOVER_274	0.03648798925165952	0.05997110143823543	0.037282637884374074	0.8121497717237957	0.054108499701935354
DLBCL10451	0.6293629423608319	0.03668312471759825	0.27804701731404374	0.04400756128425547	0.011899354323270557
DLBCL10908	0.05819780470554226	0.11320203118187327	0.5689885354569905	0.05108726200965018	0.20852436664594384
DLBCL10947	0.07800767236474017	0.7880259312293861	0.012086571915827694	0.015123223093537919	0.10675660139650804
DLBCL10486	0.4983739048039522	0.13191899446157165	0.018327422036435528	0.10386296640399337	0.24751671229404723
DLBCL_RICOVER_1204	0.02021954489699657	0.057668662686958784	0.13794240974654481	0.4228091837974735	0.36136019887202636
DLBCL_RICOVER_522	0.10620011594843523	0.054558846067715765	0.31055465168056096	0.5152825506845086	0.013403835618779369
DLBCL10856	0.08181497674201277	0.12395800340220578	0.1738085676909315	0.045206833492324745	0.5752116186725252
DLBCL11449	0.041166402787911796	0.7460222774017601	0.028337877706001133	0.017601484472537243	0.16687195763178983
DLBCL11657	0.07725676339776914	0.05772472428140388	0.25502994803915435	0.5741536773482212	0.03583488693345142
DLBCL11478	0.7298889309380061	0.03166212662044177	0.18165874042536576	0.04645055067152796	0.01033965134465839
DLBCL_C_D_1140_NULLPAIR	0.07445862737644779	0.04233742239592047	0.09386538524759808	0.11914425360320337	0.6701943113768304
DLBCL10517	0.010059172223630612	0.7697125152718494	0.159174154763281	0.03266249073081964	0.02839166701041938
DLBCL10994	0.5793082992545214	0.1288424224176503	0.031856463138879534	0.054087235260317196	0.2059055799286315
DLBCL11663	0.6936158948650205	0.06480980561863613	0.09006602231086241	0.10336523980847455	0.048143037397006434
DLBCL_MC_F362_MJB1	0.013871963846340617	0.2686641388462079	0.6086334080792845	0.024069055722335357	0.08476143350583171
DLBCL_LS3499	0.10696151998227757	0.0957558998437002	0.06941041166514664	0.6928129191389788	0.0350592493698968
DLBCL10549	0.0345149419642343	0.6272830901271436	0.29100021961457745	0.030649717457331922	0.016552030836712806
DLBCL10552	0.23825768045365592	0.022145544577967722	0.07604041652049179	0.6474783990887517	0.016077959359132823
DLBCL10843	0.7320738656580854	0.014730510358852813	0.028591137131837786	0.19834969942044633	0.026254787430777655
DLBCL_RICOVER_216	0.0544003070112846	0.11872267782433782	0.04555163093953937	0.033534127612638166	0.7477912566122
DLBC_FF_A7CX_TP_NB	0.20130397983254741	0.04240779213877928	0.08077141014767814	0.07986385489949915	0.5956529629814961
DLBCL10548	0.6159154568772908	0.1664854637194229	0.02484182459826664	0.15989489721937952	0.03286235758564009
DLBCL10909	0.040628887814436666	0.017971553219380203	0.05906745096129353	0.6989247529804046	0.18340735502448496
DLBCL_LS1304	0.0187775087973671	0.05534078187860822	0.7785504762427052	0.029430609927566524	0.11790062315375288
DLBCL10846	0.05451883466224985	0.876656750922926	0.020342130529335617	0.024714440445002792	0.02376784344048572
DLBCL11501	0.7664659903077438	0.1317763447806511	0.026823854143077377	0.028383912407444815	0.046549898361082954
DLBCL11202	0.24735158378848604	0.09726711522570561	0.5709151010542711	0.07321212880498965	0.011254071126547593
DLBCL11507	0.02583363089373576	0.8747558451266171	0.07116728818476052	0.014786604910746728	0.01345663088413994
DLBCL11510	0.756294146460596	0.0839904220293723	0.03585855168636907	0.0512927323863029	0.07256414743735974
DLBCL11479	0.020111210817676726	0.8280778824571997	0.1036755295623071	0.016571924083734427	0.03156345307908198
DLBCL_LS4054	0.025507768341030065	0.883579615854108	0.020056499405367394	0.038442704944582975	0.0324134114549115
DLBCL_C_D_1151_NULLPAIR	0.04267123338953481	0.011913899253187771	0.029039003779606068	0.8991469529866569	0.017228910591014373
DLBCL11208	0.01768986832843476	0.8562972192350992	0.06077908299831852	0.024647544075651995	0.04058628536249556
DLBCL10553	0.028772590789603196	0.03776988839031949	0.11959005708958963	0.7780643803872913	0.035803083343196346
DLBCL_RICOVER_583	0.011950654678658747	0.8152235598156634	0.040058646757704104	0.01176122260726514	0.12100591614070855
DLBCL10472	0.060509744686692145	0.01343006309658842	0.7293057439437803	0.1729711298475922	0.02378331842534698
DLBCL_MC_F064AB	0.0172767656863646	0.012857234233282007	0.8860747514280133	0.07064743288146193	0.013143815770878144
DLBCL10881	0.03309846602227234	0.009514851604618898	0.011755213674340433	0.04820436253857028	0.897427106160198
DLBCL_RICOVER_335	0.014233706004213293	0.9392958459822994	0.011679564159573202	0.024985592418995964	0.009805291434918165
DLBCL_RICOVER_866	0.02883583125777863	0.019740329512733093	0.693658572288674	0.23928895502547692	0.018476311915337388
DLBCL11481	0.9467495220395286	0.006060630306453015	0.020318070896412705	0.01646352413326089	0.010408252624344846
DLBCL_RICOVER_440	0.011654875234046194	0.876073339872226	0.08577170759687032	0.008886316682284021	0.017613760614573506
DLBCL11460	0.03157456259439454	0.010207883746286938	0.024832080924623683	0.9133218644870169	0.020063608247677906
DLBCL10565	0.053176488905408895	0.023510229876497316	0.8282962414953231	0.08019495164264602	0.01482208808012463
DLBCL11437	0.04734494286836382	0.009148337805030644	0.03989342347148762	0.8629786899887406	0.040634605866377266
DLBC_FF_A7CR_TP_NB	0.029635371886295583	0.007183193742318019	0.01762371660359836	0.04689077910367445	0.8986669386641136
DLBCL10968	0.6434354600524912	0.010246687329715676	0.020365831756581902	0.2592089281354736	0.06674309272573768
DLBCL10939	0.03680044768457812	0.010289688457260963	0.027279886635125334	0.8978660327931189	0.027763944429916605
DLBCL11459	0.028523626545708794	0.008626129673673441	0.025071255346333813	0.9193429127789757	0.018436075655308245
DLBCL11196	0.031570776890201505	0.00817864589440061	0.02808458225228265	0.9084585266665082	0.02370746829660706
DLBCL10485	0.034594790254468655	0.14178785779133868	0.0130033213342875	0.016686803949331933	0.7939272266705732
DLBCL_RICOVER_678	0.011834866487508918	0.9572851269071875	0.00650330126686318	0.0058606887620878245	0.01851601657635257
DLBCL10900	0.006861401660335819	0.004272377834869096	0.002879911719955551	0.006797527655259779	0.9791887811295797
DLBCL10521	0.016070386582433052	0.08171019889532294	0.008493893355308094	0.01266878121210766	0.8810567399548282
DLBCL11591	0.014260984825187987	0.8003985857982124	0.15238981587212558	0.012628801773355866	0.020321811731118102
DLBCL10878	0.013417780388671478	0.008823227124409133	0.007532240849575233	0.013797797864782541	0.9564289537725617
DLBCL10964	0.012554431169259807	0.030789544725676157	0.013475256387298346	0.05789528189344539	0.8852854858243203
DLBCL_RICOVER_173	0.012714778752175375	0.009872428782399528	0.016747733176664503	0.055575541792243784	0.9050895174965168
DLBCL10925	0.01578876886510137	0.028054125417645383	0.013481812742193388	0.05203847432946409	0.8906368186455957
DLBCL_RICOVER_288	0.012375048831218432	0.9704860008981465	0.0064335205786982454	0.005514400548902018	0.005191029143034783
DFCIDL009_DT	0.00930045894485655	0.04411103552669307	0.9203883602875051	0.017302040831533964	0.008898104409411306
DLBCL10542	0.9059783708683053	0.005683002551341769	0.01922144403752323	0.02555679525904512	0.04356038728378456
DLBCL11672	0.007813984701207768	0.007821258285823753	0.9417645215535393	0.029463455633685676	0.013136779825743523
DLBCL_RICOVER_826	0.943005687726944	0.005850790651762456	0.006141137304806064	0.033967856744744694	0.011034527571742728
DLBCL11004	0.00845840946640014	0.010904643914736079	0.011035856875355311	0.039671700607878765	0.9299293891356297
DLBCL10522	0.013518342787508145	0.00782761457469674	0.9499700671219851	0.015755644194701178	0.01292833132110884
DLBC_FF_8042_TP_NB	0.005869622187082863	0.0231109690826889	0.021960350438503175	0.014501153189884477	0.9345579051018406
DLBCL_RICOVER_1219	0.001676644663445085	0.0028039534624232604	0.00210794145441044	0.004176733842771486	0.9892347265769498
DLBCL_LS951	0.9325121627990074	0.01633147309144503	0.011860531456276675	0.032465321519502315	0.006830511133768597
DLBCL11500	0.0038550404832080605	0.0036783218594503087	0.005112695493477284	0.0072168686807025425	0.9801370734831618
DLBCL11677	0.9747416335445405	0.002995859184933896	0.0068036439233160086	0.012117675735527132	0.003341187611682549
DLBCL11476	0.012074841212428801	0.01600669263898821	0.005027096839403083	0.006989529517454147	0.9599018397917257
DLBCL11685	0.005208190390174305	0.005851426729599514	0.9633654434712452	0.01299503685036694	0.01257990255861407
DLBCL11651	0.011197260174418059	0.010229812014267722	0.9260968177899134	0.03153147227602294	0.020944637745377866
DLBCL10860	0.002538641980207274	0.003995720167884436	0.004604396190952206	0.005214056775848428	0.9836471848851076
DLBCL_RICOVER_829	0.951274513245312	0.009069232058922268	0.004096744796307734	0.02259857308794042	0.012960936811517595
DLBCL10977	0.001447174095748931	0.0018787620798557786	0.002263232256353572	0.0025854786817621597	0.9918253528862796
DLBCL_C_D_1129_NULLPAIR	0.9606739277323982	0.0056761689949526226	0.012335075175292245	0.01104263496794706	0.010272193129409822
DLBCL_C_D_1157_NULLPAIR	0.009296210151662501	0.005699129244848183	0.9633182209019725	0.01576977302962	0.005916666671896827
DLBCL10895	0.0103578329287297	0.038993491656440796	0.01385590441039245	0.010321384136472272	0.9264713868679648
DLBCL_C_D_1135_NULLPAIR	0.003260798198485255	0.9876672488222898	0.0035721819560595738	0.0026635285936544273	0.0028362424295108853
DLBCL10519	0.006376439529256192	0.9668172788511921	0.014417720633305101	0.007503287870029435	0.004885273116217188
DLBCL_C_D_1133_NULLPAIR	0.005372357330462908	0.01065370937527513	0.9689965908207051	0.00847277153978917	0.00650457093376768
DLBCL11470	0.971812671289841	0.0023419102973164284	0.005543812070930242	0.015719977477610524	0.004581628864301831
DLBCL_MC_F519_ALT	0.0005826200591794662	0.0008685058617179731	0.00047248300282580003	0.0007284728756677042	0.9973479182006091
DLBCL10884	0.982381159112425	0.002185515620002695	0.0032567724162562385	0.009593327614104273	0.0025832252372118138
DLBCL_RICOVER_174	0.003368246554489143	0.9890424114366108	0.0034125064189016504	0.001857679511422118	0.0023191560785763127
DLBCL10996	0.9934441075654589	0.0007089689260164076	0.001575022068526838	0.002884426145103176	0.0013874752948947397
DLBCL_RICOVER_1192	0.0019834016315032343	0.0031071182052158823	0.0018272444017513924	0.001984714327593523	0.9910975214339359
DLBCL_MC_F132_MLM	0.9835836595399994	0.0019799582922305145	0.0021021949193324348	0.00898162471804626	0.003352562530391419
DLBCL10458	0.9946480376867258	0.0009090374883332594	0.0009296848552420603	0.0026355096064640117	0.0008777303632348478
DLBCL10897	0.9911124692015705	0.001561286761580515	0.001330812819617684	0.0041379486802728405	0.0018574825369584431
DLBCL11569	0.0045134570162024676	0.008784598464730566	0.9743271824140847	0.009159342947463168	0.003215419157519089
DLBCL_LS1065	0.0021043573812186632	0.9922190521194837	0.002279672274646863	0.001289018550417705	0.0021078996742330807
DLBCL_MC_F089_HCZ	0.0026564260399633065	0.9788360949005068	0.008971836397662357	0.004667963855543339	0.004867678806324216
DLBCL_LS146	0.0014092473710458093	0.9928594268614053	0.002675834983049924	0.0010920277377136998	0.0019634630467853277
DLBCL10955	0.23233004523460113	0.05745032912695916	0.08448584773097728	0.21497616508195772	0.41075761282550477
DLBCL_C_D_1148_NULLPAIR	0.60228785132722	0.009968042818464973	0.07986481668727896	0.2830946207796063	0.024784668387429872
DLBCL_RICOVER_711	0.23723864104608078	0.37616553377667356	0.04234860890826339	0.32235039326862197	0.02189682300036034
DLBCL11488	0.5461337081549196	0.011083092197236416	0.025416885181558563	0.13017073845468757	0.28719557601159795
DLBCL_C_D_1138_NULLPAIR	0.019617056750148097	0.3092459537452604	0.555806439532439	0.06441562569781181	0.050914924274340675
DLBCL11681	0.7544135124405225	0.009329234981937702	0.12070598601622493	0.049668771661431244	0.06588249489988365
DLBCL11430	0.6158752867522769	0.015211629569496532	0.10160736205937407	0.24902786142625724	0.018277860192595256
DLBCL10867	0.03500543075507101	0.5502823271615022	0.02170076625995394	0.02529995915303857	0.3677115166704342
DLBCL11678	0.08714030929399198	0.02957511118850887	0.33890915511040354	0.5211082750777609	0.023267149329334647
DLBCL11432	0.5789183983120225	0.008407661354511426	0.15925805460589382	0.2093821177235861	0.0440337680039861
DLBCL11448	0.04232659604067005	0.056274558073521275	0.15659635546792067	0.25315765236430715	0.4916448380535809
DLBCL_MC_F496DMP	0.4152333329456801	0.1658293847791961	0.3318067091390074	0.06172447518094179	0.025406097955174664
DLBCL_RICOVER_1269	0.013121862871068712	0.26363993356807536	0.6415361013127896	0.041716906744426005	0.039985195503640325
DLBCL10921	0.02121834645852269	0.6055275585728969	0.022346581083226524	0.01712023339488496	0.3337872804904689
DLBCL_C_D_1106_NULLPAIR	0.09525999081011002	0.8445974596050183	0.01825762269639463	0.024954555457041724	0.016930371431435266
DLBCL11576	0.08718553404529772	0.0765565814439679	0.23024177333032414	0.5727633535791476	0.03325275760126262
