	0	1	2	3	4
DLBCL11431	0.1889758923482576	0.1803251319307553	0.2256531358213091	0.13615195396183047	0.26889388593784747
DLBCL_C_D_PAIR13	0.18913209654836632	0.1740205057585413	0.229905945572455	0.13957265384130135	0.2673687982793362
DLBCL11491	0.2514843393749908	0.024109376741855686	0.032750015361907164	0.5376875706827503	0.15396869783849607
DLBCL_RICOVER_711	0.14546123600115676	0.5653476690248551	0.025692357599491993	0.23872006188309342	0.024778675491402644
DLBCL_BWH_DLBCL64	0.2068506276740963	0.25231524337230227	0.03252288845343569	0.48178119170691996	0.026530048793245675
DLBCL10846	0.19742197412688917	0.5932363280944508	0.048340578404246805	0.10829433610251508	0.052706783271898115
DLBCL10986	0.3269639743229369	0.11133869668637622	0.43681543352540225	0.1014193161957785	0.023462579269506154
DLBCL11534	0.041970776252695	0.03859500084654527	0.4785968126712452	0.1295636809582348	0.3112737292712797
DLBCL10915	0.058693524223483784	0.1690646178159555	0.08657374388252581	0.4626645785998984	0.2230035354781364
DLBCL_MAYO_DLBCL_3653	0.20963753930621984	0.037827195548337675	0.09703598746160096	0.1692532143262553	0.4862460633575862
DLBCL10491	0.036865245184660216	0.4740749017837045	0.10741790929453413	0.35976576094308066	0.021876182794020576
DLBCL10874	0.10602459076554407	0.41946841811409746	0.01966958964966196	0.1705390568228622	0.28429834464783416
DLBCL_RICOVER_1045	0.40471035176003006	0.033900707129447975	0.028249314112873486	0.484816437789999	0.048323189207649435
DLBCL10858	0.029867671613516857	0.009567980450440145	0.02513874294161544	0.14853761432948095	0.7868879906649466
DLBCL_C_D_1148_NULLPAIR	0.5554124922899273	0.012990667172907647	0.13013034520306388	0.27064462408427553	0.03082187124982562
DLBCL10891	0.016053025426612456	0.010438831356268566	0.05542668539679874	0.08863822240179335	0.8294432354185269
DLBCL_RICOVER_478	0.20207535489271147	0.5861559396631981	0.03989809439923294	0.02475482308375838	0.14711578796109906
DFCIDL004_DT	0.24117714076044428	0.01081871851136023	0.029595428627389918	0.1599359287424578	0.5584727833583478
DLBCL11479	0.06140466732187566	0.5901283591095147	0.2734953903701483	0.0457319897241868	0.029239593474274544
DLBCL_RICOVER_1287	0.030909979702742004	0.32006470053827896	0.05248465345775103	0.03526990010871524	0.5612707661925128
DLBCL_RICOVER_1046	0.01155824504583583	0.5130043934663466	0.40100343690924495	0.024967269245868492	0.04946665533270406
DLBCL_C_D_1159_NULLPAIR	0.3066524334271929	0.01862889185603811	0.030662381147390484	0.6046514010060667	0.039404892563311804
DLBCL_LS1304	0.01859306175879871	0.022235520809515748	0.7410464761822507	0.03547908611866393	0.18264585513077083
DLBCL10868	0.05605374781786485	0.017433517679554093	0.031118074912454243	0.7447659593404597	0.1506287002496671
DLBCL_RICOVER_787	0.11681027771214841	0.7268794938588038	0.048584051669981775	0.09233565219136705	0.015390524567699045
DLBCL10544	0.03620749155350999	0.01851582634480637	0.04216642569042898	0.7780673635937678	0.1250428928174869
DLBCL10513	0.16354369734070737	0.06860425323950937	0.042496661826665415	0.7058225691254346	0.01953281846768321
DLBCL11429	0.9184527839227897	0.005303439368558142	0.0146751000595183	0.04022827377096863	0.02134040287816521
DLBCL10536	0.015682919777349886	0.1587484175080554	0.7626179972648368	0.041815872190188286	0.021134793259569604
DLBCL_RICOVER_985	0.026450705792522088	0.040660008631056024	0.1586984816259298	0.7132738826090002	0.06091692134149189
DLBCL10878	0.05427274283815232	0.011459161180662007	0.02041714724486	0.06348397222731064	0.850366976509015
DLBCL_RICOVER_111	0.15253839632802346	0.034040547890934324	0.14691982612201784	0.05301947898458431	0.6134817506744401
DLBCL10981	0.017858812065816188	0.8147142550998687	0.08502027912748614	0.06268910890354153	0.01971754480328738
DLBCL_LS2325	0.022297382199520533	0.0784167888596707	0.869118519373619	0.02009777610074043	0.01006953346644935
DLBCL10866	0.007033623096574425	0.00537207118578642	0.012115306056001628	0.02078696138703448	0.954692038274603
DLBCL10900	0.01800932242110305	0.005656980085447248	0.014760452177067862	0.03284260295426728	0.9287306423621146
DLBC_FF_8046_TP_NB	0.03026520979476488	0.013501621115253574	0.9043919532342861	0.02766177255749311	0.024179443298202322
DLBCL_LS1395	0.013345790904940851	0.062014723248154616	0.887954282244085	0.016276486566072487	0.02040871703674705
DLBCL11652	0.6969014220876326	0.16817807157895556	0.0154115452217619	0.04331308605606211	0.07619587505558781
DLBCL10466	0.0066819723526797435	0.0672533628908687	0.8538474644146568	0.04725157238049899	0.02496562796129586
DLBCL10894	0.05888746488811499	0.8750655186167229	0.01200703122316749	0.03713514812748633	0.016904837144508335
DLBCL11520	0.848707291977648	0.008011253559780785	0.014117945258859715	0.03293792951883309	0.09622557968487834
DLBCL10950	0.9087679720349627	0.007081503426280809	0.022313423567654155	0.03888837944274492	0.022948721528357356
DLBCL10456	0.03719670634729688	0.021110642824270394	0.06775147396580712	0.8251253715625997	0.04881580530002591
DLBCL10547	0.03968659984324428	0.026994255490431943	0.033700024327654975	0.8630679718139463	0.03655114852472247
DLBCL_LS1921	0.019176612657596934	0.8680764800959415	0.044016430130330575	0.05853257995391412	0.010197897162216835
DLBCL10914	0.8349693683996847	0.04261306341985059	0.07687717725874503	0.023996163147830717	0.02154422777388897
DLBCL_MC_F500_ECU	0.010790609675070985	0.9112636511640083	0.0335889496752945	0.026436333277522227	0.01792045620810395
DLBCL11661	0.02187997045659124	0.8139243445503132	0.08097841183190856	0.07143383445682346	0.011783438704363625
DLBCL10835	0.009442109153955098	0.039864726024741094	0.01611828595867438	0.04716006794047411	0.8874148109221554
DLBCL10833	0.058385841487755004	0.009340885846576873	0.013988932700736326	0.05546525601337601	0.8628190839515558
DLBCL_LS951	0.9325277044078834	0.017516820309985814	0.016676743888871585	0.027373498530329197	0.005905232862930053
DLBCL10887	0.0067833080356239275	0.011407367683895782	0.05017430196568487	0.01728702329542835	0.914347999019367
DLBCL11537	0.9528702041987678	0.004354016490828013	0.009386511005551048	0.012368322920396208	0.021020945384457
DLBCL_RICOVER_950	0.03325024389338095	0.020697174038469043	0.06294946600253994	0.8603330742907583	0.02277004177485178
DLBCL11476	0.043095163039401696	0.01940748793349416	0.012279431792336567	0.014285110645894128	0.9109328065888734
DLBCL11564	0.033675742563044724	0.017790584145998403	0.026931075782895615	0.8981885536957686	0.023414043812292694
DLBCL10555	0.013713534122234855	0.022131378863641808	0.9473349649161938	0.011634243503001154	0.005185878594928295
DLBCL11662	0.9257248190895618	0.012692419733347064	0.0052790390910119785	0.028779553788842158	0.027524168297237014
DLBCL_MC_F815_BAT	0.006786177095245902	0.01762550178331416	0.9356331975839165	0.03147047268955073	0.008484650847972746
DLBCL10529	0.009179961389048672	0.049730048793023666	0.021404106602096608	0.032457204244557156	0.8872286789712739
DLBCL11459	0.03244909202325094	0.015725387207467453	0.028311656624956636	0.9016442835123792	0.021869580631945683
DLBCL10983	0.006603830051870927	0.9746220449254971	0.0059252727621737795	0.005660955709757705	0.007187896550700548
DLBCL_RICOVER_829	0.9554879098919468	0.009518812210718982	0.0038890327139118257	0.017971552970178432	0.013132692213243976
DLBCL11462	0.9377955669547133	0.005672571800596454	0.022433242580340688	0.015459877811109357	0.018638740853240163
DLBCL11539	0.9801321542164152	0.0022841071892481346	0.0043976223300233935	0.010350226096731039	0.002835890167582243
DLBCL10879	0.005935196179905446	0.008805425159392477	0.9552012579744423	0.01909452861561538	0.010963592070644406
DLBCL10836	0.007094505874173574	0.003117490474674585	0.00670979320398876	0.010945522306088046	0.972132688141075
DLBCL_C_D_1129_NULLPAIR	0.9256588329381106	0.007881902076169749	0.022362636253150176	0.016093371993234195	0.028003256739335257
DLBC_FF_A7CQ_TP_NB	0.0083571535380138	0.004647658477525031	0.0075533712808266516	0.016348816905609534	0.963092999798025
DLBCL10494	0.00945765061191421	0.9060470261731042	0.06372529810944787	0.011091316506253094	0.009678708599280642
DLBCL_MC_F606_DMJ	0.004571027317478442	0.01778902058077584	0.9616459373102234	0.008639691547682746	0.0073543232438395304
DLBCL11672	0.003839487327925715	0.0055884410445987505	0.9726352348452443	0.010743879949011421	0.007192956833219863
DLBCL10521	0.011133153803415105	0.06648063538506198	0.015778841527343025	0.011673537349143856	0.8949338319350361
DLBCL10510	0.008503921783327378	0.9719080058266728	0.006872375199011138	0.00472683739075437	0.007988859800234277
DLBCL11481	0.9493159839412871	0.0059467816210655566	0.014955317561123777	0.013059305371480296	0.016722611505043228
DLBCL10867	0.010188535912968272	0.10017498821665861	0.01947880691195529	0.027072407710212378	0.8430852612482055
DLBCL10945	0.9765584887645454	0.0027619484068541695	0.004120864000447554	0.008118184033502894	0.008440514794649974
DLBCL11203	0.004821435047571466	0.9680899472212795	0.009894021255795155	0.010120903349946546	0.007073693125407279
DLBCL11680	0.019476040092907595	0.013001093319022532	0.9505039471831968	0.010983513551608187	0.006035405853264989
DLBCL11428	0.003932633495707551	0.005665986369014122	0.981314910821576	0.006713904369013757	0.0023725649446886565
DLBCL11685	0.00437691124069813	0.005557480659510073	0.9683085197068438	0.009736086095204969	0.01202100229774296
DLBCL_C_D_1108_NULLPAIR	0.003288026132332103	0.979938499206721	0.006738979628940995	0.0033088732554068965	0.006725621776598994
DLBCL10992	0.0020556985276192043	0.0019176141697811386	0.0041317022758873044	0.003896707764677323	0.987998277262035
DLBCL_MC_F729_MAN	0.006235777832656242	0.9692830745967811	0.01408818008474803	0.005699478362060951	0.004693489123753708
DLBCL11565	0.003241176728939863	0.9821139170467581	0.005526504565042211	0.004398481930464158	0.004719919728795623
DLBCL11558	0.003991139892030441	0.005435017692034845	0.9806407469946867	0.007594062154489495	0.002339033266758487
DLBCL_LS1065	0.004710483933042452	0.9812509860732456	0.0064415265561253	0.003382905128775009	0.004214098308811726
DLBCL10853	0.004107696352206494	0.002260541216578425	0.004797836393527241	0.0053631913315138734	0.983470734706174
DLBCL10912	0.9811678498978903	0.0031271988423177866	0.004606063342987431	0.008282431098989627	0.002816456817814874
DLBCL10847	0.011323188439568584	0.009254455698486172	0.010790478358759537	0.006576209758185576	0.9620556677450002
DLBCL_LS3749	0.0028809942625912205	0.9860955065492264	0.0047739233032574975	0.0037291560972141685	0.002520419787710724
DLBCL_LS297	0.002794893948788643	0.00384018067052028	0.984280143579065	0.006480038310481395	0.0026047434911446884
DLBCL10997	0.9857738107786645	0.0020808899624839374	0.0025257801938886274	0.0066132060089654065	0.003006313055997494
DLBCL_C_D_1136_NULLPAIR	0.0016077028121009764	0.9925913596861975	0.00237738554261458	0.0016703940694229983	0.0017531578896639883
DLBCL_MC_F089_HCZ	0.003309228610224687	0.9723972171652909	0.010904934593944052	0.006071358773532267	0.007317260857008011
DLBCL_RICOVER_440	0.007723715076576755	0.9357283621527406	0.04006554385034284	0.006951699760350249	0.009530679159989588
DLBCL_C_D_1114_NULLPAIR	0.9890067496713655	0.00141737647549554	0.0018072995566695514	0.00560292959474213	0.0021656447017272536
DLBCL10515	0.9792533483137127	0.003628935254907312	0.0033506403797732686	0.009032705863508683	0.004734370188098051
DLBCL11507	0.014137324352181678	0.9173760301915225	0.050910937535449535	0.008300101035920361	0.009275606884925937
DLBCL_DFCI_DLBCL_GOE16	0.0021751313965652362	0.002989922606743562	0.9878624796749903	0.004902158028578619	0.0020703082931223336
DLBCL11461	0.9860228792794729	0.0022833723934650254	0.002961311753042432	0.006733041231731613	0.0019993953422880687
DLBCL10461	0.0019418717351986925	0.9874457468450756	0.004989232467111663	0.002157129718750178	0.0034660192338638383
DLBCL10550	0.0027185168387827362	0.002583271377509299	0.004020668781617676	0.005101053130422562	0.9855764898716677
DLBCL_C_D_1163_NULLPAIR	0.0013812471385086726	0.0015859813582210852	0.0021292654724591187	0.0035231675492687115	0.9913803384815424
DLBCL_C_D_1130_NULLPAIR	0.9951284368902923	0.0008325846976548504	0.0009340090682438917	0.0020443741283554346	0.001060595215453514
DLBCL10911	0.0017884004545431272	0.9919541523544368	0.0030765716240324357	0.0013881422641980302	0.001792733302789543
DLBCL_MC_F519_ALT	0.0015901306375249815	0.0019493929425615582	0.0019602649174647506	0.0020647746481992453	0.9924354368542495
DLBCL_RICOVER_417	0.0014323870228382968	0.002468510622048492	0.0029665005836431104	0.0032674370870374126	0.9898651646844326
DLBCL_LS3200	0.004249190234940884	0.01117964102603015	0.005063732819129572	0.005093613961204319	0.9744138219586951
DLBCL_RICOVER_449	0.0004466655445785877	0.00044564502083788637	0.000462429254430019	0.0007228782556240499	0.9979223819245294
DLBCL11515	0.017585334460383222	0.14872066732919978	0.33637742860407405	0.037863975842678	0.45945259376366476
DLBCL10512	0.010786082439991594	0.23670698721635386	0.18053813029448465	0.04062312544246009	0.5313456746067098
DLBCL11436	0.16962690036228115	0.42179976941187186	0.0660545524987763	0.30386353062822113	0.0386552470988496
DLBCL11202	0.40042008632901255	0.12752313446960084	0.334085108024064	0.12729727768380605	0.0106743934935165
DLBCL10503	0.04692978028825688	0.22728900519192097	0.632070772091951	0.03364422095464081	0.060066221473230465
DLBCL_RICOVER_274	0.04085983721492103	0.12531866693013358	0.03228115387091581	0.7342858177505424	0.06725452423348716
DLBCL11519	0.5306339592404924	0.04758134461300917	0.03139543031380476	0.3728473374999649	0.017541928332728777
DLBCL_LS4616	0.00985358368692582	0.31557705624866245	0.6041718591356966	0.04348471750123559	0.026912783427479568
DLBCL10936	0.1397885198383551	0.46224004644064964	0.14519202819257895	0.10752363420261103	0.14525577132580525
DLBCL11576	0.04877551682122123	0.13575739765662137	0.047334531895908624	0.7247657480997689	0.04336680552647984
DLBCL11590	0.33744873694218	0.02194743489355124	0.2847443995033515	0.2749831697239913	0.08087625893692586
DLBCL_RICOVER_1278	0.06400429938182926	0.043256192229237087	0.030492719565609123	0.3411578698384223	0.5210889189849023
DLBCL10910	0.017631738230103403	0.47232396297396967	0.3470403960820119	0.12126879150404599	0.041735111209869
DLBCL11496	0.5458255864245596	0.029369579451058014	0.04941193320387592	0.05059706799757248	0.32479583292293396
DLBCL11478	0.6543067769073887	0.057447898611419114	0.23137287033442902	0.04210615037834494	0.014766303768418266
DLBCL_LS3499	0.10267196708919983	0.12764094736911746	0.047933952171164834	0.6742790104448959	0.04747412292562206
DLBCL10782	0.13202582522944886	0.06992547956204835	0.034283447489919294	0.7371326792154121	0.026632568503171354
DLBCL_RICOVER_1018	0.05060435794039327	0.07456400783737752	0.0319148940980056	0.8165337302504829	0.02638300987374068
DLBCL10564	0.038797350087121596	0.07376875680808162	0.08261835204566038	0.7674117689711991	0.03740377208793723
DLBCL10974	0.04536105717536495	0.02674494902706357	0.051640162418755964	0.37566503514303107	0.5005887962357845
DLBCL11430	0.6154468841445542	0.01997643795891855	0.10431240773386906	0.24150547238869746	0.018758797773960837
DLBCL10517	0.01212493259404039	0.4190119864636597	0.5074934659896537	0.03367638609241747	0.02769322886022866
DLBCL_LS2208	0.030969144840370555	0.06456716090369499	0.3488092407944781	0.05610794089650288	0.49954651256495336
DLBCL10909	0.05845313894745177	0.02146121881076706	0.11632779640304185	0.6240788928301594	0.17967895300857992
DLBCL_C_D_1117_NULLPAIR	0.11610736390992216	0.6092822262337646	0.024536547328213944	0.22081092694220386	0.029262935585895503
DLBCL_RICOVER_945	0.7858912385011959	0.09655318875298052	0.014504838332808188	0.07599327497990538	0.027057459433110005
DLBCL10921	0.03047567730164811	0.49661159518429027	0.03164033958790414	0.03748631804852995	0.40378606987762755
DLBCL_C_D_1156_NULLPAIR	0.7786971116214512	0.028557703918755457	0.019782076547403136	0.15073905214321237	0.02222405576917785
DLBCL_RICOVER_1106	0.01164012338001223	0.04386041928256957	0.024512847510415745	0.077867838494668	0.8421187713323345
DLBCL11536	0.04009915370490532	0.4850742725669662	0.060515951959687446	0.3532374204770393	0.06107320129140169
DLBCL10552	0.19275119293629675	0.02999492020256942	0.09211111196052713	0.6667395241618547	0.018403250738751997
DLBCL10844	0.7954616000126489	0.039790575629176525	0.019855265940622653	0.025432897073211693	0.11945966134434026
DLBCL10885	0.05548796167713541	0.727392379455946	0.020658882314923462	0.043264851654120806	0.15319592489787434
DLBCL10553	0.037124266453536905	0.04310333961118873	0.07958542099535257	0.8034781948603141	0.03670877807960771
DLBCL11488	0.716234939431301	0.008705937725592127	0.019792164097797493	0.07444554568306665	0.1808214130622428
DLBCL_LS762	0.021261016748300266	0.02753337417724848	0.18192394777827423	0.03266597985835984	0.7366156814378172
DLBCL11528	0.22877330014715586	0.5979116116245115	0.12357844176104206	0.028033048918187205	0.021703597549103514
DLBCL_RICOVER_910	0.09594399400223239	0.05960297696546412	0.060172947361434304	0.7464899298969927	0.037790151773876526
DLBCL10472	0.0426979548178708	0.019480888638333197	0.7771178005602256	0.14150712506205582	0.01919623092151457
DLBCL_RICOVER_467	0.021812791698959996	0.4188578576662216	0.03660176065708004	0.017697139440872575	0.5050304505368658
DLBCL11658	0.0348104016699391	0.014891899385028622	0.03931863222917833	0.8613873651034799	0.049591701612374056
DLBCL11437	0.06473567622911937	0.012472382029303654	0.04832909339596806	0.8110127932802849	0.06345005506532404
DLBCL_LS2245	0.12670363752799466	0.3759110945018578	0.4213220020483122	0.054087722361811495	0.021975543560023927
DLBCL10994	0.8108108820323173	0.05687123439993302	0.027822857072127685	0.04316743755250286	0.06132758894311905
DLBCL11204	0.09760076176394258	0.797528783563043	0.04636436831626613	0.033793243845410575	0.02471284251133772
DLBC_FF_8042_TP_NB	0.008662184961948307	0.025725250037960702	0.030285942928779702	0.03150261727423496	0.9038240047970764
DLBCL10895	0.016682446783678233	0.11295266291131376	0.07915479071365969	0.018652101483248827	0.7725579981080994
DLBCL10962	0.03521537695526134	0.8168478817106535	0.07011237703499977	0.04016362275922414	0.037660741539861264
DLBCL10856	0.03765789640480958	0.06561130795263756	0.11710355108683611	0.026514547094549226	0.7531126974611675
DLBCL_RICOVER_314	0.011845625163921849	0.04215052909000065	0.04566220808506639	0.02587605110724192	0.8744655865537692
DLBCL10927	0.07064454701241377	0.01816529315859222	0.02769543797389748	0.8609732780950968	0.022521443759999666
DLBCL_DFCI_DLBCL_GOE05	0.009953491623383548	0.6899370672753572	0.06358392939531117	0.019628278676998113	0.21689723302894995
DLBCL10549	0.026205350584093425	0.8063068862255087	0.13900372218941634	0.01637409426686839	0.012109946734113131
DLBCL_LS2089	0.012055529657626433	0.8989464487422125	0.017312523537263605	0.009285053275411426	0.06240044478748602
DLBCL11673	0.024867618885806575	0.858157018903364	0.0720223103773143	0.0330221286155143	0.011930923218000797
DLBCL_LS2357	0.03340404194235419	0.01560575243232977	0.026070580742818542	0.8994477097258784	0.025471915156619063
DLBCL11566	0.012271242384048468	0.04941140227785418	0.9148119209794903	0.016320362304479766	0.007185072054127305
DLBCL_RICOVER_978	0.9131671975594347	0.01310256204721671	0.01677941826506273	0.0497882224564011	0.00716259967188477
DLBCL10935	0.9458443791954866	0.019919295146291295	0.006966191557316309	0.0198970333821543	0.007373100718751469
DLBCL10993	0.8472723853927869	0.009808493195410377	0.022406285341897564	0.08151545552588393	0.038997380544021173
DLBCL_C_D_1144_NULLPAIR	0.006507642896924913	0.02431155503363016	0.01134277663639572	0.01355306582124928	0.9442849596117999
DLBCL10565	0.04155066609899033	0.026705605767739168	0.8259396895501397	0.0908356626425446	0.014968375940586158
DLBC_FF_8043_TP_NB	0.024861982402162162	0.9408559430294482	0.012347503939339312	0.008828020005453335	0.013106550623596995
DLBCL_RICOVER_977	0.937164437574423	0.004761609037676212	0.007472902616096712	0.024659842465022282	0.02594120830678172
DLBCL10495	0.9576178068506928	0.013625466447269344	0.004314060194884129	0.013022662458116204	0.011420004049037572
DLBCL11671	0.9552007585623461	0.008950087924952034	0.007877339111153481	0.02316248247609932	0.004809331925449117
DLBCL10922	0.022790478352020083	0.9013816671302344	0.0397271420547236	0.016667236834879993	0.019433475628141957
DLBCL10535	0.0031749123746388683	0.0034930426659200322	0.002990932057562781	0.003331682216367055	0.9870094306855113
DLBCL11456	0.012376627547093535	0.9264410610420142	0.026247509066408742	0.026784936860773947	0.0081498654837096
DLBCL_RICOVER_577	0.00824601674230348	0.017156547882693336	0.9525142827609234	0.01161749483669861	0.010465657777381118
DLBCL11353	0.00631491599633462	0.01861940115611534	0.041546315724409526	0.013917127818804982	0.9196022393043355
DLBCL_RICOVER_850	0.006754374776699318	0.023534778474006306	0.01895271808294197	0.0292521091992264	0.921506019467126
DLBCL10852	0.009191640845937514	0.008550186666184565	0.010006280519095967	0.0313114739145289	0.940940418054253
DLBCL10871	0.019154724900436244	0.9064670211203287	0.03833791623944891	0.011277033692247685	0.024763304047538397
DLBCL_RICOVER_1289	0.012169533820021896	0.008710017442429703	0.01956112666843082	0.059295700487306514	0.9002636215818111
DLBCL_C_D_1118_NULLPAIR	0.1202569429846055	0.8058658097123454	0.01798576882449338	0.03311344697859179	0.022778031499963904
DLBCL10781	0.0035246065226753756	0.004686329413463903	0.005656437406476862	0.010819161623201254	0.9753134650341826
DLBCL_DFCI_DLBCL_GOE07	0.006879139020181269	0.956235179149107	0.01890293911174327	0.005068863122068829	0.012913879596899562
DLBCL10525	0.985965606275234	0.0015986911414919579	0.0037598311212342136	0.005399040094744085	0.0032768313672956934
DLBCL10880	0.010779354549075379	0.0038704318942333715	0.005244503341722093	0.005518624136215246	0.9745870860787539
DLBCL10890	0.006578131763793459	0.008321510298666353	0.010499477298859063	0.015225621369422588	0.9593752592692585
DLBCL11450	0.0022719188068335934	0.0029457296919061103	0.0022943528072759995	0.005033400566435406	0.9874545981275489
DLBCL_LS4054	0.018657388641878755	0.9161241634528612	0.014677897564564604	0.02280210786930819	0.02773844247138723
DLBCL_RICOVER_221	0.00535428862830485	0.0081568169774459	0.020182971498136432	0.017063044385097138	0.9492428785110157
DLBCL10931	0.9565928432163942	0.003370381425135538	0.008783506151021553	0.01957166924202637	0.01168159996542241
DLBCL_C_D_1128_NULLPAIR	0.9868413413248336	0.001951046454917824	0.0026112162036974465	0.005594938547062478	0.0030014574694886414
DLBCL_RICOVER_1248	0.0009793680661187543	0.0008878117299784104	0.0008311517986885088	0.001643748434919003	0.9956579199702953
DLBCL11470	0.9412366013047448	0.004894105918096849	0.009708083499856088	0.03601978539710331	0.008141423880198912
DLBCL11195	0.0035039177618433194	0.012362238753028975	0.008448193744655295	0.012548276646399114	0.9631373730940733
DLBCL11500	0.004426535180210889	0.0034013701735649614	0.00526340489963508	0.007850802826748654	0.9790578869198404
DLBCL10452	0.005699886466052339	0.9531687888776379	0.024930242969646448	0.006944652108690785	0.009256429577972533
DLBCL_RICOVER_408	0.005671592177433454	0.965309921971004	0.018187597743531785	0.005723508059162694	0.005107380048868129
DLBCL_RICOVER_451	0.9901029698486004	0.0016419742131001732	0.0023479776572028804	0.0039737975839672654	0.0019332806971292828
DLBCL10530	0.002854227966864375	0.0067998971009711135	0.006834550439105044	0.005802211510147093	0.9777091129829124
DLBCL10903	0.003636339041738233	0.9777028862703921	0.01077741594501341	0.003842181609254546	0.0040411771336016705
DLBCL_LS1757	0.9870837262041825	0.0026073776633780557	0.0017911589698151485	0.006018293178707871	0.002499443983916471
DLBCL10951	0.000958500971566688	0.0011965477498616145	0.00123500055550869	0.0012858186715343151	0.9953241320515287
DLBCL10862	0.0011115085356665651	0.001406419760766322	0.0014767093637393812	0.0016593766950140985	0.9943459856448136
DLBCL10884	0.9812520061490168	0.0027459884700755974	0.0026749570219200655	0.00991430792963025	0.003412740429357291
DLBCL_C_D_1125_NULLPAIR	0.0018784332640148266	0.003907655015086883	0.003604597488396202	0.0036067371810788707	0.9870025770514232
DLBCL10883	0.004124570843112491	0.0023645540524416886	0.004819492374382988	0.004472603084110752	0.9842187796459521
DLBCL_LS2599	0.0075829783670335075	0.009308150305644386	0.9646419104761101	0.014252241646746343	0.004214719204465661
DLBCL10534	0.0	0.0	0.0	0.0	1.0
DLBCL11188	0.00226336273109888	0.9881630194990882	0.005007165246018146	0.002150956009679317	0.002415496514115385
DLBCL10465	0.001812969491208605	0.004294427932084603	0.9867261365174205	0.00435687871024333	0.0028095873490429414
DLBCL_RICOVER_533	0.0034263388535648543	0.9837955013298387	0.006577810417038602	0.0033425416059216675	0.0028578077936361095
DLBCL_LS3245	0.005205707376977631	0.9508611862189122	0.02885221449994559	0.0074858258815343436	0.007595066022630153
DLBCL_LS146	0.002301379728372802	0.9881099330558274	0.005402671518688523	0.0018123400882508792	0.0023736756088604243
DLBCL11670	0.0025381280329957795	0.0070018456373537605	0.9762989751128713	0.009259974393561316	0.004901076823217849
DLBCL11656	0.0034524865275662323	0.004321753859604323	0.9783627477849054	0.006764058346568603	0.007098953481355424
DLBCL11667	0.0026962766293751363	0.005102364829879007	0.9848390600953839	0.004931708990969758	0.0024305894543922408
DLBCL11003	0.20858468336834837	0.4348222798489471	0.04911926664804949	0.08219024983694574	0.2252835202977094
DLBCL10906	0.15058085185102166	0.532152915818587	0.047787741360738295	0.04782207631742452	0.22165641465222852
DLBCL_LS1668	0.04343377410549205	0.27866592497342707	0.2870805228392411	0.3234763553236734	0.06734342275816624
DLBCL_RICOVER_216	0.06287085433155218	0.09623573628496876	0.36791582410930557	0.03568638203359691	0.4372912032405767
DLBCL10908	0.122504688241264	0.2858723599935238	0.10196162013452295	0.06735387263263493	0.4223074589980544
DLBCL11441	0.210400753709955	0.01802918731629399	0.13036528791215699	0.37424765161556195	0.26695711944603207
DLBCL11449	0.07482109122558919	0.5994496946233167	0.07745808647612415	0.036928734526226525	0.21134239314874345
DLBCL11504	0.19450556204112965	0.03833239089034039	0.07313343209794261	0.22972256444215397	0.46430605052843327
DLBCL_MC_F064AB	0.026402954967218683	0.02676815044049843	0.7747004760013574	0.1494925902728697	0.022635828318055815
DLBCL10969	0.2920500214431317	0.5664862967271209	0.04142049340553936	0.030525710004749133	0.06951747841945895
DLBC_FF_8062_TP_NB	0.10293334416024594	0.03303523517796661	0.21176121138249565	0.6195911863583227	0.032679022920969164
DLBCL10985	0.06795686310523094	0.262798630280742	0.039924273958304675	0.5846419347029097	0.044678297952812765
DLBCL11474	0.662376458198315	0.018005866950960524	0.02474875790429524	0.2613399774083708	0.033528939538058466
DLBCL_LS2154	0.2829779872234517	0.5606079294570001	0.05160005766017685	0.076930659371406	0.027883366287965373
DLBCL_RICOVER_506	0.01276212604016631	0.24972610553572758	0.06522263115550538	0.02246091802847553	0.6498282192401251
DLBCL_RICOVER_773	0.011940044174333897	0.24186551236022671	0.11138374768884439	0.024187707451022146	0.6106229883255728
DLBCL11206	0.028837666069705246	0.5485825430863004	0.07464064627202438	0.014157653153338702	0.3337814914186313
DLBCL11486	0.6041240430839203	0.025314163938373442	0.022212717656002738	0.038338829538182774	0.3100102457835207
DLBCL10539	0.06080383610083176	0.2045851034764195	0.04989248278824358	0.6015264626356446	0.0831921149988606
DLBCL_LS2590	0.03899416567315557	0.026673771136084243	0.03914082702306568	0.5919220242179588	0.3032692119497358
DLBCL_RICOVER_522	0.09688390251772175	0.09960759241386517	0.43194011951207734	0.35761013861394375	0.013958246942391913
DLBCL10965	0.15652193256114372	0.020946617107002012	0.04204427591153827	0.740081229483726	0.0404059449365899
DLBCL_C_D_1112_NULLPAIR	0.04202286552135854	0.23733955542340093	0.6386196054142901	0.05199454792146658	0.030023425719483784
DLBCL_RICOVER_956	0.013801353264388753	0.2725301951190213	0.07869249017620276	0.03539256251051462	0.5995833989298724
DLBCL10972	0.7547154490135527	0.038205494121251515	0.016573627745715788	0.06153442962967502	0.128970999489805
DLBCL11002	0.25404572868266806	0.042987175477216866	0.03219499427157669	0.6440585219170079	0.026713579651530494
DLBCL_MC_F218_RAP	0.1639587963934372	0.016850507466328744	0.05897647282149321	0.7335959915102493	0.026618231808491464
DLBCL10486	0.6891818286762341	0.08641089053572276	0.02044039149720064	0.13013633175164319	0.07383055753919937
DLBCL11433	0.044436548262931384	0.020151439940848788	0.1316302126889668	0.14924363501242413	0.6545381640948289
DLBCL_RICOVER_1060	0.1817683369530284	0.13772485635666776	0.03295324897077474	0.029721045745539732	0.6178325119739894
DLBCL10957	0.7734144367243598	0.02049388865651013	0.0821711044404674	0.1089932352117504	0.014927334966912183
DLBCL10863	0.09024490809582811	0.020883743361712746	0.027926347477005165	0.6782111368982487	0.18273386416720527
DLBC_FF_A7CX_TP_NB	0.36919276053812056	0.030907384557875277	0.0722572391969135	0.04990024400372061	0.4777423717033701
DLBCL_LS155	0.02236476296168855	0.011736348294965693	0.8601521702282046	0.08623584099920098	0.019510877515940276
DLBCL11447	0.043273983446008725	0.022218621062191354	0.030530444607713716	0.7950679145196905	0.10890903636439568
DLBCL11512	0.7793628279458598	0.05157136110218921	0.043848324234667585	0.11059562134082554	0.01462186537645785
DLBCL11457	0.8469568419542204	0.00678016069626798	0.03586075213834671	0.08119853575982211	0.02920370945134286
DLBCL10968	0.5925143588415747	0.011949771554534376	0.028774650564736992	0.2774141577775898	0.08934706126156411
DLBCL10451	0.7241520025107464	0.030108280525061613	0.19523546192006738	0.03650463119413747	0.013999623849987184
DLBCL_RICOVER_1165	0.02003092536196551	0.824586920316441	0.1178847682282093	0.013416421554040112	0.024080964539344052
DLBCL10934	0.04280719771391647	0.19992977684930763	0.02409987937093564	0.08595418388412954	0.6472089621817109
DLBCL11527	0.049034839371126536	0.027307403091244284	0.10954979486328607	0.7472916775758103	0.0668162850985328
DLBCL11480	0.791063872724466	0.030636218382517566	0.019674488776987523	0.05509637982878698	0.10352904028724194
DLBCL_MC_F307_JPS	0.825415243094257	0.026166348521420538	0.020412653350505246	0.09214887114211928	0.03585688389169796
DLBCL11538	0.025146673622360907	0.01802952110603224	0.7616680091997233	0.11500965930261804	0.08014613676926549
DLBCL_RICOVER_299	0.01231211101934658	0.8299608494919002	0.12518600859891163	0.010911677777624664	0.02162935311221698
DLBCL10482	0.8703945916602684	0.01654381456873225	0.01711855381328558	0.022899450829101872	0.07304358912861182
DLBCL_RICOVER_701	0.055886420428231526	0.019238881684749132	0.025227292306713202	0.8664158392435389	0.033231566336767195
DLBCL_C_D_1119_NULLPAIR	0.06923399999744231	0.8846614564029817	0.017183055438664097	0.013966767956805032	0.014954720204106944
DLBCL_RICOVER_744	0.03371531529326821	0.014972959156976011	0.9286986587363709	0.013092646419190605	0.009520420394194255
DLBCL11460	0.035116461075074844	0.01902626318321054	0.024741528921175423	0.8982203885604622	0.022895358260077023
DLBCL11458	0.11219221499388653	0.09920117540590145	0.7355412016254568	0.020457896718554587	0.03260751125620069
DLBCL_MC_F139_LJF	0.037650597757927375	0.015097216818413514	0.027435579967631945	0.8980591953370296	0.021757410118997615
DLBCL_C_D_1109_NULLPAIR	0.06379731422288062	0.014942666765818166	0.028246612146843635	0.858938811349907	0.03407459551455057
DLBCL11484	0.011262742970698352	0.8876864698509805	0.053264353196378615	0.014869792542088894	0.03291664143985356
DLBCL10490	0.9162908608351428	0.012018561014267801	0.014753779572704127	0.036616004189216414	0.020320794388668847
DLBCL_RICOVER_1061	0.03607606435529861	0.013850251574493943	0.030352246111457922	0.8999361347560897	0.019785303202659855
DLBCL10780	0.018311321559419766	0.8309473477689923	0.09284024942396095	0.04574101754594613	0.012160063701680952
DLBCL11205	0.8930552986475834	0.027595497243719153	0.04836784182234388	0.022379367901799983	0.008601994384553608
DLBCL_C_D_1126_NULLPAIR	0.0437618496361888	0.8921648575056155	0.01709187078262059	0.0160482302834229	0.030933191792152228
DLBCL11681	0.7386342838796065	0.00860287870395361	0.09326260251567244	0.08636017227597191	0.07314006262479555
DLBCL10980	0.009997456186663959	0.09602751335450169	0.033699822732594274	0.03270324818108511	0.827571959545155
DLBCL10954	0.015103072007338719	0.9086193916234098	0.02992706558697227	0.019152374772107485	0.027198096010171785
DLBCL11675	0.018408332641839036	0.010024964582745523	0.8532966766271398	0.050588469905860606	0.06768155624241498
DLBCL_C_D_1141_NULLPAIR	0.007457908217650681	0.027211094637972357	0.9295853808520897	0.010964450595567015	0.024781165696720193
DLBCL_C_D_1105_NULLPAIR	0.12218716847868424	0.8014105650267702	0.015523324289216999	0.030957939620581076	0.02992100258474747
DLBCL10999	0.009292536923616512	0.02440752190894584	0.06747685912148495	0.10262578426067327	0.7961972977852795
DLBCL_RICOVER_720	0.02439964252343832	0.14133477932382135	0.0388696796733775	0.01569715745687976	0.779698741022483
DLBCL10930	0.05263736458029847	0.012697692257833544	0.010201138089858288	0.015251675044991251	0.9092121300270185
DLBCL10857	0.013082217023133334	0.006723766293175652	0.009292424031081634	0.031604803562115764	0.9392967890904936
DLBCL10532	0.014740877843044835	0.020274495643613864	0.11926046560483516	0.06419820916081045	0.7815259517476957
DLBCL11435	0.8854248449824852	0.0077428827884005605	0.013150482058593304	0.07141202756425769	0.022269762606263205
DLBCL_RICOVER_496	0.01370045469802235	0.9305153074270356	0.03419715403139683	0.01220072335921549	0.009386360484329727
DLBCL_RICOVER_473	0.9303619135329372	0.017735575533615308	0.007197697694601251	0.03640690448150645	0.008297908757339795
DLBCL10963	0.01510118012829364	0.017733974099828614	0.017600750582433315	0.05868368309243392	0.8908804120970105
DLBCL10898	0.012544391280957691	0.04303375019323863	0.02170737515964832	0.024735757131370655	0.8979787262347847
DLBCL_C_D_1113_NULLPAIR	0.006917472924571551	0.014142693148445734	0.9634603439593492	0.009975681745162156	0.005503808222471331
DLBCL11472	0.9122703384407393	0.0056031734061285495	0.0187775497588117	0.04823358944286692	0.01511534895145353
DLBCL10902	0.006787026170817957	0.02768060373406783	0.059617794694264106	0.020225498916248832	0.8856890764846013
DLBCL10502	0.00980217176085665	0.934550812184329	0.03603547133580887	0.01208200281495785	0.007529541904047595
DLBCL10925	0.010379810303201849	0.015763013499941105	0.009286333255270613	0.028622367563835464	0.9359484753777509
DLBCL10834	0.0061051182086705015	0.9815858365709405	0.005178932788723899	0.0033931260140341733	0.003736986417631004
DLBCL_C_D_1133_NULLPAIR	0.005633967638755092	0.009535799881122882	0.9722231348594573	0.00796924161635413	0.004637856004310567
DLBCL_RICOVER_1032	0.004054385703956767	0.012934486161102557	0.00649156544846145	0.009382706260783916	0.9671368564256954
DLBCL_RICOVER_253	0.002703868054478188	0.9905312954146233	0.0028812822385006673	0.0017332220838005552	0.0021503322085972775
DLBCL10523	0.015824925296650773	0.010826953112504036	0.928238307041447	0.03802101980126816	0.007088794748130017
DLBCL10889	0.0022438533040727753	0.0026315088935934465	0.003856202321068697	0.006083399686806376	0.9851850357944587
DLBCL_RICOVER_712	0.0026626970155581168	0.0034669741861572396	0.004008366061260573	0.005513027798136857	0.9843489349388872
DLBCL10842	0.001621529456914469	0.0016899353743776225	0.0023361555310489356	0.003378265080429721	0.9909741145572293
DLBCL11526	0.00844191296868711	0.007342534590673685	0.9703230949744946	0.010416857969602915	0.003475599496541666
DLBCL11000	0.0009565445564128312	0.001171834849867475	0.0015409766372129214	0.0021422281409799954	0.9941884158155267
DLBCL10901	0.0018950416704708413	0.0031698643621698107	0.004070189528264841	0.005057941197864925	0.9858069632412296
DLBCL10498	0.012739889216796722	0.016859706324966833	0.9393319923303902	0.026477466138463246	0.004590945989382971
DLBCL10459	0.0031335695931746757	0.008234095790172438	0.9754437372108	0.009195392654041679	0.00399320475181123
DLBCL_LS1098	0.0030500988569956773	0.0030994668339889226	0.9861398692194856	0.0055220328122535835	0.0021885322772762106
DLBCL10860	0.0027453853589785465	0.004416327385509026	0.00851786210001309	0.007010905604387208	0.9773095195511121
DLBCL10460	0.0037763860555299097	0.9813100229585054	0.00871041454135673	0.002720234671878914	0.0034829417727290225
DLBCL10990	0.0014948775536346684	0.0013781389552995295	0.0016749292939112835	0.001832957545655283	0.9936190966514993
DLBCL_RICOVER_1192	0.0019470546619048182	0.0031900362994153617	0.0021121613844094526	0.002664396540109666	0.9900863511141607
DLBCL_MC_F262_WLC	0.9920686027308108	0.0012412946593152866	0.0013227507789911725	0.003634673342675233	0.0017326784882075066
DLBCL_RICOVER_1210	0.0039044529124789783	0.9693519722144961	0.015511630185901397	0.006061683541616412	0.005170261145507154
DLBCL10977	0.0019606714676073814	0.0012376624883020826	0.002064231717066678	0.0025139182142470077	0.9922235161127768
DLBCL_LS378	0.9886627503690975	0.002095504120199649	0.0025290596753528567	0.004854713903342011	0.001857971932008032
DLBCL11666	0.0019244295806771243	0.0034526149950402573	0.9887839374958772	0.0038951375215445574	0.0019438804068608554
DLBCL10850	0.002765017746071592	0.9893545955093543	0.0036858605710123984	0.0018630511481228522	0.0023314750254387873
DLBCL10458	0.9952559463616958	0.0007505733482438476	0.0009531292624708889	0.0021442860535050147	0.0008960649740845115
DLBCL_MC_F349_BJJ	0.0016653501191952428	0.0029066812055587735	0.9886166344436064	0.004072675980159699	0.002738658251479925
DLBCL10483	0.004258848563166165	0.9705284277266115	0.015756954121728405	0.0036262852433513112	0.005829484345142567
DLBCL_C_D_1131_NULLPAIR	0.003026576747126051	0.9844278420501075	0.006239492420066387	0.00250224697350124	0.003803841809198897
DLBCL_RICOVER_174	0.002176598101114605	0.9909756977998325	0.0031928623561562897	0.0018840682282845488	0.0017707735146119902
DLBCL_MC_F927_JHS	0.1897265817839156	0.18058498417788388	0.22980637807805562	0.13968701492249666	0.2601950410376483
DLBCL10865	0.3913404343924667	0.1343447758841526	0.09089034640473222	0.1803515967976983	0.20307284652095015
DLBCL10454	0.28530078456439867	0.403124094682753	0.0369965210080863	0.02191313784697353	0.2526654618977885
DLBCL10971	0.29608834495181835	0.38868984188145494	0.04651906550753005	0.07306523035991692	0.19563751729927978
DLBCL11473	0.5442362446182503	0.09850176895451157	0.0190301109846653	0.29702206034147977	0.04120981510109311
DLBCL_RICOVER_1190	0.30884373860953523	0.030796275922594804	0.2332324567527982	0.03936559450859889	0.3877619342064728
DLBCL_RICOVER_120	0.47358730556505735	0.04790697802345802	0.020584469084294954	0.047404305465250395	0.4105169418619394
DLBCL11483	0.147968626284013	0.4273441681248083	0.15608190363384833	0.11168098191321049	0.15692432004411996
DLBCL_LS4619	0.013089096193911864	0.07804058248006311	0.6418727970613657	0.071764346822304	0.19523317744235535
DLBCL10548	0.7309422006366633	0.10944599163984203	0.016819901273017523	0.1148631663661655	0.027928740084311753
DLBCL11657	0.024346091786147873	0.07645786793713433	0.756785714042839	0.11855604970761845	0.02385427652626032
DLBCL11501	0.3808370756402051	0.4838592879429084	0.018335575251673977	0.042553804571499494	0.07441425659371315
DLBCL11448	0.029668435348700995	0.06504509993821515	0.20652533670665846	0.2867354802413094	0.41202564776511597
DLBCL11573	0.013887256304384072	0.07705930641362417	0.8604483641044857	0.029665970632516282	0.018939102544989848
DLBCL11467	0.061535787167296	0.05931359507290223	0.10875660162868558	0.3325620345965278	0.4378319815345884
DLBCL10527	0.02270672721847759	0.042729056136247986	0.09882332903070261	0.665229557001494	0.1705113306130778
