	0	1	2	3	4
DLBCL11534	0.05028576136920688	0.02832457297602461	0.4377672724241407	0.17402645927942825	0.30959593395119966
DLBCL10874	0.09583342188901026	0.4378478848621689	0.027916423722706998	0.16009471935095496	0.2783075501751588
DLBCL11431	0.14219902292275619	0.14241611269842339	0.12513699110642676	0.08298203535756195	0.5072658379148317
DLBCL_C_D_PAIR13	0.13724312360165625	0.13515746774081738	0.12749635607409657	0.08538620041581611	0.5147168521676136
DLBCL10915	0.06792666055876073	0.1444953761105974	0.05245663864637839	0.34331181475205674	0.39180950993220676
DFCIDL004_DT	0.31570643059551046	0.013241498872925781	0.027413414315533173	0.13462379689102108	0.5090148593250094
DLBCL_RICOVER_111	0.07313567662369193	0.020034482741141727	0.22396450041184582	0.05828680817432541	0.6245785320489952
DLBCL_BWH_DLBCL64	0.1693073180773648	0.27742444920423787	0.0554505805062072	0.48102496573385384	0.016792686478336302
DLBCL_C_D_1148_NULLPAIR	0.4957578210579463	0.01312558701831156	0.11294116032250474	0.3543452007335636	0.02383023086767382
DLBCL_LS1304	0.02187711584102937	0.02748219261818233	0.6005615978540172	0.035254977563822086	0.314824116122949
DLBCL_RICOVER_787	0.3516528490455705	0.3042187166129699	0.051716645592239666	0.2651392032583064	0.02727258549091338
DLBCL_LS2325	0.03816316113533315	0.334406584106705	0.581006102892156	0.025196874804316816	0.021227277061489015
DLBCL10513	0.12382170249640008	0.05140810557407788	0.11710646757212402	0.695422705159081	0.012241019198317042
DLBCL_RICOVER_711	0.2388890137082726	0.37209304580384667	0.022483119233301634	0.33428008907025997	0.032254732184319
DLBCL10986	0.5649947104347102	0.05603123855077284	0.1785061597693728	0.1539493081437036	0.046518583101440567
DLBCL10858	0.04547450176618438	0.012787971269061123	0.02835752695804087	0.2126128585484847	0.7007671414582289
DLBCL10878	0.15222395489302684	0.013515383542569719	0.02081568160387369	0.0656260013591153	0.7478189786014144
DLBCL10894	0.1275378957418965	0.7748000660242078	0.019985525093742237	0.061017717625547745	0.0166587955146057
DLBCL_C_D_1159_NULLPAIR	0.21792783143662275	0.017216588575118385	0.029911423458455648	0.7094118931623307	0.025532263367472507
DLBCL10846	0.0886973058040613	0.7582707871307005	0.023087117114875974	0.06433975757189012	0.06560503237847207
DLBCL10491	0.052627099509858916	0.35227026592036703	0.09178983660188744	0.4850151855251684	0.018297612442718207
DLBCL10867	0.027400620946880616	0.27506162706642673	0.02376636587781244	0.04269841729832893	0.6310729688105512
DLBCL11652	0.5582945127158183	0.3052569895572974	0.041681422842175284	0.046365817883630846	0.0484012570010781
DLBCL11491	0.18037592544693914	0.016771605562454037	0.08360985088527072	0.6184474585687655	0.10079515953657053
DLBCL10914	0.7211773029980539	0.1577581932078044	0.0652749377866464	0.03411622345183655	0.021673342555658722
DLBCL10891	0.011233410329629816	0.010159717274673939	0.04309083579069713	0.04475147312529321	0.8907645634797059
DLBCL11479	0.034400685744432724	0.8037133907551876	0.08894731647458781	0.020679571483811925	0.05225903554198001
DLBCL_LS951	0.8458707445294883	0.04000461632366518	0.03458708042514379	0.07030337770271888	0.009234181018983883
DLBCL_RICOVER_478	0.09924192641963686	0.7732840279846835	0.024491137870303596	0.017971275767933195	0.08501163195744284
DLBCL10981	0.037496443482756804	0.7668894138416692	0.046014572870755555	0.09236214843169795	0.05723742137312047
DLBCL_MAYO_DLBCL_3653	0.8031982105786107	0.021326940361826585	0.024495364412291082	0.083925453945789	0.06705403070148264
DLBCL10833	0.04930263491081766	0.012168386955320167	0.012819325094605143	0.046210299536945894	0.8794993535023111
DLBCL_RICOVER_985	0.03184843760614251	0.02506158280873177	0.08390273015955961	0.8295147408249387	0.02967250860062741
DLBCL_MC_F606_DMJ	0.013796108340199184	0.13112493785746204	0.8165436923889031	0.02159048102068094	0.016944780392754696
DLBCL10868	0.06520593420338093	0.016862289311911662	0.026039831451346217	0.7611055939406383	0.130786351092723
DLBC_FF_8046_TP_NB	0.020058833365241537	0.008478603042435168	0.9384750658249674	0.02251419920222591	0.010473298565129954
DLBCL10456	0.03995853294928416	0.01673051487464972	0.05521611921784884	0.8266373370645337	0.06145749589368368
DLBCL_RICOVER_1046	0.011809944142574523	0.2073771886132532	0.709165602240118	0.022330890063392016	0.04931637494066231
DLBCL11539	0.9667392185711965	0.002483159167909969	0.008746564411625973	0.017961765237256642	0.00406929261201094
DLBCL10536	0.021566522546834735	0.1284684118060267	0.7691273625805118	0.06076969503787941	0.02006800802874732
DLBCL_MC_F815_BAT	0.021802334936797355	0.03933284924841964	0.8479979497207674	0.07473307743962643	0.016133788654389164
DLBCL10521	0.014141842592247187	0.09938605312943821	0.01091915458017886	0.013284126587310496	0.8622688231108253
DLBCL10547	0.04120555396330973	0.017596716617861805	0.026778086500607083	0.8933130821307987	0.021106560787422582
DLBCL_LS1395	0.015693199113322325	0.047989247195122854	0.8973389307871367	0.01499452636644253	0.023984096537975567
DLBCL10879	0.012523997710271875	0.013439010179551153	0.8676697286039396	0.04664925180814347	0.05971801169809381
DLBCL10836	0.011732615884789799	0.005152401434023185	0.012326708702553013	0.018040608724094954	0.952747665254539
DLBCL_RICOVER_1045	0.7574804634701637	0.02360442971334158	0.014616610708525667	0.1742696884138911	0.03002880769407793
DLBCL_RICOVER_1287	0.011674133952753105	0.05551212864461578	0.013707600775739822	0.017161482488771158	0.9019446541381202
DLBCL10835	0.013086381263705652	0.06751218159604731	0.01521904143693683	0.04891273740245163	0.8552696583008585
DLBCL10866	0.013431396005169786	0.00895686978576248	0.013850752875762684	0.03737639611913905	0.926384585214166
DLBCL_RICOVER_950	0.03593072705242831	0.015037266511007553	0.05186335444497873	0.8796982529198516	0.017470399071733814
DLBCL11481	0.925084302113853	0.006501021692164222	0.028942425822821003	0.02124728186189161	0.01822496850927022
DLBCL10544	0.03987595748830523	0.014353754328799153	0.04405367107366545	0.7938453138730405	0.1078713032361897
DLBCL11662	0.9190544150364721	0.008827452621954397	0.007138626953551841	0.033085776100459374	0.031893729287562206
DLBCL11564	0.03456305533462535	0.014017690688335666	0.023305390994947474	0.9112704456305865	0.016843417351505095
DLBCL11459	0.0351413778863035	0.012468136795007828	0.024491609508818325	0.9083967496587663	0.019502126151104075
DLBCL10900	0.008323591018164121	0.005773439958429383	0.006707433701030386	0.014390908718208736	0.9648046266041673
DLBCL11461	0.9829484982625175	0.0023281362162012134	0.003369371875661297	0.009123845108949402	0.0022301485366705395
DLBCL11429	0.9473657142323807	0.0038602189894899265	0.0077946226399842455	0.029313607017550383	0.011665837120594772
DLBCL11507	0.011324389478618352	0.9410154337339124	0.03019744758410322	0.008200674951218496	0.009262054252147598
DLBCL10466	0.006165744827413919	0.01856954667510643	0.9385879615946408	0.025156924982076664	0.01151982192076228
DLBCL11537	0.9279255868992493	0.005515395942035409	0.010886850866149683	0.02152460584053844	0.03414756045202719
DLBCL11520	0.918051085314468	0.005745047895740322	0.010004072202478589	0.027660636668229772	0.03853915791908334
DLBCL10494	0.008140821225660691	0.9382566472445314	0.03621338806146124	0.00871891189584755	0.008670231572499167
DLBCL10950	0.8987319405657686	0.008607502940471736	0.015741556138915588	0.04632995337461551	0.03058904698022866
DLBCL11462	0.9537565886231153	0.004260496306967218	0.010716566676003068	0.013868931363463826	0.01739741703045055
DLBCL10912	0.9896813948410852	0.0014585904911896751	0.0020595921970559565	0.0051682691887069395	0.0016321532819621835
DLBC_FF_A7CQ_TP_NB	0.0072300138881747685	0.005600405322132911	0.006098661306095908	0.013758495975381427	0.967312423508215
DLBCL10992	0.0025488328307562034	0.0026622909181199857	0.003915780152737049	0.004476354451853221	0.9863967416465336
DLBCL11661	0.010984751541483255	0.9340147453211651	0.022033007246534356	0.02547295838214414	0.007494537508673168
DLBCL_LS1921	0.013966421053846613	0.9332737203324174	0.01749302522224317	0.027271846999193418	0.007994986392299395
DLBCL10555	0.02134706118963724	0.012902878540685989	0.9466466376473255	0.014154603582512873	0.004948819039838384
DLBCL11476	0.005919760131499876	0.008074347198524852	0.003783659864037601	0.004980319503496004	0.9772419133024417
DLBCL_C_D_1129_NULLPAIR	0.9586647950715903	0.0038610509330645033	0.010212190799098587	0.014584444756269929	0.01267751843997662
DLBCL11672	0.009026431128794695	0.006399805226613344	0.9542276802101388	0.020904325768395612	0.009441757666057544
DLBCL10515	0.9802053207107141	0.003391834460530649	0.002588156900268125	0.010077172423456366	0.0037375155050307796
DLBCL10945	0.9562434279980061	0.004808958427327737	0.005560789074360924	0.015557543442098065	0.017829281058207202
DLBCL_RICOVER_829	0.974093553302082	0.004394363889768244	0.0031285238475138766	0.012851749129754524	0.00553180983088135
DLBCL_LS297	0.003538326910849314	0.002918554042761476	0.9834962494439915	0.007491794725817403	0.0025550748765802516
DLBCL_RICOVER_417	0.0016941530574605128	0.0030625724280846445	0.002809188171262507	0.0035568128241885615	0.9888772735190038
DLBCL11558	0.004812206557520305	0.004708872343053603	0.9790283002717213	0.009043395393517187	0.002407225434187621
DLBCL11685	0.003519582450028689	0.003725301414304102	0.9753754892416384	0.007994370577605076	0.009385256316423759
DLBCL10847	0.009410125085232153	0.014452183351982105	0.005127765491759828	0.005641992620631554	0.9653679334503944
DLBCL_C_D_1130_NULLPAIR	0.9938401272308476	0.0009474391173931087	0.0010866061231404357	0.002651178581745794	0.001474648946873101
DLBCL_RICOVER_440	0.010677398899164251	0.8870131444514798	0.07736858288926812	0.00833246442218296	0.01660840933790486
DLBCL_MC_F500_ECU	0.0035727148433918974	0.9780935326748443	0.006577890569192253	0.0052994751741612936	0.00645638673841017
DLBCL_C_D_1114_NULLPAIR	0.9863322815288926	0.001742662560977914	0.0021451782097347155	0.007423152889066802	0.002356724811327933
DLBCL10887	0.0031684167438823154	0.004811249273328669	0.00870488510040481	0.006573128128071657	0.9767423207543126
DLBCL10529	0.004361458701033409	0.01765919804308036	0.007449340990498376	0.009114060027449286	0.9614159422379386
DLBCL10997	0.9848189071305932	0.0020757980390011034	0.002227909285971287	0.007444710941076013	0.0034326746033583803
DLBCL11680	0.005866990755728056	0.0036466892328207937	0.9821047206498807	0.005518525298907327	0.002863074062663083
DLBCL_DFCI_DLBCL_GOE16	0.001894494842036333	0.002053121197659004	0.9900483806744774	0.004281905690378708	0.0017220975954485257
DLBCL11428	0.002392915704175305	0.002461525978774531	0.9889069571368133	0.004386502197105373	0.0018520989831315227
DLBCL10550	0.0022229721058320503	0.002944013808027367	0.0033643114461724345	0.0034472463919373456	0.9880214562480308
DLBCL_LS3200	0.005070346429902938	0.020252676679072226	0.005941376350935022	0.006084975357923382	0.9626506251821664
DLBCL_C_D_1108_NULLPAIR	0.0037577548057871656	0.9815562662671234	0.004171901720511122	0.0028473111570746176	0.007666766049503699
DLBCL_MC_F089_HCZ	0.0019582805141270315	0.9853832261604857	0.0055654529518527575	0.0031341268319177063	0.003958913541616868
DLBCL10853	0.003996517049082337	0.0035672068186145484	0.004062266899357967	0.005206506388922075	0.9831675028440231
DLBCL10510	0.006015068752894129	0.9777409731223259	0.004272447584555938	0.00395127854588332	0.008020231994340758
DLBCL_MC_F729_MAN	0.0010998478097488734	0.9948841680453319	0.001499832272403218	0.0008845367298861468	0.0016316151426299056
DLBCL_RICOVER_449	0.001713843349740327	0.00194259590262574	0.001749367598673542	0.0024841541664645	0.992110038982496
DLBCL10983	0.004924994001719065	0.9794003150597459	0.0045354388743284344	0.004133342027094412	0.007005910037112186
DLBCL_MC_F519_ALT	0.002020549303723352	0.0032617232633464447	0.0018447985439172744	0.0022943770651452267	0.9905785518238677
DLBCL10461	0.001813832166391382	0.9879262044378309	0.004035418938917765	0.0019354390877636635	0.0042891053690963295
DLBCL_C_D_1163_NULLPAIR	0.002138055583216894	0.0029535310282043496	0.00292750174140239	0.0053812005393107975	0.9865997111078656
DLBCL11203	0.0029988264735273306	0.9818831483182344	0.005188587606216221	0.005430851787505207	0.004498585814516767
DLBCL_LS1065	0.0019684487322770795	0.9926642894485584	0.0021261966393701895	0.0013874079002448069	0.0018536572795494306
DLBCL_LS3749	0.0022872622691469816	0.9897871307431462	0.003247434456226099	0.002783987511417241	0.001894185020063521
DLBCL10911	1.9199461723365278e-05	0.9999174910494196	2.5692746208652097e-05	1.604224464534931e-05	2.157449800295145e-05
DLBCL11565	0.0011677191752889641	0.9942630388753962	0.001636629071633426	0.0013117095104805557	0.00162090336720082
DLBCL_C_D_1136_NULLPAIR	0.0013076857629962732	0.9948458116116944	0.001391679981239358	0.0011911923151767553	0.0012636303288932292
DLBCL_C_D_1117_NULLPAIR	0.13466409279258817	0.6026355621844944	0.02006104187547556	0.21500231507528828	0.027636988072153597
DLBCL10553	0.04325392072649286	0.033430586083057594	0.3214273974639746	0.55247072754185	0.049417368184625
DLBCL10856	0.036645542607100595	0.05640903542372487	0.27620545984129263	0.032285890483774664	0.5984540716441072
DLBCL11202	0.18904585099305998	0.07008826388376423	0.6034294870879672	0.1284727586622479	0.008963639372960675
DLBCL_RICOVER_314	0.015214224892981926	0.1274214026815437	0.06314781627383668	0.039295670770932364	0.7549208853807053
DLBCL10962	0.04047165787975288	0.669392644199201	0.13702446767471302	0.047600998715757334	0.10551023153057575
DLBC_FF_8042_TP_NB	0.013779901578659985	0.07606460144577798	0.057786551522395035	0.044387431890396	0.807981513562771
DLBCL11536	0.05885755238824857	0.3551671905085462	0.049050522404826206	0.4639890409702541	0.07293569372812492
DLBCL10503	0.03920364061198867	0.6263240587618859	0.14775171374729065	0.03935373324606362	0.14736685363277116
DLBCL11519	0.558204268551121	0.03930977637853367	0.03039754115194802	0.35628220293927115	0.01580621097912614
DLBCL_RICOVER_978	0.7440398044316257	0.01620242575624582	0.07306690617794372	0.15004743545327176	0.016643428180913036
DLBCL11576	0.05687526125133156	0.21656631937025572	0.07253314336742275	0.6265717987049249	0.027453477306065108
DLBCL11478	0.582449370253418	0.03498780579590201	0.3161506214262289	0.04726201444390646	0.01915018808054467
DLBCL10936	0.15425205165291694	0.4879726263770972	0.14223932013086707	0.10797002738682861	0.1075659744522902
DLBCL_RICOVER_1278	0.05444827272021453	0.02601682713937578	0.02557791384186304	0.23490513006238076	0.6590518562361659
DLBCL10974	0.06009076259868551	0.02222983845176845	0.05653451790799225	0.5770482516690056	0.28409662937254815
DLBCL10921	0.030251143591534708	0.26146299682162627	0.016846127487585346	0.02061660601666992	0.6708231260825838
DLBCL_RICOVER_910	0.13457848383071402	0.17304721901315726	0.04435519700977135	0.6195113808013519	0.02850771934500546
DLBCL_RICOVER_850	0.010846495410039196	0.04217216103689259	0.01957154266569237	0.03896516236884792	0.888444638518528
DLBCL11528	0.27898701387285135	0.2300295730284194	0.42632342801164386	0.03615338239885097	0.028506602688234496
DLBCL11590	0.2100622514587231	0.01524859739307843	0.5025299264353436	0.21859708959817314	0.0535621351146818
DLBCL_RICOVER_1018	0.068898387778918	0.18188373662528995	0.0280333749877548	0.6894945052490993	0.03168999535893796
DLBCL_LS2208	0.020251056962961863	0.08068051330430466	0.16716387684461279	0.037729603824399036	0.6941749490637216
DLBCL11488	0.7769820676427641	0.009976272883327137	0.013536188859524205	0.06625239929481472	0.13325307131956987
DLBCL_LS3499	0.1163517033849643	0.11963731484182911	0.04480146630936386	0.6877680395528134	0.03144147591102926
DLBCL11204	0.18871700787646392	0.6910156574797752	0.02632283320731265	0.04349423502913173	0.05045026640731647
DLBCL11436	0.14192868146100052	0.5696568177431407	0.031056572690009332	0.20342869854305926	0.0539292295627902
DLBCL10512	0.01801427049836627	0.11781600628758036	0.6792880074220552	0.035115127980784866	0.14976658781121335
DLBCL11515	0.02105805466156558	0.06954025822331611	0.7024225944794608	0.03561014191530335	0.17136895072035416
DLBCL11496	0.7766798509093948	0.017656966650670836	0.03138570737186363	0.04280982570050699	0.1314676493675637
DLBCL_DFCI_DLBCL_GOE05	0.009990533148927845	0.6422303226274704	0.0857820101901399	0.02150158853969478	0.24049554549376712
DLBCL10552	0.34388739777983623	0.023725314672138113	0.06563236407206456	0.5500087133031747	0.0167462101727865
DLBCL_RICOVER_1106	0.009704803354813451	0.052213097018750064	0.012756414079382113	0.034709263137708606	0.8906164224093458
DLBCL11470	0.8670659344110951	0.006582318146452611	0.0211304620303208	0.09063474887741685	0.014586536534714527
DLBCL_C_D_1156_NULLPAIR	0.7939157938198494	0.023480479333592364	0.016531465492634942	0.14860075470796383	0.017471506645959402
DLBCL11430	0.5921108870858619	0.016404565406564806	0.06776788049439601	0.3026640773232906	0.02105258968988661
DLBCL_C_D_1118_NULLPAIR	0.3323845514171997	0.5756429784861747	0.01611592429147759	0.04649394323638649	0.029362602568761484
DLBCL10994	0.8596124589538214	0.030635250055723123	0.015223167222768674	0.04518215533166705	0.0493469684360197
DLBCL10852	0.008084831746418086	0.011292351206122474	0.008285413682773468	0.023876026950883707	0.9484613764138022
DLBCL10909	0.06734239067290147	0.015471597317937744	0.06838737991807048	0.6635610811928562	0.18523755089823413
DLBCL10564	0.04741770501790399	0.0354809957406559	0.05140184279918063	0.8455285838323116	0.02017087260994793
DLBCL_LS762	0.022704105547283557	0.021296169485048318	0.10892997802628236	0.030139613483584352	0.8169301334578014
DLBCL11450	0.004363860296412739	0.009316060545475756	0.004557819336706355	0.00977805465983094	0.9719842051615742
DLBCL10871	0.051150427447649395	0.8461771698159928	0.029171655923593998	0.01726256380222174	0.05623818301054211
DLBCL10782	0.09445049474568432	0.033288000305752734	0.03127686707192426	0.8226792301318255	0.018305407744813148
DLBCL_RICOVER_945	0.9009645620221615	0.028307646491384206	0.007833950605744521	0.04814617581301312	0.014747665067696647
DLBCL11353	0.0034301109811135265	0.008555951113702102	0.008097774832575575	0.00576247540623509	0.9741536876663737
DLBCL10844	0.8909671706858314	0.021578600876191022	0.01009903905219382	0.0246064850530991	0.05274870433268466
DLBCL10781	0.00551724159311856	0.007375813630529883	0.005764899774109237	0.013875481903628915	0.9674665630986135
DLBCL10910	0.016542603140845803	0.10532879435667894	0.7354545051996622	0.1117189786429159	0.03095511865989722
DLBCL10565	0.040508868749695934	0.017769877687917678	0.8576990802255069	0.07348530755639564	0.010536865780483858
DLBCL10517	0.010353619105691193	0.7683903117444716	0.16978858491946655	0.02504143507903668	0.026426049151334043
DLBCL10993	0.8588700808353316	0.007230135676280764	0.022338426593361955	0.08163989066089117	0.029921466234134494
DLBCL_RICOVER_274	0.050256817662657535	0.0770861694271184	0.02728245143608733	0.7995670283152734	0.04580753315886337
DLBCL_LS4616	0.008247761957242524	0.07076217054099362	0.8819559658765824	0.024908538504611284	0.014125563120570074
DLBCL11437	0.06917095461687292	0.011193705425336565	0.03961692879420899	0.8074831143259107	0.07253529683767083
DLBCL_RICOVER_1289	0.016956044056502938	0.011080419274118316	0.01597056083935065	0.061393450878720474	0.8945995249513077
DLBCL11671	0.9319075494027669	0.01023249800856452	0.011882835180737149	0.04031634227391606	0.005660775134015399
DLBCL11658	0.036836550320288264	0.011115032997600579	0.03520293894502743	0.8754898596030937	0.0413556181339901
DLBCL_C_D_1144_NULLPAIR	0.021313516097103184	0.054132345215211375	0.010000072369060328	0.02020797084801273	0.8943460954706124
DLBCL10927	0.06168409562794888	0.013385397156318986	0.02447602053021037	0.8833143589738564	0.01714012771166541
DLBCL_LS2357	0.03408001335551884	0.011721327030119797	0.021804585549525624	0.9156336604298964	0.016760413634939346
DLBCL10931	0.9651154948442348	0.0026085322730755862	0.0059450723695669725	0.01722821832669332	0.009102682186429378
DLBCL10895	0.0072238145548094304	0.024754232137074807	0.01211628996172518	0.008588161020179334	0.9473175023262113
DLBCL11456	0.016067506831098866	0.9062640786756939	0.028864914465071913	0.039434372463881116	0.009369127564254228
DLBCL10472	0.01976920428967056	0.011984608419888569	0.8966013046045919	0.06269229780561163	0.008952584880237402
DLBCL10885	0.03720197085932471	0.8443598846085051	0.012979233723727614	0.02613403906761717	0.07932487174082546
DLBCL_RICOVER_221	0.00194555042167143	0.0037276215955614036	0.0029600181137645182	0.003485780786344903	0.9878810290826577
DLBCL11195	0.0027618852843357103	0.007943742899333863	0.004530580043334694	0.006288506037808792	0.9784752857351869
DLBCL_RICOVER_577	0.005567718148598396	0.006251339512736443	0.9735697535825016	0.007980481262064902	0.006630707494098655
DLBCL10549	0.02337527184044764	0.821644416170544	0.12423082842249837	0.01792928953402207	0.01282019403248797
DLBCL10890	0.002547239132954939	0.0046257205996278325	0.0046936785823926816	0.0037199353308047804	0.9844134263542198
DLBCL_LS4054	0.013026757407344805	0.9511050936022705	0.0093426131122399	0.014810469164838387	0.01171506671330645
DLBCL11566	0.005747249536915431	0.01066707230497232	0.9703526716385413	0.00906984305144512	0.004163163468125816
DLBCL11667	0.002194287210191622	0.0028050147774249983	0.9887854950969611	0.0041024197919334055	0.0021127831234888997
DLBCL11673	0.008748536319606358	0.947477107708403	0.025711814588398215	0.010900145438632916	0.007162395944959469
DLBCL10465	0.0014639752391704469	0.0021759159089377606	0.9912915553069301	0.0033892111651187542	0.0016793423798429146
DLBCL_LS2245	0.04110240528768574	0.8366999556471774	0.08895469331304313	0.01767074844725457	0.01557219730483921
DLBCL_RICOVER_533	0.004864519333712862	0.9825053749083548	0.0056554224263851375	0.003818137573294223	0.0031565457582529797
DLBCL11656	0.00799079618712677	0.0066102843252797945	0.9367674267448587	0.017321897297657145	0.03130959544507759
DLBCL11670	0.0023658830703024406	0.004144655831036667	0.9816556094302447	0.008226171404482908	0.003607680263933336
DLBCL_LS2599	0.010785951469526005	0.011578337623339312	0.9524730331896942	0.02046476471602542	0.004697913001415088
DLBCL_RICOVER_451	0.9772097365164457	0.003330332927456442	0.005835729617137864	0.009960086666578005	0.0036641142723819508
DLBCL10535	0.006711876806365445	0.010071758941325868	0.011737704515206912	0.00736956312956203	0.9641090966075397
DLBCL_RICOVER_467	0.016290747974110533	0.6521092352021199	0.029344975216668692	0.014836255432525536	0.28741878617457534
DLBCL10935	0.8999037296133957	0.04273912048496704	0.007113644709090246	0.030260674315032588	0.019982830877514398
DLBCL_RICOVER_408	0.008078227437051383	0.9650873987565953	0.015150287017979562	0.005181458817116851	0.006502627971256903
DLBCL_RICOVER_977	0.972181058902654	0.0028073471679903256	0.004070971344108344	0.013686861887149312	0.00725376069809796
DLBCL10884	0.9853642077621404	0.001769709499935577	0.0025895644383954505	0.007880106293603967	0.0023964120059246363
DLBCL_LS3245	0.003686121597237134	0.9722607976663604	0.013695525271958902	0.004797677978661262	0.005559877485782234
DLBCL_C_D_1128_NULLPAIR	0.9890192562508522	0.0015355180455133223	0.0017731537507164553	0.0051522275152196045	0.00251984443769848
DLBCL10525	0.9811949699713874	0.0017911108586212323	0.004547455895893141	0.00760140864038544	0.004865054633712776
DLBCL11500	0.005808323634029642	0.005297113832244563	0.008224857459376692	0.009577649250054584	0.9710920558242945
DLBCL10530	0.0020153589529000437	0.004517981843463203	0.0025561398424201894	0.003014861560952004	0.9878956578002646
DLBCL10495	0.9635006144061395	0.01056160798603116	0.0036955122373632417	0.014573505054984214	0.007668760315481857
DLBCL10880	0.009117349093091054	0.005346102912390748	0.009404040822620263	0.0055235399747034725	0.9706089671971945
DLBCL10922	0.004227108864025187	0.9827396687904909	0.004952232378440997	0.003554948196353661	0.004526041770689254
DLBCL_C_D_1125_NULLPAIR	0.0018888121233147084	0.004630655118173735	0.0025336190587711177	0.003308275968542156	0.9876386377311983
DLBCL_LS1757	0.9893534899517438	0.0017077353131957286	0.0017423551186181384	0.0053101229292062185	0.0018862966872361352
DLBCL_DFCI_DLBCL_GOE07	0.0036552602941299205	0.9817270589424595	0.005614968488210578	0.0028455651281432633	0.00615714714705674
DLBCL10951	0.001274370267106753	0.0022065989786259396	0.0013066144061254995	0.0015162962164734812	0.9936961201316683
DLBCL10903	0.003783305599401046	0.9686948959221614	0.0165154839680221	0.004167307171020568	0.006839007339394874
DLBCL10862	0.0017708347222813987	0.003166959327921127	0.0029788994027944832	0.0029939432591133235	0.9890893632878897
DLBC_FF_8043_TP_NB	0.007864701383661627	0.9755818255454786	0.006661304523965733	0.0037153870707929354	0.006176781476101112
DLBCL_RICOVER_1248	0.0024291759449384864	0.0036864533438603353	0.0018803042469601038	0.0031172464550874505	0.9888868200091536
DLBCL10883	0.00249144412825559	0.0022188788406676567	0.002298052028841664	0.0028983886095314756	0.9900932363927036
DLBCL10452	0.002005747819114409	0.9880554443100596	0.0042430969911039715	0.001966328908014061	0.0037293819717079575
DLBCL10534	0.0009048513272022944	0.0013323212426454441	0.0011886816418508874	0.0014586032116158294	0.9951155425766856
DLBCL_LS2089	0.0046993171378635935	0.9700607791785595	0.006710421821894287	0.003836258204011124	0.014693223657671483
DLBCL11188	0.0011022874023513076	0.9944252759351181	0.001966284510693558	0.001092921722577727	0.0014132304292592754
DLBCL_LS146	0.0005076927609566523	0.9975827562430316	0.0008520602905728153	0.00045846092372142395	0.0005990297817174511
DLBCL11449	0.04612769292342082	0.6016901293681532	0.034130240237475525	0.04023137555236417	0.27782056191858623
DLBCL_RICOVER_773	0.019215878188907697	0.15026658263498965	0.3289064879046073	0.028350695599105157	0.4732603556723902
DLBCL10969	0.5477879397229498	0.17363013555204626	0.13171923505400676	0.03583586056214189	0.11102682910885524
DLBCL11433	0.045931210840799486	0.0174051244672674	0.07298482602662854	0.328356239110009	0.5353225995552956
DLBCL10539	0.06245266470435277	0.3955931483646884	0.07473555503327427	0.3427249019200043	0.12449372997768039
DLBCL_RICOVER_506	0.015785899276359084	0.32002136999893194	0.03331058328735758	0.019735665538455627	0.6111464818988959
DLBCL10906	0.04488464500243159	0.5829324056076935	0.01828118701996817	0.022871620206455185	0.3310301421634515
DLBCL10486	0.5154395832684293	0.15366373479373607	0.017895031201308958	0.12705751638492965	0.18594413435159599
DLBCL_RICOVER_216	0.05428448403076286	0.074223616772277	0.36220028960311157	0.04697753015315698	0.4623140794406916
DLBCL11681	0.428907682073409	0.013031329244524636	0.37917258671535564	0.1088516140670311	0.0700367878996796
DLBCL_RICOVER_522	0.1599332322099694	0.06012394696165026	0.4290317331725318	0.3393872430551619	0.011523844600686497
DLBCL_C_D_1112_NULLPAIR	0.03408124967055979	0.3701516725266245	0.4729119833638772	0.0462792766063789	0.07657581783255954
DLBCL10482	0.834424502839889	0.018786610532022466	0.013866155164821977	0.03154905665000463	0.1013736748132619
DLBCL11538	0.032246083143804276	0.013165204296183671	0.6510549660053322	0.15851547417401626	0.14501827238066356
DLBCL_LS2154	0.2742908249144463	0.5756981584777883	0.05461115197161552	0.0740651995725104	0.0213346650636395
DLBCL_MC_F218_RAP	0.1544124137451864	0.01837004686968612	0.046578715711580974	0.7622733875264283	0.018365436147118323
DLBCL_C_D_1119_NULLPAIR	0.08381095841943897	0.8716278248820828	0.015486120017514529	0.014383574401703927	0.014691522279259732
DLBCL_RICOVER_720	0.029860777408843117	0.48741938809470003	0.03694457175839062	0.018983509390421233	0.426791753347645
DLBCL10985	0.10135781850009637	0.5241516718226947	0.026886114400796187	0.3126934480260215	0.03491094725039122
DLBCL_LS155	0.038353169108549474	0.011460590108536797	0.7613014461526174	0.16117906051737907	0.027705734112917234
DLBCL10957	0.6936418585635491	0.021165834769221268	0.08981719951483881	0.18113008146716184	0.014245025685229049
DLBC_FF_A7CX_TP_NB	0.5157433981865334	0.04431644689290234	0.09061642676092954	0.06229131138193134	0.28703241677770336
DLBCL_LS2590	0.030499185427666303	0.02077132048500273	0.06526006865854588	0.35941726724225	0.5240521581865352
DLBCL10965	0.19287971020336747	0.017410770942816074	0.04334281163529671	0.7107924477545952	0.03557425946392454
DLBCL11441	0.12881190212087054	0.013469284376566103	0.06971196841656782	0.30925619212098565	0.4787506529650099
DLBCL10908	0.05449459380319033	0.10159732298038956	0.6643504033242924	0.04427276576061891	0.13528491413150873
DLBCL10999	0.01172648621555861	0.02317776820010075	0.05394693633000227	0.12445952735027718	0.7866892819040612
DLBCL11206	0.026935825753958996	0.5482990392011702	0.06811932038286778	0.014158048188083697	0.3424877664739193
DLBCL11480	0.6450629452516036	0.02189825355140137	0.14518781270256764	0.07967175455860298	0.10817923393582449
DLBCL_C_D_1126_NULLPAIR	0.05065176624358659	0.8877136288207856	0.014865224509440536	0.018932089169712223	0.02783729125647499
DLBCL11003	0.060799274858042394	0.5375000303655101	0.018922897226683298	0.030001393570551902	0.3527764039792124
DLBCL_MC_F064AB	0.015583985241169442	0.010314081835023053	0.9153067144513958	0.04972907943601552	0.009066139036396156
DLBCL11447	0.05255043806280206	0.018151127689881703	0.028274952060830753	0.7839568867719359	0.11706659541454968
DLBCL11457	0.8337673612405937	0.006711701076889677	0.030809505867730163	0.10218393953770634	0.02652749227708007
DLBCL10972	0.8176641264337156	0.020299490350334036	0.023607931617088684	0.06439133127584204	0.07403712032301969
DLBCL11474	0.6263686587705544	0.0188147415572286	0.017450365820305565	0.295414877606499	0.0419513562454124
DLBCL_RICOVER_956	0.01616397634449784	0.2815095940854802	0.02970379628000856	0.027277981342471874	0.6453446519475415
DLBCL10780	0.019418142085836285	0.8378393974357702	0.09210053208344643	0.03738881608248734	0.013253112312459741
DLBC_FF_8062_TP_NB	0.09149612280361583	0.020869941277489357	0.10936152463546801	0.7563114126457156	0.021960998637711213
DLBCL10863	0.10776211756030345	0.01770188686529776	0.028131201506119512	0.7517205737218965	0.0946842203463828
DLBCL_RICOVER_1060	0.09474469129666664	0.6627810604965769	0.026040101466084504	0.025761999454029415	0.19067214728664245
DLBCL11486	0.8160547970239328	0.012526636160202487	0.020054063678951465	0.031023222730870152	0.12034128040604306
DLBCL10451	0.7859586557706552	0.018607401194050983	0.14579450116840578	0.035928964695680486	0.01371047717120752
DLBCL10490	0.881181251153623	0.01331971810355574	0.012377554913322793	0.0680207782707194	0.02510069755877907
DLBCL11002	0.19871513428214496	0.03091866535681647	0.052111754006717	0.7025676563805651	0.015686789973756558
DLBCL_RICOVER_496	0.02473349212101807	0.8950754430562305	0.04999991048350333	0.01972880972812917	0.010462344611118926
DLBCL10532	0.029084198550189642	0.020523079235037153	0.21531170130949928	0.10724144617754387	0.6278395747277301
DLBCL_LS1668	0.06568695393921635	0.2333670182877782	0.26638898945544115	0.3796438613660405	0.05491317695152385
DLBCL_MC_F307_JPS	0.8529156067683081	0.02036872446971628	0.015177193983050443	0.09157103423292388	0.01996744054600123
DLBCL11205	0.9361762369022901	0.011717756652341437	0.026185100944015063	0.019869417397430908	0.006051488103922454
DLBCL_C_D_1109_NULLPAIR	0.06313024490556436	0.01227495503733424	0.0230003518820348	0.8807017104966344	0.020892737678432183
DLBCL11675	0.02262005410793224	0.00923683833562752	0.8142364889782149	0.05936296760580109	0.09454365097242425
DLBCL10980	0.009528333779953829	0.14655174451550135	0.04850292228628466	0.036613761061281	0.7588032383569792
DLBCL_RICOVER_299	0.0128716264791891	0.8557579570101944	0.10163567897599611	0.010617998610780884	0.01911673892383947
DLBCL11527	0.0514638754886729	0.01694413817722303	0.04113697693637994	0.8536657520646097	0.03678925733311444
DLBCL10934	0.044256325604524416	0.3560370861780046	0.02118124399870544	0.06001263283273063	0.5185127113860348
DLBCL_RICOVER_701	0.07326693590650166	0.019522644368437314	0.022858531245676585	0.8617581498152009	0.02259373866418351
DLBCL_RICOVER_473	0.8797140749487271	0.03925175119768224	0.014226153411250194	0.05408943135886856	0.012718589083471905
DLBCL_MC_F139_LJF	0.054148679383293756	0.013511193415842528	0.023444781192229047	0.8913189950733719	0.017576350935262806
DLBCL11504	0.09301627319293349	0.02286769124844933	0.026956291958498992	0.10170101578329523	0.755458727816823
DLBCL11460	0.037525823820570396	0.015069395435683832	0.025559339929361744	0.9054522008303656	0.01639323998401837
DLBCL_RICOVER_1061	0.050654754286554915	0.011412992774306472	0.03882815351179731	0.8831045705909887	0.01599952883635264
DLBCL10968	0.730532650253551	0.009983360103547851	0.01964296439498818	0.194487707421744	0.04535331782616895
DLBCL11472	0.919613609220648	0.004840273237792018	0.011557232884129293	0.05022707125554995	0.013761813401880698
DLBCL_C_D_1105_NULLPAIR	0.08115777358339175	0.8651418798087515	0.01631347956240565	0.018776753155933423	0.01861011388951771
DLBCL10523	0.01851755224208727	0.008115707316074472	0.920170470055111	0.04541472210114303	0.007781548285584261
DLBCL11458	0.029436063416504808	0.018448374222885096	0.9271215614682519	0.013112885120137202	0.011881115772220981
DLBCL_RICOVER_1165	0.01002091599668741	0.9292021316289667	0.030781444448998937	0.008243717633248436	0.021751790292098495
DLBCL10498	0.004425144817823549	0.004077467409665565	0.9790704497304631	0.009904481161191366	0.0025224568808564743
DLBCL11435	0.9006783164815764	0.007382485769972207	0.009203738211516524	0.06451683408093957	0.01821862545599536
DLBCL10857	0.02078802636717689	0.010000367322038668	0.008543033055513505	0.03542732940045104	0.9252412438548199
DLBCL10459	0.0018574013768687715	0.0028001428413386097	0.9888871396461005	0.004488163904113266	0.0019671522315787985
DLBCL11484	0.008744014700594792	0.9428273490406908	0.021226723335269763	0.010162623400524623	0.01703928952292006
DLBCL_RICOVER_1032	0.008703388433685075	0.05346450648599108	0.010261434554924042	0.014479924445459268	0.9130907460799406
DLBCL11512	0.9000686622780372	0.01565850114911944	0.015889376754082175	0.0595490044214728	0.008834455397288377
DLBCL_MC_F262_WLC	0.9839508797282456	0.002149237359432864	0.002125564694733104	0.008236371594896291	0.0035379466226921944
DLBCL_RICOVER_744	0.014586876173950025	0.006888096883070419	0.9636515469725033	0.008863435580570398	0.0060100443899058185
DLBCL10963	0.012899490093197115	0.02112487318275445	0.013265949521787867	0.03443880886848446	0.9182708783337761
DLBCL_C_D_1133_NULLPAIR	0.00537728873873626	0.009938736639252143	0.9732191757790544	0.007744317943634628	0.0037204808993225977
DLBCL_C_D_1113_NULLPAIR	0.005826014696824092	0.008115865957700185	0.9716552348157428	0.009166244410767427	0.005236640118965511
DLBCL10458	0.9913318295622495	0.0010469140914444535	0.0019318917400993553	0.004184033407479923	0.0015053311987267368
DLBCL_LS1098	0.003878288781403392	0.0030654699993611467	0.9832023965440684	0.00729223793737824	0.0025616067377888484
DLBCL10954	0.00669883649103432	0.9588289073347346	0.009795579483831422	0.007079051876437674	0.017597624813961973
DLBCL10889	0.004310273829166198	0.005734644984762296	0.006788524237861075	0.01277706313337705	0.9703894938148334
DLBCL11526	0.014768343309516716	0.007534225992798168	0.9553495206575179	0.017696585901845696	0.004651324138321506
DLBCL_C_D_1141_NULLPAIR	0.0042234786055514355	0.008283283712638362	0.9720867020759056	0.0069859696913187	0.008420565914585839
DLBCL10902	0.006185531613646285	0.025707044084851357	0.017453245054362635	0.01704478684756925	0.9336093923995704
DLBCL_LS378	0.9844577173805061	0.0023101534142251504	0.003864851363866665	0.007065610453434797	0.0023016673879672203
DLBCL10925	0.032294609651809504	0.03553090295243111	0.010442921134485323	0.04946503217717177	0.8722665340841023
DLBCL10834	0.003184409523134167	0.9900622316088465	0.0024843133156002774	0.00190466159742431	0.0023643839549946566
DLBCL10860	0.0016220242205268224	0.002642159025155063	0.003245781210657895	0.0029680436480336077	0.9895219918956266
DLBCL_RICOVER_712	0.003978713446952469	0.008838482513941643	0.004598929514926437	0.006788851135065428	0.9757950233891141
DLBCL10502	0.007164274850450131	0.9460484690647478	0.02783294349334091	0.009764936037113073	0.009189376554348037
DLBCL10898	0.010604693749946416	0.03686836579581607	0.0077312285113196304	0.014137048019389687	0.9306586639235281
DLBCL_MC_F349_BJJ	0.0016982996999676794	0.002149315539143152	0.9905855305638767	0.0034355263450997257	0.0021313278519127523
DLBCL_RICOVER_1210	0.0039129742167863454	0.9750280438802715	0.011135306877211041	0.005391570911100552	0.004532104114630513
DLBCL11666	0.0011564256358870932	0.001499732440414517	0.9938757774050007	0.002354252258265213	0.0011138122604325664
DLBCL10460	0.004333149620404325	0.9769543146321144	0.011033851084399377	0.003260595799315102	0.004418088863766851
DLBCL10842	0.0023136998870567464	0.00308012221802659	0.0034639507255671245	0.0045434216995004694	0.9865988054698491
DLBCL10930	0.04605293471423789	0.01426718014895032	0.01676648605503243	0.015045339587882253	0.9078680594938972
DLBCL11000	0.0013719695009194966	0.0021801153078661226	0.0018539360005242558	0.00282546163147696	0.9917685175592131
DLBCL10901	0.0022810179409471832	0.0038310054463050348	0.003188249288528815	0.005300998771804754	0.9853987285524142
DLBCL_RICOVER_253	0.0005811255731027438	0.9978041581016395	0.0006613524181719407	0.0003830764459892756	0.0005702874610965317
DLBCL_RICOVER_174	0.0013031120593113349	0.9954011275342469	0.0013016779499201508	0.0009494351123180909	0.0010446473442034764
DLBCL10990	0.0013798962988651473	0.0027465447109571335	0.0015069131181511006	0.001580148564072899	0.9927864973079538
DLBCL10977	0.003112635662026883	0.002676422352185157	0.003885565155140544	0.003605162593770559	0.9867202142368768
DLBCL_RICOVER_1192	0.003152001172506396	0.006400254403405381	0.004244572142843134	0.0037115097979156537	0.9824916624833294
DLBCL_C_D_1131_NULLPAIR	0.002074152757476498	0.9891398659255125	0.004441767639405755	0.0017179444924509228	0.0026262691851543438
DLBCL10483	0.004190782714111985	0.9730005441073203	0.013100219220834201	0.003333260608999827	0.006375193348733676
DLBCL10850	0.0016175121330305165	0.9936639007274127	0.002094154533508952	0.001114047382953594	0.0015103852230942307
DLBCL_MC_F927_JHS	0.11311414473750053	0.23052198205691302	0.15446088007164394	0.08821820178804025	0.41368479134590214
DLBCL11467	0.08629017726111564	0.05559385667820808	0.09900703062019517	0.5100152696962311	0.24909366574425
DLBCL11483	0.13082982427004955	0.3822113557972191	0.09931976910408209	0.07314832067344745	0.31449073015520174
DLBCL11657	0.029905532369831643	0.060045377004180084	0.7393566969757784	0.1453085789035677	0.025383814746642107
DLBCL11455	0.17374341843514707	0.016590134665733846	0.1754818324155366	0.557390792521058	0.07679382196252443
DLBCL_LS2328	0.039578764921769594	0.41627099578139287	0.49893395750899855	0.031164453061127674	0.014051828726711313
DLBCL11678	0.08790501340124472	0.03051678992004455	0.2641338861271955	0.5989788622382232	0.018465448313292054
DLBCL10454	0.1611877253177588	0.16100034367496077	0.04584637432018857	0.016973469406259982	0.6149920872808319
DLBCL_MAYO_DLBCL_234	0.20495597948055577	0.014549249942452571	0.3460997777843755	0.39927041162121524	0.03512458117140086
DLBCL10501	0.011103922233544299	0.5122295653009973	0.40075199988518506	0.03677032367996979	0.0391441889003036
DLBCL11501	0.6533905531769121	0.21047826200033481	0.023516490801205523	0.043773414207146026	0.06884127981440154
DLBCL_LS4619	0.020976238288526013	0.14446309694466425	0.5494090317723813	0.08103617947875026	0.2041154535156781
DLBCL_RICOVER_258	0.22568848936183672	0.015555816682525063	0.1256863989323621	0.05489187256624055	0.5781774224570355
DLBCL_RICOVER_1190	0.12239101846816232	0.05589044778721038	0.0809274706724487	0.026275164522217915	0.7145158985499607
DLBCL10984	0.016431048708236334	0.18346997527879522	0.014859120845944413	0.03338407501655516	0.7518557801504689
