	0	1	2	3	4
DLBCL11471	0.3662781787705165	0.2362694150643998	0.12338274569164363	0.13586844022535827	0.13820122024808176
DLBCL10971	0.2075591870616453	0.3854506221052574	0.023914173361145742	0.06948093430762899	0.31359508316432255
DLBCL11468	0.16165943121124127	0.01922891516354429	0.25519267898166254	0.5338423759269033	0.030076598716648553
DLBCL10969	0.5934291763642615	0.18271612915218924	0.12019758695405958	0.04427618607878047	0.05938092145070923
DLBCL10973	0.11524099344422546	0.016099991968049388	0.2385432770791659	0.48837112530813637	0.14174461220042292
DLBCL11469	0.023106495165568366	0.0847252977787053	0.4029306628227461	0.03417711521029374	0.45506042902268645
DLBCL11525	0.21866646944379978	0.019596599332303375	0.5845286958743209	0.15623557849116296	0.02097265685841306
DLBCL10965	0.23972455914499716	0.01574151599927746	0.03341526180768358	0.6566861779302661	0.05443248511777579
DLBCL11473	0.5720239172913598	0.061945150442409065	0.02669488983189676	0.313759373589453	0.025576668844881325
DLBCL_MAYO_DLBCL_3653	0.3901670752271161	0.047576488854947745	0.07035127731760599	0.25059565045708737	0.24130950814324267
DLBCL_RICOVER_773	0.014053466435830027	0.30672121727716145	0.11776720447966936	0.02082917280059326	0.5406289390067459
DFCIDL004_DT	0.4712713713482678	0.013020500633527258	0.02617549440192025	0.159138081053004	0.3303945525632806
DLBCL_LS2325	0.04067965055245857	0.5305537792752892	0.37976516350341866	0.027865233296919666	0.021136173371913976
DLBCL10509	0.21128085569519311	0.6734627266905079	0.015403701610234992	0.042823375228119846	0.05702934077594416
DLBCL10907	0.1368848088827316	0.5249795954267749	0.027060401943259475	0.08442987792791096	0.2266453158193231
DLBCL_RICOVER_467	0.020732769988807187	0.4371027993999145	0.02944925751843605	0.01345656359082884	0.49925860950201334
DLBCL_LS3204	0.04731413025413994	0.8459916085386544	0.04735790423162139	0.04786566296009813	0.011470694015486099
DLBCL_RICOVER_1060	0.07818586574773315	0.3030191330239769	0.029585890035730703	0.022657565393850575	0.5665515457987087
DLBCL_C_D_1118_NULLPAIR	0.27507887636726025	0.6343508791878513	0.02257191777480924	0.039486067272024986	0.028512259398054195
DLBCL11467	0.08029505948544036	0.038230094261284944	0.08455573809923496	0.5753549250991696	0.22156418305487013
DLBCL11474	0.6015982109676081	0.01629344521696685	0.0243785315463589	0.3221136905865885	0.035616121682477624
DLBCL10873	0.08607925252565583	0.24759745813606335	0.2177299170245549	0.3925303113993578	0.056063060914368225
DLBCL11480	0.7017150692114044	0.03208530534589443	0.09692141440283968	0.03605713860172701	0.13322107243813455
DLBCL_LS1668	0.04159748591241926	0.14241124257095175	0.2864351165523183	0.4683198149505007	0.06123634001381008
DLBCL_LS2590	0.02822281562215359	0.017815033828606018	0.04874993004952497	0.3097584790054225	0.595453741494293
DLBCL10934	0.04400150389866164	0.6714942692071748	0.02116686687721523	0.05148264486873021	0.21185471514821808
DLBCL10869	0.5333068697951072	0.13031073096705795	0.215605704180283	0.06803452425626515	0.052742170801286695
DLBCL11515	0.01433419316890563	0.1030112859569061	0.7120661945736871	0.04275455494041812	0.127833771360083
DLBCL_MC_F218_RAP	0.2930372881211214	0.01129836136063318	0.13169034376315847	0.5322934787203543	0.031680528034732654
DLBCL_RICOVER_338	0.5647024129933372	0.019244330551985482	0.06516210007283536	0.3266030563538924	0.024288100027949476
DLBCL11003	0.04217326846066129	0.6925256194187202	0.018107762116429477	0.031109540667043384	0.21608380933714574
DLBCL_RICOVER_320	0.032914156501337236	0.0921768041069338	0.7885368453820988	0.05468289808790583	0.03168929592172441
DLBCL10885	0.043837033783840844	0.7466057591728061	0.0268821681154245	0.04475050175840741	0.13792453716952108
DLBCL_RICOVER_1287	0.02676557400969016	0.2338881998146274	0.0313949613445836	0.027550439647923464	0.6804008251831754
DLBCL10915	0.02451721945145202	0.1365091920321328	0.06440065673449427	0.08466823441435237	0.6899046973675685
DLBCL_LS1395	0.02521740989538136	0.10314659423980656	0.8194524997928473	0.0184846280427014	0.03369886802926344
DLBCL10527	0.0259244966507446	0.01772539555003586	0.07089877118013574	0.7609360188004957	0.12451531781858813
DLBCL_C_D_1115_NULLPAIR	0.09129115147225164	0.06933477046515664	0.04262546132382562	0.7557056968042112	0.04104291993455486
DLBCL_RICOVER_151	0.07019352873195878	0.3099708103221816	0.07342156224942575	0.511822885213369	0.03459121348306477
DLBCL10957	0.9146100240361151	0.010127201113444891	0.021643011902232858	0.04335794406001789	0.010261818888189278
DLBCL10544	0.0374465583425483	0.010381552749860629	0.04321079608851641	0.7324015498927335	0.17655954292634107
DLBCL_LS4593	0.011097824560766764	0.13156319442872477	0.7839355280504445	0.04896109550437124	0.024442357455692697
DLBCL11495	0.06100800152506537	0.01071742983047692	0.02103781307388748	0.0997777981968839	0.8074589573736863
DLBCL10961	0.005916773568725245	0.030379771871862554	0.01793647797174606	0.03522293429136859	0.9105440422962975
DLBCL10993	0.8633672854943591	0.0065205473209518534	0.03364059533323841	0.04093907644384687	0.055532495407603674
DLBCL_C_D_1109_NULLPAIR	0.06130613063602892	0.009280415794940886	0.029062236014140094	0.8750748856950592	0.02527633185983091
DLBCL10970	0.034776918909819286	0.05871317222789649	0.05994996189933188	0.8105052274014996	0.03605471956145281
DLBCL10927	0.12020976361816318	0.011808577102196903	0.04241237358662177	0.8022770260909298	0.02329225960208832
DLBCL11436	0.030347507053593764	0.8536988422489813	0.02466523650743492	0.04566454941458919	0.04562386477540078
DLBCL10980	0.008758677290141861	0.1005302653639842	0.03133809136410314	0.02665666753965539	0.8327162984421154
DLBCL_LS4616	0.008250287752640936	0.04470986759755366	0.9044116385251219	0.030912646211860784	0.011715559912822809
DLBCL11652	0.8860748942860096	0.0373207352640976	0.017439227548709947	0.03246426324763274	0.026700879653550096
DLBCL10564	0.05992224936694443	0.056865108909128846	0.09920208144093516	0.7529724635309356	0.031038096752055922
DLBCL10999	0.007293223071058915	0.016562185684380747	0.02431133210714777	0.049392177868875765	0.9024410812685368
DLBCL_RICOVER_701	0.08706119949457201	0.012897052525464284	0.025382747177799165	0.8464213692367699	0.02823763156539456
DLBCL11673	0.01647523061015305	0.8880267241232844	0.06172782816335312	0.019155414857970794	0.01461480224523855
DLBCL11512	0.9347310852372148	0.010889123313436156	0.009895881077958352	0.03878458889947458	0.00569932147191607
DLBCL_RICOVER_1190	0.05467439657770243	0.039680710969482814	0.027198017576660086	0.01586315654353323	0.8625837183326215
DLBCL10918	0.8268791206584497	0.013479607789530383	0.011753460587808344	0.030880208279091537	0.11700760268512009
DLBCL10899	0.06609012460187264	0.042178613912404544	0.009797756208484925	0.048802027303550134	0.8331314779736878
DLBCL11472	0.8890372799712095	0.0064596485407087045	0.02203292063902033	0.06704092182411803	0.015429229024943486
DLBCL11484	0.009495171070838618	0.9310604577586696	0.02325655616201167	0.007965275578178287	0.02822253943030182
DLBCL11541	0.007985583960755438	0.03125060062458672	0.9140083803762483	0.019583884097215093	0.027171550941194493
DLBCL10954	0.009193963444324167	0.9114913491367171	0.021746911763539305	0.01338145772550734	0.04418631792991202
DLBCL10457	0.010853604630465818	0.03865298699914749	0.012059318384672228	0.012493454988275584	0.925940634997439
DLBCL_RICOVER_1032	0.01314737629139148	0.06142266753832581	0.00895537897334858	0.011797759693428968	0.9046768175035051
DLBCL_RICOVER_401	0.02929879507141728	0.777390524164585	0.16481520860536594	0.01361820862917117	0.014877263529460642
DLBCL10849	0.018808283428161845	0.8476449934466823	0.016099902300344134	0.010273358111703443	0.10717346271310828
DLBCL10902	0.008124874467830279	0.031229100055818016	0.01939169796839757	0.014844387859274527	0.9264099396486796
DLBCL10554	0.011077724320924805	0.006504877548883358	0.9632804337564495	0.013070750284403609	0.006066214089338808
DLBCL11458	0.013640087697764215	0.016228006886439526	0.9455539028101724	0.015259014225416489	0.009318988380207366
DLBCL10935	0.8762224490830034	0.06586098524188788	0.009310694665768914	0.030907018655419085	0.017698852353920696
DLBCL10480	0.03150753838735913	0.9242862908021383	0.010255546104522258	0.00970378632194463	0.024246838384035647
DLBCL_RICOVER_850	0.006012068749902644	0.018119877102137305	0.016913711307627102	0.02671367395020894	0.932240668890124
DLBCL11486	0.9330835946165397	0.008682346772488523	0.01031598272783165	0.018279722483864447	0.029638353399275754
DLBCL11564	0.028790278038674882	0.010047655571365272	0.026045289666614943	0.9153056885074422	0.019811088215902703
DLBCL11439	0.013585763814193698	0.008355541454618845	0.9326996665325584	0.035801601495318906	0.009557426703310175
DLBCL11566	0.006048645417584985	0.019441402003558334	0.9547004298267824	0.013399764972537424	0.006409757779536826
DLBCL_RICOVER_1289	0.01553680064084225	0.007385877627840036	0.012029189714161281	0.03727039794024326	0.9277777340769132
DLBCL10896	0.9470923864204402	0.007184387863809848	0.005022364388635774	0.030854134283395153	0.00984672704371899
DLBCL11669	0.009254145739635683	0.00866450789119997	0.9647384757995378	0.012559939519178782	0.004782931050447794
DLBCL_MC_F500_ECU	0.00789962704008432	0.9513013126226195	0.018596172495024373	0.009960690145404823	0.012242197696866935
DLBCL11477	0.9744501935596565	0.002912275667360085	0.004102436052753612	0.013817391409025912	0.004717703311203896
DLBCL11670	0.003687717334620902	0.007404349885140713	0.9671911601805738	0.01543375774249737	0.006283014857167201
DLBCL10837	0.019142181190700876	0.024534802891578115	0.00862474748780066	0.011121056154121572	0.9365772122757988
DLBCL_LS3200	0.0068252538348338105	0.028017902014757106	0.007132710328597389	0.008300635587635613	0.9497234982341761
DLBCL_C_D_1141_NULLPAIR	0.004445805669393671	0.009248984447228988	0.964372560998786	0.009582642574506075	0.012350006310085327
DLBCL10459	0.0030079449751016854	0.006654694765278926	0.9755023185227267	0.008799163475450721	0.006035878261441929
DLBCL_LS2089	0.009034109848708487	0.9382826118714955	0.012747163939467815	0.005472703220207775	0.03446341112012044
DLBCL_RICOVER_533	0.007195113146827789	0.9686555654959035	0.01201819647686579	0.007279025587196182	0.004852099293206737
DLBCL10848	0.006610240916301473	0.005328927294882824	0.010819820556013979	0.018404006781687434	0.9588370044511143
DLBCL10781	0.0038640213546307102	0.006738606446134551	0.006209853871584843	0.01565850782842125	0.9675290104992287
DLBCL11656	0.003833791627447599	0.0036088363497420077	0.977140141659444	0.009033799140301939	0.006383431223064542
DLBCL_LS1757	0.9894532653040908	0.001893005607712389	0.0017577201144010185	0.005181925343343032	0.0017140836304527763
DLBCL11203	0.0038205159145860822	0.9796769235580426	0.005835136114711003	0.005443646366225879	0.005223778046434418
DLBCL10880	0.013010271315569056	0.006888400170636449	0.007432773902439683	0.006101357507856707	0.9665671971034981
DLBCL11195	0.002533922281229043	0.008397885349674011	0.005509959374762771	0.008863208005220478	0.9746950249891136
DLBCL10997	0.9828862724221943	0.00315062508798516	0.002620037892047858	0.008222800195232745	0.0031202644025399903
DLBCL10495	0.9821710171730116	0.0047196327596421275	0.0025120111641326512	0.007390385403852132	0.003206953499361502
DLBCL10901	0.0034945716780808668	0.005323124286402088	0.004006538457548998	0.006417512088778983	0.9807582534891891
DLBCL_RICOVER_417	0.001722043614430509	0.0032191268090372904	0.0020361806591108686	0.0036751503645061686	0.9893474985529151
DLBCL10903	0.0036074461546699525	0.9764540380846002	0.010803327205494338	0.0027949946038130966	0.006340193951422433
DLBCL_LS378	0.9926250634008946	0.0014322025695716108	0.0015835019353373924	0.0032239758708577336	0.0011352562233386551
DLBCL_C_D_1130_NULLPAIR	0.9924480216053665	0.0011012432368595693	0.0013954407892616144	0.0035561718994186913	0.0014991224690936015
DLBCL10889	0.002148851220998101	0.0030144645298725817	0.0032372872504430913	0.004537347078953964	0.9870620499197322
DLBCL10862	0.0014378083624291794	0.0031920533322082256	0.002480838878479827	0.002514937142408575	0.9903743622844742
DLBCL10834	0.007689203284018042	0.9792980050853737	0.00572125226620883	0.0026080274981554277	0.004683511866244
DLBCL10530	0.0015839503509313007	0.003570039420110254	0.0021932920554708045	0.002778933305340477	0.9898737848681471
DLBCL10550	0.0006928899726323437	0.0013535132903164783	0.0010848129030143641	0.001446012396401864	0.9954227714376349
DLBCL10864	0.00047939211924252106	0.0007269771204762177	0.0006066395947748214	0.0006990874049575324	0.9974879037605489
DLBCL11188	0.0012149186142458143	0.9937513412701352	0.002348334752810119	0.0010851269975505186	0.0016002783652583521
DLBCL_C_D_1136_NULLPAIR	0.0011124727742434922	0.9948357515793014	0.0017108955491575636	0.001032144788420824	0.0013087353088767793
DLBCL_MAYO_DLBCL_234	0.2626311771933003	0.01043320266786481	0.4456684097342759	0.21462624111033968	0.06664096929421928
DLBCL10450	0.5101956888478826	0.09916505671954189	0.023590849839042475	0.21177067091388704	0.15527773367964598
DLBCL10503	0.0795171440597703	0.3145881936484579	0.40325841534226936	0.01993572389918571	0.18270052305031667
DLBCL10782	0.15445438753931437	0.045852533756578516	0.04379827066934186	0.7329389639403275	0.0229558440944377
DLBCL11536	0.04226804321061576	0.5208715862456709	0.07613580670099272	0.3189713182684269	0.04175324557429376
DLBCL10974	0.051431438553308166	0.019779078728580344	0.04579105346190642	0.3638026326057506	0.5191957966504546
DLBCL_LS2328	0.05631991012457563	0.27891612502005675	0.6200647894096902	0.03220785828716936	0.012491317158508021
DLBCL_LS2245	0.06746098928968168	0.564290185934815	0.2981227523910591	0.03304613429889312	0.037079938085551135
DLBCL10566	0.042340542999528795	0.40679292418549906	0.037033177343195334	0.01806074262457956	0.49577261284719726
DLBCL10492	0.43391862221107746	0.054491557691811916	0.018888993163613095	0.1590531498777098	0.3336476770557877
DLBCL_BWH_DLBCL64	0.16202404988764457	0.4473443592107044	0.08985203392608997	0.28471590751293147	0.016063649462629403
DLBCL10986	0.5998967231322342	0.07470635366688964	0.19989810926953042	0.09308255528514048	0.03241625864620531
DLBCL_C_D_1112_NULLPAIR	0.028344047769712197	0.24135452305943592	0.5438809868132748	0.09078496498768888	0.09563547736988821
DLBCL_RICOVER_299	0.01215777806739687	0.846840215377473	0.1105695877083056	0.010419851376554694	0.020012567470269797
DLBCL11433	0.08971504633580059	0.014602387967851838	0.08731733484694496	0.3368733406746637	0.47149189017473886
DLBCL11441	0.21407432657978884	0.011846297529917109	0.09453709731234927	0.48802273348823055	0.19151954508971433
DLBCL11590	0.08326284851997094	0.012475734685267782	0.5437163517998052	0.28530129677172505	0.0752437682232311
DLBCL11518	0.4644422905247551	0.21537922482448624	0.2470734208844468	0.03790209518560376	0.035202968580708066
DLBCL_MC_F739_AMA3	0.014012273091903353	0.7459248357492343	0.19368926367307318	0.028520078289552435	0.017853549196236666
DLBCL10894	0.20371466964525764	0.6981727943699302	0.028138247198247358	0.05474700109520842	0.015227287691356397
DLBCL10780	0.020237475916166772	0.6375718034517587	0.2853659814504123	0.03571730802209879	0.02110743115956348
DLBCL11206	0.0273317446371019	0.7398417286851218	0.028294601520764885	0.011005972161321752	0.1935259529956897
DLBCL10904	0.021970345138381416	0.04221366233886049	0.03812558917674675	0.035862347574243066	0.8618280557717682
DLBCL10906	0.029157235476317274	0.5439725880890587	0.02024071096709292	0.018821209675479993	0.38780825579205114
DLBCL10539	0.056175891293902776	0.1428317000301928	0.059423586506175845	0.635086279469758	0.10648254269997058
DLBCL10453	0.01672147305924175	0.21826804593123578	0.03256996575430227	0.03860242030765208	0.6938380949475682
DLBCL11455	0.30060776126602173	0.019345479265677982	0.0761533381003566	0.5657831993283625	0.038110222039581206
DLBCL_RICOVER_314	0.012763791283400695	0.479444296394442	0.06942745233235548	0.050394021046139874	0.38797043894366195
DLBCL10487	0.0920605586267415	0.8077134456283542	0.026954751246703563	0.0524286158044075	0.020842628693793254
DLBCL11504	0.03670670219060084	0.03420690708427828	0.03487269727640631	0.05929087439845455	0.83492281905026
DLBCL_RICOVER_1329	0.03651615374917227	0.19701472298961573	0.01636869172658406	0.018154756271319055	0.7319456752633089
DLBCL11454	0.9115543743105257	0.015945060763110506	0.008387454173963362	0.0554038293870929	0.008709281365307566
DLBCL11496	0.6947392920464192	0.019623590847833564	0.02780329015721437	0.04151519777118027	0.21631862917735262
DLBCL_RICOVER_950	0.03605811917567246	0.013194956621898887	0.08477085237672553	0.8457385165799055	0.020237555245797605
DLBCL10854	0.008876236602797185	0.016556257604795406	0.01782115145512851	0.04684638817453858	0.9098999661627403
DLBCL10981	0.022570452191565827	0.8751384224887463	0.03843820693230498	0.04096373708698035	0.022889181300402513
DLBCL_C_D_1103_NULLPAIR	0.03038931250620749	0.017020304251502975	0.0593377078973813	0.8739267573934989	0.019325917951409356
DLBCL_RICOVER_408	0.009070236716932127	0.932338761343119	0.03797254657116519	0.008912174257269785	0.011706281111513898
DLBCL10984	0.015143840886249222	0.10753398476491326	0.016119844332493173	0.03571037073028687	0.8254919592860575
DLBCL10838	0.011464493914719005	0.08961115873703776	0.012875142355594804	0.016645487089361366	0.8694037179032871
DLBCL10547	0.036564808394432845	0.010817920827621867	0.026675593571015177	0.89641611767189	0.02952555953504014
DLBCL10456	0.04750488807749766	0.010046473610152387	0.04846831103268563	0.8553041988408954	0.03867612843876897
DLBCL11573	0.014260775034733275	0.060846754019269166	0.8672180777814423	0.033989008200019884	0.023685384964535348
DLBCL_LS762	0.014661607813565236	0.01784570808705356	0.05471031528424897	0.02131638664470114	0.891465982170431
DLBCL_RICOVER_361	0.02819076700905998	0.009611239409499603	0.036463070675202124	0.8924069363973565	0.033327986508881836
DLBCL10847	0.017460227573200874	0.04738107691736856	0.007900023262567092	0.009236260865981564	0.9180224113808819
DLBCL10871	0.025774548778135536	0.8848157231532745	0.035428242717204204	0.010880649948404094	0.04310083540298169
DLBCL_RICOVER_945	0.9567671183268274	0.010144353723916368	0.005176503849750627	0.021003655804188715	0.0069083682953169434
DLBCL10978	0.030202043294953244	0.011106211890583924	0.03927322311590865	0.8954261332065881	0.023992388491966058
DLBCL_RICOVER_978	0.9010505410731956	0.011567813922602192	0.04516714860579358	0.03299561592449542	0.009218880473913156
DLBCL10932	0.04270045868993555	0.008363185738209223	0.02393786434841765	0.9005144487102884	0.024484042513149198
DLBCL10532	0.0121782441392567	0.01129598299538563	0.042766425073351724	0.03238861794471813	0.9013707298472878
DLBCL_MC_F139_LJF	0.03384972106080285	0.009847311075814926	0.027931392853587204	0.910314431558232	0.018057143451563056
DLBCL_C_D_1126_NULLPAIR	0.04827170873461136	0.9062721548727946	0.013721549063305437	0.01707389071344662	0.014660696615842062
DLBCL_MC_F815_BAT	0.00731399077173438	0.018482141991613795	0.9158877627069484	0.04586019365829764	0.012455910871405794
DLBCL10857	0.018324895016114767	0.008681453413326974	0.010207779797952564	0.039339063921449154	0.9234468078511565
DLBCL10959	0.9363639307388621	0.00961201884085699	0.006848837698703655	0.03819921293727556	0.008975999784301632
DLBCL10498	0.010162174184921923	0.008873588924853891	0.953574716871158	0.022854660651301963	0.004534859367764199
DLBCL_LS1098	0.004470746274797889	0.004039909894915605	0.9760854585969801	0.011731259591461336	0.003672625641844998
DLBCL10502	0.011123266492670335	0.9272044959790622	0.041072505858617804	0.01166306267720275	0.00893666899244691
DLBCL11516	0.019895295228339972	0.8855061861558348	0.03345771796954515	0.03102818038416665	0.030112620262113483
DLBCL10914	0.8716572968815255	0.03595954950173685	0.05357224085224225	0.02540770426335279	0.013403208501142622
DLBCL10879	0.004856600740706797	0.010283028216725795	0.952298832822385	0.018886287485151244	0.013675250735031147
DLBCL11428	0.0034960803176108434	0.004601545139599797	0.9824048700925715	0.00649677193779929	0.0030007325124185935
DLBCL_LS3245	0.0052081185870337336	0.9606203194908394	0.02057129205639803	0.006272580177472989	0.007327689688255923
DLBCL10890	0.004877767639993224	0.011427934928854713	0.005373588449860246	0.006751788038564717	0.9715689209427271
DLBC_FF_8046_TP_NB	0.03736116511087955	0.020195143707556165	0.8943655345392769	0.0242470849869349	0.02383107165535248
DLBCL11679	0.0409279639787332	0.9223575904468801	0.01640942860431026	0.010508727378921653	0.009796289591154748
DLBCL_DFCI_DLBCL_GOE16	0.0027349337772851813	0.0034184061868134915	0.9834593932738229	0.006789557214569397	0.003597709547509023
DLBCL11542	0.01186917978725022	0.041493038117943075	0.8980466502253356	0.040776452293243975	0.007814679576227125
DLBCL10853	0.004772140525932841	0.003623879654211668	0.002324722593445923	0.0035658053307119158	0.9857134518956977
DLBCL10983	0.011575298762801787	0.9550072525315432	0.009412488566174023	0.006747409345078482	0.017257550794402596
DLBCL10916	0.004282519772083262	0.014473430932714366	0.006582010363884913	0.008591710000025446	0.966070328931292
DLBCL11666	0.0034749186964403906	0.0053999312018682966	0.9805581568228764	0.007499396927243523	0.003067596351571368
DLBCL10490	0.9403256272934027	0.011410112795636808	0.005937798400727157	0.02552404319863979	0.016802418311593525
DLBCL11662	0.9376859351879511	0.006193521271024432	0.006845023238873102	0.027523642216703368	0.021751878085447977
DLBCL_RICOVER_1106	0.003520005061902368	0.012289104912769865	0.007070465440146363	0.010778809213204026	0.9663416153719774
DLBCL10887	0.003308596192715939	0.005467510779700858	0.008354343920202525	0.00791122107943885	0.9749583280279418
DLBCL10950	0.9566062351924683	0.005681162500878913	0.010216400833704987	0.020474756142498825	0.007021445330448889
DLBCL_RICOVER_134	0.0022969586564843183	0.005416033671051428	0.0023003615261719184	0.003944489137271575	0.9860421570090208
DLBCL11450	0.0030148640362274203	0.0044180042818324425	0.002610994551994082	0.0053146461263658875	0.9846414910035801
DLBCL_LS3809	0.923495411739634	0.013781547288813664	0.017386992211531435	0.017129164004568716	0.02820688475545216
DLBCL_RICOVER_712	0.0025988891481476912	0.006292311294140063	0.003126772407791025	0.005917224395479122	0.9820648027544421
DLBCL10471	0.0018564429852210248	0.002206046228006102	0.0011385264772029058	0.0016405571851211586	0.9931584271244488
DLBCL11429	0.949930810872528	0.003998883111031261	0.006819730887024285	0.024179851333391216	0.015070723796025295
DLBCL10876	0.002759326414042745	0.007841761526053164	0.0034984367652880623	0.0047366138290855985	0.9811638614655305
DLBCL10462	0.9669540563430346	0.002875826217246623	0.00721238847554368	0.01620200138574632	0.006755727578428869
DLBCL11434	0.9865897927954413	0.002386373447074392	0.002423163040985561	0.006934707568210946	0.0016659631482877709
DLBCL10836	0.010393986334274404	0.004860860179350097	0.00943784139248656	0.015407438662251612	0.9598998734316373
DLBCL_RICOVER_948	0.0031109969569513523	0.9833657028835344	0.007385475731169141	0.0017608042437785157	0.0043770201845665805
DLBCL_RICOVER_449	0.001732408284818265	0.0019564912320884915	0.0016844319082455895	0.0026773271287578817	0.9919493414460898
DLBCL10883	0.004262933255644258	0.002988968696569238	0.0032446109463846857	0.004224592340182512	0.9852788947612193
DLBCL10975	0.9716101170017105	0.002937101164071308	0.0034094500085746176	0.015429976436699728	0.006613355388943784
DLBCL10515	0.9809695098641058	0.0027498807943719355	0.002656472681144107	0.010220967185633216	0.003403169474744953
DLBCL10924	0.0019616964068519802	0.002248180121324127	0.001872203821866304	0.004365293501922525	0.9895526261480351
DLBCL_RICOVER_1293	0.00278040506991516	0.002461365450301927	0.0015838397152897997	0.002807488603250307	0.9903669011612428
DLBCL_C_D_1125_NULLPAIR	0.0008600870842859937	0.0018063685887678637	0.001001397305555586	0.001565261609512963	0.9947668854118776
DLBCL10842	0.0011864497187836832	0.0016639903796935506	0.0016208030458829206	0.0025598102850203715	0.9929689465706195
DLBCL11498	0.012624014434619557	0.9692711614562125	0.007345558633213648	0.00438735211110959	0.006371913364844655
DLBCL11482	0.9913351844166894	0.0010423209982144163	0.001606838834252279	0.004319156348756782	0.0016964994020870355
DLBCL11191	0.9879965023106992	0.001867407777127845	0.001988973759354737	0.006012144732278543	0.0021349714205396286
DLBCL10913	0.992314254324579	0.0011808315699763016	0.001249275401129555	0.0037033000106936314	0.0015523386936215644
DLBCL11537	0.9791019587431009	0.0021329823973431136	0.003564140371440431	0.008243586883868156	0.006957331604247342
DLBCL11539	0.9834710539435586	0.0017779036425864423	0.0032518079767217987	0.0091433159086012	0.002355918528531939
DLBCL11565	0.003910540236488545	0.9792287658617884	0.006122460621939113	0.005045328245968138	0.00569290503381579
DLBCL_LS3749	0.0034746873961946077	0.98030606678639	0.007354998422974244	0.004988770547248981	0.0038754768471921555
DLBCL10917	0.005048578109493098	0.9819065203544665	0.005098763014051122	0.002812332845959688	0.0051338056760295795
DLBCL10989	0.004375654108567011	0.9817499433540867	0.005539516103848185	0.0027010607735537743	0.005633825659944368
DLBCL10850	0.0017332199220274273	0.9925252548895566	0.002549468889391381	0.00112710827166904	0.002064948027355579
DLBCL_MC_F729_MAN	0.002085994377733015	0.9912955445348371	0.002630978069732025	0.0012212511979670113	0.002766231819730841
DLBCL10988	0.001108158895457094	0.9941088676366254	0.0020762280993501616	0.0012905630060301946	0.0014161823625371145
DLBCL_MC_F927_JHS	0.09717645175608715	0.25468860114491015	0.12613596273872438	0.07562379308106093	0.4463751912792175
DLBCL10856	0.07093410095739328	0.10955756381559485	0.1675314565165509	0.04449030665382123	0.6074865720566397
DLBCL_C_D_1117_NULLPAIR	0.39179134043704744	0.2299323733080549	0.028231804601058546	0.32611687941732803	0.023927602236511025
DLBCL11446	0.2636414926918086	0.4544007378240812	0.0595227306329674	0.16582259851528003	0.056612440335862844
DLBCL11466	0.1309889977295209	0.3310122146037438	0.07901414513884407	0.37342482631624285	0.08555981621164832
DLBCL_C_D_1153_NULLPAIR	0.09079542364655716	0.07449201704751629	0.027139368909806443	0.6099713392675696	0.19760185112855053
DLBCL_RICOVER_1204	0.01998962555592123	0.047073454610223116	0.14054676696774399	0.4279369437879189	0.3644532090781927
DLBCL10549	0.03298585125786741	0.6618433063076528	0.25927593491111306	0.02838039198972201	0.017514515533644817
DLBCL10486	0.4478949154939326	0.13466339597809937	0.018944703190218026	0.11213037342893754	0.28636661190881246
DLBCL_RICOVER_522	0.08878311196941586	0.05260758560441475	0.34989897249273383	0.4946552243733493	0.014055105560086255
DLBCL10985	0.06694106268334475	0.6222515380412723	0.03387544903955911	0.23269936429485522	0.04423258594096867
DLBCL10513	0.35433480189294986	0.05437836501162795	0.06897108066227925	0.5059833198702693	0.016332432562873526
DLBCL_MC_F362_MJB1	0.012894564232315194	0.24495446935328788	0.6198589263609946	0.02389114657242748	0.09840089348097482
DLBCL10947	0.07415865629967046	0.7889414088011878	0.011728638391088675	0.013742277819021844	0.1114290186890312
DLBCL10451	0.649511242068746	0.03621135560268919	0.261508339907775	0.04104855687833829	0.011720505542451425
DLBCL10843	0.703240709030967	0.01563723739565685	0.03115566797090851	0.2221880222031245	0.027778363399343135
DLBCL10454	0.25635832414578574	0.5108066375942935	0.048564170756117554	0.01762819667157253	0.16664267083223078
DLBCL_RICOVER_258	0.33490186395272786	0.013748176129419977	0.22799651177999	0.13592569655292303	0.28742775158493916
DLBCL10908	0.054885477428891535	0.10965957109082494	0.56992152198728	0.050158969307835616	0.2153744601851679
DLBCL11657	0.0727541759716112	0.051873426282456774	0.2786553901781043	0.561819434976812	0.034897572591015724
DLBCL10548	0.5295229931246602	0.2846985258921185	0.025047911169077466	0.1304195513642294	0.03031101844991435
DLBCL11478	0.7150785271495458	0.03285510739856964	0.19133000461032934	0.050137693571276946	0.010598667270278247
DLBCL_C_D_1140_NULLPAIR	0.07202337697395203	0.04384295615243712	0.0947666730299444	0.11885286041912839	0.6705141334245381
DLBCL_RICOVER_111	0.11590455594545064	0.06130567379850523	0.489460342712413	0.0874099007583711	0.24591952678526008
DLBCL_RICOVER_216	0.05359486899266706	0.12218822233213736	0.04775319366110315	0.034656140238768715	0.7418075747753238
DLBCL11663	0.6773613234600077	0.06701468022562902	0.09790906471428722	0.10952873518877128	0.04818619641130481
DLBCL10868	0.07050346483174486	0.014264363753921965	0.029008928487124587	0.7090810631213796	0.17714217980582891
DLBCL10517	0.00979537592619732	0.7382669200634656	0.18256767353068298	0.036138097164992	0.033231933314662065
DLBCL10994	0.5709919267022664	0.12674772273408036	0.02995759202832905	0.056620165512414285	0.21568259302290987
DLBCL_LS1304	0.017800620731517194	0.05009984279362348	0.7756558556483273	0.029078940680799796	0.12736474014573226
DLBCL10553	0.028352862816128626	0.03917701439528425	0.1228650406882498	0.7693317116688577	0.04027337043147958
DLBCL10909	0.037957285509560415	0.020211081386551172	0.05775334290742475	0.7315471127190472	0.15253117747741657
DLBC_FF_A7CX_TP_NB	0.18024096478829077	0.04128982519849412	0.08719020311220782	0.08620386987268276	0.6050751370283245
DLBCL_RICOVER_274	0.033651139568552736	0.05386476499812903	0.03796851696609541	0.8211423376172332	0.05337324084998961
DLBCL_LS3499	0.09093363442963893	0.08228288094811337	0.07010032697146061	0.7213776870249383	0.03530547062584875
DLBCL10968	0.6193129853154224	0.010942469279354652	0.02120861939793689	0.2746660176743755	0.07386990833291059
DLBCL11510	0.7641618460882408	0.07706197455359899	0.033855915210520074	0.05049406728394393	0.07442619686369628
DLBCL10485	0.03898784658692932	0.2152065413710755	0.016031465310631304	0.017551630967236245	0.7122225157641277
DLBCL10962	0.021588200130919014	0.8515230294923066	0.05882740916360452	0.008796385644421617	0.05926497556874826
DLBCL_LS4054	0.028058771698714964	0.8697145163208553	0.0221958462643187	0.04201034920348064	0.03802051651263037
DLBCL11501	0.7617361922907966	0.13641905109871388	0.026361103017840077	0.029455960011496394	0.046027693581153065
DLBCL10552	0.22969815792107165	0.019528570279771253	0.07229731120625903	0.6617793538228142	0.01669660677008388
DLBCL_RICOVER_583	0.012981184980476871	0.7710428563294425	0.045814221622231935	0.012843165206119354	0.1573185718617294
DLBCL11507	0.02479747632390143	0.8850111512881939	0.06388012841626806	0.013859039938246304	0.012452204033390342
DLBCL11208	0.017676315826193528	0.8457095780805162	0.06396325185284414	0.02621006038336522	0.04644079385708095
DLBCL11449	0.04287016342467001	0.7015405322215322	0.029479164879838544	0.01837965733999714	0.20773048213396206
DLBCL11202	0.20326511109747317	0.09247058203165841	0.6260413516340616	0.06740151134594517	0.010821443890861647
DLBCL10846	0.07644664417564655	0.8473557150402621	0.021276740887454286	0.02803099883397668	0.026889901062660346
DLBCL_RICOVER_1046	0.010393688351300463	0.7726545228998607	0.1628359097357921	0.013706840804670122	0.04040903820837667
DLBCL11481	0.937982461542653	0.007218879790720141	0.024398406861788735	0.018810512950654036	0.011589738854184083
DLBCL10542	0.8830271959860351	0.006473206404827437	0.023997463563783177	0.03014383840384283	0.05635829564151147
DLBCL10881	0.03236626881014976	0.009898446475800817	0.012807987724062343	0.052150821817737954	0.8927764751722491
DLBC_FF_A7CR_TP_NB	0.024587754469777224	0.006768996421623648	0.014089499724806102	0.03472558629975511	0.9198281630840379
DLBCL10521	0.015210156142243294	0.07450721757873752	0.008280618298154874	0.011566300341183607	0.8904357076396807
DLBCL_C_D_1151_NULLPAIR	0.04283190425808487	0.011428858504398504	0.03046258712377899	0.8976805222496345	0.017596127864103223
DLBCL11437	0.04224903124924239	0.008721784175828012	0.037149802912691904	0.87224996587602	0.039629415786217745
DLBCL_RICOVER_335	0.012663515638047901	0.9458868287874947	0.011413799871816167	0.02049523858105571	0.009540617121585453
DLBCL10895	0.009739051625809849	0.03797622544251839	0.014318871989773779	0.009756821307233163	0.9282090296346648
DLBCL11460	0.03588533128468814	0.010503988176441109	0.027371766730844554	0.9040515114242482	0.022187402383777997
DLBCL10939	0.034388521600776156	0.009471272027840823	0.02836567439791335	0.8998873519614558	0.027887180012013894
DLBCL11196	0.029172471401243457	0.007258682128902458	0.028020804285271973	0.9128716249582417	0.022676417226340374
DLBCL11459	0.02868888170225099	0.008650053710703515	0.026056143407736213	0.9179978856029463	0.018607035576363035
DLBC_FF_8042_TP_NB	0.007796671431386176	0.05828986686050974	0.041855711984727255	0.020711507069358932	0.8713462426540179
DLBCL10472	0.05213775544472169	0.015089511442944547	0.750349644222734	0.1609938642278387	0.021429224661761056
DLBCL11479	0.015611176270358722	0.875655371741192	0.07274742330904534	0.013038233558190912	0.022947795121213088
DLBCL_MC_F064AB	0.015687800243082837	0.01237325011313059	0.8869918663311207	0.06984400341575825	0.015103079896907678
DLBCL10565	0.04297461091825981	0.020777043597339614	0.8512924168319784	0.06943397691756142	0.015521951734860694
DLBCL_RICOVER_866	0.027890306036231053	0.017668381193185912	0.696680782898645	0.23769452656444517	0.020066003307492867
DLBCL_RICOVER_826	0.9391370170689395	0.006486819359055727	0.006566984770576611	0.036125522175185304	0.01168365662624289
DFCIDL009_DT	0.011569225122526098	0.05220570804003833	0.9095414591914824	0.01777423952053289	0.008909368125420201
DLBCL_RICOVER_173	0.010982642518305104	0.00957302334505197	0.015724502191535927	0.04960518385655197	0.914114648088555
DLBCL10878	0.012474860427310573	0.008645774652408296	0.007666182123669207	0.013057485483978386	0.9581556973126335
DLBCL_RICOVER_288	0.017491989347489276	0.9608796574756074	0.00823978238934164	0.006903337955771016	0.006485232831790652
DLBCL_LS951	0.9119624337987859	0.02549684409355077	0.01483001219831798	0.03991698592568659	0.0077937239836586925
DLBCL10519	0.0056512662606057595	0.9706626076450889	0.012430552418501021	0.006697477492203927	0.00455809618360032
DLBCL_RICOVER_829	0.9569325953813473	0.009136665607123213	0.003925976782112957	0.0198477056818862	0.010157056547530277
DLBCL_RICOVER_678	0.013078752078978783	0.9515088810709109	0.007120869806737507	0.00641394305480052	0.021877553988572322
DLBCL11685	0.005499809127645783	0.00721835932579837	0.9558920777942754	0.015308746236663442	0.016081007515616988
DLBCL_C_D_1129_NULLPAIR	0.9592206021139239	0.005786219481605026	0.01291134475171169	0.011377650810589255	0.010704182842170156
DLBCL10925	0.01319687658845151	0.02453002405243622	0.011684626235096862	0.045050812539592464	0.905537660584423
DLBCL10900	0.0069452440097551105	0.004581219908604726	0.0034825003150482986	0.007714387528259992	0.9772766482383318
DLBCL10964	0.01160382487089033	0.029315694116159405	0.01298557567987198	0.05628710450703801	0.8898078008260403
DLBCL11476	0.013738405262702636	0.018063503798977316	0.005402547144769383	0.007483131321852497	0.9553124124716982
DLBCL11591	0.013996576242711523	0.8196890173992755	0.13444042802353037	0.011844143056665948	0.02002983527781676
DLBCL11651	0.010273769042821115	0.009915669555180319	0.9291653857516892	0.030362188185752682	0.02028298746455673
DLBCL_RICOVER_174	0.002836262678015704	0.9905310458723288	0.002987371015133189	0.001532760122645184	0.0021125603118772093
DLBCL11004	0.007171882297610392	0.009521751293725726	0.009852460569061632	0.03377609590011978	0.9396778099394825
DLBCL10522	0.011899374135215057	0.007411744831929445	0.9527995807786714	0.014687303931468132	0.013201996322715966
DLBCL11677	0.9772448851708619	0.0031445784387447275	0.006072414176831809	0.01061441430843012	0.0029237079051314054
DLBCL11500	0.004445073590620258	0.004358524375969867	0.006187711119286294	0.008695135121219055	0.9763135557929046
DLBCL_RICOVER_440	0.010152779208053632	0.9090980659553488	0.059011796942161056	0.006898848595170552	0.01483850929926598
DLBCL11672	0.00731585464083743	0.00782145499044219	0.9410987595413642	0.029929106444745716	0.013834824382610383
DLBCL_RICOVER_1219	0.0017456132947693149	0.003103093798922554	0.002280453924900356	0.004614114009900222	0.9882567249715075
DLBCL10977	0.0015264780400814453	0.0021413393831299565	0.0025851164140879616	0.002810732076454697	0.9909363340862459
DLBCL_C_D_1133_NULLPAIR	0.0047535070523679595	0.009526742068168297	0.9720272470840705	0.007611602108654293	0.006080901686738948
DLBCL_MC_F089_HCZ	0.0029405295622485454	0.9769041569903892	0.009649643129844461	0.00522859813606686	0.005277072181450899
DLBCL11569	0.004231327279010913	0.008308417401916438	0.9759208342422581	0.008342411763921337	0.0031970093128932636
DLBCL10860	0.0026751886442271584	0.004565258119897617	0.005087461106207027	0.005780547315401384	0.9818915448142668
DLBCL_MC_F519_ALT	0.0009066187864458814	0.0014814259816887056	0.0007678295608694872	0.001185017825639687	0.9956591078453563
DLBCL10996	0.9903519149622957	0.0010512530574577155	0.0023728389105840924	0.004159239571837087	0.0020647534978254045
DLBCL_RICOVER_1192	0.0021379060952056717	0.0035626669703280054	0.002144968288882144	0.002220771616638106	0.989933687028946
DLBCL11470	0.9736401287517007	0.0024949460082745803	0.005314152647285243	0.014319410547424312	0.004231362045315144
DLBCL_C_D_1157_NULLPAIR	0.008482607588874756	0.005885924951754249	0.9640442715766143	0.01561456571905593	0.005972630163700713
DLBCL_LS1065	0.0027410036119133317	0.9895807119476266	0.0031067207909985664	0.0016735332039331309	0.002898030445528326
DLBCL_C_D_1135_NULLPAIR	0.0037307187379456504	0.9870521372845822	0.003766579619205223	0.00260906549128855	0.00284149886697841
DLBCL_LS146	0.001990815303231964	0.9900991534247184	0.0036638132626192555	0.0014919744637488714	0.0027542435456814856
DLBCL10884	0.9865801679464732	0.0017118506412032908	0.0025380300678374173	0.0071713357713280215	0.001998615573158117
DLBCL_MC_F132_MLM	0.9842263967419876	0.0020518884642641766	0.0019784905677430933	0.008496460251963829	0.0032467639740412584
DLBCL10897	0.9912491256895917	0.0016061912839083303	0.001296568861257153	0.00403820701275703	0.0018099071524858687
DLBCL10458	0.9936461287738281	0.0011065831285614184	0.0010862090524283246	0.0031324387138859855	0.0010286403312961476
DLBCL11432	0.5512649513714898	0.008810619431678985	0.18177985019626972	0.21379858405011395	0.04434599495044754
DLBCL11430	0.6022840907087549	0.014621367753746038	0.10566977109993217	0.25704631230130676	0.020378458136260182
DLBCL_C_D_1138_NULLPAIR	0.01874306378905135	0.22552003217059308	0.6379684580802228	0.06520882282716188	0.0525596231329708
DLBCL11448	0.0380525959486645	0.050583008622458646	0.14238204669030585	0.23558691541070986	0.5333954333278612
DLBCL11678	0.1046129455073336	0.027854731446251214	0.3515546703635927	0.4940518433376444	0.02192580934517799
DLBCL10867	0.032066056600259595	0.6292777417405525	0.02138931535526852	0.02280544662715124	0.29446143967676813
DLBCL_C_D_1159_NULLPAIR	0.2714386618235233	0.016111038641168324	0.035371022451012805	0.6510922540814316	0.02598702300286406
DLBCL10955	0.21109794146153615	0.060770579025147146	0.0896529314650663	0.22195857239368239	0.4165199756545681
DLBCL11488	0.5300655127122937	0.01166250649808429	0.026304896423334816	0.13393601985612869	0.2980310645101585
DLBCL10874	0.028224226340820408	0.7616300311659645	0.028065022732471193	0.04303048676808407	0.13905023299265987
DLBCL11574	0.09672422401036194	0.15869045702627013	0.5565012422663593	0.10428151786945565	0.08380255882755293
DLBCL_RICOVER_711	0.2390159365331208	0.3027725034766441	0.0418544243831671	0.3931578344980893	0.023199301108978724
DLBCL_RICOVER_1269	0.012532896769980172	0.24117503026802803	0.6671532811238038	0.04170799072317748	0.037430801115010535
DLBCL10921	0.02077337506231119	0.6605848279935033	0.02333964729050684	0.01521303912375416	0.28008911052992447
DLBCL_C_D_1106_NULLPAIR	0.08603480994471026	0.8519245871446083	0.018372369839405177	0.024708410403116148	0.018959822668160136
