	0	1	2	3	4
DLBCL_MC_F500_ECU	0.1976646087517412	0.2533096856460664	0.14483157188986945	0.2321155521522762	0.1720785815600468
DLBCL_MAYO_DLBCL_3653	0.13220871237884693	0.313633929806782	0.17189982006780388	0.09737385341393286	0.28488368433263433
DLBCL11431	0.13929332270395275	0.31364937310720115	0.1779712954279687	0.10123376601951165	0.26785224274136576
DLBCL_C_D_PAIR13	0.1446463510983519	0.30637651845103264	0.17659397718359393	0.10286466186008028	0.2695184914069411
DLBCL11652	0.22371384186512822	0.49511849128566915	0.10628378516668041	0.05028655755358231	0.12459732412893985
DLBCL10914	0.45111226206063293	0.1619957511852595	0.10492060911410891	0.09601698213031672	0.18595439550968199
DLBCL10536	0.4891213215962114	0.14952734342898968	0.08611511145141461	0.0971020275946677	0.17813419592871657
DLBCL10986	0.389886517907954	0.03994564813684083	0.169145591501938	0.3050634875394085	0.09595875491385875
DLBCL_RICOVER_985	0.03963356463525056	0.06807470978265152	0.23934327103134972	0.37786058704726816	0.2750878675034801
DLBCL10878	0.43041268589165327	0.08275501371705138	0.06334883082011186	0.1081490382144233	0.31533443135676015
DLBCL_RICOVER_111	0.03356959094949131	0.1594654073358186	0.4221411217549912	0.06951462352043478	0.31530925643926405
DLBCL_RICOVER_478	0.13538868283691138	0.42830449382420177	0.05603732044594097	0.03756765170365967	0.34270185118928626
DLBCL_LS951	0.6288894702376575	0.17667796251949044	0.049335291944782186	0.07495594916184459	0.0701413261362253
DLBCL10894	0.3157074918781392	0.5036242894920355	0.02686647666207736	0.12175151472184297	0.0320502272459049
DLBCL_C_D_1148_NULLPAIR	0.38197209344350197	0.03162298276795601	0.3067801532443956	0.2559037520262724	0.02372101851787416
DLBCL_BWH_DLBCL64	0.14311615239042752	0.5639717733634787	0.059236308238887814	0.2094201917386769	0.024255574268529086
DLBCL_RICOVER_711	0.29702828363307354	0.17810852446675712	0.037472380557203935	0.4497730950899863	0.037617716252979196
DLBCL_RICOVER_950	0.08938741111319176	0.03478416431198504	0.25973568010762843	0.5850875924028146	0.031005152064380145
DLBCL10915	0.025036650045715574	0.399831976519995	0.05678458381343092	0.04204523365494116	0.4763015559659173
DLBCL_RICOVER_1045	0.25450916474302376	0.04436644030440806	0.10927682008940813	0.5556225014440714	0.03622507341908857
DLBCL_RICOVER_440	0.018276844918376195	0.5781286020016375	0.35145672113378096	0.027156219999532376	0.024981611946672908
DLBCL10466	0.014952226979157652	0.6263381857443492	0.2334412092553811	0.09359325801954686	0.03167512000156519
DLBCL11481	0.2758170620024906	0.06458583248928103	0.4967810490839031	0.11899746555159313	0.043818590872732044
DLBCL10868	0.11892474731390376	0.040062414627729026	0.028685646441402823	0.6702938130624796	0.14203337855448478
DLBCL10456	0.10046543025747029	0.02851007634727039	0.10969490001542934	0.6980504755623388	0.06327911781749121
DLBCL10945	0.6986225505187362	0.049052603856650806	0.01569670242164495	0.035628985307654404	0.20099915789531356
DLBCL10981	0.06998265613266232	0.17008345832397842	0.0454081496241589	0.553934589292314	0.16059114662688645
DLBCL11476	0.08191648004029657	0.09523875122755565	0.058735885527933164	0.14324826310230276	0.6208606201019119
DLBCL10547	0.1606866625860535	0.15407470467981574	0.09137878730778322	0.5620745756550038	0.03178526977134376
DLBCL_RICOVER_787	0.08649334576212277	0.13755213934527816	0.5755794962312099	0.17832321077373198	0.022051807887657284
DLBCL11491	0.12309520526458478	0.05286946908524514	0.08476015591325332	0.6534608292059083	0.0858143405310084
DLBCL_LS1921	0.03511591325241623	0.2383946221657177	0.4182346182298122	0.2807400188791986	0.027514827472855215
DLBCL10513	0.1507673256847657	0.09181686490761318	0.045427172254464715	0.6802396830129088	0.03174895414024758
DLBCL11662	0.5088694153071409	0.09233779715962337	0.028061886218879922	0.2971630143395704	0.07356788697478556
DLBCL_LS1395	0.031331566338523804	0.5165705812496225	0.3915712601049099	0.03460978309599669	0.025916809210947165
DLBCL10833	0.21502467771027742	0.045578651497214115	0.011983710586375039	0.07529236597228378	0.6521205942338497
DLBCL10494	0.03927265788454425	0.7312609620332439	0.06935940438324255	0.10912812363976393	0.05097885205920539
DLBCL10846	0.6434704235965941	0.1714290502433063	0.025529448850938875	0.11729065369798151	0.042280423611179244
DLBCL11479	0.08618178212572705	0.07401454224316997	0.6929167850145731	0.08581170220090369	0.061075188415626126
DLBCL11534	0.09563282953951396	0.08538477611601282	0.6676551019735758	0.08449299505525852	0.06683429731563882
DLBCL11462	0.7243964790770246	0.026857563792143838	0.08411444189967343	0.06617240976524408	0.09845910546591398
DLBCL_LS1304	0.025823743898703507	0.08439703282182681	0.7608879620060632	0.03141111508046381	0.0974801461929426
DLBCL10983	0.02634005364153025	0.8281937207177376	0.016284690276806513	0.023609809690679266	0.10557172567324644
DLBCL10510	0.050673493665940525	0.7784383544511921	0.032518913274816534	0.02564339732734078	0.11272584128071002
DLBCL10544	0.04995733779589655	0.04135228717293143	0.043390311999290145	0.7817183363079843	0.08358172672389762
DLBCL_RICOVER_1046	0.013133301556266186	0.7812538197738005	0.1432056839950868	0.019105641873586723	0.04330155280125976
DLBCL10491	0.07212193401267249	0.08361492347735305	0.06061458335577819	0.7564985616423981	0.02714999751179815
DLBCL_RICOVER_1287	0.05669193376839879	0.0705441862426196	0.05328251760999553	0.05027694813690959	0.7692044142420765
DLBCL_LS1065	0.021410438263324394	0.797016399215083	0.04872056854979842	0.02387318831685113	0.10897940565494303
DLBCL11564	0.0793096676718959	0.02755227517932572	0.03084691494459801	0.8194309186515606	0.04286022355261981
DLBCL11520	0.8171866204841496	0.0230457188134834	0.011259362685334742	0.04230756408242356	0.1062007339346087
DLBCL_MC_F729_MAN	0.05424438063356371	0.8020731189010778	0.048056958486822246	0.056740610822546396	0.038884931155989864
DLBCL10529	0.03718129659665522	0.05936907004364002	0.024466268116398494	0.10285157344185124	0.7761317918014551
DLBCL11507	0.16034176954377152	0.7210701673189752	0.06317087881988974	0.03172867748896823	0.023688506828395267
DLBCL_MC_F089_HCZ	0.013391427198756852	0.8396954978453872	0.08575547994899271	0.016494990013992756	0.0446626049928705
DLBC_FF_8046_TP_NB	0.05255502377094318	0.048369144620021697	0.829082447412812	0.04103821720896558	0.028955166987257582
DLBCL10867	0.024559648371426258	0.1544374302282003	0.016114401631057464	0.01590058620947022	0.7889879335598458
DLBCL11459	0.07207296227430643	0.03647345243220712	0.03784434156071824	0.8237337254607318	0.029875518272036456
DLBCL11537	0.8391329387815716	0.0195093006751977	0.018188874434248395	0.029910445147081195	0.0932584409619011
DLBCL10521	0.046764343955065756	0.0840007799291636	0.017371534610688796	0.016608059530548017	0.8352552819745338
DLBCL10950	0.8134910151978202	0.03128902928572204	0.0379837005869913	0.09860769765716126	0.018628557272305193
DLBCL_C_D_1159_NULLPAIR	0.7855809022550688	0.02848075301260028	0.014680139555995788	0.13536153978067872	0.035896665395656314
DLBCL10835	0.01925072224226756	0.14980202386134736	0.020136432717493512	0.07793436816964548	0.7328764530092461
DLBCL10461	0.009738883869864354	0.9066663419942373	0.022034079445500176	0.009559316306615146	0.052001378383783034
DLBC_FF_A7CQ_TP_NB	0.08559366072791814	0.020561852003539067	0.014805041900579774	0.08441317991311494	0.794626265454848
DLBCL11565	0.009439411251533634	0.9002254924781461	0.022695730890323566	0.012169622175988383	0.05546974320400833
DLBCL11203	0.012573463520963328	0.9086474846137041	0.01800003155079528	0.03971647743478696	0.021062542879750318
DLBCL10858	0.05133170890081734	0.01762357281852998	0.02119500588111074	0.13404372510886556	0.7758059872906764
DLBCL_C_D_1108_NULLPAIR	0.01144067499340453	0.9143569133627109	0.02002281061688831	0.012654281530451913	0.041525319496544415
DLBCL10891	0.024259563327407304	0.018490260931490556	0.05080590098852953	0.03707798887646942	0.8693662858761032
DLBCL10997	0.8929925597147624	0.015056231452831763	0.012162081743156496	0.05595949264738367	0.02382963444186569
DLBCL10879	0.045934510812222815	0.028165711893269878	0.785802683428308	0.08383746894171623	0.056259624924483075
DLBCL_RICOVER_417	0.013242893147608271	0.12181670233324264	0.01545619510041105	0.024527173780545482	0.8249570356381926
DLBCL_C_D_1136_NULLPAIR	0.005944068858358906	0.9584571480720411	0.009429960884748548	0.01067915274284543	0.015489669442006
DLBCL10847	0.048841014908585646	0.03190812068318261	0.01827413760142068	0.01909463918231483	0.8818820876244963
DLBCL_LS3749	0.010682596744179412	0.9170148484770326	0.02331725959153122	0.03204149766459997	0.016943797522656755
DLBCL_RICOVER_829	0.8627394439140926	0.0381481614776393	0.009343304166838946	0.04902201308663013	0.04074707735479897
DFCIDL004_DT	0.040220927050700704	0.016049073964821418	0.011852400048406781	0.04803139263461714	0.8838462063014539
DLBCL10515	0.8717579682383856	0.02840976755187482	0.012556974128149809	0.060009609493363134	0.027265680588226628
DLBCL_MC_F815_BAT	0.0117625533793779	0.03258121239029196	0.8808699426862382	0.05782939041723762	0.016956901126854326
DLBCL11661	0.013158623539655613	0.9288609065398906	0.020700577319263617	0.022847475948436488	0.014432416652753667
DLBCL_C_D_1130_NULLPAIR	0.8954356236249815	0.027566328180492924	0.009949579415287691	0.042605822271179164	0.024442646508058656
DLBCL11429	0.9116358593649333	0.014883022965567943	0.00857427753451917	0.035448124517524014	0.029458715617455618
DLBCL_C_D_1114_NULLPAIR	0.8931255792906408	0.018442533727551887	0.010416047767310376	0.04400889126058572	0.03400694795391115
DLBCL10555	0.017760614733787053	0.0897894984152342	0.8531161103901211	0.028020703804023488	0.011313072656834166
DLBCL11558	0.016500177882150042	0.04499864956679204	0.8955158732510876	0.03496846693706721	0.008016832362903136
DLBCL11428	0.020622038869910018	0.030681500873944775	0.8864125068946166	0.04907284219513781	0.013211111166390819
DLBCL10874	0.01639879069679007	0.9383346130660254	0.014167753335890515	0.01587965880021443	0.015219184101079607
DLBCL_MC_F606_DMJ	0.010575333391844195	0.030896406168511983	0.9294443236712847	0.018044743472973187	0.01103919329538594
DLBCL_C_D_1129_NULLPAIR	0.9167002793411093	0.015345178712122477	0.0196385834438877	0.034022691215356816	0.01429326728752373
DLBCL_LS3200	0.018980311151720174	0.02024648417277762	0.014774436851255643	0.021401483121716698	0.9245972847025299
DLBCL10911	0.008148189079450776	0.9546628167351763	0.014653862533410425	0.00899916376414954	0.01353596788781298
DLBCL_LS297	0.013247000327294476	0.022888958120259175	0.9214940891194846	0.0345552442098847	0.007814708223077003
DLBCL10836	0.03722487403469299	0.011000107689652294	0.01587787022964426	0.0454731103673479	0.8904240376786625
DLBCL11680	0.015608898542571156	0.018549859240968754	0.9360576340554038	0.02243441355462915	0.007349194606427234
DLBCL_DFCI_DLBCL_GOE16	0.009732548564638241	0.021006984126812078	0.9384686472432454	0.02297663992151697	0.007815180143787334
DLBCL11672	0.010766140993539019	0.024359572005106345	0.9298288362196873	0.0252788526333028	0.00976659814836458
DLBCL_LS2325	0.010219512627537864	0.01584891742603958	0.9482260576644934	0.0198725557668175	0.005832956515111676
DLBCL11685	0.008963398127504367	0.013608693872935477	0.9544469522897603	0.015580371332969889	0.007400584376829923
DLBCL11461	0.9323392803389965	0.016753482194258894	0.009998676305995234	0.030172149739155617	0.010736411421593806
DLBCL11539	0.920619994043756	0.012085564326480574	0.011995935747461321	0.04494526893023491	0.010353236952067158
DLBCL10866	0.01848869025295399	0.015343246290787984	0.019252920560033065	0.04901153888807972	0.8979036040081453
DLBCL10912	0.9507028597393211	0.009267443363995502	0.006532180540766439	0.022725924319143963	0.010771592036772986
DLBCL_MC_F519_ALT	0.0076250407330877975	0.007776380663820409	0.005978183713074331	0.00897764082836803	0.9696427540616495
DLBCL10853	0.019056604482907642	0.007253631159234671	0.005042438458320691	0.010960954446616662	0.9576863714529203
DLBCL10900	0.024107616320853332	0.008480541945148199	0.00530463550049934	0.0166908894040451	0.945416316829454
DLBCL_RICOVER_449	0.004598889016015837	0.003083568065693799	0.0015309817941837763	0.0033485539335735073	0.9874380071905331
DLBCL10887	0.0019743392073284156	0.0022218722284423876	0.001329957971127659	0.002102586039841991	0.9923712445532595
DLBCL10550	0.0023328522303230465	0.0028253101883035916	0.0016571751192914022	0.0027309824042262075	0.9904536800578557
DLBCL10992	0.0024953754784938003	0.002265455133300519	0.001941426777307011	0.0024037362508435023	0.9908940063600552
DLBCL_C_D_1163_NULLPAIR	0.0	0.0	0.0	0.0	1.0
DLBCL_DFCI_DLBCL_GOE07	0.14452433320476185	0.26398839175815414	0.17936199674099296	0.100996388521473	0.31112888977461806
DLBCL_LS762	0.1397616064499461	0.2817217759254226	0.16886232718252667	0.0995034977207266	0.3101507927213781
DLBCL10452	0.13555445802250687	0.4189091999617442	0.059170668191185265	0.03857180752779378	0.3477938662967699
DLBCL10549	0.12515228087878602	0.27414319210360916	0.36165042957419796	0.20611840801334816	0.0329356894300588
DLBCL11671	0.5961201965101238	0.08115335291677098	0.08559981694084784	0.2092090074362317	0.02791762619602564
DLBCL10495	0.5534208699330742	0.3127264533470152	0.026031983823802243	0.07135551170414055	0.036465181191967795
DLBCL10935	0.37470641369234625	0.4586810599080974	0.03214789567166135	0.10797855137330767	0.02648607935458725
DLBCL11673	0.09336917720121105	0.3773834680964215	0.26593074571578174	0.23272341486361553	0.030593194122970103
DLBCL_RICOVER_945	0.200277770207477	0.4074959387911303	0.08106747831427555	0.28204706571476795	0.029111746972349473
DLBCL10564	0.039051819664955106	0.15819839183834367	0.1886989551389482	0.5456752430918065	0.06837559026594663
DLBCL_RICOVER_314	0.063228252685747	0.44556143152132477	0.36897153558676726	0.06177970286382196	0.06045907734233907
DLBCL10974	0.06499373641600946	0.07435568238003949	0.036828145780477384	0.33819265608377935	0.48562977933969426
DLBCL_LS3499	0.11858698600777519	0.46367206546720496	0.059103667194998495	0.3085241170352023	0.050113164294819205
DLBCL11576	0.1921580026405921	0.22463546767021933	0.4075789652209078	0.14279657000884038	0.03283099445944031
DLBCL10782	0.5067313405601784	0.2561003585595796	0.02496165601902024	0.17553351106370546	0.03667313379751623
DLBCL_C_D_1144_NULLPAIR	0.03269998437411805	0.352320169869162	0.04163102401229522	0.027367959368528542	0.5459808623758962
DLBCL11430	0.4807253780150948	0.044523458418334654	0.16069405184811647	0.29140033941603116	0.022656772302423044
DLBCL10895	0.04306895025940581	0.5565826881136302	0.05977235508849242	0.03230503284181456	0.30827097369665696
DLBCL_RICOVER_577	0.058089066917769425	0.29713292520405643	0.3334265805366248	0.21631090167870606	0.09504052566284313
DLBCL11590	0.15357994406003853	0.029965185137757207	0.3400746887095466	0.4283032549425637	0.04807692715009408
DLBCL10927	0.3120522826972583	0.11454866552044794	0.04113536899746378	0.5006945052982749	0.03156917748655504
DLBCL10910	0.0854540358962669	0.4940156196274522	0.042293062021265	0.2684523350508895	0.10978494740412635
DLBCL11437	0.35874181163071306	0.03357748448815783	0.04363105491783312	0.45157003950590624	0.11247960945738984
DLBCL_RICOVER_910	0.19879393966959602	0.17047026707199442	0.10041566242268471	0.42528523247213434	0.10503489836359056
DLBCL10994	0.1645873031453095	0.48334112707363824	0.03652291428181944	0.05930948914725608	0.2562391663519767
DLBCL10472	0.07573775618926851	0.06942575508716017	0.3650001901108868	0.4552676633149044	0.03456863529778027
DLBCL11478	0.3087417030287693	0.09033543650960525	0.46863692635174403	0.11710156839483356	0.015184365715047787
DLBCL_RICOVER_1278	0.16430626906685508	0.04463328393465808	0.03178506922904407	0.30390253767547365	0.45537284009396917
DLBCL_C_D_1117_NULLPAIR	0.1926832179547772	0.4716947639148168	0.038167555830021856	0.2589092876887078	0.038545174611676274
DLBCL10962	0.12101844082131678	0.1363109824639336	0.06968899494135085	0.05513521409693145	0.6178463676764674
DLBCL_RICOVER_978	0.592287523922564	0.03543616216126431	0.08042347944310758	0.26071180697998037	0.031141027493083746
DLBCL10921	0.018632558821502963	0.6738150137182111	0.032953908385864206	0.025468976892540504	0.24912954218188124
DLBCL10781	0.17713669914721822	0.1126722749210072	0.03811907826298656	0.5925386110545515	0.07953333661423648
DLBCL_DFCI_DLBCL_GOE05	0.021686014980297794	0.2160848515834252	0.027332156276348194	0.020925217146467796	0.7139717600134611
DLBCL10503	0.2016454256222017	0.14749498267608532	0.5178249702681756	0.0754681069228055	0.05756651451073177
DLBCL_C_D_1156_NULLPAIR	0.7190949307473175	0.08199671117080555	0.02767821742596125	0.1472265444666755	0.024003596189240275
DLBCL10936	0.05857195399403116	0.6581685153504109	0.10029529790889954	0.05288240118491726	0.13008183156174105
DLBCL11528	0.044264661637460685	0.7090610574805302	0.19274527975548547	0.03174613823072465	0.022182862895799044
DLBCL10565	0.03088300019215705	0.34590304359599966	0.49798111955063623	0.09705078185059489	0.028182054810612173
DLBCL10884	0.6837147460076372	0.036351474925865206	0.025832002338391474	0.223944012105356	0.03015776462275018
DLBCL11353	0.011803753995771235	0.17686201557947184	0.05295292622610655	0.016411353165981066	0.7419699510326693
DLBCL11658	0.09303202236153255	0.023214926075688185	0.06508424114069064	0.7279078968398212	0.09076091358226744
DLBCL_LS2245	0.16494531789746555	0.20683491614525507	0.5530139079949892	0.04994167236839155	0.025264185593898682
DLBCL10552	0.376537022947889	0.031671500850121756	0.06083009949896683	0.509021626868395	0.0219397498346275
DLBCL_RICOVER_533	0.0634849745424651	0.551596563320976	0.3092999323631484	0.04902779204482125	0.02659073772858926
DLBCL_RICOVER_467	0.01640516853173495	0.7868846436188757	0.026268831315716914	0.016658447929485006	0.15378290860418742
DLBCL10862	0.04685828671724445	0.16747085518375876	0.07207191066881434	0.033239498738919446	0.6803594486912631
DLBCL11202	0.24452695415194864	0.09187187169759468	0.4393098211754456	0.20579262723017072	0.01849872574484041
DLBC_FF_8042_TP_NB	0.03082661453222607	0.09364136215068918	0.7416947270687682	0.09124085631690262	0.04259643993141399
DLBCL_RICOVER_274	0.06982333092928641	0.18418271804756584	0.030652239835135212	0.5908258999100048	0.12451581127800777
DLBCL_C_D_1118_NULLPAIR	0.22051572801133862	0.46567478171519633	0.023117987372156323	0.16082194664183247	0.12986955625947635
DLBCL10909	0.10142343463566922	0.05538358627771788	0.03529476298395549	0.2090691301308399	0.5988290859718175
DLBCL11488	0.7127039996172282	0.030414524549692352	0.013612098297341934	0.08725302089309402	0.1560163566426435
DLBCL11436	0.04044652700628636	0.6537072171316824	0.11831806954907491	0.05837603223579827	0.129152154077158
DLBCL_RICOVER_221	0.06669324597392258	0.043194788292109404	0.032271374835562805	0.14398834024295934	0.7138522506554459
DLBCL11515	0.029910393097083467	0.044084092310898826	0.15647230986281827	0.04728492505252404	0.7222482796766754
DLBCL_LS4616	0.02108732327060031	0.30539723080404524	0.6162618060213598	0.0288580872070014	0.02839555269699318
DLBCL11536	0.11273325680530114	0.08119222926684512	0.036413699102533864	0.7323131890644986	0.03734762576082132
DLBCL_RICOVER_408	0.01731140616537775	0.7149132032582373	0.19420433143977806	0.035725741304033	0.03784531783257392
DLBCL10512	0.023752410522003123	0.7720215883669441	0.10779066263906473	0.0260624017553289	0.07037293671665909
DLBCL10856	0.04016975548773076	0.5365856966736081	0.06019419877582299	0.035096278734559436	0.32795407032827867
DLBCL11456	0.040308364651898416	0.7730847410526446	0.04611139450967757	0.08982435454562404	0.05067114524015537
DLBCL_RICOVER_1018	0.06757442044818977	0.09233785564778425	0.038857731744039906	0.7608487983942812	0.040381193765704836
DLBCL_LS3245	0.010611211547576384	0.7461354769403276	0.17380209241603894	0.04571601846403955	0.02373520063201753
DLBCL10517	0.015051648223401291	0.759592454933144	0.15257594462681595	0.021593109951835866	0.0511868422648029
DLBCL_LS2208	0.055231936368726885	0.0772242084067421	0.053458250960545496	0.05266820191789616	0.7614174023460893
DLBCL10885	0.013573388442993049	0.8268704562881173	0.02572697954997989	0.025761461618622476	0.10806771410028733
DLBCL10553	0.056954205138447865	0.05834361336729304	0.03712408817166928	0.8127815418597546	0.034796551462835196
DLBCL10871	0.042115718625629836	0.8075921229983051	0.07663717241821373	0.04053942233388521	0.03311556362396618
DLBCL_LS2089	0.017659372913895015	0.6620141321150855	0.0327646961526819	0.015881553577840647	0.27168024524049694
DLBCL10922	0.024768354149393882	0.8478774246235309	0.028097732093516806	0.033068728395330434	0.06618776073822802
DLBCL10535	0.029342219836232426	0.06662328649905913	0.030092499578559428	0.02239755457409118	0.8515444395120578
DLBCL11519	0.08992997574539432	0.039847481241187255	0.04147448973318535	0.806609956859685	0.02213809642054813
DLBCL_LS2357	0.09206513487421819	0.03440826137996762	0.03636022735613029	0.8053647419732618	0.031801634416422093
DLBCL11496	0.8277565236596756	0.0363978531756337	0.015007904030528022	0.037987839526099826	0.08284987960806287
DLBCL11204	0.016303116499456496	0.902091130744893	0.017950269746237268	0.028397362174372328	0.03525812083504093
DLBCL10993	0.9030244037788666	0.01800926922086729	0.023647975368966543	0.025117352693098106	0.030200998938201398
DLBCL10844	0.8618472034943724	0.021948456516030942	0.020321588979801443	0.040373316763771164	0.05550943424602406
DLBC_FF_8043_TP_NB	0.02883729455281917	0.9040784677725501	0.019716163437438386	0.016568618267731157	0.030799455969461164
DLBCL11195	0.014736172948688604	0.035202334277520154	0.010006554181311736	0.036958177717942256	0.9030967608745373
DLBCL_LS4054	0.013700288224892047	0.9124967753032363	0.029111658281718855	0.013404891236136694	0.031286386954016185
DLBCL_RICOVER_1106	0.018564547969813345	0.025588692184127033	0.02033118920149262	0.08265870691722184	0.8528568637273451
DLBCL10931	0.9191624925166475	0.015088767139504713	0.008299405344813958	0.028392245932037374	0.029057089066996424
DLBCL10852	0.022825383140890197	0.019920318689193407	0.015416353388432108	0.07200123632338835	0.8698367084580959
DLBCL11450	0.027182972545803007	0.022117315051331635	0.006667842709266187	0.02531772416975601	0.9187141455238431
DLBCL_RICOVER_1248	0.05349678274666639	0.04454757242021536	0.0088138057428327	0.013852004493266235	0.8792898345970193
DLBCL11470	0.9421494073099463	0.009220175444240836	0.008201372420103605	0.024081104467849748	0.016347940357859515
DLBCL11667	0.029341760901498353	0.03830697233314392	0.8909633463517366	0.02992571601434512	0.011462204399276093
DLBCL_RICOVER_451	0.9329182439045021	0.011280993653217912	0.009987804570855123	0.026066029876079987	0.019746927995344915
DLBCL10465	0.01256892797847949	0.02137983968541535	0.9237664864040483	0.03121230910526137	0.011072436826795462
DLBCL_RICOVER_977	0.9354864028201217	0.010461521099250599	0.007327062320559845	0.02567796397465823	0.021047049785409593
DLBCL_C_D_1128_NULLPAIR	0.9288475565222393	0.018579768356520115	0.009512544979827394	0.02478263350932677	0.018277496632086474
DLBCL10525	0.9366892500905265	0.012715812637468562	0.007709729767255776	0.024301920877164093	0.01858328662758511
DLBCL_LS146	0.006180755491171511	0.945895037782419	0.025155174675518074	0.008366061120071369	0.014402970930820061
DLBCL11670	0.010715912213317426	0.026322501909697628	0.9332802963832079	0.020227095890739316	0.009454193603037803
DLBCL11188	0.00599603451005576	0.9675180720523948	0.01075088633230302	0.005982598140585885	0.009752408964660484
DLBCL11566	0.011896344786166288	0.022380354973458763	0.9370658807885075	0.022080093390595638	0.0065773260612717955
DLBCL10530	0.0039182307094865155	0.00898943125711407	0.003910764850067024	0.005311577043623568	0.9778699961397088
DLBCL11500	0.02742323492607722	0.012276485495582943	0.0068273462523318635	0.028184769189997377	0.9252881641360106
DLBCL10903	0.00446629537623581	0.9746298934556451	0.008421244868840182	0.004803428075002225	0.007679138224276704
DLBCL_C_D_1125_NULLPAIR	0.003825034659381443	0.010098887442410394	0.004226530016203858	0.006518725099590411	0.9753308227824139
DLBCL_RICOVER_850	0.0055210969404612216	0.016500967992964605	0.005459041401057317	0.0073413467077643015	0.9651775469577526
DLBCL_LS2599	0.013324167134472561	0.016523131097853264	0.9466419979700497	0.01777960344618755	0.005731100351436984
DLBCL11656	0.009659148845723536	0.011595048166867376	0.9535598275968039	0.016509264503997825	0.008676710886607306
DLBCL_LS1757	0.9527438745179508	0.010753062966942522	0.006424952068499083	0.017837099215507437	0.012241011231100147
DLBCL10883	0.00723875779592601	0.009879197045900302	0.004079783456411707	0.006238950978552615	0.9725633107232093
DLBCL10890	0.005260103735638997	0.006953196985052214	0.003783240375753475	0.008752309026484975	0.9752511498770703
DLBCL10951	0.004216863288002854	0.004429563317592288	0.0032355210204808686	0.00493571041023142	0.9831823419636926
DLBCL_RICOVER_1289	0.0034577965705996114	0.004428412993162345	0.002574166514227119	0.005917190616429601	0.9836224333055813
DLBCL10880	0.0053580018544761325	0.003920043859919832	0.0025370819745283656	0.0038341368025332327	0.9843507355085425
DLBCL10534	0.00044138045460344745	0.0005970667627907699	0.0003038301917298324	0.00048202920297417363	0.9981756933879018
DLBCL_RICOVER_216	0.14149310767364803	0.31171890715473904	0.16513046625538574	0.09940521990579632	0.28225229901043086
DLBCL10908	0.14359493860619527	0.3167376273504909	0.17409397827466624	0.09835012551328084	0.2672233302553667
DLBCL_RICOVER_712	0.1056238606984931	0.3096388142044401	0.06844282088025477	0.2517241616959502	0.26457034252086187
DLBCL11512	0.23245688740109488	0.44707083791706187	0.08164968258931882	0.22083296835724447	0.01798962373527988
DLBC_FF_A7CX_TP_NB	0.030271593492836122	0.21418397215434673	0.18744282840225118	0.05238661131220006	0.5157149946383659
DLBCL11205	0.3465476380544078	0.48316437283993374	0.058987187528366763	0.08938735107656283	0.021913450500728952
DLBCL11486	0.20528929758724995	0.10229614940510474	0.01789063353372893	0.03709720906831987	0.6374267104055965
DLBCL11527	0.02598402951940192	0.21471049846941306	0.6295180958688263	0.08983289767084224	0.039954478471516404
DLBCL11457	0.4235646287971522	0.033868604827161995	0.02843693284990932	0.17820782738089858	0.3359220061448778
DLBCL10486	0.7182047836103649	0.06596073575489807	0.0280477287769133	0.13109347713244504	0.05669327472537869
DLBCL10980	0.028073033043575432	0.3440253336998751	0.04442421262899137	0.031050956129286825	0.5524264644982713
DLBCL10906	0.11700313241888391	0.13418119012972762	0.06713261760771488	0.1819812191378998	0.4997018407057738
DLBCL10780	0.027415328707149245	0.4843390675931152	0.38916177047050854	0.08043176807883116	0.018652065150395847
DLBCL11449	0.023357584098089336	0.2990914997240385	0.036388875301692845	0.07582168778316443	0.5653403530930149
DLBCL10957	0.26562625225262876	0.054408245723204886	0.038967470420343736	0.5167129671978852	0.12428506440593749
DLBCL11003	0.046404275426606814	0.2421005056453735	0.0633187846862576	0.046915423614454	0.6012610106273082
DLBCL10934	0.12989034216393247	0.5682160964153227	0.04179135734646084	0.1708775402961529	0.08922466377813121
DLBCL10954	0.06031976937348725	0.48599976706889203	0.17380129897947885	0.181054646475657	0.09882451810248497
DLBCL_LS1668	0.03542815119551246	0.18218375968731415	0.5545496513055489	0.1893873650503936	0.038451072761230935
DLBCL11472	0.6647081656771366	0.02313173721531333	0.04153101166587158	0.21556803285041615	0.0550610525912623
DLBCL10490	0.5543590557735435	0.05589966438457258	0.01667744235670533	0.09988855041294718	0.27317528707223143
DLBCL_C_D_1105_NULLPAIR	0.08419341018599745	0.6203590866387844	0.0917965532283689	0.10619705578241742	0.09745389416443187
DLBCL11433	0.11253634008764939	0.033846468794185035	0.07483087643532052	0.5710580054528948	0.20772830922995023
DLBCL10863	0.08369520775402658	0.054551717546701635	0.03269704300890436	0.4983114417073882	0.3307445899829792
DLBCL_LS2154	0.5729075702983893	0.13198727113986522	0.097563905021346	0.10974558247072452	0.0877956710696749
DLBCL_RICOVER_1060	0.6039152824967865	0.11528990489161847	0.09388755676700901	0.10367803445342837	0.08322922139115763
DLBCL_C_D_1112_NULLPAIR	0.6029965876820882	0.12113884443692959	0.0846179375512625	0.10603620657135458	0.08521042375836514
DLBCL_MC_F218_RAP	0.4989039688908276	0.0384160896665511	0.08743993056263615	0.353392631058125	0.021847379821860163
DLBCL11435	0.5322188524997667	0.049210724142008215	0.04485248905374075	0.29479198753887087	0.07892594676561346
DLBCL_RICOVER_496	0.05973344307947919	0.6511382465349895	0.10259551559393194	0.05111936508949019	0.13541342970210915
DLBCL_RICOVER_473	0.518091223020215	0.05863827027369377	0.036947720819019106	0.3503500231874835	0.03597276269958853
DLBCL11441	0.10041342043067601	0.07155828483154653	0.568618412547265	0.09870373125794833	0.16070615093256413
DLBCL11447	0.1060956397782982	0.031843171441825226	0.030324230102285545	0.5577033953954293	0.27403356328216166
DLBCL10460	0.16609084174471292	0.6647797644918046	0.05764906685308927	0.05274322452052869	0.05873710238986448
DLBCL11458	0.1631654052473817	0.08814625221556763	0.6647666494344638	0.05832586210658628	0.02559583099600057
DLBCL11484	0.026489163892904417	0.7006806960400163	0.09226743768328637	0.03204432956293313	0.1485183728208598
DLBCL10539	0.1984908979998899	0.05336207003250057	0.06917245143187774	0.6447803807286193	0.034194199807112496
DLBCL10523	0.0620002421477257	0.040858308010858296	0.6599782437432339	0.21650882448449466	0.020654381613687534
DLBCL_C_D_1109_NULLPAIR	0.21482354635865744	0.044309316585284426	0.02754708683883023	0.6316045434275274	0.08171550678970048
DLBCL_RICOVER_522	0.11674969014207057	0.10316419163996374	0.4771344795872089	0.28610134109298413	0.01685029753777277
DLBCL10483	0.013108404046679747	0.7696884324820453	0.15572397779627453	0.022561441700294702	0.03891774397470564
DLBCL10898	0.03689224472487243	0.2219090956201605	0.033183496334086834	0.03587584381827197	0.6721393195026083
DLBCL10990	0.058433931898664464	0.07641632326616175	0.05533903961088293	0.05186883579355111	0.7579418694307397
DLBCL11002	0.13672736560975485	0.052543729259488164	0.044593827572705406	0.7399835752062831	0.026151502351768396
DLBCL10963	0.17083349784322335	0.062482638956800694	0.03725011872052932	0.6758655764294651	0.0535681680499815
DLBCL_C_D_1126_NULLPAIR	0.04419460176610218	0.7836610949566998	0.042079056846719885	0.07318436255637774	0.05688088387410046
DLBCL11474	0.7428753385497726	0.07632021297343022	0.015166148922966216	0.11762354317633134	0.048014756377499586
DLBC_FF_8062_TP_NB	0.6836406267096365	0.02829862065675483	0.12147519168779371	0.08588624675362148	0.08069931419219337
DLBCL_C_D_1119_NULLPAIR	0.12262342407435242	0.7854647357414736	0.03993072259001921	0.025765697374494346	0.026215420219660484
DLBCL_RICOVER_701	0.09539657182383093	0.03530929603416259	0.03950045430709267	0.784971319089078	0.04482235874583573
DLBCL11504	0.10268306343874305	0.07950954189608093	0.02841102599105192	0.04690320374966146	0.7424931649244626
DLBCL10965	0.12266004639500883	0.03034777400677603	0.03445142829736287	0.7755265554012115	0.03701419589964076
DLBCL_MC_F139_LJF	0.09260490583587852	0.035889523654761925	0.04765322620597564	0.8006955038795952	0.02315684042378868
DLBCL_C_D_1131_NULLPAIR	0.02143217144574053	0.20958373295563162	0.025586036909960936	0.019739846267778485	0.7236582124208883
DLBCL11681	0.561928035181248	0.016506462948328565	0.09938680131009207	0.08738377314011829	0.23479492742021305
DLBCL10969	0.22106777637571026	0.06523195945392561	0.5739200356370711	0.08166976340832932	0.05811046512496372
DLBCL11675	0.052775759674150304	0.01622038462275064	0.8259452573448192	0.06466888883113223	0.04038970952714763
DLBCL_RICOVER_1165	0.019081200588429475	0.7460484348252404	0.030804826304859447	0.021112622728973747	0.1829529155524969
DLBCL10459	0.01867386151725196	0.19069625672899956	0.7262781266849392	0.0457613415426492	0.01859041352616015
DLBCL11480	0.8345133413935399	0.025805442334677613	0.037576620962245066	0.045632919654414114	0.05647167565512325
DLBCL_RICOVER_1061	0.08436013567074908	0.02911724317347556	0.030956260289872778	0.8278904510367543	0.02767590982914829
DLBCL_MC_F307_JPS	0.7610811634615143	0.11645828575082195	0.03516023671543274	0.04967470872808085	0.03762560534415013
DLBCL10451	0.8238475316912063	0.033823881233351914	0.07920563115322729	0.04746087352913323	0.015662082393081235
DLBCL_RICOVER_299	0.013441827853841203	0.2784138810956588	0.6239383865713347	0.03003259824887619	0.05417330623028912
DLBCL10930	0.7886374475364331	0.044958636187433135	0.012182200025474873	0.038107307141873624	0.1161144091087853
DLBCL10985	0.03548340884064356	0.8170622517197091	0.026901579947898383	0.09241713182159014	0.028135627670158772
DLBCL11206	0.036415769583903586	0.795491923319421	0.031766666491015345	0.02236468121716139	0.11396095938849876
DLBCL10498	0.07813637340099588	0.03781616524447249	0.7724605689873644	0.09987704075599113	0.011709851611176159
DLBCL11538	0.03297348196110692	0.021617673099857918	0.8150487486574555	0.0906901836045244	0.039669912677055316
DLBCL11460	0.05239328559692029	0.7893840873236403	0.03433720431604795	0.06869520077498538	0.05519022198840616
DLBCL_MC_F064AB	0.04814371150651089	0.06184336172675458	0.7733990965882854	0.10179824602442297	0.014815584154026108
DLBCL11526	0.8281131293311796	0.021212272909926118	0.054657977123440615	0.07454047018194268	0.021476150453511
DLBCL10972	0.7782762318368337	0.05724464675901331	0.013790550325794786	0.03421692403860229	0.11647164703975586
DLBCL_LS1098	0.046262722949123376	0.016222880474663193	0.866844734542108	0.05209111814607571	0.018578543888029788
DLBCL_C_D_1133_NULLPAIR	0.04407458473661576	0.022453243097779806	0.8543444188141905	0.06181204254697826	0.017315710804435627
DLBCL_LS155	0.023210889326815365	0.025814651682587314	0.8662490781145311	0.07409346135486869	0.010631919521197542
DLBCL10532	0.011299173657945078	0.03163135309289849	0.042842634950306144	0.023479804953122792	0.8907470333457275
DLBCL_LS2590	0.030333200044923094	0.020345641422163465	0.01798465347445519	0.08162251316661816	0.84971399189184
DLBCL10458	0.860705221624444	0.06195440148887646	0.016941692804662106	0.04550826859979903	0.01489041548221844
DLBCL11666	0.014951073366001644	0.08693526504473338	0.8555035741468258	0.023446746973423055	0.019163340469016195
DLBCL_C_D_1113_NULLPAIR	0.021388423649575883	0.048800767882727435	0.8732451602047508	0.040386560751963216	0.01617908751098265
DLBCL10968	0.825457864220388	0.02222680246876413	0.013940246087780777	0.0998007352535174	0.03857435196954962
DLBCL_RICOVER_1210	0.014047319951191677	0.928417835474062	0.016743179968547416	0.022621807817130937	0.018169856789067938
DLBCL_RICOVER_956	0.018515407816415086	0.021620358440698668	0.016853535381117588	0.02167567737260388	0.9213350209891648
DLBCL_RICOVER_174	0.028451331046836097	0.9106864061095661	0.028603578140727757	0.016513167649693912	0.01574551705317611
DLBCL_MC_F262_WLC	0.8991947536353032	0.026342391230933238	0.00965923861403456	0.04368637967770937	0.021117236842019604
DLBCL10502	0.011228357148572841	0.9184640195931267	0.041193844582012897	0.013160864507579528	0.015952914168708025
DLBCL10482	0.035104177018648125	0.021347687951002555	0.008999030203710965	0.0151091882631807	0.9194399165634577
DLBCL10925	0.01687910754799524	0.017689753217263366	0.011291098255214868	0.04562894014614897	0.9085111008333775
DLBCL_LS378	0.9319698159304907	0.013375881049691687	0.008994531660921927	0.03305572405329217	0.012604047305603591
DLBCL_RICOVER_1032	0.013332703692581669	0.0483602418300183	0.008403480669785753	0.011521576722937722	0.9183819970846766
DLBCL10850	0.0061358523826387755	0.9747231299789224	0.007481769495615895	0.00449490368854887	0.007164344454274036
DLBCL_RICOVER_720	0.027728656245251424	0.04744552228020455	0.007858620049951958	0.009367265995957497	0.9075999354286346
DLBCL_RICOVER_773	0.008668687864320786	0.02742869547907253	0.010149720452157887	0.009598583243616194	0.9441543129608326
DLBCL_RICOVER_253	0.011123189240729569	0.9657527725183157	0.009055662033081053	0.006102907550233031	0.007965468657640608
DLBCL_C_D_1141_NULLPAIR	0.008058894180125344	0.026888689982841548	0.937214332984791	0.018123360134879113	0.009714722717362985
DLBCL10834	0.01313359446352535	0.9612764261596907	0.01006639784029976	0.007546472101826068	0.007977109434658177
DLBCL11000	0.003926931813927901	0.00922903619984968	0.006175576081764208	0.006808164266380616	0.9738602916380776
DLBCL_RICOVER_506	0.007619790486972954	0.028702013958843853	0.007938940778539677	0.008422162432984014	0.9473170923426595
DLBCL10857	0.00667190468844102	0.006437458149147556	0.004154797365618869	0.012012909106933587	0.9707229306898589
DLBCL10842	0.008717019718018422	0.005947404008565531	0.003834704128363904	0.011004176194320774	0.9704966959507314
DLBCL10999	0.0043993033487511705	0.005909624093081574	0.004019349403616853	0.008888888372286323	0.9767828347822641
DLBCL_MC_F349_BJJ	0.009498201072086532	0.013439605695078242	0.9486279038758144	0.01690198605476208	0.011532303302258684
DLBCL_RICOVER_744	0.010196327426242645	0.01664590095553562	0.9531648806746051	0.014590096855848202	0.005402794087768367
DLBCL10901	0.00469913085325447	0.004906852225984687	0.003641234280745627	0.006061607370143358	0.9806911752698718
DLBCL10977	0.004400753731786454	0.00558155431664048	0.0033520938612433986	0.004408497789991656	0.982257100300338
DLBCL10860	0.003942284218275702	0.007003562634160377	0.0030264508326441914	0.006627900952502443	0.9793998013624173
DLBCL10889	0.002545914438223211	0.0037474066069205355	0.0019629197014758536	0.0024738092406525504	0.9892699500127279
DLBCL10902	0.004435933520148173	0.009019798990951376	0.003411037236613199	0.004839771552676216	0.978293458699611
DLBCL_RICOVER_1192	0.0017729306731897928	0.0023169007055452683	0.0010403533329372315	0.0015395054669921097	0.9933303098213356
DLBCL11483	0.14446494073905605	0.2658006112052036	0.1788130483485677	0.09961941894369375	0.311301980763479
DLBCL11467	0.1414954816969427	0.30868713950613585	0.17104486723842804	0.09809791194896232	0.280674599609531
DLBCL_MC_F927_JHS	0.14342396071744487	0.31975727318306657	0.1741357240357005	0.1006150815576358	0.2620679605061522
DLBCL10907	0.2816027936433302	0.452234464544409	0.022120645355963545	0.1652421818022702	0.07879991465402696
DLBCL11455	0.3931686464475843	0.21739550237133654	0.13284444154968805	0.23348508788816283	0.0231063217432282
DLBCL11657	0.09790493652349716	0.2465308462964029	0.040711930963755014	0.2697000220560212	0.34515226416032363
DLBCL11501	0.37267750761232565	0.4168828808825451	0.027690572787025386	0.04722873381272904	0.1355203049053748
DLBCL11509	0.35460281362327134	0.1221631260507077	0.06294273771480825	0.40523263019858363	0.055058692412629014
DLBCL10837	0.27846373646092565	0.04969489640544474	0.12329649870805626	0.10226899735961666	0.44627587106595673
DLBCL10548	0.6197068902164502	0.08088924388103111	0.020491749180213563	0.2495141207349301	0.029397995987375015
DLBC_FF_A7CW_TP_NB	0.21230369144473715	0.17107591189114713	0.09711906977156869	0.4236583032010085	0.09584302369153841
DLBCL11664	0.3959398175169593	0.45544966143554233	0.029909815470312275	0.08322633105847316	0.03547437451871306
DLBCL11001	0.2547973180171468	0.025881771096759945	0.018653529568510036	0.061645995283506665	0.6390213860340765
DLBCL10961	0.013944584633158877	0.11855546332910462	0.03608359229036077	0.07824067089847994	0.7531756888488959
DLBCL_C_D_1166_NULLPAIR	0.03248517303430083	0.3715956130178251	0.03935554091672778	0.025123286760667538	0.5314403862704787
DLBCL_RICOVER_258	0.16154251405133452	0.026732007189747713	0.09952201852697888	0.058178939880718025	0.6540245203512208
DLBCL10971	0.17465750673707114	0.19822874780852173	0.16892752304052427	0.4081970496781391	0.04998917273574385
DLBCL11448	0.22718957871249298	0.034063301647297504	0.09052999579238154	0.532766128463375	0.1154509953844529
DLBCL11651	0.04857223845372807	0.13904663022004937	0.6345396889883768	0.1543279989880717	0.02351344334977412
