	0	1	2	3	4
DLBCL11539	0.5734118687850362	0.00960549653529793	0.05532459958790789	0.3217575731893486	0.039900461902409284
DLBCL_C_D_1148_NULLPAIR	0.2349708907200703	0.039573461784825854	0.31427248333657976	0.35237504847314854	0.05880811568537549
DLBCL10912	0.7860458623686335	0.06335157999523588	0.07264054534855678	0.04637065910506919	0.03159135318250465
DLBCL_RICOVER_829	0.739222068757528	0.06772671945787109	0.036120338836044756	0.09279517111910447	0.06413570182945162
DLBCL11652	0.28622673455989783	0.34492192837158253	0.10896771484761718	0.031377313522167355	0.2285063086987351
DLBCL10986	0.13794740436855837	0.4420547754159417	0.09827165100752756	0.09092314574978319	0.2308030234581893
DLBCL_C_D_1129_NULLPAIR	0.6784077463281228	0.05296928474263725	0.05032514913856656	0.03044817272844547	0.18784964706222787
DLBCL10950	0.5742810136604249	0.06773437877425512	0.06252000615359324	0.09646020213825429	0.19900439927347247
DLBCL11662	0.7794176208381406	0.14642745065865062	0.0024540268875639817	0.04689413614153219	0.0248067654741126
DLBCL11481	0.35141956194399426	0.018100402453166464	0.4601515457821092	0.11128442020537335	0.05904406961535663
DLBCL11429	0.6884859329724955	0.04423317626366444	0.06610161271008243	0.1511819430336691	0.049997335020088525
DLBCL10945	0.65753476948098	0.04587813518684139	0.00848530896775083	0.04094296761912129	0.2471588187453065
DLBCL_LS951	0.17603008149390198	0.28375553458954406	0.12030496232246907	0.24801407186764696	0.17189534972643797
DLBCL_MAYO_DLBCL_3653	0.31914391700128775	0.161722463916041	0.12824785990492726	0.09692887381388708	0.29395688536385683
DLBCL11537	0.9099608177025174	0.0047618861616989545	0.0031759604008995135	0.04239852515740009	0.03970281057748408
DLBCL_C_D_1114_NULLPAIR	0.8239583767202384	0.014915161582778641	0.00926988168261066	0.06517012912323043	0.08668645089114188
DLBCL11461	0.61760599024282	0.1205549326372893	0.010165115387739435	0.23898828814117445	0.012685673590976752
DLBCL10997	0.23585163201068968	0.1803886446176308	0.06269866797914442	0.3058398770846013	0.2152211783079337
DLBCL_C_D_1130_NULLPAIR	0.5938114827671178	0.27334970858498947	0.007113439286645716	0.0617591785881396	0.06396619077310733
DLBCL10515	0.624583028532282	0.10122145195142389	0.09754681390384301	0.08123342293316414	0.09541528267928694
DLBCL10914	0.3795319261081902	0.09938704321207556	0.25137260714412063	0.058493263612725575	0.211215159922888
DLBCL11462	0.33599939977527365	0.07245611491077766	0.13356381071092457	0.052816011695596424	0.4051646629074277
DLBCL11520	0.765566721779584	0.028523664811910304	0.015573231820773952	0.05490042692220258	0.13543595466552918
DLBCL11203	0.03258977310433595	0.7187585324191825	0.08234261093156309	0.09975922622030012	0.0665498573246183
DLBCL_LS3749	0.06370435663607922	0.6726958608380461	0.06187734657667466	0.17305992456159702	0.028662511387603003
DLBCL10874	0.13354327887092274	0.34144785441912356	0.06056856233033611	0.10161234920721676	0.36282795517240074
DLBCL_BWH_DLBCL64	0.32287899178338114	0.1688363481449649	0.14743963732384813	0.34652741504498125	0.014317607702824628
DLBCL_LS1921	0.023320842326189976	0.1908499134772016	0.6282063564603775	0.12519581611310465	0.032427071623126205
DLBCL_C_D_1108_NULLPAIR	0.01797870370471667	0.6286139788800407	0.021607966329832345	0.01688901756753354	0.3149103335178768
DLBCL11661	0.09440357423193663	0.37822832785280996	0.07012248225479589	0.3955295904343519	0.06171602522610553
DLBCL_C_D_1136_NULLPAIR	0.018613198004401452	0.7488088274132824	0.006852328444878326	0.06801335687546983	0.15771228926196804
DLBCL11507	0.26109941677688975	0.48595949468686295	0.1364990813678445	0.07204030070564371	0.04440170646275911
DLBCL10494	0.02240274574160662	0.4531805866283856	0.3438580639851096	0.07423449449872917	0.106324109146169
DLBCL_RICOVER_1046	0.0033449297848354444	0.25795534226281613	0.6622071913676267	0.024708852572481173	0.051783684012240504
DLBCL10510	0.049798609704345985	0.7475264319392525	0.012599434165392822	0.029768918836438844	0.16030660535456992
DLBCL_LS1065	0.06655659307831871	0.7611671044735956	0.03415806360987536	0.03588320173523946	0.1022350371029709
DLBCL_RICOVER_787	0.10395596496859892	0.5865539983893165	0.1738376578123508	0.11510240553938159	0.0205499732903521
DLBCL_RICOVER_478	0.2776662388651798	0.3812435697591669	0.06023687432294689	0.02703568043813509	0.25381763661457124
DLBCL10983	0.036227512094383976	0.5273023092366709	0.0368088431676913	0.06324307378161789	0.33641826171963596
DLBCL11479	0.11877903049279874	0.542052194527501	0.08845562049346165	0.03465970149983046	0.21605345298640813
DLBCL_MC_F500_ECU	0.11369857773561823	0.46321530539305567	0.1693256593612731	0.052899641531793225	0.20086081597825992
DLBCL10846	0.418803294571093	0.43902442279773	0.011416613478595636	0.04125853095530491	0.08949713819727641
DLBCL10911	0.04876819770098572	0.8781864968142866	0.029837525693203873	0.010105067597159833	0.03310271219436398
DLBCL10981	0.12157364165971973	0.29507356483761005	0.03404152048375435	0.23982051626323783	0.3094907567556781
DLBCL_MC_F729_MAN	0.10215894115308546	0.5704783312178463	0.05135492930296941	0.09497724819546809	0.18103055013063074
DLBCL10894	0.2290035175902557	0.617344697471783	0.012145179938071767	0.08404056841258657	0.05746603658730302
DLBCL11565	0.0482011451726458	0.6505972675095621	0.05778567348843317	0.1350332906670712	0.10838262316228765
DLBCL10461	0.0348871664427863	0.6950351807797117	0.04545593889748275	0.03949578011763223	0.18512593376238706
DLBCL_MC_F089_HCZ	0.04370896845640573	0.7313706678155331	0.06340458237272999	0.11115788089476455	0.0503579004605667
DLBCL_RICOVER_440	0.005401891915630468	0.48339861779116655	0.34645726412055594	0.036756663154199974	0.12798556301844713
DLBCL_DFCI_DLBCL_GOE16	0.0	0.0	1.0	0.0	0.0
DLBCL11558	0.020713418444859282	0.0557115003726447	0.8720777298681872	0.04378448514602022	0.007712866168288576
DLBCL10555	0.0378005164894595	0.06854865368304759	0.8539415091804203	0.03487651132133013	0.004832809325742515
DLBCL_LS1395	0.009494534469931119	0.21095720825284073	0.7395165916327354	0.013200567311051925	0.026831098333440846
DLBC_FF_8046_TP_NB	0.02894626786271676	0.02192038380745113	0.8934670717783894	0.026406045218829277	0.029260231332613452
DLBCL11680	0.014409692151621424	0.027681069572210396	0.9330903858253322	0.019891098951002568	0.004927753499833368
DLBCL11685	0.001199171425102672	0.020555967841173608	0.9668457477402688	0.00906492895673927	0.002334184036715653
DLBCL_LS1304	0.013276081522434155	0.06980502979793059	0.8056803220846419	0.03203990229722477	0.07919866429776858
DLBCL_LS297	0.0017505928783580307	0.016431410208654514	0.9431551859760022	0.03638579607336731	0.002277014863617851
DLBCL_MC_F815_BAT	0.006750464556609099	0.05894529022619619	0.7783640040589438	0.11021088199695421	0.045729359161296716
DLBCL_LS2325	0.005830372303717668	0.2804921591058357	0.6324597704347859	0.042530289581227385	0.038687408574433466
DLBCL10466	0.008663035715753602	0.051492789118362	0.8303950285037306	0.09150034704562124	0.01794879961653255
DLBCL11672	0.00810179269650695	0.026390585024897044	0.8503922476993391	0.06029437742200836	0.05482099715724855
DLBCL_MC_F606_DMJ	0.003995303690123394	0.20403539334147747	0.7593342862510807	0.014082599879724138	0.01855241683759432
DLBCL11428	0.015480982218629261	0.06000331693164104	0.8941296517391838	0.01836391841539221	0.012022130695153687
DLBCL10879	0.01523996891255537	0.061541675500743624	0.784032194307447	0.06370494313541508	0.07548121814383899
DLBCL10536	0.10402032544287962	0.2598976848402746	0.5028004001957325	0.08129942485217276	0.05198216466894049
DLBCL11534	0.27512823909463413	0.02458802787874957	0.47112254937660264	0.08587728395281011	0.14328389969720357
DLBCL10491	0.05991199774207428	0.543545480825582	0.07418742412201632	0.2974417273596235	0.02491336995070393
DLBCL10513	0.3491648404445102	0.3211950604993188	0.15175203030212833	0.1267362378234822	0.05115183093056056
DLBCL10868	0.1335266422762063	0.08394476874362006	0.022476036924861935	0.4529496517708444	0.30710290028446724
DLBCL10858	0.1310402060752776	0.013991285757196256	0.02306028492056246	0.374036816095032	0.4578714071519317
DLBCL10547	0.1516285155932034	0.1651408698623947	0.06998263694670474	0.5008269030877812	0.1124210745099159
DLBCL10544	0.09434388308646088	0.01993863762493013	0.03020753474820048	0.6764601049570608	0.17904983958334783
DLBCL11491	0.07210100328850343	0.05483647968609637	0.07368450443827892	0.25486589860624637	0.5445121139808748
DLBCL11564	0.09754049453688385	0.07829281989013484	0.03979493881247846	0.6613295714029098	0.12304217535759299
DLBCL11459	0.20546395047868973	0.045257987409204704	0.18824180268170324	0.49188617918691074	0.06915008024349156
DLBCL_RICOVER_1045	0.1283458051635863	0.33500343887549394	0.06311955726552174	0.11982873083373706	0.3537024678616609
DLBCL10456	0.1323640708701251	0.11887300742216711	0.06933934846594268	0.6102960772707716	0.06912749597099349
DLBCL_RICOVER_985	0.1005324275398621	0.07497343196987935	0.08671891618933866	0.6519521251365532	0.08582309916436669
DLBCL_RICOVER_950	0.1476121929519183	0.05443956817047791	0.39787572495727247	0.3636786940394607	0.03639381988087063
DLBCL_C_D_1159_NULLPAIR	0.7204630420732342	0.056969359239791455	0.005287140373847493	0.09333217831254408	0.12394828000058276
DLBCL_RICOVER_711	0.25717493078085635	0.555501186076407	0.02178141887841888	0.15360905415232293	0.011933410111994868
DLBC_FF_A7CQ_TP_NB	0.061608451715262295	0.08597362836051592	0.0776727695571006	0.2878249161960379	0.4869202341710832
DLBCL10915	0.057345466080429404	0.5963812687813725	0.05381723871461081	0.08955381454640543	0.20290221187718183
DLBCL10867	0.027175875701397317	0.464186529684685	0.03435105844544867	0.038679048808584554	0.43560748735988447
DLBCL10992	0.01747644646151253	0.05311697713370179	0.039388516834254955	0.13223692294389114	0.7577811366266396
DLBCL10887	0.010564415541251383	0.05301348382930313	0.023894660407238377	0.019265425211506253	0.8932620150107009
DLBCL10878	0.19830984220250403	0.13891787708627087	0.1433676122533358	0.08546945411345963	0.4339352143444296
DLBCL11431	0.16670299496880622	0.2043176608725037	0.25349847338498066	0.08926684883545871	0.2862140219382506
DLBCL10891	0.12260899062407497	0.04342842319457512	0.12877333876243666	0.2848173322384301	0.4203719151804832
DLBCL10521	0.07230502774769808	0.5932789661910501	0.009595398307531675	0.005690191756910242	0.3191304159968098
DLBCL11476	0.11968933576355044	0.152767802336641	0.014593443993981504	0.01947758276173325	0.6934718351440938
DLBCL_MC_F519_ALT	0.012542521902060762	0.023999830186447146	0.017352678656725042	0.01722290592622057	0.9288820633285465
DLBCL10866	0.09158752765093263	0.07216945961746363	0.07378817653351014	0.36789819385188194	0.3945566423462116
DLBCL_RICOVER_449	0.312762310221435	0.056071567372688244	0.004991140077437002	0.0707715155961096	0.5554034667323302
DFCIDL004_DT	0.3337258434232666	0.031031475690829487	0.06195542131116932	0.19009808715125376	0.38318917242348094
DLBCL_RICOVER_1287	0.07639390316810293	0.40320028841891964	0.03997705694054238	0.009502153910386479	0.4709265975620487
DLBCL10836	0.032379810678607485	0.016592030706730442	0.015394594302618464	0.0944867026226919	0.8411468616893517
DLBCL10550	0.018027224350092554	0.10119553084926992	0.007560143710590375	0.01606743844939675	0.8571496626406504
DLBCL_LS3200	0.017217985727338618	0.15299864242503686	0.012754734530465234	0.025113058899368032	0.7919155784177913
DLBCL10900	0.0701142720658002	0.04091109798510995	0.01418306353001433	0.09695998285094183	0.7778315835681336
DLBCL10853	0.13720825225239014	0.22774978609644714	0.05365864553881572	0.03700475513405421	0.5443785609782928
DLBCL_RICOVER_111	0.20480882092834116	0.22875193090531776	0.19510441697106393	0.05829729427340523	0.31303753692187186
DLBCL_RICOVER_417	0.012308401124986955	0.042314493241658126	0.00822288696032337	0.031077657514202984	0.9060765611588286
DLBCL10529	0.012203039543303056	0.28299239160693795	0.015477505402001582	0.06167097821111515	0.6276560852366422
DLBCL10847	0.027975149017528365	0.08618377376366426	0.007338282525759998	0.008218365349321126	0.8702844293437263
DLBCL_C_D_PAIR13	0.4675178089302447	0.05902116452197825	0.20022178932618503	0.0766300943248364	0.19660914289675582
DLBCL_C_D_1163_NULLPAIR	0.01369113371012969	0.023125759891658024	0.003775614069220234	0.06991797687703477	0.8894895154519573
DLBCL10833	0.32830167670549093	0.14153779671792632	0.01892091413827038	0.09507024635608355	0.41616936608222876
DLBCL10835	0.05069179105336293	0.21055987479967764	0.010710839830709596	0.11145244614699795	0.616585048169252
DLBCL_C_D_1156_NULLPAIR	0.9736846866434021	0.0014750218536761107	0.0021630170569561717	0.019468302921844174	0.0032089715241213697
DLBCL_RICOVER_977	0.7897110590904478	0.0209324077360844	0.004623440085867151	0.12767392990824794	0.057059163179352695
DLBCL_C_D_1128_NULLPAIR	0.967317121289546	0.002360775604429582	0.0007382223363229227	0.026644461707804278	0.0029394190618972763
DLBCL_RICOVER_451	0.6349778914796194	0.11370574826396788	0.09276522480760914	0.09554380690740259	0.06300732854140109
DLBCL10994	0.20829094300410014	0.5187690202794503	0.06345133311329622	0.08500963394831693	0.12447906965483642
DLBCL10884	0.7877209580041732	0.05971749207146326	0.005399188643928203	0.09071539105901862	0.056446970221416704
DLBCL10931	0.9399138396589211	0.004467799636572872	0.0035194773984145696	0.03678132104155318	0.01531756226453836
DLBCL11671	0.20586152950105932	0.3026217352688191	0.1163184262004015	0.13865835434243895	0.23653995468728123
DLBCL_LS1757	0.3830098055731628	0.3377225035250138	0.02966071866305821	0.20059585989116324	0.04901111234760177
DLBCL11488	0.7019314239516347	0.12052659570573639	0.0027823006482722698	0.06501869393459381	0.10974098575976282
DLBCL11496	0.8184187771865038	0.07307434901937274	0.021814914530461554	0.051208397795711895	0.03548356146794998
DLBCL10525	0.8292428006929946	0.002664078238695249	0.01532840759025509	0.12381380250978805	0.02895091096826699
DLBCL11430	0.24418739581496934	0.14214467250259882	0.24011578471167844	0.3252803549535794	0.04827179201717401
DLBCL11478	0.6484717631380721	0.11020435856166472	0.056378817230230256	0.13734894772309272	0.04759611334694032
DLBCL11202	0.15575372702723767	0.21467598943972713	0.3205745144552672	0.2346154604428953	0.07438030863487279
DLBCL10935	0.6923766284203381	0.11267951989098086	0.018366462221922144	0.06450023517998221	0.11207715428677675
DLBCL11470	0.5131824648666624	0.06662528522177469	0.007427740670583124	0.3572421071195658	0.05552240212141408
DLBCL_RICOVER_910	0.32930593864271385	0.08315905718067607	0.18743857917588008	0.09424095394291752	0.30585547105781236
DLBCL10495	0.6905887411289898	0.14926944042993434	0.029626565428444877	0.037522831580292584	0.09299242143233834
DLBCL10844	0.41076343746262955	0.18435275138993684	0.08933510183590325	0.02299760106126867	0.2925511082502617
DLBCL10993	0.8724917143605956	0.025469599242176424	0.004583223147302706	0.0771418611128516	0.020313602137073644
DLBCL11519	0.26351129996066097	0.15616622191328536	0.0760214911883121	0.48232142336622	0.021979563571521463
DLBCL_RICOVER_945	0.23430409211195766	0.27812554993869854	0.15905465482793393	0.130095421553803	0.19842028156760694
DLBCL_RICOVER_533	0.06144832361452019	0.6727416672923059	0.08853909845330074	0.09001183372653386	0.0872590769133393
DLBCL10903	0.019058917408973333	0.8459683202161009	0.05824559875438863	0.02401562151762323	0.05271154210291389
DLBCL_DFCI_DLBCL_GOE05	0.008675005821789105	0.21443823108222806	0.015360998136402057	0.030549782366168267	0.7309759825934126
DLBCL11673	0.22849733248448212	0.41319918763166125	0.17915837369914014	0.10816160311292823	0.07098350307178822
DLBCL_LS146	0.033481643151772225	0.8390471203229125	0.04174924604826988	0.03544950407227445	0.05027248640477097
DLBCL10517	0.04504937321253843	0.495981968423148	0.14987702752919993	0.14118528932347174	0.1679063415116419
DLBCL11204	0.10399407076148004	0.5908686457604376	0.08071375348621666	0.0881821508833887	0.13624137910847697
DLBCL11436	0.06567581946835921	0.5359894673529748	0.058704331703166475	0.05877374741593906	0.28085663405956046
DLBCL_RICOVER_467	0.021738179021384717	0.444102353390361	0.04900261028881247	0.027574765858938328	0.4575820914405034
DLBCL10922	0.02980908804370225	0.8043567865546034	0.07011813935769917	0.02143884168943892	0.0742771443545563
DLBCL_C_D_1117_NULLPAIR	0.10582100739741122	0.5274499197339231	0.06406414621860904	0.235055756655764	0.06760916999429264
DLBCL11188	0.007147797483185125	0.9342367113732439	0.009172859725936885	0.01933410149960118	0.03010852991803287
DLBCL10871	0.04923892072748306	0.5064801915263951	0.05947425019824838	0.04189865842296919	0.3429079791249043
DLBCL10549	0.03802155601532584	0.6796897464916558	0.20921521693149137	0.04691104384820485	0.026162436713322162
DLBCL10885	0.13368998061768703	0.4926264185495364	0.05375198806631711	0.08192068326702028	0.23801092949943917
DLBCL_C_D_1118_NULLPAIR	0.3350523786311076	0.39281247119145324	0.1392120803652403	0.08356395700801109	0.04935911280418785
DLBCL11456	0.09315313388215764	0.6956386930014894	0.045002851462666194	0.0959899475459432	0.07021537410774353
DLBCL_LS2089	0.003938761508282753	0.5898820805298772	0.005012107696485642	0.00685880781404301	0.3943082424513113
DLBCL_LS2245	0.1691541918286489	0.29119336139170915	0.3673619492172308	0.09158036257206682	0.08071013499034434
DLBCL_LS3245	0.012667359173354062	0.2828942557099422	0.6262983588493213	0.05151865040013468	0.026621375867247773
DLBCL10962	0.09107022556025401	0.5163254662248514	0.07275227142780398	0.03268586329943466	0.28716617348765594
DLBC_FF_8043_TP_NB	0.10700967505327512	0.6666307311713958	0.05118887086824375	0.054179978003077396	0.12099074490400784
DLBCL_LS4054	0.207827755526961	0.1495420959441457	0.2583416038935839	0.29561197378503273	0.08867657085027672
DLBCL10452	0.06899194173822432	0.31014149340489033	0.027591485808766886	0.0359885257768303	0.5572865532712883
DLBCL_DFCI_DLBCL_GOE07	0.08761660503094516	0.6351444031082972	0.05825589464820944	0.013557345209563075	0.20542575200298507
DLBCL10503	0.061659484230970174	0.3679005284175986	0.08151098050726435	0.02937511873270149	0.45955388811146536
DLBCL10512	0.08817036483932943	0.17247701214139294	0.2392824237031061	0.28080178058257543	0.21926841873359607
DLBCL11670	0.025461372259618406	0.08587492292573037	0.8240982071246364	0.028027548192584118	0.03653794949743066
DLBCL11590	0.2822843419131742	0.08363247046489511	0.3493536711198723	0.09321962246910864	0.19150989403294982
DLBCL_RICOVER_978	0.29193157211874754	0.11542354914466299	0.19781217261651604	0.20824131042558947	0.18659139569448382
DLBCL10910	0.04012671963690166	0.6913390147000902	0.05489095067590268	0.07624080221309902	0.13740251277400642
DLBCL11656	0.008971312525055055	0.044704812213568625	0.8864836376368554	0.04142604027466291	0.018414197349857997
DLBCL10472	0.11708492068053372	0.30605375961287334	0.4053165924208075	0.11544223245172339	0.05610249483406198
DLBCL10465	0.0033177616411607363	0.13029838206016392	0.8060007436231412	0.018113471097486313	0.042269641578047745
DLBCL10856	0.08382549948607226	0.39202479717713185	0.12911041296438916	0.11550540417404219	0.2795338861983646
DLBCL11566	0.011676420333586951	0.2663222928414214	0.6084504347515608	0.04206235730987498	0.07148849476355579
DLBCL_RICOVER_577	0.041870173056714186	0.08523757980197562	0.23324736033131996	0.16528794607429131	0.474356940735699
DLBCL_LS2599	0.057758174775591725	0.07644057238185008	0.7985150410276307	0.05985769917765149	0.007428512637276018
DLBCL11515	0.1438282792869568	0.2389604363122429	0.14988496876906185	0.06453344362085155	0.40279287201088687
DLBCL11528	0.22664949593262693	0.21641832182888424	0.37618573562701013	0.0847741624167431	0.09597228419473564
DLBCL10936	0.35353961423259467	0.20866740637519834	0.10598011814468598	0.05922617783708206	0.2725866834104389
DLBCL_RICOVER_408	0.08533559705296495	0.2650908994923559	0.4878342274564788	0.07201856519002241	0.089720710808178
DLBCL_LS4616	0.0067885817228176834	0.25705312503339484	0.6899377779681413	0.030062154651214767	0.0161583606244316
DLBCL_LS762	0.08898783709410558	0.120435153228154	0.3111702228283586	0.028087819717387847	0.451318967131994
DLBCL11667	0.04033062450616181	0.08096355534674952	0.7831569612140692	0.039548520248930116	0.05600033868408932
DLBCL_LS2357	0.0810758177621665	0.024651254939603646	0.22134286242640228	0.6427518977733473	0.030178167098480247
DLBCL_LS3499	0.22356886208124974	0.12832879911044773	0.11170731667327138	0.3653589327647973	0.1710360893702339
DLBCL11576	0.07746351002425643	0.5555738129828602	0.10145978721147719	0.20423048566490204	0.06127240411650414
DLBCL10782	0.3069128130528122	0.27969589282821083	0.08375816252361908	0.2569824035887754	0.07265072800658251
DLBCL10565	0.037497769112283995	0.029758098746028055	0.6012417308464504	0.25017257537981036	0.08132982591542708
DLBCL_RICOVER_1018	0.04837005493372573	0.3974034552943093	0.04272792399991075	0.2930058015997732	0.21849276417228108
DLBCL10564	0.010584240014489842	0.2559919289593984	0.6097678638963914	0.09268591237687965	0.030970054752840703
DLBCL11437	0.6669314222710184	0.029296593859198337	0.02335082803860323	0.20062929054701825	0.0797918652841617
DLBCL10974	0.21625449502775135	0.020454996108399924	0.0978264470600014	0.3915695072180663	0.273894554585781
DLBCL10927	0.39108933019873776	0.11556887480242353	0.046423785583238265	0.1723488052506668	0.27456920416493363
DLBCL_RICOVER_274	0.03034372652803122	0.1466324024574262	0.02266160633057062	0.1570295236188134	0.6433327410651586
DLBCL11658	0.06818125285211973	0.02058547991708944	0.040397286346842545	0.4995170100519073	0.37131897083204096
DLBCL10552	0.3956053847905935	0.0924220305806749	0.07046293360232983	0.4088925647139364	0.032617086312465314
DLBCL10553	0.15943268097791344	0.10472273112354663	0.1108999934447053	0.5028993603711052	0.12204523408272946
DLBCL11536	0.05077026909141739	0.47218042030669877	0.04284298984347989	0.17781459447719425	0.2563917262812097
DLBCL11500	0.01426205444783498	0.05671378985952456	0.03513829485666694	0.0850363557253509	0.8088495051106226
DLBCL10530	0.03256431752587414	0.2058537866487323	0.01492276929364929	0.03289870403320758	0.7137604224985367
DLBCL10951	0.006871005801012533	0.038757861248922346	0.0032760280140310067	0.006423661478098291	0.9446714434579359
DLBCL11353	0.016935323522976758	0.09551177572533463	0.08209665343194351	0.018465344893427355	0.7869909024263178
DLBCL10534	0.046314170234506624	0.08999833621934165	0.018732154498878658	0.046429312849194736	0.7985260261980783
DLBCL_RICOVER_850	0.053183706394790344	0.20920164490260815	0.05365735562072325	0.20426256061356307	0.4796947324683151
DLBCL10890	0.05209261034266564	0.19401213770133388	0.027796307858615033	0.08070410827535934	0.6453948358220261
DLBCL_RICOVER_1289	0.03664832420897533	0.039606821870144575	0.013755962135192017	0.2135752983885037	0.6964135933971843
DLBCL_RICOVER_1106	0.020965974293515738	0.05208925029892741	0.012151157342438936	0.12052486954037157	0.7942687485247464
DLBCL_RICOVER_221	0.010312242953003335	0.09634825760680775	0.03516143447606295	0.05592175002496349	0.8022563149391625
DLBCL_RICOVER_1248	0.18305982346454097	0.11866824764973663	0.007043416248373478	0.03314046103664257	0.6580880516007064
DLBCL_RICOVER_1278	0.09517029801651165	0.15946036219880147	0.057505469446649894	0.24331590422078614	0.4445479661172508
DLBCL10852	0.035691288674466415	0.0901434796087489	0.0274701716262429	0.08754687679230252	0.7591481832982393
DLBCL10781	0.05472413545610089	0.20492936979568735	0.05498992915388601	0.09620438647013545	0.5891521791241902
DLBCL10880	0.020158476639621687	0.022687902889702394	0.0034228072296554877	0.02112501798330334	0.9326057952577171
DLBCL10535	0.11551336512850263	0.14624288923895928	0.1027549064699458	0.04096521204493639	0.5945236271176558
DLBCL10909	0.0663574755698335	0.12290884383891175	0.08832949111305817	0.24742578889648725	0.4749784005817092
DLBCL10921	0.007993694787015792	0.279815818178993	0.008740765646191431	0.026641760977917334	0.6768079604098824
DLBCL11195	0.01533974321023143	0.32741211043286017	0.04429599893546659	0.049880436780005484	0.5630717106414362
DLBCL11450	0.15290694616742284	0.17478613177365449	0.06431581622147436	0.21601313060075295	0.39197797523669525
DLBCL10895	0.21352134947955878	0.3070311875121675	0.06678285538642	0.027825555205954994	0.3848390524158987
DLBCL_LS2208	0.002695425778029074	0.018182416355895688	0.00533469051718369	0.007401347230183845	0.9663861201187077
DLBCL10862	0.013101679591731683	0.21739325334830212	0.012715049276618425	0.020410405745681617	0.7363796120376661
DLBCL_RICOVER_314	0.019225380079146395	0.302699683676386	0.0445945060200463	0.05282391231364449	0.5806565179107768
DLBC_FF_8042_TP_NB	0.0024302520671195017	0.35799436443742794	0.5329946718745385	0.0260760715938885	0.08050464002702554
DLBCL10883	0.0909410619949671	0.058463589169894525	0.04535159619605418	0.06428916491328646	0.7409545877257977
DLBCL_C_D_1125_NULLPAIR	0.011645397240209868	0.07736544281625	0.010973620274067473	0.04455519971199069	0.8554603399574819
DLBCL_C_D_1144_NULLPAIR	0.10432827578164455	0.4659240119346079	0.056539802324185276	0.034110008836505314	0.33909790112305693
DLBCL11472	0.5543665754786632	0.014154868273562637	0.0641927296431067	0.27438558785620515	0.09290023874846229
DLBCL11512	0.45070174569940297	0.20113445315818215	0.16729097016228958	0.12680202847009087	0.0540708025100345
DLBCL11681	0.4378855777371741	0.01359988785736083	0.3316997455275893	0.10049649502235196	0.11631829385552381
DLBCL10482	0.17606447021690552	0.18668735198681896	0.0507714096379232	0.14445323371338015	0.4420235344449721
DLBCL_LS2154	0.3880223057699115	0.32400534526839975	0.07563896412801625	0.05347008285001125	0.15886330198366128
DLBCL11474	0.4869735645043192	0.014248837905852248	0.005737634881438436	0.10038049745147119	0.39265946525691886
DLBCL10968	0.6081660817361237	0.12481439416792209	0.00681297913329646	0.15896955740980004	0.10123698755285765
DLBCL11480	0.11913449489332206	0.4098291574243151	0.08401833645410228	0.0377330056423949	0.3492850055858656
DLBCL11486	0.7499635367897922	0.06680062835543259	0.003999043517343837	0.09727425133209888	0.08196254000533253
DLBCL11435	0.23664909129734027	0.03218210399604445	0.16263706752060256	0.3803366452349458	0.18819509195106698
DLBCL10451	0.24034381991214113	0.08628714628164139	0.6254127624463256	0.03960835757166889	0.008347913788222961
DLBCL_RICOVER_473	0.3100675400541663	0.2016533683430988	0.13936007376403892	0.12951527619365624	0.2194037416450397
DLBCL11205	0.5253559448139499	0.16498849752946146	0.09812964266526232	0.08778978210673549	0.1237361328845908
DLBCL11457	0.28867463658695736	0.053052613981727004	0.12374817219444198	0.375326730579729	0.15919784665714468
DLBCL10969	0.293975055772422	0.18925865405864134	0.20361812333935858	0.06501615677886034	0.24813201005071775
DLBCL10490	0.2329089353146497	0.3283731697541365	0.050895297035118144	0.12502628998810916	0.2627963079079865
DLBCL10486	0.1926351528492562	0.3510378520018605	0.04186974209840754	0.02937884879063162	0.3850784042598442
DLBCL10458	0.6664423430036124	0.1043306522898569	0.06292032748060286	0.11140115416494302	0.05490552306098485
DLBCL10972	0.6187802882270238	0.18222574953775783	0.025495389942600574	0.06377210906238864	0.10972646323022917
DLBCL_MC_F262_WLC	0.9116315015292896	0.0036209432263690096	0.0021329442372565815	0.04776108741002579	0.034853523597059045
DLBCL_MC_F307_JPS	0.8894818066947411	0.0037578581929432297	0.0029088760129094655	0.08428004398069484	0.019571415118711327
DLBCL_LS378	0.7379523963244873	0.06206940540563955	0.1166201228894971	0.03045518253167015	0.052902892848705974
DLBCL10957	0.3002139677943229	0.24077802403276627	0.15854235145444434	0.2382077380407426	0.06225791867772385
DLBCL_C_D_1105_NULLPAIR	0.18158065429610376	0.43031615783338534	0.08898725646491708	0.0722123555415638	0.22690357586402995
DLBCL_RICOVER_174	0.04735584515713893	0.8776918776422422	0.021268092036467682	0.03739517611208596	0.016289009052065245
DLBCL10985	0.08474789447387866	0.6186341249533597	0.04470475486096458	0.10641743475155185	0.14549579096024526
DLBCL_C_D_1126_NULLPAIR	0.09440472956427537	0.4456251482387457	0.01971238201257017	0.09021795390769964	0.35003978627670906
DLBCL10834	0.10685256602245458	0.8035154176308017	0.04243783308568412	0.027103088856741	0.0200910944043186
DLBCL_RICOVER_1210	0.021522214775011577	0.5209959962396115	0.13788842316508537	0.17796404960025877	0.14162931622003289
DLBCL10906	0.07676834944719921	0.2304122547192084	0.047708475379841596	0.06391246646984225	0.5811984539839086
DLBCL_RICOVER_299	0.00994941461810555	0.7229866154781004	0.14695514595662554	0.05397467581503117	0.06613414813213732
DLBCL10502	0.12434121602527219	0.48057562057987135	0.2227607071219666	0.08168752511206229	0.0906349311608276
DLBCL10954	0.02994419308876577	0.5955916312600165	0.037651457809383414	0.07717689685360399	0.25963582098823035
DLBCL_RICOVER_253	0.08659992535597148	0.7851101032489266	0.05486650672952559	0.019759621098656862	0.05366384356691941
DLBCL_RICOVER_1060	0.11469355711094618	0.17920909383260256	0.07526661594463965	0.06545020270299876	0.5653805304088129
DLBCL_RICOVER_1165	0.023090475911053905	0.6858692427124804	0.09805926463472914	0.02352874317215885	0.16945227356957768
DLBCL11003	0.04041176615899123	0.6314420560334314	0.028905457610245124	0.05482324770030908	0.24441747249702317
DLBCL10780	0.013156891508602334	0.1201801400398113	0.7817521499396013	0.04642271403397179	0.038488104478013284
DLBCL10934	0.06983116368042426	0.46618488487519516	0.039459126195532324	0.174372620372576	0.2501522048762721
DLBCL_RICOVER_496	0.09179626604878702	0.6644380398528291	0.0909397616981283	0.07799175611786913	0.07483417628238646
DLBCL_C_D_1119_NULLPAIR	0.7720975245957915	0.12388206514772072	0.006737556525635907	0.04080674360917145	0.056476110121680384
DLBCL10460	0.04439775907065403	0.7171735319279859	0.13262889013405527	0.022588121107358555	0.08321169775994616
DLBCL10850	0.171394226141189	0.6550892038325946	0.02489492741728896	0.04514324742437371	0.10347839518455368
DLBCL_LS1668	0.01759356580087415	0.551706810030067	0.28036010612536405	0.06552863142344768	0.08481088662024713
DLBCL_C_D_1131_NULLPAIR	0.042095286675370255	0.3520279400776065	0.046531210588167365	0.05053566844879189	0.508809894210064
DLBCL11484	0.09124743947575828	0.661262688307319	0.11785354516103716	0.031514904213618036	0.09812142284226744
DLBCL10483	0.04509666427297554	0.367684651708083	0.503929538807054	0.04224399989242902	0.04104514531945833
DLBCL11449	0.054400486201300724	0.17024929086132345	0.0606325556304292	0.056924623388374035	0.6577930439185726
DLBCL_MC_F064AB	0.0037531767008154096	0.03875006390973342	0.7993517248502745	0.06949175696712297	0.08865327757205368
DLBCL_RICOVER_522	0.003580796715584628	0.10728423408864544	0.7766105597387836	0.07926817792251559	0.0332562315344708
DLBCL11441	0.27935592879130366	0.02436554498731592	0.056356736099880136	0.338067751620823	0.3018540385006773
DLBCL10459	0.0006263599881753482	0.014708005332977428	0.9213795542758796	0.03175314074754769	0.03153293965541994
DLBCL10498	0.009001388655401076	0.21908113271520116	0.7084604435630443	0.0520834858219281	0.011373549244425369
DLBCL_MC_F349_BJJ	0.0006718975930896262	0.09244275120710634	0.8566780639813537	0.00760092939832005	0.04260635782013023
DLBCL_LS155	0.004538018151533445	0.016222724144963424	0.916636860285066	0.05333986495230052	0.009262532466136645
DLBCL_C_D_1112_NULLPAIR	0.08385308205596327	0.24328397246260017	0.4040043497721606	0.0916027441976982	0.1772558515115778
DLBCL_C_D_1113_NULLPAIR	0.1035030656923591	0.051083719859899256	0.735671583847996	0.06061523251719252	0.0491263980825531
DLBCL_LS1098	0.006682125877316063	0.03969494251597738	0.8672357383608276	0.05953489518133955	0.026852298064539464
DLBCL_C_D_1133_NULLPAIR	0.020383285927115517	0.14477189765045384	0.7488544257090576	0.0573353606817541	0.02865503003161899
DLBCL10523	0.11858940965874742	0.03595070232606718	0.4797588780724616	0.2941649088777308	0.07153610106499304
DLBCL_RICOVER_744	0.005096870338819192	0.04785816823523391	0.9227819501302676	0.022828133336776246	0.0014348779589029967
DLBCL11675	0.0068908440579980796	0.023072143673008715	0.8627578444835364	0.05591644542278443	0.05136272236267236
DLBCL_C_D_1141_NULLPAIR	0.0061108640949016696	0.11901099499886546	0.7198479330042475	0.018441013444528472	0.13658919445745688
DLBCL_RICOVER_216	0.1642692810237796	0.17238637285913572	0.05583407281580334	0.021262159177776675	0.5862481141235046
DLBCL11526	0.8016622090851383	0.08508677760306911	0.05023310709373552	0.05511860044367201	0.007899305774385018
DLBCL11666	0.009839448952200416	0.19581245179613369	0.7249861355651475	0.05589705470016619	0.013464908986352251
DLBCL11458	0.5859123719355614	0.13319173184001465	0.12092053746157427	0.07195838380701633	0.08801697495583337
DLBCL_RICOVER_1061	0.17657073856813682	0.012973133909599161	0.12868824667709644	0.6348414709645686	0.046926409880599
DLBC_FF_8062_TP_NB	0.11605569935067989	0.03544663558230117	0.247575955637678	0.5640031071097331	0.03691860231960785
DLBCL11002	0.1512834253991935	0.025914491029540708	0.1028680601618681	0.6596412359206797	0.06029278748871794
DLBCL11433	0.1643811836407433	0.023992458802312745	0.12107564099200079	0.4021979857965028	0.28835273076844037
DLBCL11447	0.06421081591151895	0.10643067370917962	0.047071717353623255	0.3709726862729803	0.41131410675269786
DLBCL_MC_F139_LJF	0.16742548782141448	0.08673626727377731	0.12082903977331866	0.5561305042728556	0.06887870085863396
DLBCL11527	0.04133756780958538	0.08574442894911243	0.48395783261667435	0.30310089812921287	0.08585927249541507
DLBCL_LS2590	0.05430153210107784	0.0861874985143516	0.060395175250028334	0.3590357337199218	0.44008006041462056
DLBCL10539	0.04023761941289661	0.3226873409895793	0.05797580906000274	0.09859968976625394	0.4804995407712674
DLBCL10965	0.07554086426802831	0.07571065393077989	0.08268401296839568	0.2590607531079018	0.5070037157248943
DLBCL_MC_F218_RAP	0.8736507984167882	0.006338964762366467	0.040097393352448614	0.06652491702746642	0.01338792644093033
DLBCL11460	0.2167844828289482	0.37009738006527	0.07142936701291903	0.1858162385090996	0.15587253158376313
DLBCL_C_D_1109_NULLPAIR	0.27779750777639073	0.027377491851696772	0.059153959483941615	0.2642516687616711	0.3714193721262996
DLBCL_RICOVER_701	0.13002899934037743	0.03310625823445015	0.048052428683610156	0.7378014587631574	0.05101085497840483
DLBCL10863	0.0476899518564408	0.0337395242034713	0.015371781076399292	0.1884552257343686	0.7147435171293199
DLBCL11206	0.04350913300131762	0.5905379856528676	0.052757199655476324	0.012485632969652046	0.3007100487206863
DLBCL10901	0.19934738230438642	0.11223753412921547	0.07003095547486385	0.19513646581121832	0.423247662280316
DLBCL10860	0.004306684397677835	0.07728003656352073	0.005898151223292567	0.037737414723049624	0.8747777130924592
DLBCL_RICOVER_1032	0.024655043591528134	0.2291720771514519	0.025897228504137445	0.0546461492571674	0.6656295014957151
DLBCL10908	0.3404147696691166	0.11935939896909376	0.25953055497969585	0.08067878700545984	0.2000164893766339
DLBCL10999	0.012472100643100807	0.10740056437601361	0.027370318908894145	0.08705440196667459	0.7657026141053168
DLBCL10930	0.4398126980486464	0.134662065222707	0.005748194478237514	0.07775530557813579	0.3420217366722734
DLBCL_RICOVER_506	0.03354549927667124	0.37495608103817596	0.02761612187994559	0.07663256102155243	0.4872497367836547
DLBCL_RICOVER_712	0.06727580694625156	0.2277600993874834	0.05713983442420754	0.041580067492830004	0.6062441917492275
DLBCL_RICOVER_956	0.005279293018977683	0.2553776525953955	0.0022348827041119884	0.020923098391484242	0.7161850732900306
DLBCL10990	0.008452384766951206	0.09060079896950152	0.004954085119236725	0.013857420201080922	0.8821353109432296
DLBCL10925	0.07949280711361877	0.082735756318555	0.03990665695220544	0.20039630413346676	0.597468475482154
DLBCL10857	0.04195364395601831	0.05586066376862617	0.007768272632947107	0.14514143450567044	0.749275985136738
DLBCL11538	0.11544803643408415	0.038417791816873534	0.44724239145278455	0.1092095832273739	0.2896821970688837
DLBCL10902	0.08953782085569414	0.3052018099972595	0.04560189772872269	0.0509250551879037	0.5087334162304199
DLBCL10889	0.023352238198671427	0.027749562277688482	0.011066312761999559	0.029877111324293427	0.9079547754373472
DLBCL10842	0.020946578719347304	0.10523476617221977	0.02067806612252111	0.018070834532190008	0.8350697544537218
DLBCL11504	0.1102878726052096	0.39436955824423076	0.18246356007981399	0.0732319372231249	0.2396470718476207
DLBCL10963	0.17437080067028232	0.1996082960127812	0.03995164628884846	0.0873357327625587	0.4987335242655293
DLBCL_RICOVER_720	0.08273799582909702	0.11628905678123996	0.01260419834587494	0.02799974090029769	0.7603690081434904
DLBCL_RICOVER_773	0.030126260407636867	0.47687051723428103	0.07110178920889455	0.01588778106346635	0.40601365208572127
DLBCL10532	0.05985943460522251	0.15326532117226777	0.12122460128962306	0.06718110554710548	0.5984695373857812
DLBCL_RICOVER_1192	0.003952466053709636	0.05860246562697628	0.005553159536331566	0.04251457321668855	0.889377335566294
DLBCL10980	0.027504482175884033	0.31161156815675	0.0311954428297317	0.023137139589034236	0.6065513672486
DLBCL10977	0.011050908186478517	0.03123838549733126	0.01219358097979175	0.013018963558831283	0.9324981617775672
DLBCL11000	0.02609787162151158	0.034966723603827125	0.009705927807987243	0.11523238601304833	0.8139970909536257
DLBCL10898	0.0155589076677858	0.5221055185292601	0.02313250358350499	0.013699591903089671	0.42550347831635943
DLBC_FF_A7CX_TP_NB	0.4859476226799111	0.04447946619576153	0.12779895323272022	0.13453859384590955	0.2072353640456976
DLBCL10877	0.5589011906924936	0.0540300316981136	0.13575721090445975	0.1207681779561573	0.13054338874877583
DLBCL10492	0.5540977009825986	0.17187157256711566	0.0037461735972777353	0.1088949495101594	0.1613896033428486
DLBCL11501	0.4570445168989791	0.3848541446390339	0.014821524624249472	0.04428320269029848	0.09899661114743907
DLBCL11477	0.93357970766515	0.006030670514555715	0.00440022417934643	0.039925964662158836	0.01606343297878902
DLBCL_LS3809	0.3725517107203731	0.12032692116900813	0.014220554182498487	0.09896164147095035	0.3939391724571699
DLBCL10971	0.11015194050337297	0.27488400804932334	0.04158914989440418	0.1747928874403903	0.3985820141125093
DLBCL10462	0.3121083399220676	0.10429609709856744	0.007099761407442976	0.07953031844890823	0.4969654831230138
DLBCL_LS2367	0.47777929758941207	0.15105347708550426	0.03581631422018966	0.23282534790106374	0.10252556320383023
DLBCL10542	0.7391962125653871	0.10139273116746027	0.007878371937501953	0.07713770990556304	0.07439497442408757
DLBCL10928	0.6840892544517105	0.08501414298364302	0.01969757504997239	0.042355388369755304	0.1688436391449187
DLBCL10896	0.7290283321389379	0.030862935037467988	0.004710068089823351	0.08732208311446277	0.14807658161930795
DLBCL10918	0.650434234249755	0.03246307324839497	0.03916855372655402	0.06358771860093976	0.21434642017435632
DLBCL11473	0.4343119062359227	0.22268671624637626	0.020120861380540932	0.16170353958947356	0.16117697654768645
DLBCL10548	0.3264223866026232	0.44523814863496985	0.023502331986032438	0.0921571235323381	0.11268000924403643
DLBCL11676	0.7454612017951512	0.10650153632599273	0.028094618221779968	0.09086165233595209	0.029080991321124024
DLBCL11509	0.4583585187344155	0.2261655766518024	0.07691013420607486	0.11863169432018426	0.119934076087523
DLBCL10875	0.17652469793073128	0.42368709544092237	0.14425935183187727	0.12990267398241045	0.12562618081405863
DLBCL10450	0.17120041778480546	0.2653849995875687	0.04939922769615089	0.19636979186938383	0.317645563062091
DLBCL10966	0.7178062869212263	0.050577753225465046	0.07343911324600315	0.12870453795944797	0.029472308647857538
DLBCL_RICOVER_826	0.5285161131070468	0.17779798095448407	0.036342721246601546	0.15858728014392745	0.09875590454794012
DLBCL10488	0.39166826227244256	0.42598234921538286	0.03168655302626053	0.1268359754356027	0.023826860050311396
DLBCL10975	0.8277958534704504	0.009948749553021406	0.008207427787940064	0.10176477082835228	0.052283198360235913
