	0	1	2	3	4
DLBCL11539	0.5734118687850362	0.009605496535297905	0.05532459958790785	0.3217575731893487	0.03990046190240926
DLBCL_C_D_1148_NULLPAIR	0.23497089072007032	0.03957346178482585	0.31427248333657976	0.3523750484731485	0.05880811568537546
DLBCL10912	0.7860458623686336	0.06335157999523582	0.0726405453485568	0.046370659105069184	0.03159135318250462
DLBCL_RICOVER_829	0.739222068757528	0.0677267194578711	0.036120338836044735	0.0927951711191045	0.06413570182945161
DLBCL11652	0.28622673455989783	0.34492192837158253	0.10896771484761716	0.03137731352216734	0.22850630869873512
DLBCL10986	0.13794740436855835	0.4420547754159417	0.09827165100752752	0.09092314574978322	0.2308030234581893
DLBCL_C_D_1129_NULLPAIR	0.6784077463281228	0.05296928474263722	0.05032514913856653	0.030448172728445442	0.1878496470622279
DLBCL10950	0.5742810136604249	0.06773437877425512	0.06252000615359322	0.0964602021382543	0.19900439927347247
DLBCL11662	0.7794176208381406	0.14642745065865068	0.002454026887563939	0.04689413614153219	0.024806765474112563
DLBCL11481	0.3514195619439944	0.018100402453166416	0.4601515457821092	0.11128442020537338	0.0590440696153566
DLBCL11429	0.6884859329724955	0.044233176263664416	0.06610161271008244	0.1511819430336692	0.04999733502008846
DLBCL10945	0.65753476948098	0.0458781351868414	0.008485308967750812	0.04094296761912128	0.24715881874530654
DLBCL_LS951	0.17603008149390198	0.28375553458954406	0.12030496232246901	0.24801407186764696	0.1718953497264379
DLBCL_MAYO_DLBCL_3653	0.31914391700128775	0.16172246391604098	0.1282478599049273	0.09692887381388705	0.2939568853638569
DLBCL11537	0.9099608177025174	0.004761886161698887	0.0031759604008994636	0.04239852515740015	0.03970281057748414
DLBCL_C_D_1114_NULLPAIR	0.8239583767202384	0.01491516158277856	0.009269881682610628	0.06517012912323049	0.08668645089114194
DLBCL11461	0.61760599024282	0.12055493263728931	0.01016511538773935	0.2389882881411746	0.012685673590976703
DLBCL10997	0.23585163201068965	0.18038864461763082	0.06269866797914442	0.3058398770846013	0.21522117830793366
DLBCL_C_D_1130_NULLPAIR	0.5938114827671178	0.27334970858498947	0.007113439286645718	0.06175917858813961	0.0639661907731073
DLBCL10515	0.624583028532282	0.10122145195142387	0.09754681390384301	0.08123342293316416	0.09541528267928698
DLBCL10914	0.3795319261081902	0.09938704321207553	0.2513726071441207	0.0584932636127255	0.2112151599228881
DLBCL11462	0.33599939977527365	0.07245611491077762	0.13356381071092457	0.052816011695596375	0.4051646629074277
DLBCL11520	0.765566721779584	0.028523664811910293	0.015573231820773921	0.0549004269222026	0.13543595466552918
DLBCL11203	0.03258977310433596	0.7187585324191825	0.08234261093156306	0.09975922622030009	0.06654985732461832
DLBCL_LS3749	0.06370435663607919	0.6726958608380461	0.06187734657667468	0.17305992456159708	0.028662511387603014
DLBCL10874	0.13354327887092277	0.3414478544191237	0.060568562330336084	0.10161234920721676	0.36282795517240074
DLBCL_BWH_DLBCL64	0.3228789917833811	0.1688363481449649	0.14743963732384813	0.34652741504498125	0.014317607702824586
DLBCL_LS1921	0.023320842326189965	0.19084991347720168	0.6282063564603775	0.12519581611310468	0.03242707162312619
DLBCL_C_D_1108_NULLPAIR	0.017978703704716645	0.6286139788800407	0.021607966329832317	0.016889017567533544	0.3149103335178769
DLBCL11661	0.0944035742319366	0.3782283278528102	0.07012248225479588	0.39552959043435176	0.06171602522610553
DLBCL_C_D_1136_NULLPAIR	0.01861319800440137	0.7488088274132824	0.006852328444878279	0.06801335687546989	0.1577122892619681
DLBCL11507	0.26109941677688986	0.48595949468686284	0.13649908136784453	0.0720403007056437	0.044401706462759094
DLBCL10494	0.022402745741606594	0.4531805866283856	0.3438580639851097	0.07423449449872917	0.10632410914616901
DLBCL_RICOVER_1046	0.0033449297848354305	0.25795534226281625	0.6622071913676267	0.024708852572481125	0.0517836840122405
DLBCL10510	0.049798609704345985	0.7475264319392525	0.01259943416539274	0.029768918836438802	0.16030660535457006
DLBCL_LS1065	0.06655659307831874	0.7611671044735956	0.03415806360987533	0.03588320173523944	0.10223503710297092
DLBCL_RICOVER_787	0.10395596496859894	0.5865539983893165	0.17383765781235083	0.11510240553938164	0.02054997329035202
DLBCL_RICOVER_478	0.2776662388651799	0.3812435697591669	0.06023687432294683	0.027035680438135035	0.25381763661457135
DLBCL10983	0.03622751209438392	0.5273023092366709	0.0368088431676913	0.06324307378161789	0.336418261719636
DLBCL11479	0.11877903049279874	0.542052194527501	0.08845562049346165	0.034659701499830414	0.21605345298640818
DLBCL_MC_F500_ECU	0.11369857773561826	0.46321530539305555	0.1693256593612731	0.05289964153179323	0.20086081597825992
DLBCL10846	0.41880329457109333	0.4390244227977299	0.011416613478595568	0.04125853095530486	0.08949713819727648
DLBCL10911	0.04876819770098575	0.8781864968142866	0.029837525693203915	0.01010506759715979	0.03310271219436399
DLBCL10981	0.1215736416597197	0.29507356483761005	0.03404152048375434	0.23982051626323778	0.3094907567556781
DLBCL_MC_F729_MAN	0.10215894115308549	0.5704783312178463	0.05135492930296937	0.09497724819546811	0.18103055013063082
DLBCL10894	0.22900351759025578	0.617344697471783	0.012145179938071703	0.08404056841258663	0.05746603658730299
DLBCL11565	0.0482011451726458	0.6505972675095621	0.0577856734884331	0.1350332906670712	0.10838262316228765
DLBCL10461	0.034887166442786305	0.6950351807797117	0.04545593889748268	0.039495780117632225	0.18512593376238715
DLBCL_MC_F089_HCZ	0.04370896845640574	0.7313706678155331	0.06340458237272997	0.11115788089476458	0.050357900460566665
DLBCL_RICOVER_440	0.0054018919156304055	0.48339861779116655	0.34645726412055605	0.03675666315419991	0.12798556301844718
DLBCL_DFCI_DLBCL_GOE16	0.0	0.0	1.0	0.0	0.0
DLBCL11558	0.020713418444859254	0.055711500372644794	0.8720777298681872	0.0437844851460202	0.0077128661682885164
DLBCL10555	0.0378005164894595	0.06854865368304765	0.8539415091804203	0.034876511321330156	0.004832809325742446
DLBCL_LS1395	0.009494534469931105	0.21095720825284084	0.7395165916327354	0.013200567311051875	0.026831098333440797
DLBC_FF_8046_TP_NB	0.028946267862716778	0.02192038380745111	0.8934670717783894	0.026406045218829253	0.029260231332613462
DLBCL11680	0.01440969215162145	0.027681069572210434	0.9330903858253322	0.01989109895100254	0.00492775349983334
DLBCL11685	0.0011991714251026106	0.020555967841173677	0.9668457477402688	0.009064928956739294	0.002334184036715628
DLBCL_LS1304	0.013276081522434148	0.06980502979793059	0.8056803220846419	0.032039902297224775	0.07919866429776862
DLBCL_LS297	0.001750592878358021	0.016431410208654556	0.9431551859760022	0.03638579607336736	0.002277014863617786
DLBCL_MC_F815_BAT	0.006750464556609014	0.05894529022619622	0.7783640040589438	0.11021088199695434	0.045729359161296675
DLBCL_LS2325	0.00583037230371761	0.28049215910583575	0.6324597704347859	0.04253028958122739	0.0386874085744334
DLBCL10466	0.008663035715753593	0.05149278911836202	0.8303950285037306	0.09150034704562124	0.017948799616532538
DLBCL11672	0.008101792696506922	0.026390585024897002	0.8503922476993391	0.06029437742200842	0.054820997157248565
DLBCL_MC_F606_DMJ	0.0039953036901233755	0.20403539334147758	0.7593342862510807	0.01408259987972408	0.018552416837594295
DLBCL11428	0.015480982218629294	0.060003316931641126	0.8941296517391837	0.018363918415392214	0.012022130695153689
DLBCL10879	0.015239968912555352	0.061541675500743624	0.784032194307447	0.06370494313541507	0.07548121814383899
DLBCL10536	0.10402032544287963	0.2598976848402746	0.5028004001957325	0.0812994248521727	0.05198216466894046
DLBCL11534	0.2751282390946342	0.024588027878749558	0.4711225493766026	0.08587728395281011	0.14328389969720357
DLBCL10491	0.059911997742074286	0.543545480825582	0.07418742412201632	0.2974417273596236	0.02491336995070385
DLBCL10513	0.3491648404445101	0.32119506049931884	0.15175203030212833	0.12673623782348223	0.051151830930560555
DLBCL10868	0.1335266422762063	0.08394476874362009	0.0224760369248619	0.4529496517708443	0.3071029002844674
DLBCL10858	0.1310402060752776	0.013991285757196248	0.023060284920562384	0.3740368160950321	0.4578714071519317
DLBCL10547	0.15162851559320337	0.1651408698623947	0.06998263694670473	0.5008269030877812	0.11242107450991591
DLBCL10544	0.09434388308646086	0.019938637624930103	0.030207534748200454	0.6764601049570608	0.17904983958334783
DLBCL11491	0.07210100328850343	0.054836479686096354	0.07368450443827891	0.2548658986062465	0.5445121139808748
DLBCL11564	0.09754049453688386	0.07829281989013483	0.03979493881247843	0.6613295714029098	0.12304217535759304
DLBCL11459	0.20546395047868984	0.04525798740920472	0.18824180268170335	0.49188617918691063	0.06915008024349155
DLBCL_RICOVER_1045	0.12834580516358632	0.33500343887549405	0.06311955726552171	0.11982873083373702	0.3537024678616609
DLBCL10456	0.13236407087012517	0.11887300742216715	0.06933934846594268	0.6102960772707716	0.06912749597099346
DLBCL_RICOVER_985	0.10053242753986212	0.07497343196987935	0.08671891618933862	0.6519521251365532	0.08582309916436673
DLBCL_RICOVER_950	0.14761219295191827	0.05443956817047787	0.39787572495727247	0.3636786940394608	0.0363938198808706
DLBCL_C_D_1159_NULLPAIR	0.7204630420732342	0.05696935923979144	0.005287140373847474	0.09333217831254406	0.12394828000058282
DLBCL_RICOVER_711	0.2571749307808564	0.555501186076407	0.02178141887841882	0.15360905415232293	0.011933410111994868
DLBC_FF_A7CQ_TP_NB	0.06160845171526229	0.0859736283605159	0.07767276955710062	0.287824916196038	0.4869202341710832
DLBCL10915	0.05734546608042939	0.5963812687813725	0.053817238714610784	0.08955381454640543	0.20290221187718185
DLBCL10867	0.027175875701397317	0.4641865296846849	0.034351058445448605	0.03867904880858455	0.4356074873598845
DLBCL10992	0.017476446461512515	0.0531169771337018	0.039388516834254934	0.13223692294389117	0.7577811366266396
DLBCL10887	0.01056441554125139	0.05301348382930314	0.023894660407238325	0.019265425211506267	0.8932620150107009
DLBCL10878	0.198309842202504	0.1389178770862709	0.14336761225333577	0.08546945411345963	0.4339352143444296
DLBCL11431	0.16670299496880625	0.2043176608725037	0.25349847338498077	0.0892668488354587	0.2862140219382506
DLBCL10891	0.12260899062407495	0.0434284231945751	0.12877333876243663	0.2848173322384301	0.4203719151804832
DLBCL10521	0.07230502774769806	0.5932789661910501	0.00959539830753161	0.005690191756910152	0.31913041599681
DLBCL11476	0.11968933576355044	0.15276780233664103	0.014593443993981462	0.019477582761733253	0.6934718351440938
DLBCL_MC_F519_ALT	0.01254252190206074	0.023999830186447153	0.017352678656725053	0.01722290592622058	0.9288820633285465
DLBCL10866	0.09158752765093263	0.07216945961746363	0.07378817653351011	0.367898193851882	0.3945566423462116
DLBCL_RICOVER_449	0.31276231022143514	0.056071567372688196	0.00499114007743695	0.07077151559610957	0.5554034667323302
DFCIDL004_DT	0.3337258434232666	0.031031475690829445	0.06195542131116927	0.19009808715125373	0.3831891724234809
DLBCL_RICOVER_1287	0.07639390316810285	0.4032002884189197	0.03997705694054231	0.009502153910386385	0.4709265975620487
DLBCL10836	0.03237981067860752	0.016592030706730394	0.015394594302618463	0.09448670262269192	0.8411468616893517
DLBCL10550	0.018027224350092554	0.10119553084927001	0.007560143710590335	0.01606743844939669	0.8571496626406504
DLBCL_LS3200	0.017217985727338632	0.15299864242503697	0.012754734530465156	0.025113058899367987	0.7919155784177913
DLBCL10900	0.07011427206580023	0.0409110979851099	0.014183063530014308	0.09695998285094186	0.7778315835681336
DLBCL10853	0.1372082522523901	0.2277497860964471	0.05365864553881567	0.037004755134054226	0.5443785609782928
DLBCL_RICOVER_111	0.20480882092834116	0.22875193090531779	0.1951044169710639	0.05829729427340522	0.31303753692187186
DLBCL_RICOVER_417	0.01230840112498697	0.04231449324165812	0.008222886960323382	0.031077657514202967	0.9060765611588286
DLBCL10529	0.012203039543303018	0.28299239160693807	0.015477505402001511	0.06167097821111518	0.6276560852366422
DLBCL10847	0.027975149017528365	0.08618377376366429	0.007338282525759955	0.008218365349321115	0.8702844293437263
DLBCL_C_D_PAIR13	0.4675178089302447	0.059021164521978225	0.20022178932618503	0.07663009432483633	0.19660914289675582
DLBCL_C_D_1163_NULLPAIR	0.013691133710129708	0.02312575989165798	0.0037756140692201995	0.06991797687703484	0.8894895154519573
DLBCL10833	0.32830167670549104	0.14153779671792632	0.01892091413827032	0.09507024635608353	0.41616936608222876
DLBCL10835	0.05069179105336289	0.2105598747996777	0.010710839830709576	0.11145244614699801	0.616585048169252
DLBCL_C_D_1156_NULLPAIR	0.9736846866434022	0.0014750218536761057	0.0021630170569561075	0.019468302921844195	0.003208971524121309
DLBCL_RICOVER_977	0.7897110590904478	0.0209324077360844	0.004623440085867071	0.127673929908248	0.05705916317935269
DLBCL_C_D_1128_NULLPAIR	0.967317121289546	0.00236077560442959	0.0007382223363228883	0.02664446170780432	0.0029394190618972594
DLBCL_RICOVER_451	0.6349778914796194	0.11370574826396788	0.09276522480760917	0.09554380690740259	0.06300732854140108
DLBCL10994	0.20829094300410017	0.5187690202794503	0.06345133311329616	0.08500963394831694	0.12447906965483643
DLBCL10884	0.7877209580041732	0.0597174920714633	0.0053991886439281695	0.09071539105901866	0.056446970221416676
DLBCL10931	0.9399138396589211	0.0044677996365728315	0.0035194773984145293	0.03678132104155324	0.015317562264538384
DLBCL11671	0.20586152950105926	0.302621735268819	0.11631842620040152	0.13865835434243898	0.2365399546872812
DLBCL_LS1757	0.38300980557316266	0.33772250352501404	0.029660718663058222	0.2005958598911634	0.049011112347601714
DLBCL11488	0.7019314239516347	0.12052659570573646	0.002782300648272203	0.06501869393459378	0.10974098575976284
DLBCL11496	0.8184187771865038	0.07307434901937279	0.021814914530461565	0.051208397795711874	0.035483561467949946
DLBCL10525	0.8292428006929946	0.002664078238695219	0.015328407590255097	0.12381380250978816	0.028950910968266918
DLBCL11430	0.24418739581496934	0.14214467250259888	0.24011578471167844	0.3252803549535794	0.04827179201717396
DLBCL11478	0.6484717631380721	0.11020435856166469	0.05637881723023023	0.13734894772309272	0.047596113346940284
DLBCL11202	0.1557537270272376	0.21467598943972713	0.3205745144552672	0.2346154604428953	0.07438030863487273
DLBCL10935	0.6923766284203381	0.11267951989098084	0.018366462221922134	0.06450023517998223	0.11207715428677674
DLBCL11470	0.5131824648666624	0.06662528522177469	0.007427740670583071	0.35724210711956583	0.055522402121414065
DLBCL_RICOVER_910	0.32930593864271385	0.08315905718067602	0.18743857917588008	0.09424095394291751	0.3058554710578125
DLBCL10495	0.6905887411289898	0.14926944042993437	0.029626565428444846	0.03752283158029254	0.09299242143233839
DLBCL10844	0.41076343746262955	0.1843527513899368	0.08933510183590325	0.02299760106126862	0.29255110825026176
DLBCL10993	0.8724917143605956	0.025469599242176424	0.004583223147302659	0.07714186111285165	0.020313602137073648
DLBCL11519	0.2635112999606611	0.15616622191328539	0.07602149118831208	0.48232142336622	0.021979563571521393
DLBCL_RICOVER_945	0.2343040921119577	0.2781255499386984	0.159054654827934	0.13009542155380294	0.198420281567607
DLBCL_RICOVER_533	0.06144832361452021	0.6727416672923059	0.08853909845330077	0.09001183372653385	0.08725907691333931
DLBCL10903	0.019058917408973357	0.8459683202161009	0.05824559875438864	0.024015621517623178	0.052711542102913886
DLBCL_DFCI_DLBCL_GOE05	0.008675005821789044	0.21443823108222823	0.015360998136402002	0.030549782366168208	0.7309759825934126
DLBCL11673	0.22849733248448215	0.41319918763166125	0.1791583736991402	0.10816160311292819	0.07098350307178826
DLBCL_LS146	0.03348164315177221	0.8390471203229125	0.041749246048269906	0.035449504072274464	0.050272486404770944
DLBCL10517	0.04504937321253839	0.4959819684231479	0.14987702752919996	0.1411852893234718	0.167906341511642
DLBCL11204	0.10399407076148007	0.5908686457604376	0.08071375348621665	0.08818215088338864	0.13624137910847695
DLBCL11436	0.06567581946835921	0.5359894673529748	0.05870433170316641	0.058773747415939055	0.2808566340595605
DLBCL_RICOVER_467	0.021738179021384713	0.44410235339036114	0.049002610288812476	0.02757476585893828	0.4575820914405034
DLBCL10922	0.029809088043702213	0.8043567865546035	0.07011813935769916	0.021438841689438878	0.07427714435455626
DLBCL_C_D_1117_NULLPAIR	0.10582100739741121	0.5274499197339231	0.06406414621860905	0.23505575665576403	0.06760916999429262
DLBCL11188	0.007147797483185083	0.9342367113732439	0.009172859725936898	0.019334101499601204	0.030108529918032877
DLBCL10871	0.049238920727483045	0.5064801915263951	0.05947425019824833	0.04189865842296912	0.3429079791249044
DLBCL10549	0.038021556015325836	0.6796897464916558	0.2092152169314914	0.0469110438482048	0.026162436713322128
DLBCL10885	0.13368998061768708	0.4926264185495363	0.05375198806631712	0.08192068326702022	0.23801092949943917
DLBCL_C_D_1118_NULLPAIR	0.3350523786311077	0.3928124711914531	0.1392120803652403	0.08356395700801106	0.04935911280418786
DLBCL11456	0.09315313388215765	0.6956386930014894	0.04500285146266613	0.0959899475459432	0.07021537410774356
DLBCL_LS2089	0.003938761508282753	0.5898820805298772	0.005012107696485625	0.006858807814042927	0.3943082424513114
DLBCL_LS2245	0.16915419182864896	0.29119336139170926	0.3673619492172307	0.09158036257206685	0.08071013499034438
DLBCL_LS3245	0.012667359173354046	0.2828942557099423	0.6262983588493213	0.05151865040013461	0.0266213758672477
DLBCL10962	0.09107022556025401	0.5163254662248514	0.07275227142780395	0.03268586329943461	0.28716617348765605
DLBC_FF_8043_TP_NB	0.1070096750532751	0.6666307311713958	0.051188870868243766	0.054179978003077424	0.12099074490400788
DLBCL_LS4054	0.207827755526961	0.14954209594414564	0.2583416038935839	0.29561197378503273	0.08867657085027666
DLBCL10452	0.06899194173822433	0.31014149340489033	0.027591485808766882	0.035988525776830226	0.5572865532712883
DLBCL_DFCI_DLBCL_GOE07	0.08761660503094518	0.6351444031082972	0.05825589464820941	0.013557345209563034	0.2054257520029851
DLBCL10503	0.061659484230970125	0.3679005284175988	0.08151098050726432	0.029375118732701485	0.45955388811146525
DLBCL10512	0.08817036483932938	0.17247701214139294	0.23928242370310615	0.28080178058257543	0.219268418733596
DLBCL11670	0.025461372259618382	0.08587492292573039	0.8240982071246364	0.028027548192584104	0.03653794949743066
DLBCL11590	0.28228434191317414	0.08363247046489505	0.3493536711198723	0.09321962246910864	0.19150989403294982
DLBCL_RICOVER_978	0.29193157211874743	0.11542354914466299	0.19781217261651618	0.20824131042558955	0.1865913956944839
DLBCL10910	0.0401267196369016	0.6913390147000902	0.05489095067590266	0.07624080221309906	0.13740251277400653
DLBCL11656	0.00897131252505501	0.0447048122135687	0.8864836376368554	0.0414260402746629	0.018414197349857987
DLBCL10472	0.11708492068053371	0.30605375961287345	0.40531659242080736	0.1154422324517234	0.056102494834061975
DLBCL10465	0.0033177616411606504	0.13029838206016406	0.8060007436231412	0.01811347109748627	0.042269641578047745
DLBCL10856	0.08382549948607224	0.39202479717713185	0.12911041296438913	0.11550540417404219	0.2795338861983646
DLBCL11566	0.011676420333586953	0.26632229284142145	0.6084504347515608	0.042062357309874954	0.07148849476355582
DLBCL_RICOVER_577	0.04187017305671417	0.08523757980197559	0.23324736033131993	0.16528794607429131	0.474356940735699
DLBCL_LS2599	0.0577581747755917	0.0764405723818501	0.7985150410276307	0.05985769917765154	0.007428512637275957
DLBCL11515	0.14382827928695677	0.2389604363122429	0.14988496876906182	0.06453344362085149	0.40279287201088687
DLBCL11528	0.22664949593262704	0.2164183218288843	0.37618573562701	0.08477416241674307	0.09597228419473565
DLBCL10936	0.3535396142325946	0.20866740637519837	0.105980118144686	0.059226177837082034	0.27258668341043896
DLBCL_RICOVER_408	0.0853355970529649	0.265090899492356	0.4878342274564788	0.07201856519002237	0.08972071080817803
DLBCL_LS4616	0.0067885817228176114	0.25705312503339495	0.6899377779681413	0.030062154651214715	0.016158360624431517
DLBCL_LS762	0.08898783709410556	0.12043515322815403	0.31117022282835866	0.028087819717387764	0.451318967131994
DLBCL11667	0.04033062450616182	0.08096355534674955	0.7831569612140692	0.03954852024893011	0.056000338684089296
DLBCL_LS2357	0.08107581776216648	0.024651254939603646	0.2213428624264023	0.6427518977733473	0.030178167098480216
DLBCL_LS3499	0.22356886208124976	0.12832879911044776	0.11170731667327131	0.3653589327647973	0.17103608937023393
DLBCL11576	0.07746351002425643	0.5555738129828602	0.10145978721147716	0.20423048566490207	0.061272404116504135
DLBCL10782	0.3069128130528122	0.27969589282821083	0.08375816252361898	0.25698240358877544	0.07265072800658248
DLBCL10565	0.037497769112283925	0.02975809874602799	0.6012417308464504	0.2501725753798105	0.08132982591542709
DLBCL_RICOVER_1018	0.04837005493372566	0.3974034552943093	0.0427279239999107	0.29300580159977324	0.2184927641722811
DLBCL10564	0.01058424001448979	0.25599192895939854	0.6097678638963914	0.09268591237687962	0.03097005475284066
DLBCL11437	0.6669314222710184	0.029296593859198312	0.023350828038603173	0.20062929054701836	0.07979186528416168
DLBCL10974	0.21625449502775138	0.020454996108399886	0.09782644706000143	0.3915695072180663	0.27389455458578105
DLBCL10927	0.3910893301987377	0.11556887480242356	0.04642378558323821	0.17234880525066684	0.2745692041649337
DLBCL_RICOVER_274	0.030343726528031176	0.14663240245742623	0.02266160633057058	0.15702952361881342	0.6433327410651586
DLBCL11658	0.06818125285211973	0.020585479917089398	0.04039728634684249	0.4995170100519073	0.3713189708320411
DLBCL10552	0.39560538479059365	0.09242203058067487	0.07046293360232983	0.4088925647139363	0.03261708631246527
DLBCL10553	0.15943268097791352	0.1047227311235466	0.1108999934447053	0.502899360371105	0.1220452340827295
DLBCL11536	0.05077026909141732	0.47218042030669877	0.04284298984347982	0.17781459447719428	0.25639172628120976
DLBCL11500	0.014262054447834956	0.05671378985952456	0.035138294856666905	0.08503635572535097	0.8088495051106226
DLBCL10530	0.03256431752587412	0.20585378664873238	0.01492276929364926	0.03289870403320757	0.7137604224985367
DLBCL10951	0.006871005801012489	0.03875786124892245	0.003276028014030986	0.0064236614780982405	0.9446714434579359
DLBCL11353	0.016935323522976727	0.09551177572533465	0.08209665343194354	0.01846534489342735	0.7869909024263178
DLBCL10534	0.0463141702345066	0.08999833621934172	0.018732154498878606	0.046429312849194736	0.7985260261980783
DLBCL_RICOVER_850	0.053183706394790344	0.20920164490260817	0.05365735562072318	0.20426256061356315	0.4796947324683151
DLBCL10890	0.05209261034266562	0.19401213770133396	0.027796307858615008	0.08070410827535934	0.6453948358220261
DLBCL_RICOVER_1289	0.036648324208975284	0.039606821870144575	0.013755962135191984	0.21357529838850378	0.6964135933971843
DLBCL_RICOVER_1106	0.02096597429351572	0.05208925029892743	0.012151157342438908	0.12052486954037157	0.7942687485247464
DLBCL_RICOVER_221	0.010312242953003266	0.0963482576068078	0.035161434476062924	0.05592175002496355	0.8022563149391625
DLBCL_RICOVER_1248	0.18305982346454103	0.11866824764973664	0.007043416248373473	0.0331404610366425	0.6580880516007064
DLBCL_RICOVER_1278	0.0951702980165117	0.15946036219880153	0.05750546944664983	0.24331590422078617	0.4445479661172508
DLBCL10852	0.03569128867446644	0.09014347960874886	0.0274701716262429	0.08754687679230257	0.7591481832982393
DLBCL10781	0.05472413545610091	0.20492936979568743	0.05498992915388596	0.09620438647013543	0.5891521791241902
DLBCL10880	0.02015847663962171	0.02268790288970241	0.0034228072296554712	0.021125017983303324	0.9326057952577171
DLBCL10535	0.11551336512850262	0.1462428892389593	0.1027549064699458	0.040965212044936354	0.5945236271176558
DLBCL10909	0.06635747556983351	0.12290884383891174	0.08832949111305821	0.24742578889648745	0.4749784005817091
DLBCL10921	0.00799369478701578	0.2798158181789931	0.008740765646191372	0.026641760977917314	0.6768079604098824
DLBCL11195	0.015339743210231361	0.3274121104328603	0.044295998935466596	0.04988043678000547	0.5630717106414362
DLBCL11450	0.15290694616742287	0.1747861317736545	0.06431581622147439	0.21601313060075297	0.39197797523669525
DLBCL10895	0.21352134947955884	0.3070311875121677	0.06678285538641997	0.027825555205954963	0.3848390524158987
DLBCL_LS2208	0.002695425778029013	0.01818241635589573	0.005334690517183715	0.007401347230183846	0.9663861201187077
DLBCL10862	0.013101679591731615	0.2173932533483023	0.012715049276618345	0.020410405745681568	0.7363796120376661
DLBCL_RICOVER_314	0.019225380079146332	0.3026996836763861	0.044594506020046235	0.05282391231364451	0.5806565179107768
DLBC_FF_8042_TP_NB	0.0024302520671194683	0.357994364437428	0.5329946718745385	0.026076071593888462	0.0805046400270255
DLBCL10883	0.09094106199496714	0.05846358916989451	0.04535159619605416	0.06428916491328654	0.7409545877257977
DLBCL_C_D_1125_NULLPAIR	0.011645397240209864	0.07736544281625002	0.010973620274067461	0.04455519971199069	0.8554603399574819
DLBCL_C_D_1144_NULLPAIR	0.10432827578164455	0.4659240119346078	0.056539802324185234	0.03411000883650527	0.3390979011230571
DLBCL11472	0.5543665754786632	0.01415486827356262	0.0641927296431067	0.27438558785620526	0.09290023874846225
DLBCL11512	0.45070174569940297	0.20113445315818218	0.1672909701622896	0.1268020284700908	0.05407080251003442
DLBCL11681	0.4378855777371741	0.013599887857360765	0.33169974552758935	0.10049649502235196	0.11631829385552378
DLBCL10482	0.17606447021690558	0.18668735198681904	0.05077140963792316	0.14445323371338017	0.442023534444972
DLBCL_LS2154	0.3880223057699115	0.32400534526839986	0.07563896412801625	0.05347008285001121	0.15886330198366128
DLBCL11474	0.4869735645043192	0.01424883790585222	0.005737634881438398	0.10038049745147117	0.3926594652569189
DLBCL10968	0.6081660817361237	0.12481439416792212	0.0068129791332964046	0.1589695574098001	0.10123698755285766
DLBCL11480	0.11913449489332209	0.4098291574243151	0.08401833645410225	0.037733005642394846	0.3492850055858656
DLBCL11486	0.7499635367897922	0.06680062835543259	0.003999043517343835	0.09727425133209888	0.08196254000533248
DLBCL11435	0.23664909129734027	0.032182103996044396	0.16263706752060256	0.3803366452349458	0.18819509195106704
DLBCL10451	0.24034381991214118	0.08628714628164136	0.6254127624463256	0.0396083575716689	0.00834791378822292
DLBCL_RICOVER_473	0.3100675400541663	0.20165336834309888	0.13936007376403892	0.12951527619365624	0.21940374164503976
DLBCL11205	0.5253559448139499	0.16498849752946151	0.09812964266526233	0.08778978210673545	0.1237361328845908
DLBCL11457	0.28867463658695747	0.05305261398172695	0.12374817219444202	0.3753267305797289	0.15919784665714468
DLBCL10969	0.293975055772422	0.1892586540586414	0.2036181233393586	0.06501615677886033	0.24813201005071778
DLBCL10490	0.2329089353146498	0.32837316975413644	0.05089529703511809	0.12502628998810913	0.2627963079079866
DLBCL10486	0.1926351528492562	0.3510378520018606	0.04186974209840749	0.029378848790631622	0.3850784042598441
DLBCL10458	0.6664423430036124	0.10433065228985694	0.06292032748060285	0.11140115416494303	0.0549055230609848
DLBCL10972	0.6187802882270238	0.18222574953775783	0.025495389942600574	0.06377210906238862	0.10972646323022912
DLBCL_MC_F262_WLC	0.9116315015292896	0.003620943226368988	0.0021329442372565715	0.0477610874100258	0.03485352359705908
DLBCL_MC_F307_JPS	0.8894818066947411	0.0037578581929432232	0.0029088760129094148	0.0842800439806949	0.01957141511871133
DLBCL_LS378	0.7379523963244873	0.06206940540563955	0.11662012288949714	0.030455182531670164	0.05290289284870595
DLBCL10957	0.3002139677943229	0.24077802403276624	0.15854235145444434	0.23820773804074263	0.062257918677723845
DLBCL_C_D_1105_NULLPAIR	0.18158065429610382	0.43031615783338534	0.088987256464917	0.0722123555415638	0.22690357586402998
DLBCL_RICOVER_174	0.04735584515713895	0.8776918776422422	0.02126809203646764	0.03739517611208597	0.016289009052065224
DLBCL10985	0.08474789447387865	0.6186341249533597	0.044704754860964584	0.10641743475155184	0.14549579096024529
DLBCL_C_D_1126_NULLPAIR	0.09440472956427538	0.44562514823874566	0.019712382012570136	0.09021795390769964	0.3500397862767091
DLBCL10834	0.10685256602245455	0.8035154176308017	0.04243783308568415	0.027103088856740978	0.020091094404318607
DLBCL_RICOVER_1210	0.021522214775011508	0.5209959962396115	0.13788842316508543	0.17796404960025886	0.14162931622003286
DLBCL10906	0.0767683494471992	0.23041225471920848	0.04770847537984155	0.06391246646984228	0.5811984539839086
DLBCL_RICOVER_299	0.009949414618105498	0.7229866154781004	0.14695514595662562	0.053974675815031126	0.06613414813213733
DLBCL10502	0.12434121602527216	0.48057562057987135	0.2227607071219666	0.08168752511206227	0.09063493116082758
DLBCL10954	0.02994419308876571	0.5955916312600165	0.03765145780938336	0.07717689685360399	0.2596358209882305
DLBCL_RICOVER_253	0.08659992535597157	0.7851101032489266	0.05486650672952561	0.019759621098656796	0.0536638435669194
DLBCL_RICOVER_1060	0.11469355711094618	0.17920909383260258	0.07526661594463963	0.06545020270299876	0.5653805304088129
DLBCL_RICOVER_1165	0.023090475911053832	0.6858692427124804	0.09805926463472914	0.023528743172158854	0.16945227356957773
DLBCL11003	0.04041176615899121	0.6314420560334314	0.028905457610245072	0.05482324770030907	0.24441747249702325
DLBCL10780	0.013156891508602343	0.12018014003981128	0.7817521499396013	0.04642271403397176	0.03848810447801331
DLBCL10934	0.06983116368042427	0.46618488487519516	0.03945912619553229	0.17437262037257603	0.2501522048762722
DLBCL_RICOVER_496	0.09179626604878705	0.6644380398528291	0.0909397616981283	0.07799175611786908	0.07483417628238644
DLBCL_C_D_1119_NULLPAIR	0.7720975245957916	0.12388206514772067	0.006737556525635872	0.04080674360917145	0.05647611012168036
DLBCL10460	0.044397759070654	0.7171735319279859	0.13262889013405532	0.022588121107358496	0.08321169775994619
DLBCL10850	0.17139422614118902	0.6550892038325946	0.024894927417288895	0.045143247424373735	0.10347839518455372
DLBCL_LS1668	0.017593565800874147	0.551706810030067	0.2803601061253641	0.06552863142344761	0.08481088662024712
DLBCL_C_D_1131_NULLPAIR	0.0420952866753702	0.3520279400776066	0.04653121058816733	0.05053566844879187	0.508809894210064
DLBCL11484	0.09124743947575832	0.661262688307319	0.1178535451610372	0.031514904213617974	0.09812142284226744
DLBCL10483	0.045096664272975526	0.36768465170808307	0.5039295388070542	0.04224399989242896	0.04104514531945831
DLBCL11449	0.05440048620130072	0.1702492908613235	0.06063255563042916	0.05692462338837402	0.6577930439185726
DLBCL_MC_F064AB	0.0037531767008153333	0.03875006390973339	0.7993517248502745	0.06949175696712298	0.08865327757205378
DLBCL_RICOVER_522	0.003580796715584606	0.1072842340886455	0.7766105597387836	0.0792681779225156	0.03325623153447076
DLBCL11441	0.2793559287913037	0.024365544987315885	0.056356736099880116	0.338067751620823	0.3018540385006773
DLBCL10459	0.0006263599881753324	0.014708005332977456	0.9213795542758796	0.031753140747547676	0.03153293965541993
DLBCL10498	0.009001388655401081	0.21908113271520122	0.7084604435630443	0.0520834858219281	0.011373549244425324
DLBCL_MC_F349_BJJ	0.0006718975930896072	0.09244275120710639	0.8566780639813537	0.007600929398320001	0.04260635782013023
DLBCL_LS155	0.004538018151533402	0.016222724144963407	0.916636860285066	0.053339864952300586	0.00926253246613664
DLBCL_C_D_1112_NULLPAIR	0.08385308205596329	0.2432839724626002	0.40400434977216054	0.09160274419769818	0.1772558515115778
DLBCL_C_D_1113_NULLPAIR	0.10350306569235913	0.05108371985989923	0.735671583847996	0.060615232517192544	0.04912639808255306
DLBCL_LS1098	0.006682125877316012	0.0396949425159774	0.8672357383608276	0.05953489518133959	0.02685229806453947
DLBCL_C_D_1133_NULLPAIR	0.02038328592711546	0.14477189765045392	0.7488544257090576	0.05733536068175408	0.028655030031619
DLBCL10523	0.1185894096587474	0.035950702326067153	0.4797588780724616	0.2941649088777309	0.071536101064993
DLBCL_RICOVER_744	0.0050968703388191375	0.04785816823523405	0.9227819501302676	0.022828133336776243	0.0014348779589029121
DLBCL11675	0.006890844057997999	0.02307214367300871	0.8627578444835364	0.05591644542278451	0.05136272236267237
DLBCL_C_D_1141_NULLPAIR	0.006110864094901652	0.11901099499886539	0.7198479330042477	0.018441013444528455	0.13658919445745685
DLBCL_RICOVER_216	0.1642692810237796	0.17238637285913577	0.05583407281580329	0.021262159177776633	0.5862481141235046
DLBCL11526	0.8016622090851383	0.08508677760306914	0.05023310709373557	0.05511860044367197	0.00789930577438499
DLBCL11666	0.00983944895220034	0.1958124517961337	0.7249861355651475	0.055897054700166204	0.013464908986352244
DLBCL11458	0.5859123719355614	0.13319173184001468	0.12092053746157426	0.07195838380701632	0.08801697495583334
DLBCL_RICOVER_1061	0.1765707385681369	0.012973133909599097	0.12868824667709647	0.6348414709645686	0.04692640988059895
DLBC_FF_8062_TP_NB	0.1160556993506799	0.035446635582301114	0.2475759556376781	0.5640031071097331	0.0369186023196078
DLBCL11002	0.1512834253991935	0.025914491029540708	0.10286806016186814	0.6596412359206797	0.06029278748871793
DLBCL11433	0.16438118364074333	0.023992458802312707	0.1210756409920008	0.4021979857965028	0.2883527307684404
DLBCL11447	0.06421081591151888	0.10643067370917962	0.047071717353623234	0.3709726862729803	0.41131410675269786
DLBCL_MC_F139_LJF	0.1674254878214145	0.08673626727377731	0.12082903977331864	0.5561305042728556	0.06887870085863393
DLBCL11527	0.04133756780958535	0.08574442894911243	0.48395783261667435	0.3031008981292128	0.08585927249541507
DLBCL_LS2590	0.05430153210107782	0.08618749851435153	0.06039517525002827	0.35903573371992187	0.44008006041462056
DLBCL10539	0.04023761941289661	0.3226873409895794	0.05797580906000268	0.09859968976625395	0.4804995407712674
DLBCL10965	0.07554086426802827	0.07571065393077989	0.08268401296839573	0.25906075310790183	0.5070037157248943
DLBCL_MC_F218_RAP	0.8736507984167882	0.00633896476236641	0.04009739335244864	0.06652491702746649	0.01338792644093028
DLBCL11460	0.21678448282894822	0.37009738006527	0.07142936701291902	0.18581623850909953	0.15587253158376307
DLBCL_C_D_1109_NULLPAIR	0.2777975077763908	0.027377491851696766	0.05915395948394163	0.26425166876167117	0.3714193721262995
DLBCL_RICOVER_701	0.13002899934037748	0.03310625823445013	0.04805242868361017	0.7378014587631574	0.051010854978404796
DLBCL10863	0.0476899518564408	0.0337395242034713	0.01537178107639923	0.18845522573436868	0.7147435171293199
DLBCL11206	0.043509133001317625	0.5905379856528676	0.05275719965547632	0.012485632969652015	0.3007100487206864
DLBCL10901	0.19934738230438642	0.11223753412921543	0.07003095547486385	0.19513646581121838	0.42324766228031596
DLBCL10860	0.004306684397677808	0.07728003656352078	0.0058981512232925614	0.037737414723049596	0.8747777130924592
DLBCL_RICOVER_1032	0.024655043591528092	0.229172077151452	0.02589722850413737	0.05464614925716742	0.6656295014957151
DLBCL10908	0.3404147696691166	0.11935939896909378	0.2595305549796959	0.08067878700545984	0.2000164893766339
DLBCL10999	0.012472100643100796	0.10740056437601367	0.027370318908894083	0.08705440196667462	0.7657026141053168
DLBCL10930	0.43981269804864637	0.13466206522270696	0.005748194478237501	0.07775530557813579	0.34202173667227337
DLBCL_RICOVER_506	0.03354549927667118	0.3749560810381761	0.027616121879945558	0.07663256102155241	0.4872497367836547
DLBCL_RICOVER_712	0.06727580694625156	0.22776009938748346	0.05713983442420752	0.04158006749283	0.6062441917492275
DLBCL_RICOVER_956	0.0052792930189776545	0.2553776525953957	0.002234882704111942	0.020923098391484166	0.7161850732900306
DLBCL10990	0.008452384766951208	0.09060079896950161	0.004954085119236691	0.01385742020108086	0.8821353109432296
DLBCL10925	0.07949280711361872	0.082735756318555	0.03990665695220538	0.20039630413346685	0.597468475482154
DLBCL10857	0.04195364395601832	0.05586066376862613	0.007768272632947046	0.14514143450567052	0.749275985136738
DLBCL11538	0.11544803643408413	0.03841779181687347	0.44724239145278455	0.10920958322737391	0.2896821970688838
DLBCL10902	0.08953782085569409	0.3052018099972595	0.045601897728722696	0.05092505518790368	0.50873341623042
DLBCL10889	0.023352238198671434	0.02774956227768851	0.011066312761999523	0.029877111324293437	0.9079547754373472
DLBCL10842	0.020946578719347284	0.10523476617221986	0.02067806612252108	0.018070834532189956	0.8350697544537218
DLBCL11504	0.11028787260520956	0.3943695582442307	0.182463560079814	0.0732319372231249	0.23964707184762077
DLBCL10963	0.1743708006702824	0.19960829601278124	0.039951646288848446	0.08733573276255868	0.4987335242655293
DLBCL_RICOVER_720	0.08273799582909704	0.11628905678124	0.012604198345874892	0.027999740900297703	0.7603690081434904
DLBCL_RICOVER_773	0.03012626040763681	0.476870517234281	0.07110178920889455	0.01588778106346627	0.4060136520857214
DLBCL10532	0.05985943460522249	0.15326532117226777	0.12122460128962308	0.06718110554710544	0.5984695373857812
DLBCL_RICOVER_1192	0.0039524660537096235	0.05860246562697633	0.005553159536331513	0.04251457321668857	0.889377335566294
DLBCL10980	0.027504482175883988	0.31161156815675006	0.031195442829731627	0.02313713958903423	0.6065513672486
DLBCL10977	0.011050908186478501	0.031238385497331315	0.012193580979791719	0.013018963558831259	0.9324981617775672
DLBCL11000	0.026097871621511545	0.03496672360382713	0.009705927807987203	0.11523238601304843	0.8139970909536257
DLBCL10898	0.015558907667785749	0.5221055185292601	0.023132503583504986	0.01369959190308965	0.42550347831635954
DLBC_FF_A7CX_TP_NB	0.485947622679911	0.04447946619576148	0.1277989532327203	0.1345385938459096	0.20723536404569776
DLBCL10877	0.5589011906924936	0.05403003169811357	0.13575721090445977	0.12076817795615731	0.13054338874877583
DLBCL10492	0.5540977009825986	0.1718715725671157	0.003746173597277732	0.10889494951015942	0.1613896033428486
DLBCL11501	0.4570445168989791	0.3848541446390339	0.014821524624249417	0.04428320269029848	0.09899661114743906
DLBCL11477	0.93357970766515	0.006030670514555672	0.004400224179346357	0.039925964662158905	0.016063432978789052
DLBCL_LS3809	0.3725517107203732	0.12032692116900809	0.014220554182498474	0.09896164147095037	0.39393917245716986
DLBCL10971	0.11015194050337299	0.2748840080493233	0.041589149894404195	0.1747928874403903	0.3985820141125092
DLBCL10462	0.31210833992206766	0.10429609709856744	0.007099761407442917	0.07953031844890816	0.4969654831230138
DLBCL_LS2367	0.47777929758941207	0.15105347708550426	0.03581631422018959	0.2328253479010638	0.10252556320383024
DLBCL10542	0.739196212565387	0.10139273116746036	0.0078783719375019	0.07713770990556307	0.07439497442408761
DLBCL10928	0.6840892544517105	0.08501414298364307	0.019697575049972313	0.04235538836975526	0.16884363914491882
DLBCL10896	0.7290283321389379	0.03086293503746794	0.004710068089823292	0.08732208311446281	0.148076581619308
DLBCL10918	0.650434234249755	0.03246307324839492	0.03916855372655395	0.06358771860093977	0.2143464201743564
DLBCL11473	0.4343119062359227	0.22268671624637632	0.020120861380540853	0.16170353958947364	0.16117697654768642
DLBCL10548	0.32642238660262335	0.44523814863496974	0.023502331986032406	0.0921571235323381	0.11268000924403644
DLBCL11676	0.7454612017951512	0.10650153632599278	0.028094618221779936	0.09086165233595211	0.029080991321123982
DLBCL11509	0.4583585187344155	0.22616557665180242	0.07691013420607484	0.11863169432018424	0.11993407608752303
DLBCL10875	0.17652469793073125	0.4236870954409223	0.1442593518318773	0.12990267398241048	0.1256261808140586
DLBCL10450	0.17120041778480552	0.26538499958756884	0.04939922769615089	0.1963697918693838	0.3176455630620909
DLBCL10966	0.7178062869212263	0.050577753225465066	0.07343911324600315	0.12870453795944797	0.02947230864785751
DLBCL_RICOVER_826	0.5285161131070468	0.17779798095448412	0.036342721246601505	0.15858728014392742	0.09875590454794013
DLBCL10488	0.3916682622724426	0.42598234921538286	0.03168655302626045	0.12683597543560265	0.023826860050311344
DLBCL10975	0.8277958534704504	0.009948749553021392	0.008207427787939996	0.10176477082835236	0.05228319836023592
