	0	1	2	3	4
DLBCL11472	0.5568650067206219	0.01423720332813156	0.06961887116834742	0.25719600033862783	0.10208291844427131
DLBCL_MAYO_DLBCL_3653	0.29839628341023094	0.16625751667909822	0.14471292411327596	0.10160658192262283	0.289026693874772
DLBCL_C_D_1130_NULLPAIR	0.5917694438243194	0.28036187232981136	0.006621519390646054	0.05072109188595221	0.07052607256927092
DLBCL10993	0.8928845764219703	0.02124566344746608	0.003741440490574726	0.0690916423044027	0.013036677335586168
DLBCL10935	0.7030970600964201	0.10766964710787401	0.019127643831990164	0.05866230834731378	0.11144334061640195
DLBCL10869	0.27992023209345657	0.03868713473599622	0.49435272058793517	0.06978425993332804	0.11725565264928396
DLBCL11486	0.6413455322614284	0.06171388172237351	0.003748040876802947	0.11536113180882566	0.17783141333056945
DLBCL11512	0.48978020588193166	0.19913413038566247	0.1651890973136906	0.10947589325812654	0.036420673160588765
DLBCL10896	0.7609644544515599	0.030589145442764573	0.003730457703508713	0.07337581837468685	0.13134012402748
DLBCL10997	0.25062033369417613	0.18352424796282255	0.06985723650018931	0.2913720230156942	0.2046261588271177
DLBCL11652	0.2624553332062828	0.37406381884558637	0.11193170414111411	0.031348086467174144	0.22020105733984252
DLBCL10969	0.30765627606745916	0.18319359568854066	0.20215642789513	0.06977653631788358	0.23721716403098667
DLBCL10971	0.1216885366038991	0.2886282259185258	0.03761661642427789	0.1738705628190554	0.3781960582342419
DLBCL_RICOVER_338	0.19815355095985465	0.04907203399334509	0.07206402062542805	0.6609506741440534	0.019759720277318742
DLBCL_LS378	0.771623930237928	0.06287375515535	0.10892673061873592	0.021542938867668126	0.035032645120318
DLBCL10509	0.5718640807450974	0.19649626629554254	0.01368532339859311	0.030943139758152993	0.18701118980261386
DLBCL11477	0.942761895255845	0.004876507194930843	0.004102395363087057	0.032657007420097285	0.015602194766039825
DLBCL11473	0.4498420344498383	0.20593029786305633	0.021624180577875952	0.15775429985605327	0.16484918725317624
DLBCL11474	0.4651119828841378	0.012520279515851043	0.007145529388881238	0.1110064799025068	0.4042157283086231
DLBCL11480	0.10981050061864397	0.42466190264022713	0.08419633165821185	0.03784905177578862	0.34348221330712847
DLBCL10957	0.3167993987411034	0.19399477290318537	0.18276016542256757	0.24154025164058304	0.06490541129256064
DLBCL10918	0.6615919840263575	0.028066804077206232	0.044409136378194734	0.052174741090527256	0.21375733442771425
DLBCL_LS1757	0.3915047269985183	0.32030384431885006	0.0394083596266852	0.2085832588479892	0.0401998102079572
DLBCL10495	0.7226406717498781	0.1347517848199087	0.025250676776452447	0.03420843201318382	0.0831484346405769
DLBCL11484	0.07959156979890282	0.6457779915735213	0.1428718277600362	0.025702472941158915	0.10605613792638077
DLBCL_C_D_1136_NULLPAIR	0.0167715907390221	0.7315492394018822	0.007926287665641012	0.07255646590919708	0.17119641628425755
DLBCL_LS1668	0.01697650167063696	0.5397857667859917	0.27616490195298327	0.07294194146118475	0.0941308881292033
DLBCL10873	0.07917224181453636	0.37106096096066865	0.24754198471256056	0.1915252789850454	0.11069953352718878
DLBCL10885	0.1328271168297461	0.4798907766086899	0.06040440555159361	0.09068000595806047	0.23619769505190993
DLBCL11673	0.21117611090446609	0.3989224038719208	0.19449785164581268	0.1231950437070737	0.07220858987072683
DLBCL10903	0.01498143080706327	0.8752590771963772	0.04655490777952011	0.01896819992078538	0.04423638429625407
DLBCL11436	0.0691540350671809	0.5375509072799445	0.06363252558750375	0.05497693515645868	0.27468559690891214
DLBCL_RICOVER_467	0.019002013899485456	0.4406594814825662	0.04356640686691619	0.022996030025217096	0.473776067725815
DLBCL11188	0.005264075347894817	0.9419150306890359	0.008210641234068197	0.017729183730892578	0.026881068998108548
DLBCL10849	0.01402606971425747	0.7430973739760637	0.009596338363295927	0.012700686990371602	0.22057953095601135
DLBCL10834	0.14204378154365258	0.7588666956942749	0.047041974774206435	0.030869154039952225	0.021178393947913845
DLBCL_RICOVER_401	0.0068524414395363595	0.7252922793576035	0.2251732680023009	0.025649234554469845	0.017032776646089327
DLBCL_RICOVER_1060	0.10093250357407338	0.1946213425726814	0.06630653231158182	0.05715387120961328	0.5809857503320501
DLBCL_LS2089	0.004270236464953939	0.5727016512766989	0.007065251976418194	0.007131325804640025	0.40883153447728887
DLBCL_C_D_1118_NULLPAIR	0.3406410617739766	0.3510544189459512	0.15526135279525385	0.1057430135056045	0.047300152979213854
DLBCL11203	0.02780811836092135	0.7353302368678383	0.08357204846228947	0.0895771857399675	0.0637124105689834
DLBCL10907	0.35243347482332066	0.32280416856353006	0.04013416259733307	0.10585046152134103	0.17877773249447523
DLBCL10954	0.02703714199957445	0.5903605092740353	0.04630572256277243	0.0706046436156801	0.26569198254793774
DLBCL_RICOVER_533	0.06530793276414378	0.6642800067388258	0.09790825266519529	0.08730975323755559	0.08519405459427959
DLBCL10934	0.06797137355630595	0.45988215922735154	0.04162471645089263	0.19133570416999737	0.23918604659545256
DLBCL_MC_F500_ECU	0.10163801241163815	0.4773794116495516	0.1649957274817929	0.0495411077076034	0.20644574074941396
DLBCL10480	0.23824313574380865	0.6178651385007772	0.04032361461620306	0.04221283497626772	0.06135527616294341
DLBCL11003	0.035982777142593264	0.6151099218807832	0.03748882981745666	0.0621550771473185	0.24926339401184844
DLBCL_LS3204	0.23874800239900495	0.26465011406701344	0.1865990725377471	0.24535099218755743	0.06465181880867696
DLBCL_LS1395	0.009347336035438063	0.2441531848747523	0.699129529474185	0.014592080856934156	0.03277786875869038
DLBCL11669	0.028401895769282696	0.08888806724408711	0.6782526460824957	0.06242451653026811	0.14203287437386639
DLBCL11541	0.08178427909999227	0.2623518832912109	0.1813180409364182	0.12745177051605724	0.34709402615632134
DLBCL_C_D_1141_NULLPAIR	0.00801226382048867	0.10953355531559063	0.7372240310266983	0.021218745719474855	0.1240114041177475
DLBCL11469	0.004326205820196612	0.09414843332525742	0.7601505906172815	0.012590596963406774	0.1287841732738577
DLBCL11458	0.5809887353189708	0.12434806413023064	0.13296834403282654	0.08161122791377551	0.08008362860419646
DLBCL10554	0.22994352279995076	0.015252163211965966	0.6448111371172062	0.08382339451862374	0.026169782352253316
DLBCL11670	0.022232175563756385	0.08788311421841853	0.8187143770835698	0.03178884500932983	0.03938148812492555
DLBCL_LS2325	0.005698761019672383	0.24938816830916352	0.660171779687475	0.04489272838150687	0.03984856260218221
DLBCL10459	0.0008148978134742387	0.011205192757324062	0.9281160790872356	0.03044860412058429	0.029415226221381867
DLBCL_LS4593	0.016722132463385615	0.20410318999924215	0.6522148376836906	0.05249773321297242	0.07446210664070918
DLBCL_LS4616	0.00738339427694733	0.2623481726583431	0.6756267460138476	0.03828303230933357	0.016358654741528346
DLBCL11515	0.12534857042736086	0.22383590452119065	0.16459517044903618	0.06690533130656554	0.41931502329584674
DLBCL11525	0.02561038535281304	0.0034581674046625377	0.8867069040972153	0.08058663236219413	0.0036379107831150223
DLBCL_RICOVER_320	0.1837351983949425	0.15992796914540233	0.418249544495123	0.09741936370490349	0.14066792425962868
DLBCL11656	0.009834456497843336	0.04840890476903441	0.8783921121299085	0.04507071942278941	0.018293807180424303
DLBCL11566	0.006591507549016362	0.25055400315775606	0.6790576882742005	0.02406773445634359	0.039729066562683504
DLBCL11439	0.2602689285721204	0.2554256829424463	0.2171223368790119	0.11425069932101826	0.15293235228540322
DLBCL11468	0.10473742071425478	0.09220655196455033	0.26134153925254666	0.20316098470237118	0.33855350336627704
DLBCL10564	0.010034121879780386	0.23418646817413158	0.5993372323672171	0.1084731627471209	0.04796901483175001
DLBCL_MC_F218_RAP	0.878569931477715	0.007662520844234915	0.04599709582055841	0.05602167999345064	0.011748771864041064
DLBCL10965	0.08032105816036897	0.08000688334176577	0.09177112079097895	0.24480209840247424	0.503098839304412
DLBCL10973	0.11012574668690842	0.053086317999550416	0.5642468705040993	0.1495899243271005	0.12295114048234138
DLBCL_LS2590	0.04757461232132149	0.08790337342279898	0.05867976921105914	0.3502240395104767	0.4556182055343436
DLBCL10527	0.06467430399325078	0.18358443124924012	0.11629100172945975	0.5183445764393959	0.11710568658865345
DLBCL10927	0.3942846839158962	0.12434780923765293	0.0601500335877184	0.1407056561087763	0.28051181714995616
DLBCL_C_D_1115_NULLPAIR	0.2650543669395241	0.12864350968079413	0.08357657907935347	0.29268867644340174	0.2300368678569265
DLBCL11471	0.08622202658864832	0.4932881875422945	0.08786961166204611	0.16993383880096688	0.16268633540604413
DLBCL_C_D_1109_NULLPAIR	0.2606472886548266	0.027253929287953924	0.06238456050099345	0.2741191156902929	0.3755951058659332
DLBCL11467	0.3594709458930264	0.10900921538085871	0.17720882362885734	0.10477753545144666	0.24953347964581088
DLBCL_RICOVER_151	0.05327712099522572	0.43014956853934244	0.09227909356144301	0.26163160901434745	0.16266260788964151
DLBCL10544	0.07868403694222614	0.020023745258375126	0.03375685606175247	0.7018202243345573	0.16571513740308905
DLBCL11564	0.08919984371752838	0.0771735650421273	0.041946316447686864	0.6710131267687054	0.12066714802395202
DLBCL10970	0.11684818368273746	0.33575317650341807	0.07150489427395826	0.39417375464857096	0.08171999089131535
DLBCL_RICOVER_701	0.11883957020311257	0.03547103259044696	0.05495805035106383	0.7416099904941567	0.04912135636121989
DLBCL10550	0.018238414673694546	0.11286422968745448	0.005756844109405523	0.01443668825931077	0.8487038232701347
DLBCL10837	0.08180382544622485	0.09855400405045553	0.07865031537584478	0.1867966342125477	0.5541952209149271
DLBCL10915	0.06125801053123767	0.6001946636207892	0.05149137908025496	0.08389293045462015	0.20316301631309808
DLBCL10902	0.08123456450400461	0.31707185477678757	0.04620903566243235	0.04066762519559844	0.514816919861177
DLBCL10880	0.021560890726027467	0.023961883776417704	0.003098212830973537	0.02138915637050394	0.9299898562960773
DLBCL_RICOVER_773	0.03084469558176641	0.47482557788914365	0.06504105268337905	0.014783364093787095	0.4145053097519238
DLBCL_RICOVER_1289	0.033873157916139575	0.03400782246786156	0.015437290784944937	0.18336681790955098	0.7333149109215029
DLBCL10899	0.051408222009840604	0.2055212938397328	0.01986896655063974	0.13314349485521437	0.5900580227445725
DLBCL10901	0.21271202946561849	0.12418519314241973	0.07588283780601283	0.18824498700326378	0.39897495258268517
DLBCL11195	0.0167450666972129	0.3399080451895373	0.04284947064386818	0.058859834783254725	0.5416375826861269
DLBCL10864	0.027669059551227233	0.08838585926338839	0.02693269890047366	0.07638115254431602	0.7806312297405947
DLBCL10980	0.02596888422540986	0.3181238932406029	0.03116939005423694	0.029050963363740624	0.5956868691160097
DLBCL10889	0.016078964919230124	0.027563518814969278	0.009862756072382614	0.02409107476012065	0.9224036854332973
DFCIDL004_DT	0.3211535710023147	0.026387134563273847	0.06444147279703552	0.21000322447059214	0.3780145971667838
DLBCL10999	0.011224934735096406	0.09900260776909245	0.026268825515481087	0.07730614536974453	0.7861974866105855
DLBCL_RICOVER_1190	0.7864758668615476	0.07578906735879687	0.011984355016333029	0.016350020387661535	0.109400690375661
DLBCL10781	0.0531334495784471	0.19626946609639506	0.0531561952380883	0.0977611410587191	0.5996797480283504
DLBCL11495	0.22634008590735347	0.009704008011881716	0.0474888168508971	0.2099974703825949	0.5064696188472728
DLBCL_RICOVER_417	0.012287303570976077	0.04027898998447209	0.010305995044581307	0.028736775336995323	0.9083909360629752
DLBCL_RICOVER_1032	0.026526739452565926	0.24203967260890463	0.02886533075888234	0.05733263451447764	0.6452356226651694
DLBCL_LS3200	0.01806479022621131	0.1508837970358591	0.015074710070305015	0.02379670132325542	0.7921800013443692
DLBCL10530	0.027167675879602667	0.20682188942954127	0.016176486152418026	0.029684294437941423	0.7201496541004966
DLBCL10862	0.013067670328673522	0.20923094565646988	0.011340148723098697	0.02169606801613995	0.7446651672756179
DLBCL_RICOVER_1287	0.06681775218293995	0.4340927598994438	0.03569954824022263	0.00901483782274755	0.45437510185464614
DLBCL10848	0.4325238473798165	0.00669759681791447	0.00696697899461477	0.0678721327829253	0.48593944402472905
DLBCL_RICOVER_850	0.060853630548851345	0.21743052985903277	0.06006227798275875	0.20145431667826585	0.4601992449310912
DLBCL10457	0.01725817673481225	0.1419854712481664	0.045620793227772675	0.015577419488943128	0.7795581393003056
DLBCL10961	0.022017481904815013	0.25350815316665126	0.019127730487163826	0.1527645183668992	0.5525821160744707
DLBCL10975	0.8503383066327147	0.009893517549555659	0.010006380288303373	0.08559952659536361	0.04416226893406269
DLBCL11537	0.9299324228930661	0.00458610050430114	0.0033291815240016724	0.03148471390591084	0.03066758117272023
DLBCL_LS3809	0.41830268517809127	0.12047439870917216	0.010948473887608709	0.07223902738936185	0.37803541483576597
DLBCL10462	0.3933053700519876	0.08261857696546424	0.0069387614756683215	0.06110094469688683	0.45603634680999294
DLBCL11662	0.768071013095154	0.1661319282112165	0.0025173776415709065	0.036615786782566044	0.026663894269492495
DLBCL10913	0.884461583358908	0.04082614933106834	0.005053687958599508	0.0475464987719297	0.02211208057949445
DLBCL11454	0.6331348796890446	0.1127301749584627	0.08418777681679088	0.1483439032088725	0.021603265326829293
DLBCL10450	0.17425941808803486	0.27335430165022345	0.05546382334134476	0.17325169539015914	0.3236707615302378
DLBCL10914	0.3571012612405156	0.0970723267385024	0.25954786457916007	0.05714571413255219	0.22913283330926967
DLBCL10490	0.22113686897606494	0.33396643411992916	0.05614929871895239	0.13565312381552846	0.25309427436952503
DLBCL11429	0.7236457912085369	0.04308989892506401	0.06710267305425387	0.12260920409575823	0.04355243271638698
DLBCL11539	0.6284945646862796	0.0030729224648281183	0.05345201633202165	0.28490349360646733	0.03007700291040328
DLBCL10492	0.6012441036215446	0.1610388092368883	0.0028746358153589184	0.09775424812631452	0.13708820319989365
DLBCL10894	0.23168356009240687	0.6170486317778426	0.014323554342238688	0.07494491945946057	0.061999334328051284
DLBCL10986	0.13848398302334736	0.4572524551568513	0.10552536193276328	0.08850394753564364	0.21023425235139429
DLBCL10950	0.6394525427752432	0.05873239646811865	0.06025719712608699	0.07036344292754204	0.17119442070300905
DLBCL11191	0.47841047526385116	0.16345578374207262	0.11543161953058635	0.21345615544961882	0.02924596601387114
DLBCL10959	0.903604513759204	0.03621279534838243	0.010762208581452277	0.027146301459423598	0.022274180851537637
DLBCL11434	0.41396687847722174	0.0945291623926783	0.03611439120881146	0.4374489742543395	0.01794059366694909
DLBCL10515	0.676360610270379	0.0859649182089689	0.09701491830611558	0.06445985855455971	0.07619969465997689
DLBCL_RICOVER_945	0.2328180724828035	0.2610215598830769	0.18388049154206554	0.12679223548536678	0.19548764060668727
DLBCL11482	0.42142675304166444	0.03985291892651317	0.13800970254662087	0.1801204623167911	0.22059016316841046
DLBCL11496	0.8513102836515299	0.06531445452969459	0.02165197327740654	0.04109007485269823	0.02063321368867068
DLBCL11565	0.055423060935033526	0.6261087063469105	0.06164628999240396	0.14953243693692034	0.10728950578873174
DLBCL11679	0.3458290664961931	0.4268199850741687	0.10883529684196801	0.0658903561346782	0.05262529545299204
DLBCL10780	0.016851128978934055	0.14573274352855548	0.7417301331177094	0.0511575109402409	0.04452848343456022
DLBCL10983	0.03215338024853463	0.5486984372183079	0.03644965037280029	0.054245102500224615	0.3284534296601325
DLBCL10988	0.03848577820822364	0.7380676613482425	0.03846725997743908	0.09610848697849965	0.08887081348759512
DLBCL10981	0.11882965987312023	0.3014829058469506	0.036202703552139684	0.2551078838417056	0.28837684688608384
DLBCL_MC_F729_MAN	0.10101595755333541	0.5897470108047393	0.0631581620080041	0.07340291099590865	0.1726759586380125
DLBCL_RICOVER_299	0.0115647721720235	0.7102687361383988	0.1549334874957497	0.04867719550524444	0.07455580868858365
DLBCL_C_D_1126_NULLPAIR	0.09398870620277448	0.44323595550334194	0.02134829390190053	0.09390933268156147	0.3475177117104216
DLBCL11516	0.05460609612135028	0.5288476223102737	0.12506947477166436	0.1200331752591165	0.1714436315375951
DLBCL_LS3749	0.06561603224665168	0.6311167303202513	0.08842879967056405	0.18413635696667988	0.030702080795853133
DLBCL10503	0.057682899086099484	0.407586393425875	0.08521471606970545	0.03007061261248491	0.4194453788058352
DLBCL10487	0.25273602131287004	0.35827178291568496	0.12118372578385764	0.20957669092132716	0.058231779066260154
DLBCL_LS2245	0.19753653333819357	0.27629590143327143	0.3478115930871824	0.10656778927809363	0.07178818286325896
DLBCL10906	0.07062897832326542	0.23331446945805012	0.046975955614305405	0.053738447796197866	0.5953421488081811
DLBCL10989	0.04056674796439017	0.7936546117664026	0.02761223898306686	0.09601342022434982	0.042152981061790516
DLBCL11498	0.13783184273010382	0.6207504027435606	0.10274731063889729	0.04923571762528269	0.0894347262621555
DLBCL10850	0.18686176175542474	0.6418905493860054	0.03313237709256904	0.04897317827160361	0.0891421334943972
DLBCL_MC_F739_AMA3	0.007919823316746002	0.5498427427065955	0.35351507651966096	0.047852488553821765	0.040869868903175795
DLBCL10917	0.07707450436240075	0.4155798829140394	0.030944317002865457	0.07443938474601375	0.4019619109746805
DLBCL10871	0.05078815524234378	0.535159020316492	0.059570073285663994	0.04306816531578853	0.31141458583971166
DLBCL_LS3245	0.01146687524610664	0.3122906760065773	0.6055892686635573	0.04424946347670054	0.02640371660705814
DLBCL10502	0.13801935103375812	0.47663419443391997	0.22460014577758464	0.08169662546214798	0.07904968329258934
DLBCL10453	0.04069316243413337	0.3410098310071891	0.03551924153941616	0.0169187626224489	0.5658590023968125
DLBCL_RICOVER_948	0.003052630598447446	0.5576505355001367	0.37940931032073877	0.018663082941344823	0.04122444063933236
DLBCL11518	0.8069284436560645	0.08936071557717903	0.020123348177650782	0.0581653972255371	0.02542209536356855
DLBCL11428	0.012525236793522375	0.05936735093402886	0.8970117377227244	0.019600111318791087	0.011495563230933302
DLBCL11590	0.26465386704767285	0.08077372972854165	0.3714379177481358	0.09409943004744192	0.18903505542820778
DLBCL_RICOVER_408	0.07552978015363349	0.2812673704796262	0.4782601664091716	0.0749039767076582	0.09003870624991052
DLBCL11573	0.007608289956598878	0.27157823782345025	0.5997262248102316	0.05362667621573128	0.06746057119398804
DLBCL_DFCI_DLBCL_GOE16	0.0	0.0	1.0	0.0	0.0
DLBCL_LS2328	0.010557161747085247	0.3350821176493786	0.6278097672308187	0.02236040350641691	0.004190549866300532
DLBC_FF_8046_TP_NB	0.030580589824946682	0.02230536017369672	0.8707660618539165	0.04273612149089551	0.03361186665654457
DLBCL_LS1098	0.007414966543883838	0.043214140027153104	0.8486436443283975	0.07221091898959407	0.02851633011097158
DLBCL_MC_F815_BAT	0.007321772172889276	0.06195001410186161	0.760057171136473	0.1260621275282059	0.0446089150605703
DLBCL11542	0.006149800471652644	0.4559895530545804	0.3644137784858591	0.1478163909972722	0.025630476990635673
DLBCL_LS762	0.08129649911394636	0.13114749035326778	0.32462291170647833	0.02542719503239631	0.43750590379391124
DLBCL11666	0.010086968404085878	0.19085556797924902	0.7270099370214128	0.057340856071270506	0.01470667052398184
DLBCL10498	0.013135390812235123	0.2008450204590008	0.7146019811549148	0.05843287181944785	0.012984735754401497
DLBCL_MAYO_DLBCL_234	0.3333672027503224	0.03786214575616199	0.34429314078756146	0.09317245868357323	0.19130505202238093
DLBCL_RICOVER_978	0.29832171949263186	0.0985708655752864	0.18966333291796694	0.2152469015302938	0.19819718048382107
DLBCL_C_D_1112_NULLPAIR	0.08155449597776934	0.24158973503750703	0.427791648278008	0.08678615353192262	0.16227796717479304
DLBCL11441	0.2764617645112621	0.02477857028345117	0.055302983848139184	0.327702804514084	0.3157538768430636
DLBCL10879	0.016107691993937658	0.06778883233321623	0.7750586336093446	0.06725829470022726	0.07378654736327424
DLBCL10456	0.1193007402681621	0.13390222969870916	0.07612689113545672	0.6038339566118981	0.066836182285774
DLBCL10547	0.14254306598255687	0.15624054598676587	0.07220484612270012	0.5226160793146863	0.10639546259329082
DLBCL10782	0.302408991888997	0.28132985028635066	0.08187769330956213	0.263583176483972	0.07080028803111818
DLBCL11536	0.04297443561502912	0.48091219950045755	0.03851868333682742	0.17068066073226124	0.2669140208154247
DLBCL_C_D_1103_NULLPAIR	0.08074501826160657	0.25685816138999595	0.09155754153518755	0.5554133632768739	0.015425915536336144
DLBCL11433	0.19872257852075143	0.029892495086878045	0.13209028835429826	0.3877316596854054	0.2515629783526667
DLBCL11455	0.39965018714730866	0.13220783200680253	0.08704533053808236	0.21738372231340855	0.1637129279943979
DLBCL_RICOVER_950	0.12948775762956627	0.05350533710762531	0.4533517994063361	0.32322881889557137	0.04042628696090101
DLBCL10539	0.03636594322264951	0.30413220173015926	0.06486178710188856	0.09611194984194744	0.49852811810335534
DLBCL11504	0.096152093978098	0.3968779860434787	0.19900520631501245	0.06790217817973943	0.24006253548367137
DLBCL_MC_F139_LJF	0.17724520990662262	0.07722161683904402	0.11702041002010687	0.5606272328376558	0.06788553039657062
DLBCL_RICOVER_361	0.12608494164312656	0.044533376969320276	0.09614971138633278	0.664259961249993	0.06897200875122737
DLBCL_BWH_DLBCL64	0.3113633795915656	0.19236757666232002	0.14315574820464033	0.34203279625426736	0.011080499287206749
DLBCL10978	0.1056924136876074	0.06432807555307439	0.044210383198234594	0.21369167305248551	0.5720774545085981
DLBCL10974	0.18301342530027692	0.02137369370623213	0.09358224923806245	0.37707697773175936	0.3249536540236691
DLBCL10932	0.2978098181853091	0.052075375235870774	0.08170640609555041	0.35143759773258354	0.21697080275068628
DLBCL_C_D_1125_NULLPAIR	0.011148075667790653	0.08302753664143118	0.013380845777224794	0.046760487052061823	0.8456830548614915
DLBCL_RICOVER_1106	0.017296388699351472	0.053183809636540666	0.010712281982435961	0.10965604840112249	0.8091514712805494
DLBCL10471	0.021730589826977613	0.12681102316387063	0.005766886404427622	0.011298531874547595	0.8343929687301765
DLBCL10876	0.016001078852177476	0.06423981126426928	0.010646248644162276	0.07105234198775129	0.8380605192516397
DLBCL11450	0.14965613032007033	0.1745336459789844	0.06908105426603507	0.1945550330221171	0.41217413641279316
DLBCL10857	0.03647345813421409	0.058602489172579056	0.0070589700887778856	0.1333167220075845	0.7645483605968445
DLBCL10890	0.0537762594589458	0.18829639419491012	0.026748641696486698	0.09662867702600231	0.6345500276236551
DLBCL10532	0.04969453924789532	0.15938246525595912	0.11998239048019603	0.06454120218384404	0.6063994028321056
DLBCL_RICOVER_134	0.01486133755725171	0.1973068214914971	0.0223298878194828	0.08731037861850859	0.6781915745132598
DLBCL10904	0.04627152459379037	0.15781835391067092	0.07741997139114323	0.13361058283661523	0.5848795672677802
DLBCL10847	0.026232854235746325	0.09422842638979817	0.007490250055398791	0.008163688507952661	0.863884780811104
DLBCL_RICOVER_314	0.017347480085486967	0.3219324099334966	0.05178195275062993	0.05426365427906578	0.5546745029513208
DLBCL10924	0.035740664975621256	0.06418374619050336	0.005363472185250536	0.09824790833611527	0.7964642083125095
DLBCL_RICOVER_712	0.07241887979834441	0.21934639667729014	0.06217134916206201	0.04381189449398691	0.6022514798683165
DLBCL10853	0.12352476663182135	0.20551206232876984	0.054867346648088726	0.03835499645567984	0.5777408279356403
DLBCL10887	0.009875261327367907	0.04211117460001401	0.0202211559575362	0.020966408488307768	0.9068259996267741
DLBCL10854	0.02290057320689098	0.11412484691863435	0.0336360594207892	0.08070518436769654	0.7486333360859889
DLBCL_RICOVER_1329	0.04953205874013135	0.5574521537025454	0.04242080480056714	0.035648057329905045	0.31494692542685104
DLBCL_RICOVER_449	0.3845523458801254	0.05148441208327378	0.004116649449353066	0.08534074338070596	0.47450584920654176
DLBCL10838	0.0128703651247969	0.26172770512807925	0.010906944971152669	0.029598126014078418	0.6848968587618928
DLBCL11206	0.045932119996034255	0.571007228766437	0.048894096473001865	0.012077964294874276	0.32208859046965266
DLBCL10984	0.017306280428104524	0.23799255803760141	0.012738987149216872	0.06683323456840866	0.6651289398166685
DLBCL10836	0.03245844745750891	0.014554227656852804	0.013687108995794738	0.08652840176428823	0.8527718141255552
DLBCL10566	0.03946186482527603	0.2721487207945982	0.053990478933493694	0.020658431209785496	0.6137405042368467
DLBCL10842	0.02217865008150876	0.102306826511969	0.020822243158938828	0.018019492281594673	0.8366727879659888
DLBCL_RICOVER_1293	0.26287502104662214	0.03803739253249077	0.01834228672825183	0.07750746010175533	0.60323783959088
DLBCL10916	0.016215095445124162	0.06840731550398514	0.010698057205253046	0.06814485943256372	0.8365346724130739
DLBCL10883	0.0996230455110851	0.05736984308578454	0.04457289036526313	0.06965888561576063	0.7287753354221066
DLBCL10451	0.32407914557002315	0.08955127424333476	0.5374268074565024	0.03999296746560385	0.008949805264535876
DLBCL_RICOVER_829	0.7119637048036674	0.059754887919638046	0.04005911964795783	0.1218709338456789	0.06635135378305783
DLBCL11677	0.8712857266537157	0.04844514174710645	0.018854780869283196	0.04351235988706857	0.017901990842826072
DLBCL11478	0.6770110211784581	0.10148682959330199	0.04805459972391565	0.11782380404513268	0.05562374545919153
DLBCL10843	0.425304322428222	0.10019525757167412	0.018409246444557013	0.2316304884021253	0.22446068515342155
DLBCL10968	0.5615566382244961	0.11938878210550212	0.00769217356981219	0.21068251429229734	0.1006798918078922
DLBCL10486	0.21221890113753156	0.3334960080090206	0.0433233659944942	0.02762223973563485	0.38333948512331895
DLBCL_RICOVER_826	0.5153401594235113	0.18179450124542512	0.03228723192493644	0.1804189674046224	0.09015914000150477
DLBCL10897	0.7493277890800004	0.11787735015115079	0.00577485386902153	0.06841919763144674	0.05860080926838053
DLBCL10994	0.19604357489131108	0.510907383570542	0.06097387107875769	0.10033436090547998	0.13174080955390927
DLBCL11481	0.3603166749622747	0.019999322623763197	0.45208364273795976	0.1000110022900981	0.06758935738590417
DLBCL_C_D_1129_NULLPAIR	0.7324858289428694	0.039438847896053154	0.052036729441136846	0.02592710277277481	0.15011149094716578
DLBCL11202	0.1768279820930917	0.201865238079112	0.3172701606885603	0.22170958629329907	0.08232703284593687
DLBCL11663	0.3837989974783687	0.06149544225957657	0.19186285202586295	0.07570590773985049	0.2871368004963412
DLBCL_LS951	0.1848516095130206	0.24176029932094997	0.12970705475767302	0.2319059846511819	0.21177505175717462
DLBCL11501	0.46744310985717485	0.3723765835883852	0.01701642861862089	0.03615023345908371	0.10701364447673539
DLBCL11470	0.5760743085257191	0.05001785797689855	0.008025363325983657	0.31215206439525633	0.053730405776142375
DLBCL10542	0.7589721642107551	0.11665782199314587	0.007716931563707924	0.04929839086940305	0.06735469136298809
DLBCL_MC_F132_MLM	0.8795474894251228	0.006525397765901254	0.003976975703718489	0.04358418493591547	0.06636595216934195
DLBCL10548	0.3241335833316315	0.45405667925937926	0.025800678001583175	0.08082678427815904	0.11518227512924703
DLBCL10884	0.6821147133726447	0.05480761280399168	0.005262097438653787	0.07571636924436104	0.18209920714034872
DLBCL10996	0.7143327706651834	0.10029448913524205	0.033960450960766046	0.11423624565666386	0.03717604358214467
DLBCL10458	0.7148807325807229	0.09968630667722064	0.0605070603359568	0.08838936369955724	0.03653653670654238
DLBCL10947	0.2898790481088301	0.32835043990167245	0.01369765793546854	0.01474118498983652	0.35333166906419244
DLBCL10519	0.03444145502714499	0.7077746251944269	0.11993362534734138	0.1021413771864559	0.035708917244630836
DLBCL10985	0.09841380843473399	0.6089482085772748	0.04102501091597947	0.1116501789556555	0.13996279311635623
DLBCL_RICOVER_335	0.03219662480674926	0.5602610182360408	0.061358150280469585	0.22474725920794558	0.12143694746879484
DLBCL_C_D_1135_NULLPAIR	0.24868876030472442	0.4969467077654926	0.056276243121316544	0.10146042610315265	0.09662786270531377
DLBCL11479	0.11833522592351192	0.5146988668562212	0.10387431336942697	0.036805471719152105	0.22628612213168772
DLBCL11449	0.05705023439300105	0.17048335373026438	0.06053837028336929	0.05147284613943909	0.6604551954539262
DLBCL11446	0.2552211348896738	0.3614705136938267	0.0997220265746092	0.18936783692460005	0.09421848791729016
DLBCL_RICOVER_288	0.09434985615814405	0.639469547909836	0.05249313239314777	0.09953622504356537	0.11415123849530681
DLBCL_RICOVER_174	0.04286510722651182	0.8781301185520664	0.023329545216539436	0.039162733867684374	0.01651249513719806
DLBCL10846	0.49424726989980744	0.3748195062652426	0.008343784887736615	0.0382267500047025	0.0843626889425109
DLBCL11208	0.18930430395431658	0.16694164781536727	0.3586448173367956	0.11099899640554034	0.17411023448798027
DLBCL10517	0.04874875918607613	0.4740615653150807	0.15523772690142773	0.14057066505975938	0.18138128353765592
DLBCL_MC_F089_HCZ	0.04756537554077165	0.7046786150186017	0.07445305891291844	0.12314187612034418	0.05016107440736404
DLBCL_RICOVER_678	0.01718024006011877	0.7825460278669847	0.026314871177445503	0.01020725112126066	0.16375160977419037
DLBCL_LS4054	0.16735021885033335	0.1525335532265107	0.2925662228252838	0.30356170955539624	0.08398829554247583
DLBCL10962	0.09207739867835074	0.5352553697560459	0.0772350863611962	0.031890936430869564	0.26354120877353754
DLBCL11466	0.2867923378531074	0.35113541219442435	0.11229259992655925	0.0858538796209367	0.16392577040497242
DLBCL_RICOVER_583	0.032582364875137326	0.2866435882360769	0.07087713334322608	0.028477208221673787	0.581419705323886
DLBCL_LS1065	0.06977528235098956	0.7270677785468471	0.05426335361220848	0.05263141974228573	0.09626216574766912
DLBCL11507	0.240955838884703	0.5031176749223456	0.13200540774277797	0.08063532810419269	0.0432857503459807
DLBCL_RICOVER_1046	0.00293296773042653	0.25985193465535683	0.6673924319367596	0.023729999225232917	0.04609266645222416
DLBCL_LS146	0.04562052842605198	0.8294339773012351	0.04676446546237764	0.03299222691059451	0.045188801899740706
DLBCL_C_D_1117_NULLPAIR	0.09081100038641038	0.5443805688090227	0.06854110512261753	0.2281505948689647	0.06811673081298456
DLBCL11591	0.0018203816288180012	0.5351068065693176	0.3838550277424193	0.033162614981022694	0.04605516907842238
DLBCL_RICOVER_440	0.005497808380544644	0.5003266888762881	0.3401250773321648	0.030067254006187975	0.1239831714048145
DLBCL_RICOVER_522	0.003639689889663491	0.11215470725958611	0.7691862353653314	0.08463241342267666	0.03038695406274235
DLBCL_RICOVER_216	0.1592766588858808	0.18075401471447103	0.06445478336838635	0.019480044282299835	0.5760344987489621
DFCIDL009_DT	0.0895749468763904	0.19248340315249549	0.5386460887709617	0.05458843197117557	0.12470712922897684
DLBCL10472	0.13833466223321142	0.2783089824194739	0.40486047729701136	0.1144472227237305	0.06404865532657283
DLBCL_MC_F362_MJB1	0.013329990542206243	0.23769885308252348	0.50926187209894	0.05479062975662104	0.18491865451970912
DLBCL_MC_F064AB	0.004396704657346738	0.03577733983972336	0.7931760828831044	0.07859858215031235	0.08805129046951321
DLBCL11651	0.0078021096113748195	0.028286231024890293	0.8540298504488004	0.03409206273496156	0.07578974617997294
DLBCL_LS1304	0.012007680507001272	0.06748000683131822	0.7911173657786517	0.042666894410862	0.08672805247216678
DLBCL11672	0.008995371258069531	0.027203721603371877	0.8480166713142999	0.061083488736769095	0.05470074708748956
DLBCL_C_D_1133_NULLPAIR	0.016983559665922274	0.14686082221450392	0.7460535824660876	0.06221914562891354	0.02788289002457267
DLBCL10549	0.0412741968496615	0.6990277761867338	0.18690415959173037	0.04975476212309193	0.0230391052487823
DLBCL10856	0.106651922715351	0.35359585178222036	0.12533567107952281	0.10546107046115417	0.30895548396175165
DLBCL_RICOVER_866	0.008722087730637445	0.1609606930422023	0.6309704739199582	0.13188447825245725	0.06746226705474481
DLBCL11569	0.002682234263207251	0.12016475753778924	0.8399207116684289	0.03525060509759074	0.001981691432983888
DLBCL_RICOVER_258	0.33525917688882056	0.06214079574286108	0.07581151819298683	0.07033617849757606	0.45645233067775537
DLBCL10522	0.040184871029107415	0.0332048202195052	0.8740782191632103	0.03790565054530939	0.01462643904286772
DLBCL11685	0.001185212864232864	0.023368793614928888	0.9619001087276963	0.010908835883512769	0.002637048909629223
DLBCL_C_D_1157_NULLPAIR	0.43532236280364867	0.05338967456252945	0.38127560827578194	0.07477573356317666	0.055236620794863356
DLBCL10939	0.18008143410822813	0.10908694117185704	0.07091395210206115	0.5390705846760041	0.10084708794184954
DLBCL_C_D_1151_NULLPAIR	0.3214506891251201	0.26088574789858443	0.05025461762486376	0.3319349448570915	0.03547400049434028
DLBCL11460	0.25170029471633154	0.31976546123157934	0.07287538966340122	0.19995773920497112	0.15570111518371674
DLBCL_C_D_1153_NULLPAIR	0.025364608023718902	0.19549336837498976	0.024011406260015262	0.15984965901146322	0.5952809583298129
DLBCL10565	0.044000910660685254	0.031855590638073576	0.5894367899455948	0.23841087593631313	0.09629583281933321
DLBCL11437	0.5965836277704387	0.018728629944275012	0.022742930748563855	0.2292328961376554	0.13271191539906707
DLBCL11459	0.18926767790978632	0.046361655872586324	0.20547920965171532	0.48503695770608435	0.07385449885982774
DLBCL11657	0.14397308775853473	0.4080702571627435	0.16766106569267558	0.09924775799931176	0.18104783138673441
DLBCL_RICOVER_274	0.02822319430908192	0.14873745807398708	0.02373580702029989	0.13733325327574802	0.6619702873208831
DLBCL10553	0.15579111623938366	0.10251346318862398	0.11207718651666598	0.5078835969710944	0.12173463708423188
DLBCL11196	0.0877542840788871	0.008629828524996233	0.041915440516992926	0.6875402743937133	0.1741601724854104
DLBCL_LS3499	0.22951582281167082	0.1330153004266711	0.11189935876002462	0.3396990530872947	0.18587046491433887
DLBCL10868	0.13215133567403445	0.08220401794624373	0.02436603449794638	0.45742502140514435	0.3038535904766311
DLBCL10552	0.4545327432056876	0.0541243976909751	0.06710061348322882	0.3995256917275729	0.02471655389253547
DLBCL10513	0.352282146568448	0.3031951508190299	0.15888343179129638	0.13490021646498576	0.05073905435624001
DLBCL_MC_F927_JHS	0.2850961268158984	0.21976260800275677	0.1950622475506027	0.06931880213134291	0.23076021549939907
DLBCL_RICOVER_1219	0.004198039073003735	0.011016195078606048	0.0013944791587827434	0.01786390106445912	0.9655273856251484
DLBCL10860	0.0049722662905237365	0.08620992215567877	0.006706058032089014	0.035187231830085916	0.8669245216916225
DLBCL11500	0.01757455906779876	0.04993328006030716	0.03636053899072485	0.07995846654843708	0.8161731553327322
DLBCL10908	0.3003937403020132	0.11962730102270824	0.27657869461258355	0.07486280125300375	0.22853746280969117
DLBCL10454	0.06879954479908117	0.25893572171882573	0.06428912090372353	0.032186273891115114	0.5757893386872545
DLBCL11476	0.11439541416764674	0.15093824368525308	0.01456435667663705	0.017078807195630055	0.7030231782748331
DLBCL_RICOVER_111	0.18165317771865933	0.2158031823872124	0.19586975084948924	0.06417043108302703	0.34250345796161213
DLBCL10881	0.06542372182014254	0.13044377054848275	0.013139680254157087	0.10205101950143634	0.6889418078757813
DLBCL10485	0.03287524822436075	0.4092139080506343	0.005549404247823281	0.030476414106423575	0.5218850253707581
DLBCL10964	0.02687371849157414	0.21088509367132321	0.018424286827399015	0.07185703104165449	0.6719598699680492
DLBC_FF_A7CR_TP_NB	0.04957194834841841	0.04029825645009852	0.4381620245547193	0.34006168655554564	0.13190608409121804
DLBCL10900	0.06431403829529651	0.035339026432755105	0.010907895233291526	0.09435165375286898	0.7950873862857879
DLBCL_RICOVER_1204	0.027719867052852867	0.04066052204436414	0.049089254862685915	0.22935674626775096	0.6531736097723462
DLBC_FF_8042_TP_NB	0.00245353778391895	0.3563025350540811	0.5332392994003595	0.022287333076735923	0.08571729468490444
DLBC_FF_A7CX_TP_NB	0.5013452735964721	0.04553390306639129	0.12321070712703695	0.13701303379726373	0.19289708241283587
DLBCL10909	0.06667681773070787	0.12467876599181762	0.07925138887338715	0.2551084164807866	0.4742846109233008
DLBCL10878	0.20462079530255303	0.13713199330971523	0.14841044260387448	0.08040635638642418	0.42943041239743307
DLBCL_C_D_1140_NULLPAIR	0.34984513184395183	0.05808216562034844	0.16189856882315384	0.057730813773552936	0.3724433199389929
DLBCL11004	0.011340870260115314	0.03813238688669923	0.007408843326913757	0.12024544138226682	0.8228724581440049
DLBCL_RICOVER_173	0.07604387373534682	0.08741349180166201	0.015414116707315201	0.05521528036561528	0.7659132373900607
DLBCL10977	0.010280028087939075	0.03151652666374904	0.011055934257607241	0.014289095074073763	0.9328584159166309
DLBCL10521	0.06519565673326354	0.5931453707784228	0.010213853409121443	0.006180794724134367	0.3252643243550579
DLBCL_MC_F519_ALT	0.011560080375635964	0.020339628282480527	0.015799075225242095	0.01865765819796785	0.9336435579186736
DLBCL10895	0.22965170119003184	0.3230317171515541	0.05446526969335457	0.027992868958098882	0.36485844300696063
DLBCL_RICOVER_1192	0.003140774100034698	0.05223417577461887	0.004352033737150187	0.03768571337032015	0.902587303017876
DLBCL11510	0.07636798444780243	0.6288266417050201	0.033831972832414216	0.04436143184786458	0.21661196916689865
DLBCL10925	0.07000399175717671	0.08904041416011642	0.042507604487489206	0.1716949990776198	0.6267529905175979
DLBCL10877	0.5847893323619784	0.05747962701097334	0.12133938844247505	0.10076035427567516	0.13563129790889802
DLBCL11488	0.704583583412328	0.13186436653822214	0.0023445973532277907	0.056412486953179665	0.10479496574304245
DLBCL10928	0.7268237745717903	0.07792248694674932	0.015600385459933043	0.03410047293098859	0.1455528800905388
DLBCL10931	0.9515955448546254	0.0028304590646338664	0.002883441136899326	0.02913456524049987	0.013555989703341513
DLBCL10912	0.8009700525022555	0.058353451330129084	0.0752547735614895	0.03644510306735638	0.028976619538769493
DLBCL11519	0.2595660604714221	0.16555804181050784	0.08893104263180829	0.4668512071106777	0.019093647975583994
DLBCL11457	0.2972687373401688	0.05044581402897518	0.12687854623959655	0.35223317266950616	0.17317372972175332
DLBCL11659	0.17801700845604393	0.2607846900532743	0.24004417871856024	0.1789562748984874	0.14219784787363407
DLBCL10525	0.8483216475362524	0.0019281872690722355	0.011848082637059248	0.11480886548384273	0.023093217073773403
DLBCL11435	0.21783606464929336	0.034184187186860435	0.16302110251281496	0.3904320291222768	0.19452661652875458
DLBCL11432	0.26134165733431236	0.024319220955722826	0.18246617475059185	0.3831578180073365	0.14871512895203665
DLBCL11205	0.5418450905546808	0.1754583204849181	0.09578248397729651	0.06965744713323281	0.11725665784987188
DLBCL11509	0.4301761067469683	0.22888310627208433	0.06641124817013999	0.15026692617005705	0.12426261264075027
DLBCL_RICOVER_977	0.8042709692442037	0.0073637921606277525	0.004068887313015389	0.14760242707979956	0.03669392420235358
DLBCL_C_D_1114_NULLPAIR	0.8620034234458089	0.013423161125024891	0.009414899998978732	0.06027089648102488	0.054887618949162595
DLBCL10945	0.730518797196053	0.04022777875254237	0.012668066939715493	0.03088118934226722	0.18570416776942195
DLBCL_LS2367	0.525981651713269	0.11444676444055617	0.033101147742179	0.24242731410349122	0.08404312200050464
DLBCL11430	0.2720002662681298	0.13025886332925238	0.2418949475594847	0.3047274875540044	0.05111843528912886
DLBCL11681	0.4102893963652734	0.014739271743566025	0.34073405567648657	0.09677509273349211	0.137462183481182
DLBCL11462	0.3230569942104699	0.07540283380968661	0.14578276110924693	0.050190336095327186	0.4055670747752694
DLBCL11520	0.8267997757459447	0.022101839620771443	0.011919374703722884	0.03438202087186398	0.10479698905769709
DLBCL_C_D_1148_NULLPAIR	0.2680849773137187	0.03983522002751231	0.2712512477821171	0.35133367094562074	0.06949488393103118
