	0	1	2	3	4
DLBCL11472	0.47128028027150043	0.010746595933257514	0.11833121198431619	0.39289403875983986	0.006747873051086017
DLBCL_MAYO_DLBCL_3653	0.4802475293861893	0.07491842088554448	0.1761626165118539	0.2265744013438593	0.04209703187255299
DLBCL_C_D_1130_NULLPAIR	0.600164731497365	0.00040791925117226704	0.0011489396540901536	0.39612238452282506	0.0021560250745474643
DLBCL10993	0.9745713496892431	0.010637195605297712	0.00026521310052144727	0.013756122679903008	0.0007701189250347855
DLBCL10935	0.8140975588802593	0.09339836976351482	0.012951215016643494	0.06778021088619068	0.011772645453391713
DLBCL10869	0.6035380717621612	0.06713247671656197	0.20727233095788827	0.10867761073499314	0.01337950982839537
DLBCL11486	0.8812509724441764	0.08530748286819254	0.0014636425346459111	0.030988128073556293	0.0009897740794288289
DLBCL11512	0.5955191299887318	0.009245662511538485	0.00995037190776069	0.3842391559915802	0.0010456796003887943
DLBCL10896	0.8410549438828085	0.11518022393862697	0.000884606742954867	0.041220438740453835	0.0016597866951557924
DLBCL10997	0.10011925875476799	0.050249348981528955	0.010474406156456555	0.7636426489514677	0.0755143371557788
DLBCL11652	0.38118805846140985	0.2104794452665025	0.13851592459729434	0.16653942477035477	0.10327714690443834
DLBCL10969	0.22965980318204837	0.07265333090132108	0.17154507471912356	0.5007441482507348	0.025397642946772245
DLBCL10971	0.03962176872480265	0.4950661941723616	0.16039751950702688	0.013378118016424446	0.29153639957938443
DLBCL_RICOVER_338	0.29429470504303773	0.04203496372840895	0.09221687003849256	0.5699543242497	0.0014991369403607438
DLBCL_LS378	0.9174953555948229	0.022854234136226146	0.0015721718876183916	0.05655820207696746	0.0015200363043650807
DLBCL10509	0.4989090855115848	0.48246868801738557	0.0017452316598891096	0.01427064216093375	0.002606352650206778
DLBCL11477	0.9569144748848267	0.0051502163739608284	0.00035009581602949	0.03298180182204211	0.004603411103140846
DLBCL11473	0.9392787318111733	0.010226339618922506	0.0009719909010327262	0.046961483157385166	0.002561454511486368
DLBCL11474	0.9404523959750438	0.0004365071364691178	0.0004403290155250613	0.055339072182756084	0.0033316956902059423
DLBCL11480	0.13111058883920093	0.15173291650588053	0.07297117205674916	0.4295866254973817	0.21459869710078763
DLBCL10957	0.5665215026350151	0.04007849895729233	0.04392350035624833	0.20905615382289824	0.14042034422854593
DLBCL10918	0.9790489215317648	0.002541708833162027	0.0002897359802976233	0.014663837980032993	0.003455795674742559
DLBCL_LS1757	0.8965217088175095	0.0666221086623489	0.0005195033012431119	0.022322129812958946	0.014014549405939611
DLBCL10495	0.48219629081962256	0.24668254284915278	0.0023827793538286645	0.0940525679330472	0.17468581904434885
DLBCL11484	0.030808640822795427	0.46854582672767525	0.2501716701775341	0.10697441666713883	0.14349944560485642
DLBCL_C_D_1136_NULLPAIR	0.0012102922343909905	0.7557139145441469	0.0009502263474487605	0.0010275710389698628	0.24109799583504346
DLBCL_LS1668	0.0008407339154971008	0.23815691389757937	0.7190361578631711	0.0248498081642788	0.01711638615947363
DLBCL10873	0.4570539721966899	0.039412002254725576	0.22175841829730147	0.1429917624342435	0.13878384481703962
DLBCL10885	0.022105071193046506	0.07340107317009868	0.002438462294898884	0.3902376055050521	0.5118177878369038
DLBCL11673	0.0033569294527978706	0.752029388618098	0.03126242288659259	0.08329329578791862	0.13005796325459296
DLBCL10903	0.0006119038645173483	0.738761154964634	0.19890884092598898	0.011123870036742907	0.05059423020811678
DLBCL11436	0.06138773666300366	0.33536477808785425	0.015416059119906128	0.14457537241884186	0.443256053710394
DLBCL_RICOVER_467	0.0003649222806756263	0.7826586865588843	0.0013289738631860296	0.0006919146178401349	0.21495550267941396
DLBCL11188	0.0002541161244274579	0.9498145295924937	0.03937022426539408	0.0018943887682189276	0.008666741249465894
DLBCL10849	0.0012011412751712532	0.2787019594488671	0.0010107391395397832	0.002659388178961823	0.71642677195746
DLBCL10834	0.2403020666965006	0.08248857854722956	0.429895955525743	0.23844122726966804	0.008872171960858821
DLBCL_RICOVER_401	0.0001985597692715927	0.10781951943432806	0.8808770353088224	0.01080454550045752	0.0003003399871203811
DLBCL_RICOVER_1060	0.03009446257078949	0.7968470197626422	0.0101967635209752	0.01769017166933112	0.14517158247626205
DLBCL_LS2089	0.0005594834129103082	0.29161124455001836	0.0005303185669642566	0.0021405545653565916	0.7051583989047505
DLBCL_C_D_1118_NULLPAIR	0.9422138656873696	0.0003867759423664812	0.0005924895509414303	0.05357940774728998	0.003227461072032429
DLBCL11203	0.0007191957073538193	0.5205120579586722	0.007472369697723095	0.0019166018706857908	0.4693797747655651
DLBCL10907	0.5000839910760567	0.06734390236350844	0.0021557303879211455	0.10088181150165185	0.32953456467086184
DLBCL10954	0.0008992993489717627	0.6206501754948645	0.0015172989075281848	0.0028350191409457414	0.3740982071076898
DLBCL_RICOVER_533	0.0008243845079056966	0.6577532948823802	0.32020348724635767	0.006560722348442313	0.014658111014914148
DLBCL10934	0.00369839286700275	0.11100013325131228	0.0009653639354411932	0.004889869898013768	0.87944624004823
DLBCL_MC_F500_ECU	0.0010859244429117863	0.6542407231002152	0.13906680430567836	0.07411500341372881	0.13149154473746588
DLBCL10480	0.3141943947390942	0.028248875626550644	0.006956869027489933	0.47781714242076295	0.17278271818610225
DLBCL11003	0.0007570347531589444	0.16302071207368038	0.0004381711581357842	0.002373186488113979	0.8334108955269109
DLBCL_LS3204	0.11408581852499039	0.16039047763998593	0.3124664613923131	0.38084152956176853	0.032215712880942056
DLBCL_LS1395	0.00020330823352777058	0.043127153955657	0.9328148906562845	0.02368490525280705	0.00016974190172359477
DLBCL11669	0.00015191053443556064	0.0008611822777660623	0.9880638651343604	0.010862978040688505	6.006401274949365e-05
DLBCL11541	0.0014351379470473925	0.9361918951261572	0.04615705403814952	0.004632695832068594	0.011583217056577293
DLBCL_C_D_1141_NULLPAIR	0.0002211144048260466	0.0688578795234023	0.9225607604200651	0.008110205258235552	0.0002500403934709745
DLBCL11469	0.0005064920518172731	0.3886099011430966	0.19330108470988805	0.0030889347729960433	0.414493587322202
DLBCL11458	0.13863247545082433	0.40772402211273573	0.3660910370763757	0.08597839271324242	0.0015740726468217892
DLBCL10554	0.03954165886445626	0.14996294301284355	0.6265564496843952	0.1833137836720966	0.0006251647662084234
DLBCL11670	8.778780835622933e-05	0.0010892002195119978	0.9946167298959081	0.004143916539661508	6.236553656221166e-05
DLBCL_LS2325	0.0014466726050533195	0.10057680021367003	0.8734499802873017	0.016489395170503997	0.008037151723470972
DLBCL10459	0.00023598237589860465	0.1725959078009983	0.81804007619417	0.00873086163706136	0.0003971719918718286
DLBCL_LS4593	0.0011782484843848692	0.22100880043382903	0.7386376480572464	0.03730858356779984	0.0018667194567398074
DLBCL_LS4616	0.000192349006132129	0.34257545972716735	0.6502737140233302	0.006305429149375685	0.0006530480939946589
DLBCL11515	0.0037501778741038353	0.8889444836805499	0.04191722044367003	0.035214624681239926	0.030173493320436347
DLBCL11525	0.0004817794808732801	0.17613292672903472	0.7742684834667133	0.020229930452818717	0.02888687987056002
DLBCL_RICOVER_320	0.00558237657026207	0.4395310206137929	0.42924392444342	0.034581211482418696	0.0910614668901064
DLBCL11656	0.0009616219311282525	0.03428975343397259	0.7831799404349458	0.18138325782758175	0.000185426372371661
DLBCL11566	0.00020742377403057174	0.18571983488885707	0.8032953856241669	0.010352599515887944	0.00042475619705752805
DLBCL11439	0.08130108199650155	0.19410818412663458	0.521562419550023	0.20216315822887163	0.0008651560979691743
DLBCL11468	0.24112358689472407	0.05852922818152503	0.025382944826984073	0.6609094553659548	0.014054784730812092
DLBCL10564	0.020019437455413944	0.12337253116421011	0.3133349247178353	0.5427875062382576	0.000485600424283006
DLBCL_MC_F218_RAP	0.4038216080989252	0.2768431950305546	0.006030075924905719	0.3079255145747933	0.005379606370821158
DLBCL10965	0.07382600311510878	0.2331349872622775	0.015996318542447978	0.6442255442315268	0.03281714684863891
DLBCL10973	0.08030803315686363	0.5519520896153981	0.13732799283551136	0.0564403183813913	0.17397156601083566
DLBCL_LS2590	0.05199669291168719	0.03835839611634793	0.03896886214450813	0.33653868615457666	0.5341373626728801
DLBCL10527	0.0335354947538453	0.052194780839866006	0.39743703674134023	0.30004537680993637	0.21678731085501204
DLBCL10927	0.7176710034836787	0.0003740174679259426	0.0009769804740205022	0.26817776816771194	0.012800230406662859
DLBCL_C_D_1115_NULLPAIR	0.48368989942099466	0.23578459107047284	0.06281571904729048	0.21083566075488996	0.006874129706351894
DLBCL11471	0.020649981505545634	0.4690170936182371	0.1728512389483791	0.02731370868719499	0.31016797724064327
DLBCL_C_D_1109_NULLPAIR	0.15014003988014304	0.18429491088454716	0.009518300092706286	0.6156387174083938	0.0404080317342097
DLBCL11467	0.24688823490946166	0.21146711583737882	0.09085475577363267	0.1103027796592296	0.3404871138202974
DLBCL_RICOVER_151	0.27708744383927814	0.1469280722542446	0.1466482772692427	0.42453526865387003	0.00480093798336469
DLBCL10544	0.26743381477295697	0.033856965655930715	0.004186332269096355	0.25445367506013494	0.44006921224188106
DLBCL11564	0.09100502226664525	0.2901972565212526	0.006693528386349348	0.5918290808084352	0.020275112017317465
DLBCL10970	0.45437881571145095	0.23096779026870243	0.08681598437189877	0.09345392875459192	0.13438348089335603
DLBCL_RICOVER_701	0.09295803714314806	0.020189107297875958	0.03848426485688857	0.8413874455084256	0.006981145193661813
DLBCL10550	0.0003913380324940509	0.0023107026084767	4.486827782639234e-05	0.003481474672376976	0.9937716164088258
DLBCL10837	0.029265177986084016	0.06706924434685906	0.00166455472725514	0.03365004777340493	0.8683509751663968
DLBCL10915	0.04020214022931194	0.46715036463037696	0.004546630164130154	0.12616707948922234	0.3619337854869586
DLBCL10902	0.011608821672516433	0.11503370111236691	0.0004408159289182661	0.00338414778728495	0.8695325134989135
DLBCL10880	0.021619411842063407	0.006151017124901485	0.000589422417072588	0.08603136018477098	0.8856087884311915
DLBCL_RICOVER_773	0.0004967912770202152	0.8134979806067455	0.00436433604966444	0.0012797365245174387	0.18036115554205245
DLBCL_RICOVER_1289	0.0005467166298090811	0.0016566910820489031	4.489792741180681e-05	0.00449294100119126	0.993258753359539
DLBCL10899	0.0010780257501383137	0.0007263313490188689	6.920753563429206e-05	0.014027003957746921	0.9840994314074616
DLBCL10901	0.0008730943877327752	0.00821666464184987	0.00043003795330086905	0.019316936002870988	0.9711632670142455
DLBCL11195	0.0007910226943463847	0.070129297367765	0.0015191453553216622	0.0021938577080802173	0.9253666768744867
DLBCL10864	0.0003794348744810962	0.005266512495324432	0.00014225355188119968	0.0023758335852421307	0.9918359654930712
DLBCL10980	0.0005849867369703225	0.8200449313911023	0.004862034999241407	0.022007231360199168	0.1525008155124867
DLBCL10889	0.0002354330259483938	0.00026741915611873466	2.571266661138954e-05	0.002355878405819516	0.997115556745502
DFCIDL004_DT	0.08636626693254995	0.08644343753245416	0.04136751096267345	0.30747747500342026	0.4783453095689022
DLBCL10999	0.0	0.0	0.0	0.0	1.0
DLBCL_RICOVER_1190	0.21367608347383898	0.20507581787618387	0.020886383510613893	0.5521363417374212	0.008225373401942107
DLBCL10781	0.03018344637049166	0.06584151420153725	0.001792919801176408	0.34592240915458705	0.5562597104722077
DLBCL11495	0.02749870424925795	0.09346000197554367	0.0009056039234311928	0.21892805883855637	0.6592076310132108
DLBCL_RICOVER_417	0.0002593132645251081	0.00024437671394331195	2.6580991793881634e-05	0.0028127574846221527	0.9966569715451156
DLBCL_RICOVER_1032	0.0005327182099546855	0.013283071274930173	0.00012498320567890157	0.004388095475220649	0.9816711318342156
DLBCL_LS3200	0.0009657089421393698	0.11375710020803702	0.003100253576517838	0.003883006629548289	0.8782939306437575
DLBCL10530	0.00035827481981223557	0.0006499644814558111	2.848367984168829e-05	0.003933853489657593	0.9950294235292326
DLBCL10862	0.0012181554329216849	0.013831170539214054	0.0013267336279940605	0.0037477606165468133	0.9798761797833234
DLBCL_RICOVER_1287	0.013031583416355571	0.8147693496701172	0.003285470112670657	0.06837399102247582	0.10053960577838073
DLBCL10848	0.155640032274106	0.009154999107556603	0.003581984305274677	0.12171290709593757	0.7099100772171252
DLBCL_RICOVER_850	0.00011127152519608379	0.00024545596701555384	1.561247794953968e-05	0.0009028904625183067	0.9987247695673205
DLBCL10457	0.0008393452716123624	0.40698360757073004	0.0039736316711107104	0.002362275659318678	0.5858411398272282
DLBCL10961	5.489994711697307e-05	0.00018917405127242445	1.6930946939263993e-05	0.000346397830917932	0.9993925972237534
DLBCL10975	0.7210703370968231	0.0003566911882016048	0.000827343441365432	0.2531064367021292	0.024639191571480614
DLBCL11537	0.9525681255365439	0.0006752890087629878	0.0003333164892223619	0.041204821835576326	0.005218447129894472
DLBCL_LS3809	0.32641212375665424	0.06297328685758002	0.0038838309336253624	0.09587123107761977	0.5108595273745206
DLBCL10462	0.9546235415799482	0.0025214832540390343	0.0003903149882439933	0.03872473487191488	0.003739925305853896
DLBCL11662	0.9585931163899295	0.022418657692447528	0.00036617192505611557	0.017775071235163926	0.0008469827574028925
DLBCL10913	0.8656624765673526	0.10239180706931438	0.0018097094837804337	0.026136742261918002	0.003999264617634585
DLBCL11454	0.9022968909635591	0.00041216889173397857	0.0006001549098888154	0.09581494982265462	0.0008758354121634249
DLBCL10450	0.08078619382769797	0.003399948876676432	0.00230466364741039	0.19584918266386944	0.7176600109843457
DLBCL10914	0.4809624531915058	0.09420934960498469	0.10604816372483228	0.26102269895816976	0.05775733452050742
DLBCL10490	0.27816446769977843	0.028266619977296775	0.04428188499078059	0.6221661666160515	0.027120860716092782
DLBCL11429	0.924984545854453	0.0034256143425927	0.00042970004596832266	0.06505255474488784	0.006107585012098163
DLBCL11539	0.5917891435073523	0.004293400038189751	0.0020999527410298455	0.40141649998429807	0.00040100372912997014
DLBCL10492	0.5066242707820086	0.07449904655556562	0.0020643824581781834	0.06457764373313009	0.35223465647111757
DLBCL10894	0.46244880436961006	0.27303069719632983	0.014068852472810398	0.2497457253609372	0.0007059206003124415
DLBCL10986	0.10409873500915527	0.1443642862169112	0.24368173174325947	0.3560005633764414	0.15185468365423269
DLBCL10950	0.950734754870742	0.011343892789750305	0.0004047259635944262	0.03459657742715837	0.0029200489487548782
DLBCL11191	0.8840430959355386	0.0003495921644677313	0.0006325387741890342	0.1129991773458814	0.001975595779923136
DLBCL10959	0.894817970546506	0.08557856391896292	0.0008321218087523358	0.01736143429303413	0.0014099094327446335
DLBCL11434	0.38812224980850385	0.5745728016175682	0.006115062474515103	0.02947130302836053	0.0017185830710523538
DLBCL10515	0.9568244322099738	0.0026984027204210756	0.00040730512351491824	0.037606333733501814	0.0024635262125883624
DLBCL_RICOVER_945	0.3872941596119932	0.016112910243958684	0.08130935777056238	0.5080895048176549	0.007194067555830745
DLBCL11482	0.47586738332035905	0.04423516214128357	0.010302042164878181	0.4635345107879469	0.00606090158553244
DLBCL11496	0.4066454185029885	0.5691538237087651	0.0015772161502965595	0.021212889781651357	0.001410651856298412
DLBCL11565	0.0007724636194561678	0.9094974542149517	0.07486759867803698	0.001466552259601259	0.013395931227953944
DLBCL11679	0.28872908922337226	0.30953101211800244	0.06531956804893212	0.33498572287369377	0.0014346077359994138
DLBCL10780	2.9100232689956675e-05	0.0001269357079411345	0.9985070659116431	0.0013178099797572327	1.9088167968607807e-05
DLBCL10983	0.002735374929026933	0.4879451440362778	0.0008042200121070861	0.0014915492251274998	0.5070237117974606
DLBCL10988	0.0002480150475025527	0.986473199205812	0.006964206712778115	0.0016686152960314763	0.004645963737875854
DLBCL10981	0.01917506803093704	0.006332870587998098	0.09805080344528935	0.5734328770686851	0.3030083808670905
DLBCL_MC_F729_MAN	0.0006379064137862982	0.9119699258741824	0.056654337754148146	0.019416775219269388	0.011321054738613804
DLBCL_RICOVER_299	0.0003401786550588833	0.5626410774377191	0.3755397864871495	0.004896602039232758	0.05658235538083983
DLBCL_C_D_1126_NULLPAIR	0.021412559541854375	0.3002748454306886	0.004484647251561288	0.04801937981631975	0.625808567959576
DLBCL11516	0.01298672211192203	0.7050730127129405	0.16911876312270774	0.06760809611803806	0.04521340593439156
DLBCL_LS3749	0.0013588924173221534	0.3685591063077873	0.5568410668933507	0.012341657574178004	0.06089927680736185
DLBCL10503	0.0002454756612808796	0.9739921999896678	0.01792118324611778	0.0022988163353945203	0.005542324767538997
DLBCL10487	0.9085576778467096	0.06872290580905202	0.0006720945939895516	0.01981692733112136	0.002230394419127493
DLBCL_LS2245	0.03726109428501149	0.1426145692636449	0.39711641365718525	0.42239173360372106	0.0006161891904372379
DLBCL10906	0.008840102615743502	0.23764510073632727	0.0005826214085283839	0.0026649940080853735	0.7502671812313154
DLBCL10989	0.0007762917643906676	0.8892433712045886	0.07240482234027468	0.0218632891405069	0.015712225550239083
DLBCL11498	0.8874806315350168	0.0814919226216886	0.001587335029215494	0.027383028957311026	0.002057081856768089
DLBCL10850	0.28163627688826626	0.12631928421196126	0.07464102404863725	0.31939185164732903	0.19801156320380625
DLBCL_MC_F739_AMA3	0.00018316750330042364	0.5260538221584207	0.4684184496345227	0.004380332002596562	0.0009642287011595602
DLBCL10917	0.001527306968227435	0.8006782607177042	0.04732546415085076	0.05563560114252799	0.09483336702068958
DLBCL10871	0.12066168868977217	0.527425026586182	0.045186852406489356	0.021244872517353238	0.2854815598002033
DLBCL_LS3245	0.00027283993162835306	0.10266005156698937	0.8895378299164018	0.00709875382307638	0.0004305247619039948
DLBCL10502	0.02574127750084991	0.34211437501132164	0.6004291042029665	0.027797075416788723	0.003918167868073244
DLBCL10453	0.013862772047476005	0.05754137425653727	0.00029557799748535874	0.0035221534856382858	0.924778122212863
DLBCL_RICOVER_948	0.0005125962369937338	0.39267593375070203	0.4365201411566427	0.004405910076874687	0.16588541877878685
DLBCL11518	0.17767519170366813	0.5139326194868368	0.22204938484592	0.08512731675169889	0.0012154872118762385
DLBCL11428	0.00018650883827786747	0.02422894082256321	0.9641227943649552	0.011330459811155729	0.00013129616304801206
DLBCL11590	0.2463028230344666	0.18941611719087234	0.23390284438152384	0.2919949229702684	0.038383292422868934
DLBCL_RICOVER_408	0.00557534453053184	0.2534757182021827	0.7185556878676994	0.020249288334044102	0.002143961065541959
DLBCL11573	0.00014424926756934694	0.001691615549636639	0.9890635565287957	0.009018925607699277	8.165304629905263e-05
DLBCL_DFCI_DLBCL_GOE16	0.0003608198427522082	0.24130117413828223	0.7486181014580721	0.009106905571941245	0.0006129989889522939
DLBCL_LS2328	0.00021719866078237534	0.030425476975414575	0.947869913619714	0.02134895944969779	0.0001384512943913508
DLBC_FF_8046_TP_NB	0.00041754486294744874	0.23003712360239909	0.7413596038724152	0.01650580999293128	0.011679917669307045
DLBCL_LS1098	0.0004905685060617663	0.060413988414205234	0.8980781254093118	0.04082163168385085	0.00019568598657035963
DLBCL_MC_F815_BAT	0.0009172123856676248	0.07459076477476519	0.8098754325346658	0.11356939670710962	0.0010471935977918146
DLBCL11542	0.00027393721498672306	0.006344150235789491	0.9854713845206882	0.007833853263939726	7.667476459594846e-05
DLBCL_LS762	0.01727764884600945	0.8144843302128576	0.050526714731025886	0.03590811119248618	0.08180319501762083
DLBCL11666	0.00017351901986958245	0.043512454492147565	0.9474742609227966	0.00866448409021933	0.00017528147496686017
DLBCL10498	0.0001304072169787862	0.006585210808016939	0.9867779933762594	0.006426465082312654	7.992351643223819e-05
DLBCL_MAYO_DLBCL_234	0.2131311692032927	0.2705133461150132	0.0754784575954646	0.41996826190713377	0.02090876517909572
DLBCL_RICOVER_978	0.3224631717655421	0.11593189149994931	0.011379011655984941	0.5315266661724998	0.018699258906023915
DLBCL_C_D_1112_NULLPAIR	0.010245724623102907	0.42177965510069915	0.4064047223399371	0.0379178474333962	0.12365205050286474
DLBCL11441	0.188317470635195	0.024692707778475917	0.04228004072785887	0.3990729340588031	0.345636846799667
DLBCL10879	0.0009034534229683807	0.38026420573734304	0.5883856798505206	0.02893687354205444	0.0015097874471136138
DLBCL10456	0.37829578987285495	0.02906544815704481	0.23511918201228227	0.3495832923870612	0.007936287570756668
DLBCL10547	0.27301424185491935	0.12721996463234103	0.019056122065703035	0.4047142412123903	0.17599543023464623
DLBCL10782	0.7286041815454055	0.0004093972028351258	0.001181381338045442	0.26906934756741585	0.0007356923462980532
DLBCL11536	0.12985097730296058	0.4565609343774823	0.15150603896354323	0.07824946189679712	0.18383258745921674
DLBCL_C_D_1103_NULLPAIR	0.09036592588925749	0.42993516982313534	0.3011334628555509	0.14346869819487326	0.03509674323718296
DLBCL11433	0.3037608084092229	0.08945701238606983	0.011288226707711332	0.38077951529362525	0.21471443720337083
DLBCL11455	0.43698927664757714	0.023886743871264535	0.020653556072113177	0.5102729080788321	0.008197515330213104
DLBCL_RICOVER_950	0.30430784892643525	0.07487535259295203	0.04957313222787733	0.567890729476464	0.003352936776271364
DLBCL10539	0.00119529796872774	0.809799443449783	0.07402347124992434	0.0016927351906552454	0.1132890521409096
DLBCL11504	0.29674575324214547	0.10081860054065926	0.14348308333777735	0.09482001691771479	0.3641325459617031
DLBCL_MC_F139_LJF	0.3704908464776558	0.38277068584176677	0.08202078789868789	0.15990101038155313	0.004816669400336422
DLBCL_RICOVER_361	0.17756538202820146	0.10280084170055677	0.16754508379389957	0.5465987150882221	0.005489977389120072
DLBCL_BWH_DLBCL64	0.4390775603650856	0.30989637292546496	0.06297354308303647	0.18534334413542997	0.0027091794909830155
DLBCL10978	0.4603023580165112	0.032097682318342875	0.044685540863500066	0.43357639608963205	0.029338022712013884
DLBCL10974	0.25708231261797065	0.030053272846121144	0.1588586496346041	0.0667427006563626	0.4872630642449414
DLBCL10932	0.15465430165182995	0.053406360725097426	0.031253203778054184	0.7059643662765345	0.05472176756848396
DLBCL_C_D_1125_NULLPAIR	0.000341186659426963	0.002070846548388252	5.0157303269664956e-05	0.00302800622096311	0.994509803267952
DLBCL_RICOVER_1106	0.0002529309732249307	0.0014910430589484946	3.773603193162159e-05	0.002198026435171914	0.996020263500723
DLBCL10471	0.0002854196956466409	0.0008994530733949706	0.0001612230248276547	0.002675216698060168	0.9959786875080706
DLBCL10876	0.0010035594211851402	0.060033524985752276	0.00040943283621795246	0.007959267135304973	0.9305942156215397
DLBCL11450	0.010123242292167932	0.029771406935163558	0.0006057888716103963	0.1525087769497894	0.8069907849512687
DLBCL10857	0.0007173617746765552	0.0011405307856956195	6.287973274761349e-05	0.009345925293616516	0.9887333024132637
DLBCL10890	0.00039540269263815754	0.004233558652023814	0.00013950975828535528	0.003234188526844611	0.991997340370208
DLBCL10532	0.0007790190460864051	0.001971430171537836	0.00012795235838071247	0.012034507902604432	0.9850870905213907
DLBCL_RICOVER_134	0.00019800017932960486	0.001028731582544779	2.6040139615025915e-05	0.001912702424814833	0.9968345256736958
DLBCL10904	0.05124081624995004	0.07162912496600543	0.0013863286269421512	0.049761140573221854	0.8259825895838805
DLBCL10847	0.001790373387326894	0.08432766802745359	0.0002758457698755772	0.004430146253119495	0.9091759665622244
DLBCL_RICOVER_314	0.0006348792369118768	0.5731545446339577	0.005377363457174396	0.0020785746180110804	0.418754638053945
DLBCL10924	0.0003319520110384382	0.0007497504878442391	5.0906350339785865e-05	0.003163917396850064	0.9957034737539274
DLBCL_RICOVER_712	0.0007384817726402195	0.6999046924680972	0.0008720764045980467	0.0008601939326324068	0.2976245554220322
DLBCL10853	0.0008157907200953727	0.0012770144470154697	0.0006482991074349646	0.0146650577263386	0.9825938379991156
DLBCL10887	0.0005652231685814205	0.009270350934437245	0.00015586431788848818	0.007053068371036154	0.9829554932080566
DLBCL10854	0.0003053899208039521	0.002017711819414658	6.249197037561592e-05	0.002105745935130839	0.995508660354275
DLBCL_RICOVER_1329	0.0006292880633456747	0.4233763679437644	0.0006844001851001827	0.002253695854126457	0.5730562479536634
DLBCL_RICOVER_449	0.1830335152321885	0.0007765998558247907	0.004066585393354802	0.37375007065049975	0.4383732288681322
DLBCL10838	0.015503578484062482	0.15616672314309074	0.0003536156792278751	0.0035944014275551875	0.8243816812660637
DLBCL11206	0.0010498083187131064	0.32002983901434634	0.02052054154640646	0.007421469301736581	0.6509783418187974
DLBCL10984	0.0007133363531903395	0.05285048762831913	0.00013375510991114005	0.006496645179207562	0.9398057757293719
DLBCL10836	0.0015286905328050064	0.001107540114588977	7.755903202844716e-05	0.017422331605448715	0.9798638787151288
DLBCL10566	0.00161019128121009	0.15682188083377052	0.026828720458255993	0.009331634711564825	0.8054075727151986
DLBCL10842	0.0013898693257130177	0.013843031913235567	0.00046622305888590596	0.013664050732850742	0.9706368249693148
DLBCL_RICOVER_1293	0.019402389441152065	0.040893348869076786	0.0003377663200696238	0.07305520249192332	0.8663112928777782
DLBCL10916	0.0027005427024051087	0.05751615317166814	0.0022256779904303893	0.012525358815661967	0.9250322673198343
DLBCL10883	0.001665523900122262	0.0012927799310060455	0.00026983239459597104	0.03887374242922324	0.9578981213450525
DLBCL10451	0.07726451613149067	0.35150150988641315	0.3141246531852265	0.25616592446029923	0.0009433963365705149
DLBCL_RICOVER_829	0.9454461901566871	0.0009865102278135618	0.0010900159083575452	0.0486664322735751	0.003810851433566734
DLBCL11677	0.9204742365580021	0.029234643860801626	0.0010106238016227202	0.04873755516325656	0.0005429406163170179
DLBCL11478	0.3523522428098569	0.15212834906656703	0.011312956624055499	0.4835918629861973	0.0006145885133234286
DLBCL10843	0.936862544331547	0.009268081575504102	0.00045870341671695915	0.03474037770057218	0.018670292975659704
DLBCL10968	0.9557853278105662	0.00022398267275070325	0.0004020726076061472	0.04225654985492566	0.0013320670541512127
DLBCL10486	0.09508559010731113	0.2840639706027307	0.010219043511415721	0.016463316366037945	0.5941680794125045
DLBCL_RICOVER_826	0.8824949431348715	0.0004474045917046926	0.0005676373375631242	0.11084583459401333	0.005644180341847372
DLBCL10897	0.9868962286838706	0.003651903898599644	0.00025952401561231446	0.008148075672174808	0.0010442677297426122
DLBCL10994	0.16339854276952312	0.057623762111581406	0.273881746525681	0.18971976043506725	0.3153761881581472
DLBCL11481	0.36478077476080645	0.11580150977120615	0.0632912386901118	0.4505042967643519	0.005622180013523654
DLBCL_C_D_1129_NULLPAIR	0.7744114122497266	0.09975791374923221	0.022901567537690785	0.0842097384872021	0.018719367976148246
DLBCL11202	0.034821760420408694	0.3140136181047619	0.3737140597096598	0.2765260285825112	0.0009245331826583573
DLBCL11663	0.526674828540141	0.12211147931868509	0.04990185529183822	0.17078309021949714	0.13052874662983852
DLBCL_LS951	0.431908324052157	0.009713406004794468	0.08435715942886035	0.4681826251528885	0.005838485361299715
DLBCL11501	0.47207513162717013	0.27294005724729836	0.03417467841123178	0.21593546439197006	0.004874668322329472
DLBCL11470	0.43965663673709965	0.0005498775985637499	0.001954944088594209	0.5571868836138533	0.0006516579618891395
DLBCL10542	0.9868354408740687	0.0010207941716381607	0.00020863577906189422	0.011230437843858847	0.0007046913313723621
DLBCL_MC_F132_MLM	0.9876868372384421	0.0002167039868298697	0.0001914701436725635	0.010671421176968052	0.001233567454087412
DLBCL10548	0.9169349011868488	0.0010320397239405624	0.0006881502264317028	0.07503041112300836	0.006314497739770579
DLBCL10884	0.8262977283743919	0.0474925848498692	0.0009034369667603576	0.12393268727678834	0.001373562532190283
DLBCL10996	0.5726450153927726	0.00047590472061000497	0.0013480278702367957	0.42457891285448524	0.0009521391618955119
DLBCL10458	0.7720362352963883	0.0007280202734672187	0.0020455451182515563	0.22313772204086063	0.0020524772710322544
DLBCL10947	0.15177436674461145	0.014610479415604232	0.014781016963464358	0.7974481309330559	0.021386005943263998
DLBCL10519	0.009015344804134458	0.5941491236108674	0.33502350911192125	0.018268909042892943	0.04354311343018398
DLBCL10985	0.09125410629657899	0.4227727931681929	0.08754346022001934	0.15426138375830692	0.24416825655690197
DLBCL_RICOVER_335	0.0014833779213817078	0.8385862668053365	0.029638569085617072	0.035914121960534215	0.0943776642271305
DLBCL_C_D_1135_NULLPAIR	0.14689071148927105	0.07799013606617322	0.12966251259759345	0.6288661722460808	0.01659046760088153
DLBCL11479	0.014937947751086115	0.49844160807182775	0.4264073785861871	0.020828210836629096	0.03938485475426997
DLBCL11449	0.1919110668742775	0.14693706554537536	0.06114844571712826	0.07196605235952745	0.5280373695036914
DLBCL11446	0.10891278942621423	0.15448102949233092	0.15481073909043325	0.24066313729941402	0.34113230469160744
DLBCL_RICOVER_288	0.0015553912970880544	0.49947326677196396	0.47196410851352816	0.01143767956978606	0.015569553847633744
DLBCL_RICOVER_174	0.001079152290495657	0.6176993190927044	0.3687723258819502	0.00898463606909547	0.0034645666657542643
DLBCL10846	0.32318155841585433	0.09037869903134305	0.014134706826960821	0.4717261856428758	0.10057885008296595
DLBCL11208	0.0025484473761399904	0.8333964679836997	0.11439681934014607	0.01875792072871853	0.0309003445712957
DLBCL10517	0.0003801429996304391	0.8108782536027516	0.1784935848044888	0.006940986048273291	0.0033070325448558615
DLBCL_MC_F089_HCZ	0.001075866428696882	0.1382043920874623	0.7915904611210739	0.014377022833647099	0.054752257529119795
DLBCL_RICOVER_678	0.0004626817692558081	0.8307269810024109	0.011673822811113578	0.01320758230721772	0.14392893211000196
DLBCL_LS4054	0.009603189818478429	0.7374854669034028	0.1395339054774119	0.07139210687733867	0.04198533092336813
DLBCL10962	0.004707667920707721	0.4234496793333769	0.03427323176879744	0.061808905944587954	0.47576051503253
DLBCL11466	0.003828014031019662	0.8484455535006092	0.07662938521849728	0.04516760828647243	0.025929438963401424
DLBCL_RICOVER_583	0.00024827186811864364	0.923797095653536	0.0021554538989514396	0.00034476523916457966	0.07345441334022937
DLBCL_LS1065	0.023099289757117107	0.5672729935924455	0.2502440883872304	0.11230177057347226	0.047081857689734746
DLBCL11507	0.08226598203402782	0.2227178593018433	0.6071587071167608	0.08718420724521497	0.0006732443021531106
DLBCL_RICOVER_1046	0.0005110593485414108	0.5511544501503117	0.3616579225201196	0.005404069972006932	0.08127249800902034
DLBCL_LS146	0.0007303741892061429	0.751593569589399	0.17217402663146428	0.004189528969667781	0.07131250062026277
DLBCL_C_D_1117_NULLPAIR	0.14474432062884013	0.048729759693152165	0.05069462218337092	0.7528047976786421	0.0030264998159947694
DLBCL11591	0.0006043395496313596	0.4666509105504846	0.3822214481367879	0.007223358707473377	0.1432999430556227
DLBCL_RICOVER_440	0.0003382469249263371	0.5165331943788182	0.4755936245307686	0.006492361014674196	0.0010425731508127538
DLBCL_RICOVER_522	0.0013520103870969104	0.0017592391052593003	0.9841869852841503	0.012634102054928018	6.766316856553782e-05
DLBCL_RICOVER_216	0.05436202452048973	0.6357245674470096	0.2635009078418734	0.010704404248870196	0.03570809594175716
DFCIDL009_DT	0.005493952608425553	0.2970114256119788	0.6138286179700179	0.019688088344332975	0.0639779154652448
DLBCL10472	0.04688510682126988	0.047447599664083635	0.28714305097225823	0.6180668229402814	0.00045741960210692696
DLBCL_MC_F362_MJB1	0.0013024543631436477	0.44851275625876863	0.35448912053726783	0.004090846645021389	0.19160482219579852
DLBCL_MC_F064AB	0.001136384701353405	0.1289434982358115	0.6355189773011687	0.23405880651960612	0.00034233324206031006
DLBCL11651	0.0011691127405784967	0.0975243055021851	0.8644582605000676	0.019253658027815538	0.017594663229353318
DLBCL_LS1304	0.0005462870443412744	0.686365627692479	0.2589320635472417	0.007602911342749314	0.046553110373188725
DLBCL11672	0.0007519998677239997	0.08565419880264465	0.8863407135054416	0.015567488851611687	0.011685598972578044
DLBCL_C_D_1133_NULLPAIR	0.0003382320698685346	0.2473875945878663	0.7271262189410702	0.019041527136848795	0.006106427264346205
DLBCL10549	0.01076528152844149	0.4861032109003478	0.4672425480203436	0.03268136283725854	0.003207596713608653
DLBCL10856	0.07816398962486325	0.033385911311752836	0.08743220792743904	0.6825272256093008	0.11849066552664407
DLBCL_RICOVER_866	0.043267257640031795	0.15577733160442503	0.7319786946356055	0.06858697323548835	0.0003897428844494111
DLBCL11569	0.00041580923977959316	0.33522271093968015	0.6568122302047851	0.006611205710658239	0.0009380439050968732
DLBCL_RICOVER_258	0.446789440592077	0.04407326330912242	0.020376929796557683	0.2550592553537761	0.23370111094846682
DLBCL10522	0.00161292772768935	0.434357270287309	0.5236001860078553	0.039473058811702405	0.0009565571654439964
DLBCL11685	0.000165525131987375	0.041387620219268346	0.9507458923136106	0.007539124060218633	0.00016183827491499667
DLBCL_C_D_1157_NULLPAIR	0.12203631628754581	0.314325612666493	0.2994963640882401	0.2633854597247508	0.0007562472329701448
DLBCL10939	0.06149510889507404	0.11505202305585	0.008599399890925244	0.7878979068107392	0.0269555613474115
DLBCL_C_D_1151_NULLPAIR	0.49073199769435316	0.1812529675247799	0.009364989647828387	0.3179090327720513	0.0007410123609871678
DLBCL11460	0.25518316188734624	0.17538488387430334	0.0067186951758537354	0.4518189031789627	0.11089435588353379
DLBCL_C_D_1153_NULLPAIR	0.008912911442399722	0.16985762646292507	0.0014165523897749274	0.2621111554729992	0.557701754231901
DLBCL10565	0.0002653433851619589	0.03596093529632191	0.9276390922631381	0.035926332842506195	0.00020829621287185115
DLBCL11437	0.9635206913414862	0.0006445191796586385	0.000396882238355208	0.03328000369228292	0.002157903548216977
DLBCL11459	0.37347180537222613	0.00300048513428738	0.048709798591387625	0.5629058800410167	0.011912030861082112
DLBCL11657	0.4072805180788004	0.12927825723157346	0.07770692069484886	0.36717533643978834	0.018558967554988905
DLBCL_RICOVER_274	0.0004505710255794423	0.00054212073641117	0.0001176401924727257	0.002376460319840104	0.9965132077256965
DLBCL10553	0.14814636321754487	0.3274419541288569	0.2715574373633317	0.24693237112162175	0.005921874168644824
DLBCL11196	0.269451733207084	0.04156260853692914	0.005675647692524488	0.6266732429158202	0.0566367676476422
DLBCL_LS3499	0.18960569677198605	0.3528741870948574	0.13308088879571522	0.3198247754589609	0.004614451878480429
DLBCL10868	0.01008119817680585	0.005130147362804944	0.0008639589929354092	0.25637000667665777	0.727554688790796
DLBCL10552	0.3283380097962675	0.023799335181453392	0.0059179765920438256	0.6380483646952086	0.003896313735026615
DLBCL10513	0.18222256915922175	0.12689919990933274	0.02762950120384147	0.65617607309035	0.007072656637254088
DLBCL_MC_F927_JHS	0.09610477843435727	0.6357959811633561	0.02262477516229271	0.0375156696326742	0.20795879560731967
DLBCL_RICOVER_1219	0.0004623938177222718	0.005170634591740018	0.00010216681838094394	0.003338202746385917	0.9909266020257709
DLBCL10860	0.0006668832170636967	0.05805752338321588	0.0002190498965318122	0.01334315618455214	0.9277133873186365
DLBCL11500	0.000291514086353758	0.0006659980547905962	3.266087422704975e-05	0.0026909076064435293	0.9963189193781851
DLBCL10908	0.02674742901779598	0.4822508679326203	0.181318974235109	0.18916336899664488	0.12051935981782985
DLBCL10454	0.004573566278637211	0.83520372985569	0.04110857879964193	0.08467019898111997	0.03444392608491085
DLBCL11476	0.004324000019685416	0.4895976273483879	0.0009618274740823662	0.003496332677404831	0.5016202124804394
DLBCL_RICOVER_111	0.4894008387223011	0.17701971497818797	0.06719731628246846	0.1859192857071073	0.08046284430993512
DLBCL10881	0.011899155450335017	0.04738270575066778	0.0019582600734361485	0.4003555142591767	0.5384043644663844
DLBCL10485	0.0018349545732010055	0.03303029893755691	0.000614545700214699	0.004069736271596276	0.9604504645174311
DLBCL10964	0.001248751687598345	0.030161221026078617	0.00041136138014587914	0.07091411681915044	0.8972645490870267
DLBC_FF_A7CR_TP_NB	0.03556662784003929	0.01341874496567468	0.015801873221664976	0.514144888010194	0.4210678659624271
DLBCL10900	0.0010144020152688775	0.0005011965122542592	6.447987727023381e-05	0.016074395841007432	0.9823455257541992
DLBCL_RICOVER_1204	0.031018612532666915	0.09462133790598287	0.006124301257193379	0.17246579507265444	0.6957699532315024
DLBC_FF_8042_TP_NB	0.0005932028719143025	0.33057200862465275	0.6221465382074687	0.00399781783028446	0.042690432465679884
DLBC_FF_A7CX_TP_NB	0.04973802857093269	0.023870577303437304	0.013923933922748584	0.2627280346497056	0.6497394255531758
DLBCL10909	0.03979787665102516	0.01660047370581089	0.012289994265074197	0.3113626056615038	0.6199490497165859
DLBCL10878	0.0031986279331671754	0.2200558602407134	0.0005257777650286482	0.02580340230978572	0.7504163317513051
DLBCL_C_D_1140_NULLPAIR	0.25831998676384765	0.5087370794421113	0.032386545364773096	0.05119878930176946	0.14935759912749846
DLBCL11004	0.0016962448152141579	0.003275932477292059	7.47719236089623e-05	0.01893198171698682	0.976021069066898
DLBCL_RICOVER_173	6.430979583231495e-05	0.0002635011858611842	1.931445835040468e-05	0.0004918953287200915	0.999160979231236
DLBCL10977	0.0005653211943615663	0.016163421690557456	0.0002548064097692082	0.003997096795305357	0.9790193539100064
DLBCL10521	0.0007731717411939098	0.15579245943600065	0.0013076647783249488	0.0037884481187316376	0.8383382559257488
DLBCL_MC_F519_ALT	0.0005557591462842627	0.007315334856075237	0.00012110833048498692	0.004252040506742189	0.9877557571604133
DLBCL10895	0.0014005715573673027	0.16776990236431286	0.0009409141763717844	0.0036825983318057413	0.8262060135701423
DLBCL_RICOVER_1192	8.538724480522349e-06	1.7709735712439195e-05	9.8682871661684e-07	6.829962403193002e-05	0.9999044650870585
DLBCL11510	0.3560269120896213	0.10719950662056436	0.23474617264943615	0.17741431154418866	0.12461309709618958
DLBCL10925	0.00838565558489139	0.019303225574958262	0.00025581694381290377	0.04139945419416648	0.930655847702171
DLBCL10877	0.5895033976065859	0.14878901179156423	0.05873616609608269	0.11354813302780183	0.08942329147796545
DLBCL11488	0.6269823524161621	0.05537185352263684	0.0006135272157779624	0.06272970122537411	0.254302565620049
DLBCL10928	0.5706948592979084	0.3791927698448961	0.0019434481660723483	0.045764445958931026	0.0024044767321920292
DLBCL10931	0.8783462134407936	0.00027361233020471444	0.0005656241111662796	0.11907328446344954	0.0017412656543858978
DLBCL10912	0.9608072424756114	0.0028815988018591763	0.00043935650592906894	0.03286174954544298	0.0030100526711573814
DLBCL11519	0.35382977702717305	0.04639570078547224	0.14698912020337063	0.373938563838636	0.07884683814534794
DLBCL11457	0.7692929326870949	0.1625783779803828	0.0014155850304564542	0.06305254559279046	0.0036605587092753745
DLBCL11659	0.2061571013950416	0.2059000186737271	0.077123137597888	0.50366897362654	0.007150768706803414
DLBCL10525	0.965994163373754	0.005237777471565642	0.0003317192668251199	0.024300469906722938	0.00413586998113228
DLBCL11435	0.282315763279224	0.22404537623160786	0.006674323842542854	0.42662838566401134	0.06033615098261397
DLBCL11432	0.3981213491107174	0.01759481619024452	0.039659289364496045	0.35502219373099914	0.1896023516035429
DLBCL11205	0.6254804313391649	0.16274611581508142	0.004317907080653502	0.2066988796766165	0.0007566660884836615
DLBCL11509	0.21172627431730354	0.12445045470172952	0.10083569544047828	0.5021532160296821	0.06083435951080653
DLBCL_RICOVER_977	0.9357033407095374	0.00023346134545990273	0.0005740354963607973	0.060750817413689984	0.0027383450349518956
