	0	1	2	3	4
DLBCL11539	0.7901506215955457	0.0075760249813548826	0.014679131513749192	0.13051483916270815	0.057079382746642066
DLBCL_C_D_1148_NULLPAIR	0.44408582582250355	0.07076398968303786	0.22946265138042957	0.16366964601569736	0.09201788709833167
DLBCL10912	0.9409371570974553	0.0035619263640441776	0.009555454907900126	0.030942975916703138	0.015002485713897281
DLBCL_RICOVER_829	0.8007976227519861	0.03291328210161896	0.023632067446862085	0.06240436210349162	0.08025266559604126
DLBCL11652	0.4717582800589793	0.0667538126525191	0.24425696097581845	0.060278935584562425	0.15695201072812065
DLBCL10986	0.38700072220458476	0.08219254107892308	0.12558384852803045	0.10126575930474915	0.30395712888371257
DLBCL_C_D_1129_NULLPAIR	0.8052979090584274	0.0617750283948893	0.012373818647200522	0.06121176997040047	0.0593414739290824
DLBCL10950	0.6745203797422229	0.12280876596977683	0.011738892868128438	0.17602836962790214	0.01490359179196969
DLBCL11662	0.7671327598042493	0.06910194139334774	0.018726752684217952	0.11975952295418466	0.025279023164000346
DLBCL11481	0.41186492447390977	0.07150622499962962	0.3348338255261334	0.09940857845669349	0.08238644654363382
DLBCL11429	0.8488929067592796	0.011107967397032419	0.023709147521798916	0.08409242354018846	0.03219755478170057
DLBCL10945	0.7523261475875412	0.13402572413302266	0.006170922550458945	0.06345389110534802	0.04402331462362912
DLBCL_LS951	0.23196009280073865	0.11239095649933566	0.02146151150116769	0.5867942321134076	0.047393207085350386
DLBCL_MAYO_DLBCL_3653	0.5873635974564494	0.0691453625596689	0.10923668687908301	0.10664570448184608	0.12760864862295265
DLBCL11537	0.8491473527999908	0.00801245272551589	0.009665637403401796	0.056158085601972614	0.07701647146911897
DLBCL_C_D_1114_NULLPAIR	0.9473439824902153	0.006311839378523604	0.0034936640914801946	0.025626907764747825	0.017223606275033027
DLBCL11461	0.9412314031516831	0.0020249718717706704	0.005866262840811392	0.03193595962642028	0.01894140250931461
DLBCL10997	0.6032473575329561	0.030859672916605956	0.04419102579233383	0.11890700392075307	0.20279493983735097
DLBCL_C_D_1130_NULLPAIR	0.918247574773457	0.032237707978781276	0.002183991477701412	0.029755327325654973	0.01757539844440534
DLBCL10515	0.9479919241467941	0.004889343051987796	0.003009958045660308	0.030767655911577194	0.01334111884398054
DLBCL10914	0.6983411637119947	0.04611985872452446	0.09386158129573252	0.06345638493969569	0.09822101132805258
DLBCL11462	0.19491400316375537	0.11123650617736722	0.10079430613009921	0.13543033529772922	0.45762484923104896
DLBCL11520	0.7059655797658398	0.0032136714219077856	0.02350193964865581	0.08284473059027699	0.1844740785733196
DLBCL11203	0.0010308902552397668	0.8548699515044345	0.005104505611508819	0.0157909815596893	0.12320367106912765
DLBCL_LS3749	0.014864672621058585	0.8164649366577567	0.0464620837608469	0.10207941157827677	0.02012889538206116
DLBCL10874	0.03931734860277953	0.7215318327720326	0.03739259209731727	0.09258036580688864	0.10917786072098196
DLBCL_BWH_DLBCL64	0.2221977922266133	0.4805073804112103	0.015425692693930385	0.2750501768426399	0.006818957825606088
DLBCL_LS1921	0.015715061708321255	0.6537635664826154	0.1516680769501348	0.17401481363331753	0.004838481225611091
DLBCL_C_D_1108_NULLPAIR	0.004223361871835286	0.806892855432305	0.00862646770132645	0.023044520117301546	0.15721279487723167
DLBCL11661	0.01843568598876352	0.6974533910470323	0.11732743593552239	0.15051398936938204	0.01626949765929972
DLBCL_C_D_1136_NULLPAIR	0.0027452409905187234	0.883079656868508	0.005486266930329657	0.02055016078515935	0.08813867442548425
DLBCL11507	0.29760195530564587	0.4724392085405155	0.03501838822087799	0.17701769705787104	0.0179227508750896
DLBCL10494	0.006385561937611641	0.8695817636523614	0.06359385476173084	0.04849567514409778	0.01194314450419833
DLBCL_RICOVER_1046	0.018139971100785832	0.31472416912937407	0.6080776500283244	0.020467420086031033	0.03859078965548474
DLBCL10510	0.035368932240717584	0.7830643894380802	0.006013802011922722	0.07668864381527522	0.09886423249400422
DLBCL_LS1065	0.029790574589250808	0.838873217093103	0.02961613140770811	0.05868910010697532	0.043030976802962695
DLBCL_RICOVER_787	0.037410414920544054	0.639384053223689	0.1581821081042162	0.15674542167594813	0.008278002075602694
DLBCL_RICOVER_478	0.026310195281476118	0.5263728080207729	0.04177119752380343	0.01242171642977451	0.393124082744173
DLBCL10983	0.004504829151819423	0.7247924841740543	0.007197710728098878	0.05404535104527186	0.20945962490075554
DLBCL11479	0.06742596229008133	0.6131761022904834	0.14259954449053738	0.030217483698805916	0.146580907230092
DLBCL_MC_F500_ECU	0.009882851689109358	0.8458766852113393	0.023853824437168714	0.021819330922673727	0.09856730773970891
DLBCL10846	0.4272936563989535	0.3434059129549207	0.03253512399540838	0.14141328887352084	0.055352017777196644
DLBCL10911	8.901205390904839e-05	0.999368980436334	0.00019661120057161928	7.186941062973143e-05	0.0002735268985555302
DLBCL10981	0.11637127701381321	0.16571365002658636	0.024223082785811194	0.5043410269877325	0.18935096318605665
DLBCL_MC_F729_MAN	0.0020269893973882676	0.9698735753321653	0.010314558587476005	0.009244786621202048	0.0085400900617683
DLBCL10894	0.21090217482874773	0.5335800803878705	0.00837009825246918	0.236997951230883	0.01014969530002963
DLBCL11565	0.011026560386060905	0.7225274949603043	0.05196027800153911	0.09726371826761397	0.11722194838448169
DLBCL10461	0.001610233147617238	0.6375423625031443	0.006777196868982363	0.010129191657606285	0.3439410158226498
DLBCL_MC_F089_HCZ	0.007505833650059898	0.8661554774718324	0.04416522141251953	0.05922968988284837	0.02294377758273981
DLBCL_RICOVER_440	0.07673997994707593	0.39370057584684914	0.4692598157469239	0.03136333391861641	0.028936294540534736
DLBCL_DFCI_DLBCL_GOE16	0.0	0.0	1.0	0.0	0.0
DLBCL11558	0.005791500434318411	0.0073723341694184935	0.8976164736174487	0.02471824473604334	0.06450144704277103
DLBCL10555	0.04683556080778623	0.043423022857282015	0.7525504770344272	0.0517297308452966	0.10546120845520797
DLBCL_LS1395	0.008938453759757221	0.03755565794539133	0.9119664040769733	0.012079797326468177	0.02945968689141003
DLBC_FF_8046_TP_NB	0.009048700470721953	0.008772628493875122	0.9478507421451806	0.01720233056642823	0.01712559832379413
DLBCL11680	0.0028082668393324887	0.0028868085876873574	0.9869525299603744	0.0062256983836596926	0.0011266962289460246
DLBCL11685	0.008186467306071804	0.005928338869831092	0.9668105690398544	0.0145603509289462	0.004514273855296532
DLBCL_LS1304	0.011540369420409825	0.12733487331429394	0.7252736013781813	0.021503182108238646	0.11434797377887627
DLBCL_LS297	0.00039361331388865613	0.003260872554727753	0.9852703226708724	0.008006563778709565	0.003068627681801547
DLBCL_MC_F815_BAT	0.004713099017016892	0.007017517665916761	0.9399622233607026	0.046115332350015824	0.0021918276063479
DLBCL_LS2325	0.008471636492780418	0.04976028778285894	0.8423376397056058	0.04681746206988048	0.052612973948874334
DLBCL10466	0.016473857296608548	0.3047098351169081	0.591193434574787	0.07647108677877654	0.011151786232919817
DLBCL11672	0.0039061201914192562	0.00584001870816799	0.9393068363018012	0.04429474047566252	0.0066522843229489806
DLBCL_MC_F606_DMJ	0.00028721539053778094	0.0013616501621147197	0.9943992009003644	0.002971424922143708	0.0009805086248393673
DLBCL11428	0.0012445810835208211	0.005296054318038959	0.9873917591354346	0.00537297007813453	0.0006946353848710513
DLBCL10879	0.04322255821121109	0.028200730056185622	0.8783659468051935	0.026438695984005337	0.023772068943404393
DLBCL10536	0.05372084481908195	0.15415970265324522	0.6710493290666695	0.09597528887545254	0.025094834585550937
DLBCL11534	0.36000522194070833	0.07453937545400674	0.2698169154971201	0.1579551478312447	0.13768333927692025
DLBCL10491	0.038569861289932096	0.28626220155405524	0.1799170797495623	0.4894580484100991	0.005792808996351372
DLBCL10513	0.1927504316924421	0.05148395519530171	0.06414453669622262	0.675834550708412	0.015786525707621568
DLBCL10868	0.09739811097461541	0.07448068130999837	0.015180743967782108	0.5251629844264323	0.28777747932117187
DLBCL10858	0.11029938817230744	0.06522357428840085	0.02567217803105804	0.5767593092470561	0.22204555026117753
DLBCL10547	0.11945990516145155	0.024160475801959368	0.05852394394612278	0.7807725149952581	0.017083160095208213
DLBCL10544	0.060184694508933524	0.013542143062241654	0.02564308899372179	0.8565882555536192	0.04404181788148386
DLBCL11491	0.13950611566066584	0.20950099566118946	0.06045609282883278	0.23281088141818168	0.35772591443113033
DLBCL11564	0.08737112312788065	0.03750812635593605	0.02583048196042613	0.8194038123567808	0.02988645619897633
DLBCL11459	0.08044044875905758	0.01194310120729223	0.04165193430550106	0.8480679092747925	0.01789660645335667
DLBCL_RICOVER_1045	0.3306955657352309	0.11966467344195998	0.067275014384458	0.06439785924252817	0.417966887195823
DLBCL10456	0.18872815351963804	0.05385693247934924	0.0295027621770697	0.7019508294911219	0.025961322332821148
DLBCL_RICOVER_985	0.06659922552636946	0.01648530057079214	0.018892106439676103	0.8907155979105568	0.007307769552605517
DLBCL_RICOVER_950	0.2402808144463408	0.11070054674729339	0.2312678207164881	0.3852212994788943	0.03252951861098338
DLBCL_C_D_1159_NULLPAIR	0.7464961320718851	0.03147942608448791	0.008227690017215556	0.17970577468997237	0.034090977136438966
DLBCL_RICOVER_711	0.3187103410585724	0.3817288952252132	0.00617643738552366	0.2845066746213018	0.008877651709388944
DLBC_FF_A7CQ_TP_NB	0.0015207348687728563	0.007987907639433271	0.00024317393331654377	0.007178489054414218	0.9830696945040631
DLBCL10915	0.0802788752721797	0.12980453011100018	0.047180116006996876	0.05939400380963276	0.6833424748001905
DLBCL10867	0.007272496298579026	0.4429131894529074	0.012943542349030652	0.048555378671068725	0.4883153932284142
DLBCL10992	0.004328965533097805	0.1242445112124867	0.0004923832823287565	0.01934119214225219	0.8515929478298345
DLBCL10887	0.007638034269496971	0.02409942917922956	0.0010951760057440537	0.018376298782261182	0.9487910617632682
DLBCL10878	0.017961766595445072	0.11831497140999232	0.0034266174669678124	0.010890579917605217	0.8494060646099896
DLBCL11431	0.12664878762209691	0.22442169043806767	0.13652635247270872	0.11873057280676182	0.3936725966603648
DLBCL10891	0.14181035615149737	0.04019868929845961	0.18265808951814747	0.20384172746973933	0.43149113756215624
DLBCL10521	0.03148474917059647	0.22370293854151443	0.0013118460987799941	0.005226073579139818	0.7382743926099693
DLBCL11476	0.036373418325787936	0.15500202485102418	0.006743722112820566	0.011063387885702651	0.7908174468246646
DLBCL_MC_F519_ALT	0.0011727342142229826	0.0077001879847843025	0.00019863140829408894	0.00203536668652792	0.9888930797061707
DLBCL10866	0.19253918294165823	0.10431918821177799	0.024502088908825083	0.5303174853224456	0.14832205461529308
DLBCL_RICOVER_449	0.30862313186100787	0.06764473810493979	0.06595818936526356	0.08406352616523873	0.4737104145035503
DFCIDL004_DT	0.20862857652390898	0.04631378118366363	0.12042737627201071	0.27559212359479085	0.34903814242562586
DLBCL_RICOVER_1287	0.06225331296431378	0.27112964768376296	0.03742842499687309	0.0389530428920032	0.590235571463047
DLBCL10836	0.004560471656837194	0.02710133360278313	0.00086466152382242	0.018305482021212505	0.9491680511953448
DLBCL10550	0.012136934883669825	0.17682856955122797	0.0021528001597325742	0.02327410041374495	0.7856075949916247
DLBCL_LS3200	0.0023247906843019642	0.055548206446569444	0.0010328889058057616	0.01083033261391148	0.9302637813494113
DLBCL10900	0.009538907120881639	0.03404750825721618	0.0012856159031980974	0.07811010554941171	0.8770178631692924
DLBCL10853	0.0040117857243896545	0.021823454785225228	0.0006610925457485813	0.014909992207524172	0.9585936747371123
DLBCL_RICOVER_111	0.3886229121757576	0.06656092183975823	0.30592726620547445	0.0825218798830228	0.156367019895987
DLBCL_RICOVER_417	0.0043405673466344035	0.0046250777552477714	0.0001626413888427353	0.011620499876043707	0.9792512136332314
DLBCL10529	0.0035929642734450463	0.22138794919718222	0.002493997061229981	0.019394793233032386	0.7531302962351104
DLBCL10847	0.023947267894193294	0.10466353384458857	0.0012988457070720592	0.007405128921265358	0.8626852236328807
DLBCL_C_D_PAIR13	0.08760310922997668	0.2565196266111625	0.21211558100552189	0.08497704078473223	0.35878464236860663
DLBCL_C_D_1163_NULLPAIR	0.003907910288184051	0.014797661553632309	0.0004987538750065604	0.05599250658091087	0.9248031677022662
DLBCL10833	0.5768447955733972	0.02373037354265816	0.05304196114584633	0.11638150241777677	0.23000136732032156
DLBCL10835	0.006272245269812861	0.051594183491946596	0.0004972224965105537	0.0561100557229463	0.8855262930187837
DLBCL_C_D_1156_NULLPAIR	0.829904565827143	0.06575085871578662	0.019074785302947216	0.052824168705909384	0.032445621448213745
DLBCL_RICOVER_977	0.8882711658218595	0.003580076717364049	0.01045211044017052	0.053414641317209695	0.04428200570339619
DLBCL_C_D_1128_NULLPAIR	0.8907069761853452	0.05810552300296079	0.001992899258174125	0.02764650482304172	0.021548096730478167
DLBCL_RICOVER_451	0.8644137903261201	0.019167279968298513	0.018741536995295748	0.05134073129413181	0.04633666141615385
DLBCL10994	0.20979114986905392	0.3805825527387706	0.04871640107729092	0.20917992776944788	0.15172996854543663
DLBCL10884	0.7022812367180397	0.06743722174966957	0.005611694750378478	0.1907972715467695	0.03387257523514279
DLBCL10931	0.894748102704919	0.01819198589644848	0.004277656577064794	0.04874656844731921	0.03403568637424852
DLBCL11671	0.2899239845554007	0.08316285139888031	0.020625165513683673	0.5647649112273826	0.04152308730465273
DLBCL_LS1757	0.9218551000673814	0.016381584955610956	0.015810074018906342	0.025319599417076642	0.020633641541024636
DLBCL11488	0.6612155202967306	0.030002906014166737	0.02843059688425141	0.07894198760605542	0.20140898919879588
DLBCL11496	0.86124864667879	0.028627232997757324	0.03959037868635922	0.04748572291005623	0.023048018727037267
DLBCL10525	0.8369172366193217	0.04990060153125995	0.011397993779435171	0.04113493756656327	0.06064923050341996
DLBCL11430	0.6329533817577944	0.054547974788812265	0.1106320567906788	0.16892149152617314	0.03294509513654145
DLBCL11478	0.4803834117035112	0.23109180370090052	0.08318734455715958	0.17656412797749	0.02877331206093867
DLBCL11202	0.03843138795124424	0.07513010996726975	0.6133704382555777	0.2644652005937762	0.008602863232132104
DLBCL10935	0.5389794818957672	0.3399428258156434	0.013719989444683896	0.07846795825829919	0.02888974458560628
DLBCL11470	0.6497308270674057	0.05154373730941218	0.011006788349423216	0.2292415374808881	0.05847710979287072
DLBCL_RICOVER_910	0.45109435693584876	0.1014652166751573	0.1452305708925969	0.11118397754014558	0.19102587795625153
DLBCL10495	0.8433168360130111	0.04105331745196325	0.01958621463951804	0.032442032281907895	0.0636015996135997
DLBCL10844	0.25210097944560345	0.10897422672685154	0.09521911969431333	0.11733564901429108	0.4263700251189407
DLBCL10993	0.7520276992482786	0.046198824487210265	0.036945572306849916	0.10857646730963903	0.05625143664802217
DLBCL11519	0.10233125262606034	0.020868513802868086	0.015436721880991029	0.8547593030668683	0.006604208623212256
DLBCL_RICOVER_945	0.4200901775985881	0.13301152336881186	0.06488180509466807	0.33797860082697534	0.04403789311095671
DLBCL_RICOVER_533	0.006670181494588419	0.8686115505299326	0.06371492536367422	0.05618415240164703	0.0048191902101578045
DLBCL10903	0.004735118940714677	0.9213585686262056	0.034112327765497885	0.026868353938343463	0.012925630729238372
DLBCL_DFCI_DLBCL_GOE05	0.004190933855017762	0.42830207130887	0.008148808917804456	0.008838608656360759	0.550519577261947
DLBCL11673	0.03558370525875724	0.8513812200652798	0.026448448953380867	0.06695331227770535	0.019633313444876715
DLBCL_LS146	0.0007894597859247321	0.974432494898422	0.011549932379306982	0.008991751320313575	0.004236361616032757
DLBCL10517	0.007855755924900875	0.8590894249525509	0.08435499682174182	0.03993737337867978	0.008762448922126586
DLBCL11204	0.17405553262715778	0.23162224094489484	0.21599351956834462	0.10440338538370039	0.2739253214759023
DLBCL11436	0.2367002616320118	0.28200522492264823	0.09313139651759038	0.16726001465272977	0.22090310227501972
DLBCL_RICOVER_467	0.003851343829675061	0.6729269792249061	0.006698874949367667	0.027464841383811892	0.2890579606122394
DLBCL10922	0.05454373664605444	0.656589343485614	0.07911397899447294	0.03258729433962794	0.1771656465342307
DLBCL_C_D_1117_NULLPAIR	0.1917281835281077	0.23249803155431356	0.02307472392513341	0.5304268002348376	0.02227226075760775
DLBCL11188	0.006610035326768281	0.969942839880015	0.0063526106647654535	0.0027634131649377234	0.014331100963513643
DLBCL10871	0.02189700753159972	0.8746750778158656	0.014558364599521858	0.04798331877216391	0.04088623128084893
DLBCL10549	0.02749510655135375	0.6418215688358997	0.2164031976922719	0.09331676793391508	0.020963358986559683
DLBCL10885	0.06992499274465848	0.28289071617546996	0.02243961940955635	0.10328955892840067	0.5214551127419147
DLBCL_C_D_1118_NULLPAIR	0.3109715126409468	0.40174745066920586	0.007035696920485148	0.2647037782091684	0.015541561560193722
DLBCL11456	0.09540133890132056	0.4437507199588682	0.06875288017487695	0.36495161999057	0.027143440974364243
DLBCL_LS2089	0.0038165481717308963	0.41148265224272407	0.0017849259758490965	0.012339841565693437	0.5705760320440025
DLBCL_LS2245	0.21260750268585057	0.29304976478961975	0.45167396374892127	0.02203643362885209	0.020632335146756088
DLBCL_LS3245	0.00701570138889236	0.7634803785356868	0.12570978096791718	0.09418071439377294	0.009613424713730622
DLBCL10962	0.04921680257098515	0.7264681106229491	0.043428025505285725	0.04959243742269717	0.13129462387808283
DLBC_FF_8043_TP_NB	0.029095522413391837	0.8151151370707569	0.0527517943057358	0.06709803900555655	0.0359395072045589
DLBCL_LS4054	0.07251291904350377	0.5221422566832835	0.19970957248158908	0.06287776844240202	0.14275748334922161
DLBCL10452	0.005847390059605678	0.4833865620613895	0.009418754530414093	0.029219977116685347	0.47212731623190535
DLBCL_DFCI_DLBCL_GOE07	0.012249664838016696	0.8402767585365731	0.06716171137280888	0.011133017668705595	0.06917884758389574
DLBCL10503	0.05359837573731372	0.3809709039983034	0.23697801190925338	0.04557269933712364	0.2828800090180058
DLBCL10512	0.02055683309269492	0.07750304702815874	0.8126046715065409	0.01664282798128148	0.07269262039132388
DLBCL11670	0.005930580054498945	0.00449420256942777	0.976934324764437	0.008005391978712592	0.0046355006329236595
DLBCL11590	0.38282756796562256	0.07419268977302898	0.22770538432392273	0.11943686419366463	0.19583749374376122
DLBCL_RICOVER_978	0.6991222559709058	0.029329800843067112	0.052485393985049866	0.06732957352425781	0.1517329756767194
DLBCL10910	0.0255796098672064	0.3933977394960726	0.4996830867210224	0.031505208625023755	0.049834355290674884
DLBCL11656	0.02213023916022161	0.005231402629296975	0.897200311521213	0.031165837133979066	0.04427220955528929
DLBCL10472	0.04854055033442861	0.01734925641319137	0.903653333273292	0.02261940711377883	0.007837452865309192
DLBCL10465	0.0020298443920314206	0.0054623764106910425	0.960823334444184	0.022666368439999352	0.009018076313094208
DLBCL10856	0.16042835891341317	0.14912805007463284	0.07380004957947188	0.2027188808064027	0.4139246606260794
DLBCL11566	0.010509626544428798	0.11077871281374162	0.7960603158639807	0.06765672819694046	0.014994616580908374
DLBCL_RICOVER_577	0.06390685760717092	0.10453942565692535	0.6245019024898	0.025556384667693558	0.1814954295784102
DLBCL_LS2599	0.012670635541872498	0.010125383200208816	0.9203073960956066	0.04348862858751468	0.013407956574797378
DLBCL11515	0.07075540266403109	0.432977711307807	0.2037740836368006	0.04124040353885922	0.25125239885250217
DLBCL11528	0.08809490979167814	0.10714139335873217	0.6496544747308621	0.1371635781793482	0.01794564393937932
DLBCL10936	0.07084873282649377	0.29689440212851853	0.23655332820832523	0.06931440548756564	0.32638913134909675
DLBCL_RICOVER_408	0.019528810725183112	0.7610825163541721	0.06142412446824947	0.15298367588934345	0.004980872563051838
DLBCL_LS4616	0.014369465287688342	0.11678973199177603	0.7832644626129716	0.06881192249330563	0.016764417614258523
DLBCL_LS762	0.0695026011101773	0.1824037823277204	0.4008116043535138	0.0622803992133174	0.28500161299527105
DLBCL11667	0.028379514558874847	0.002739702421179893	0.9521883963246942	0.014248090731543052	0.0024442959637079663
DLBCL_LS2357	0.07019784761920886	0.014257899166192581	0.02107695273510323	0.8870789321434247	0.007388368336070659
DLBCL_LS3499	0.16393557235647077	0.12360848129481038	0.04295788489640702	0.6476800289190464	0.021818032533265447
DLBCL11576	0.06156556310506234	0.27238289334492266	0.2117246806600658	0.4464003799082493	0.007926482981699876
DLBCL10782	0.3335396028041214	0.36256361110584856	0.00695158340616971	0.28381348303674175	0.0131317196471186
DLBCL10565	0.008012302715049643	0.05219698377884288	0.8845429411792451	0.03757730861911831	0.017670463707744076
DLBCL_RICOVER_1018	0.1253156311197416	0.18592633751388085	0.020195969497851806	0.6185527001831883	0.050009361685337456
DLBCL10564	0.03276171101709364	0.2563538563447015	0.19395070633818512	0.5121101028477859	0.00482362345223387
DLBCL11437	0.548035944509689	0.0558923976613199	0.02567810396539817	0.3237754243386956	0.0466181295248974
DLBCL10974	0.1426660573691627	0.044943537541126635	0.17259908058254106	0.18823900130340296	0.45155232320376665
DLBCL10927	0.43450607223722476	0.1904882464129471	0.008873640770005475	0.34773862469358585	0.01839341588623675
DLBCL_RICOVER_274	0.005332658172416551	0.36980136851452894	0.0056283190542298425	0.0863509598227328	0.532886694436092
DLBCL11658	0.047838546050556506	0.03863803087120079	0.014808809647590116	0.6245237605722798	0.2741908528583728
DLBCL10552	0.15557908616948193	0.07245434269765291	0.026321312652421526	0.7193632990685467	0.026281959411896944
DLBCL10553	0.13727609198606958	0.1494281102158709	0.047449141181645074	0.6422832179799989	0.023563438636415517
DLBCL11536	0.06417986307336342	0.557954829548281	0.0352450960185808	0.26440845050204564	0.0782117608577291
DLBCL11500	0.001512720794254476	0.0069908656282919365	0.0003982180341614974	0.0136961826232189	0.9774020129200732
DLBCL10530	0.002374219825896132	0.039846885179061306	0.0011298865336391158	0.01500854464190755	0.941640463819496
DLBCL10951	0.0037257056186665275	0.04479342488293614	0.0008842194941240542	0.010854150149031216	0.939742499855242
DLBCL11353	0.0025988924780128214	0.044225658338212494	0.0006395208518818815	0.01215051238935387	0.9403854159425389
DLBCL10534	0.0007264609240164984	0.001021546449877922	7.440649446186379e-05	0.0048578507268490015	0.9933197354047947
DLBCL_RICOVER_850	0.002902781363643573	0.03722089985452908	0.0008436146910132181	0.016855055181560892	0.9421776489092533
DLBCL10890	0.0016108896882302372	0.007384170055723913	0.00014103533068708272	0.006324328394738423	0.9845395765306203
DLBCL_RICOVER_1289	0.0042454358685863605	0.01698640639831614	0.00051133302249393	0.041295326194613256	0.9369614985159903
DLBCL_RICOVER_1106	0.0019526419894431264	0.011142000552294402	0.0003284641494320598	0.012699178813994896	0.9738777144948355
DLBCL_RICOVER_221	0.005077943621738573	0.061930474834950885	0.003422054395479575	0.017081803366338813	0.9124877237814921
DLBCL_RICOVER_1248	0.003301699718875105	0.3014616563719661	0.0005557958146861816	0.015146780002008501	0.6795340680924641
DLBCL_RICOVER_1278	0.005783344565586192	0.13252188707654142	0.00224961555765973	0.0702368793796695	0.7892082734205431
DLBCL10852	0.008245287187260942	0.07378442849213433	0.0024998230205452864	0.05262347299428837	0.8628469883057711
DLBCL10781	0.01223078256831321	0.11035660407926931	0.0014177049766297667	0.027171092269269368	0.8488238161065184
DLBCL10880	0.0009999390801011714	0.003950753513732039	0.00019297854667915318	0.00430105765960322	0.9905552711998844
DLBCL10535	0.08744756228802106	0.11754422972256572	0.10537300860345764	0.08945096783249967	0.6001842315534559
DLBCL10909	0.08643886827469899	0.06405366606027073	0.07563774727548514	0.5230451232070915	0.25082459518245365
DLBCL10921	0.0025019508352430784	0.04696470270687628	0.0009598888439825579	0.006533030466476164	0.9430404271474219
DLBCL11195	0.005199815881428416	0.12581292423288643	0.0021572994256850854	0.14589898187117942	0.7209309785888206
DLBCL11450	0.00553892967116935	0.03737478287057598	0.0013807143374118657	0.05673621183438541	0.8989693612864574
DLBCL10895	0.021640837965586215	0.34363596593773343	0.023720900294093742	0.013868854544144011	0.5971334412584426
DLBCL_LS2208	0.020329559357443475	0.30540369167985326	0.03928969750736993	0.03192047853922215	0.6030565729161111
DLBCL10862	0.007259545584287073	0.0878346304763858	0.0037166780966337454	0.008372676704562567	0.8928164691381308
DLBCL_RICOVER_314	0.00515115891608589	0.6823309867328253	0.0206945410689973	0.0383419968299124	0.25348131645217914
DLBC_FF_8042_TP_NB	0.03287662711624442	0.08673173240884158	0.6784794513666876	0.023096722441050873	0.17881546666717552
DLBCL10883	0.007079772380602054	0.019219211094839688	0.0011013631873313665	0.012821382095840893	0.959778271241386
DLBCL_C_D_1125_NULLPAIR	0.0008960537288436247	0.005027622319407455	0.00014003015640023808	0.006027210476770221	0.9879090833185785
DLBCL_C_D_1144_NULLPAIR	0.040948739370450314	0.3076846393391828	0.01599968940858879	0.044374416113060956	0.5909925157687171
DLBCL11472	0.6229214443200628	0.009370070239314942	0.1113040910990624	0.17024224256038045	0.08616215178117934
DLBCL11512	0.3895501579929718	0.2845430591980529	0.012773350485430665	0.29492190492205866	0.018211527401486016
DLBCL11681	0.637291932941005	0.015498381944813308	0.0860383364620134	0.09718372538795082	0.16398762326421754
DLBCL10482	0.4341483724560032	0.0683716394084134	0.05730202490950556	0.16598817467914534	0.27418978854693243
DLBCL_LS2154	0.4380618106731078	0.13765304447375667	0.08237783245611256	0.10858210980645136	0.23332520259057166
DLBCL11474	0.6753855134989121	0.08065695738996732	0.05997492088103536	0.13023239957553578	0.05375020865454943
DLBCL10968	0.8624690541612747	0.0033307724555723317	0.011325743533324757	0.07139446795894756	0.05147996189088057
DLBCL11480	0.3408279385720068	0.0678772475817648	0.3136735490481053	0.06091140411085963	0.21670986068726347
DLBCL11486	0.9099153763255554	0.03605429125446427	0.0041432563530441405	0.030720047725928762	0.019167028341007388
DLBCL11435	0.5928989154705416	0.023689548961325933	0.05955462839003863	0.16570177224384702	0.15815513493424677
DLBCL10451	0.011839251043395251	0.3998689462000671	0.5699287396814832	0.009152273901337332	0.009210789173717074
DLBCL_RICOVER_473	0.6413759072428525	0.07779654590973396	0.12549769053873802	0.05934359576715387	0.09598626054152168
DLBCL11205	0.6997194249834179	0.07767433073128287	0.09533494329153928	0.0899937541957718	0.037277546797988156
DLBCL11457	0.7315983054061661	0.00765450169906718	0.04830506828266895	0.1034482362158798	0.10899388839621793
DLBCL10969	0.1774090553047986	0.07643583893212759	0.4993818889220013	0.07188469351038158	0.17488852333069085
DLBCL10490	0.2952117162316977	0.21882606175739275	0.016498130240020593	0.42826922511514603	0.04119486665574285
DLBCL10486	0.2910629437951451	0.1936386460310035	0.08094077856777392	0.11049925753038294	0.3238583740756946
DLBCL10458	0.8439260758216078	0.04346756826492421	0.029378782931729373	0.058008575612310743	0.025218997369427835
DLBCL10972	0.6953205242370136	0.05586836934306677	0.03007056896968789	0.05421505024712975	0.16452548720310203
DLBCL_MC_F262_WLC	0.8949508047488998	0.02450720113624635	0.013832305112341806	0.05037288321611392	0.016336805786398144
DLBCL_MC_F307_JPS	0.8552288374177233	0.046219191479215944	0.01977284853077306	0.04814592628261743	0.0306331962896703
DLBCL_LS378	0.8995097402269474	0.037275130183283725	0.0206206341944687	0.017209390503422465	0.025385104891877744
DLBCL10957	0.454293000502144	0.05104762639119742	0.10010176381078102	0.30327301892416325	0.0912845903717143
DLBCL_C_D_1105_NULLPAIR	0.45630825752543946	0.19053193031002374	0.164201972948592	0.09785163009245061	0.0911062091234942
DLBCL_RICOVER_174	0.004307781647152213	0.9517130886771581	0.02757366920566578	0.011004786707005696	0.005400673763018164
DLBCL10985	0.04092142995465211	0.7465456178904334	0.06399135825856589	0.11727979491137985	0.03126179898496868
DLBCL_C_D_1126_NULLPAIR	0.020361262172171317	0.625885443317396	0.019872364904647014	0.022579090319327918	0.3113018392864578
DLBCL10834	0.06140654761385545	0.7910124661482794	0.046138970119415645	0.09716497858916504	0.004277037529284533
DLBCL_RICOVER_1210	0.006609131221838996	0.8924321069955667	0.0550305937913506	0.03775399548455356	0.00817417250669013
DLBCL10906	0.008130203308379514	0.21619840535992776	0.0042394901872987115	0.010449042394840352	0.7609828587495536
DLBCL_RICOVER_299	0.06676282693573808	0.6640426775520862	0.21050027560490456	0.03564847531270264	0.023045744594568457
DLBCL10502	0.011586340226474773	0.8261371007630124	0.0955045284410985	0.062058034451034555	0.004713996118379791
DLBCL10954	0.008522855743290087	0.5372148818494618	0.009232890869119846	0.017303589864539032	0.42772578167358927
DLBCL_RICOVER_253	0.03230251488995587	0.7484009706214095	0.08023761994667059	0.13612476173962149	0.002934132802342547
DLBCL_RICOVER_1060	0.13356615807008582	0.4359248323884908	0.05861598183091543	0.062493192453665865	0.3093998352568421
DLBCL_RICOVER_1165	0.010561553327746512	0.619571880368827	0.11607522610812916	0.021214414321199672	0.2325769258740976
DLBCL11003	0.029773713716609106	0.37113365473632176	0.010162287059978285	0.013160582805111702	0.5757697616819792
DLBCL10780	0.014438907028485007	0.6034271857655957	0.20933251549965773	0.157386508684748	0.015414883021513521
DLBCL10934	0.009176406302585292	0.2584819907462678	0.0056037630678415435	0.22175379223396943	0.5049840476493359
DLBCL_RICOVER_496	0.030963357855611204	0.35866769623876255	0.5302924494394968	0.04275153749517624	0.03732495897095319
DLBCL_C_D_1119_NULLPAIR	0.7713436529752843	0.14539804209579726	0.02127130289297634	0.03607349130407839	0.025913510731863768
DLBCL10460	0.0013461520861657022	0.9749863118501508	0.01245104127528318	0.0068137072210305155	0.004402787567369815
DLBCL10850	0.13290769128356475	0.7836871336895846	0.005319891444464285	0.06519376823122516	0.012891515351161181
DLBCL_LS1668	0.013865835808960282	0.7004110961486099	0.11553932037702358	0.1420490465722592	0.028134701093147044
DLBCL_C_D_1131_NULLPAIR	0.004029008949067083	0.7497141757598721	0.018392660534447467	0.012955992908264855	0.2149081618483485
DLBCL11484	0.047876747760885484	0.5354867915863045	0.20843725306078284	0.0352085631362811	0.17299064445574602
DLBCL10483	0.04631401279704412	0.5593087265407801	0.14618314549762765	0.046818220282463026	0.20137589488208502
DLBCL11449	0.11264404822299329	0.21806776699821287	0.012763405178743963	0.16739240644681053	0.4891323731532395
DLBCL_MC_F064AB	0.018594856207402772	0.07186243310932426	0.8324001430620764	0.05110640766254742	0.026036159958649142
DLBCL_RICOVER_522	0.04953980252732343	0.16659115048938586	0.6130635339802658	0.1649720966719841	0.005833416331040839
DLBCL11441	0.21550367132613027	0.07253935818297141	0.0717755530689946	0.2079481213123975	0.4322332961095062
DLBCL10459	0.003924621896700524	0.003968339348435199	0.9394552912939668	0.012021375848812748	0.040630371612084756
DLBCL10498	0.035524557952116384	0.07782949873528815	0.8097389801660926	0.07203416909712716	0.004872794049375768
DLBCL_MC_F349_BJJ	0.00039755320128157515	0.003940428041702199	0.9833850368745818	0.010020495246901759	0.002256486635532669
DLBCL_LS155	0.00574406655393743	0.012043697308607828	0.9458596804838324	0.017267703765773447	0.019084851887848902
DLBCL_C_D_1112_NULLPAIR	0.020918914563585404	0.38643801716836573	0.4894864698015684	0.02888646786547747	0.074270130601003
DLBCL_C_D_1113_NULLPAIR	0.03406887336000918	0.0149700534062692	0.8983124958433009	0.03779597360592553	0.014852603784495188
DLBCL_LS1098	0.013767634053072375	0.009361492363609475	0.9285431769712831	0.026199682426958592	0.022128014185076473
DLBCL_C_D_1133_NULLPAIR	0.003434878798679957	0.008246490141030486	0.9607907650887765	0.020449930553646536	0.007077935417866553
DLBCL10523	0.07810890553454018	0.02684271286483724	0.8111322283306853	0.0773356374415677	0.006580515828369571
DLBCL_RICOVER_744	0.006547443407074864	0.0027727499191990183	0.9814450991796858	0.006685064532779459	0.002549642961260838
DLBCL11675	0.011066312966780097	0.018297726556814307	0.9445692760481608	0.021022300875533955	0.005044383552710884
DLBCL_C_D_1141_NULLPAIR	0.028463016457440923	0.06456180158797836	0.8749035847884234	0.019031828542849995	0.013039768623307276
DLBCL_RICOVER_216	0.08496012236680396	0.29099891877293416	0.1952812269552295	0.053449121500259864	0.3753106104047725
DLBCL11526	0.40843951037965387	0.07581848935179383	0.3364150502650088	0.11241938210959239	0.06690756789395118
DLBCL11666	0.0020892233541821223	0.010453492836844174	0.9754723582086064	0.00937752132563729	0.0026074042747299586
DLBCL11458	0.2853951184443786	0.19589524276186268	0.30967073955224794	0.07733243055873372	0.13170646868277702
DLBCL_RICOVER_1061	0.13025579654725927	0.04206195309000699	0.03651297508873814	0.7503501489421205	0.040819126331875115
DLBC_FF_8062_TP_NB	0.15182969910674107	0.08112766197090715	0.1589118327610817	0.5775713679559423	0.03055943820532769
DLBCL11002	0.0910649097860993	0.0898250682866888	0.13319556591158543	0.6793851974101537	0.006529258605472741
DLBCL11433	0.3179463889134955	0.06634427099706834	0.08068702763019507	0.30666764966445864	0.22835466279478245
DLBCL11447	0.055852139764552444	0.040776902980642925	0.016408384998121067	0.6706508072958165	0.21631176496086707
DLBCL_MC_F139_LJF	0.08651794596924273	0.02963256859724221	0.02588751343166609	0.8494118625301152	0.00855010947173368
DLBCL11527	0.03549840689755971	0.1982330933364686	0.27583700935931044	0.482070189917214	0.0083613004894472
DLBCL_LS2590	0.12892828915079307	0.04473492267589502	0.01837678323409091	0.5128944721229611	0.2950655328162599
DLBCL10539	0.016728968067883807	0.7427038789436894	0.05554859424181851	0.02895588707858636	0.15606267166802196
DLBCL10965	0.12670278626937484	0.01593073194000094	0.02565737260166703	0.8025045284172235	0.029204580771733667
DLBCL_MC_F218_RAP	0.7504440361716797	0.06314639528917629	0.05982973561493783	0.10199830690659432	0.02458152601761188
DLBCL11460	0.18948080200431025	0.048117659833700595	0.033250189461567464	0.7115260021953144	0.017625346505107334
DLBCL_C_D_1109_NULLPAIR	0.2303765924059777	0.030542498745269164	0.016431197096087317	0.6633997897234184	0.05924992202924744
DLBCL_RICOVER_701	0.12628563570207021	0.03990089120430507	0.026829133169603996	0.7978739587812489	0.009110381142771873
DLBCL10863	0.17897139225416708	0.13203606907561563	0.046127203096635344	0.2663463012609227	0.3765190343126592
DLBCL11206	0.0063259348955538525	0.5736506471205488	0.025541811116454035	0.009545295351998792	0.3849363115154445
DLBCL10901	0.0009549886822923018	0.0038463376916205902	0.00017122988502310895	0.006781366573445474	0.9882460771676185
DLBCL10860	0.0016131052318239846	0.018606038853509574	0.0003727904896447126	0.016239192537119387	0.9631688728879023
DLBCL_RICOVER_1032	0.005048712550753083	0.2856204854092017	0.0033603600279218217	0.059477837736173066	0.6464926042759505
DLBCL10908	0.17087931754949473	0.06673897287523736	0.599432603442582	0.04607710376835406	0.11687200236433183
DLBCL10999	0.002643831166299274	0.02655522617720481	0.0015244860657049894	0.02386462577649888	0.945411830814292
DLBCL10930	0.6789095678719321	0.02912348401303781	0.024176041863520462	0.043069827044847804	0.22472107920666187
DLBCL_RICOVER_506	0.0028916823438568553	0.07136255128407208	0.0005933125388979382	0.09079347010916351	0.8343589837240096
DLBCL_RICOVER_712	0.01869824215692731	0.28075848373245293	0.008244723337150905	0.01501660297227023	0.6772819478011987
DLBCL_RICOVER_956	0.00707556963434376	0.17776064502127017	0.006899359790385298	0.009255253802406445	0.7990091717515944
DLBCL10990	0.024345921795928368	0.15055852935717795	0.005979817106915213	0.0082652889269842	0.8108504428129942
DLBCL10925	0.01319203498488765	0.09694576881922042	0.0017768463222080427	0.242556814727715	0.6455285351459689
DLBCL10857	0.0015206087164056487	0.010351889295352627	0.0003780797180261717	0.0067236375251408425	0.9810257847450747
DLBCL11538	0.24549073706811667	0.12265975612696395	0.13278766575415	0.14265210248173393	0.35640973856903546
DLBCL10902	0.005500692900190045	0.11214485717176956	0.0018858186040953268	0.01651910743137184	0.8639495238925732
DLBCL10889	0.0007492231284838794	0.002967831502477371	0.00013182290960685072	0.004835215712786894	0.991315906746645
DLBCL10842	0.00075531921503902	0.002352063280721114	0.00011934034594120146	0.0029487316305689187	0.9938245455277297
DLBCL11504	0.31465627847142824	0.1421650297700404	0.12070762271641804	0.16337960611545466	0.2590914629266587
DLBCL10963	0.005635868866439545	0.10386221218906101	0.0013838563006941475	0.03266833652631311	0.8564497261174921
DLBCL_RICOVER_720	0.0052899960261896615	0.28476749771202714	0.0008961437449809145	0.01795438200970023	0.6910919805071021
DLBCL_RICOVER_773	0.020610991310632137	0.5480428036259888	0.09788799196530545	0.012711647145409639	0.32074656595266393
DLBCL10532	0.002156304384414553	0.02318095881889585	0.0004194632844605238	0.009904935950963764	0.9643383375612653
DLBCL_RICOVER_1192	0.0018956158117472465	0.02750437669791273	0.0007539660791656084	0.00738400127177435	0.9624620401394001
DLBCL10980	0.009761106632549527	0.5091843423483662	0.024890105603579956	0.008697709775737798	0.4474667356397666
DLBCL10977	0.030515064516887187	0.09246897314099113	0.0087773833218975	0.009515716476444433	0.8587228625437798
DLBCL11000	0.0008919001344317995	0.0040801268497145	8.274447622518959e-05	0.004508279766524164	0.9904369487731044
DLBCL10898	0.004913569309457667	0.14629910831069762	0.001936699572165794	0.015737839666161903	0.831112783141517
DLBC_FF_A7CX_TP_NB	0.21326847289347578	0.12094720137746436	0.13683864600473256	0.14619626295502716	0.3827494167693001
DLBCL10877	0.7392616326266251	0.03576697639862999	0.09522367563138036	0.05525066598387708	0.07449704935948745
DLBCL10492	0.7199078279267572	0.025095453281490737	0.015812445742119454	0.0338723372489739	0.20531193580065862
DLBCL11501	0.7167576139564135	0.08838588234156251	0.04222995535636403	0.062034254517353955	0.09059229382830604
DLBCL11477	0.9749411948295903	0.003258964543153436	0.0015738773589045359	0.015710810360318142	0.004515152908033566
DLBCL_LS3809	0.5920934525688296	0.1576631152434686	0.01928215899667978	0.0955355198718793	0.1354257533191427
DLBCL10971	0.14628341809424739	0.44804123448729993	0.048753498780147835	0.08992385310324096	0.2669979955350639
DLBCL10462	0.7623860680494847	0.039155496869250433	0.05763105917608461	0.05228392191749045	0.08854345398768974
DLBCL_LS2367	0.606007806828933	0.08036557490770611	0.04323175992377023	0.1725886573505261	0.09780620098906463
DLBCL10542	0.6940585480211858	0.040345203134292434	0.011387980865783437	0.05670392483138673	0.19750434314735157
DLBCL10928	0.8881747312610285	0.032460483953497446	0.022567281191203874	0.03225063365436007	0.0245468699399101
DLBCL10896	0.9285338187944435	0.007724419116692879	0.003942484546429837	0.035950745402158354	0.023848532140275366
DLBCL10918	0.8443362933065093	0.012267236113825993	0.014604495813857653	0.07849728576229766	0.05029468900350945
DLBCL11473	0.4150949891715645	0.3138228621743742	0.005857507439323435	0.24375164246419104	0.021472998750546677
DLBCL10548	0.3202227843492654	0.44645827708375396	0.006581007203825949	0.21737738709487764	0.009360544268277066
DLBCL11676	0.8136067842251629	0.022043534601581073	0.026592894807838375	0.047171642818714554	0.09058514354670318
DLBCL11509	0.5947438887055138	0.046226101172226496	0.11671191560129049	0.12767097160656227	0.11464712291440703
DLBCL10875	0.3757025876646229	0.2650495932726795	0.07398960769260937	0.23143981474518557	0.05381839662490264
DLBCL10450	0.29415360108752736	0.13947870688680508	0.016470454834600707	0.35554322879246386	0.1943540083986028
DLBCL10966	0.9113244781626039	0.004699765992686966	0.019749380109028266	0.04234292789667065	0.02188344783901022
