	0	1	2	3	4
DLBCL11539	0.821577668877489	0.008142941970411459	0.014772681469392729	0.1119193920865095	0.04358731559619734
DLBCL_C_D_1148_NULLPAIR	0.4421557179611688	0.08924003902707998	0.22088545020627312	0.15491325105296744	0.09280554175251066
DLBCL10912	0.8882257072272559	0.01222095510768263	0.01476628269943565	0.046969374780950146	0.037817680184675656
DLBCL_RICOVER_829	0.7027600179566265	0.04576136611105446	0.05206476330410902	0.0998788904009437	0.09953496222726638
DLBCL11652	0.4436945036598747	0.07025983478103046	0.2694906996888486	0.0681812231191474	0.14837373875109888
DLBCL10986	0.4286977899032294	0.08573978305009142	0.11082354040542823	0.09490569109562567	0.2798331955456252
DLBCL_C_D_1129_NULLPAIR	0.7353236769228387	0.06586283927175088	0.0189244416429899	0.11425119558133412	0.06563784658108632
DLBCL10950	0.6229346705263233	0.1354004610296757	0.016357704538011726	0.1928423711796658	0.03246479272632349
DLBCL11662	0.8028138260259559	0.05583588989308141	0.025294285167685573	0.0818101132382012	0.034245885675076006
DLBCL11481	0.42272251481255313	0.08673978959444643	0.3061874169576178	0.08666305915495122	0.09768721948043146
DLBCL11429	0.7710286913579552	0.025181290567880897	0.04315453039740194	0.10255398749591083	0.05808150018085119
DLBCL10945	0.7264491328017548	0.12027094136339833	0.011824172823639975	0.06652956741905312	0.07492618559215372
DLBCL_LS951	0.2368700707602955	0.1197683407576747	0.025159452669444998	0.5388113728863646	0.07939076292622016
DLBCL_MAYO_DLBCL_3653	0.6027122977831418	0.07308504561447329	0.0915242481186851	0.0972522971613366	0.13542611132236318
DLBCL11537	0.7717765091391477	0.01814217407848089	0.04218273513974502	0.09640212391456743	0.07149645772805892
DLBCL_C_D_1114_NULLPAIR	0.7971901763242603	0.03760291346173529	0.046209016694467836	0.0735267002545123	0.045471193265024336
DLBCL11461	0.9196893292788034	0.0058998034754928815	0.00860043099304148	0.038255318938714145	0.02755511731394812
DLBCL10997	0.6491767982698784	0.03651394992385712	0.048373107632528306	0.0861928454395341	0.17974329873420217
DLBCL_C_D_1130_NULLPAIR	0.8005245143375008	0.05248327590399822	0.0447245478640393	0.05536014823208049	0.04690751366238117
DLBCL10515	0.9178463323127514	0.006188047853097359	0.00877185840680786	0.04422801647433086	0.022965744953012533
DLBCL10914	0.6683202604043301	0.04749478776445608	0.10581207000013496	0.06898242417061987	0.109390457660459
DLBCL11462	0.19609461807489742	0.10332333270098419	0.09348944120462106	0.12044222216055886	0.4866503858589384
DLBCL11520	0.6738206316515579	0.010491159596968294	0.05210018970365637	0.09736347525742409	0.1662245437903934
DLBCL11203	0.0028958941938540205	0.7972902097099488	0.015724066674748304	0.03364400846341977	0.15044582095802908
DLBCL_LS3749	0.011166864380826971	0.8454783082228913	0.038558519756097684	0.08697857756820876	0.017817730071975294
DLBCL10874	0.04709750740338094	0.6923582799240212	0.057284245768041975	0.10597524087482361	0.09728472602973218
DLBCL_BWH_DLBCL64	0.22200177921494196	0.42471447844829696	0.02139748608633624	0.3195093796922136	0.012376876558211233
DLBCL_LS1921	0.021641267919618352	0.6151074561274575	0.17119676627013983	0.18483593764244594	0.007218572040338401
DLBCL_C_D_1108_NULLPAIR	0.0030842533145060873	0.795774443930857	0.011165933982036372	0.022437245329514445	0.16753812344308616
DLBCL11661	0.02101929002103501	0.6871338316574348	0.11836050635086724	0.14170445800269033	0.03178191396797269
DLBCL_C_D_1136_NULLPAIR	0.005069932127932544	0.8237457238511499	0.006496830707554528	0.027655771481194625	0.1370317418321684
DLBCL11507	0.27867297103896177	0.471271165103649	0.03791724079821669	0.19078027268481218	0.021358350374360298
DLBCL10494	0.0063803340560430345	0.8701424997765884	0.06048280024707125	0.04850230270506093	0.014492063215236385
DLBCL_RICOVER_1046	0.013986077902657159	0.31364124083843054	0.6127507134172249	0.015715026307290055	0.04390694153439749
DLBCL10510	0.04343887223614277	0.7273908536083078	0.011610710529958844	0.0924132193943545	0.12514634423123605
DLBCL_LS1065	0.026680767075774704	0.8512106302357896	0.02744977690617601	0.05700044734220651	0.03765837844005316
DLBCL_RICOVER_787	0.0334913017525303	0.6367770590580305	0.14768870274297222	0.17167557042232182	0.010367366024145076
DLBCL_RICOVER_478	0.02587257090091917	0.44216156610050367	0.04009044200931737	0.01321056464395893	0.47866485634530087
DLBCL10983	0.008574190284345735	0.6567488224113535	0.010409055427176508	0.06480723130327395	0.25946070057385034
DLBCL11479	0.06958507493996302	0.585541247098724	0.1400534443068219	0.036138315194107484	0.1686819184603836
DLBCL_MC_F500_ECU	0.01095351299643574	0.8092502988666049	0.03226784578563701	0.017108549361486317	0.13041979298983597
DLBCL10846	0.4344174360607297	0.3262929720436006	0.030647444943099237	0.13762161892881644	0.07102052802375401
DLBCL10911	0.0	1.0	0.0	0.0	0.0
DLBCL10981	0.15280124437665601	0.18865380750475713	0.02966721064736392	0.4369671988508535	0.19191053862036936
DLBCL_MC_F729_MAN	0.0018784913485922609	0.9725226998766469	0.01030608898033886	0.0072330284477388216	0.008059691346683157
DLBCL10894	0.2125271956946905	0.494065137593404	0.00935164442966636	0.2725649693673376	0.01149105291490148
DLBCL11565	0.013268810981100002	0.7451685298951922	0.06022966071596644	0.066507579516004	0.11482541889173735
DLBCL10461	0.0031392846490594485	0.660857795428936	0.010559464594396155	0.014545946802326608	0.3108975085252818
DLBCL_MC_F089_HCZ	0.009984183588055964	0.8459670430227725	0.053714575701784645	0.06537512778298837	0.02495906990439855
DLBCL_RICOVER_440	0.04942509666139158	0.4066601328304982	0.49639831626588266	0.02587832031376729	0.021638133928460167
DLBCL_DFCI_DLBCL_GOE16	0.00023314863809340187	0.0003824296228724573	0.9980515243886405	0.0011175989040004197	0.00021529844639318638
DLBCL11558	0.0047852169598661945	0.009753297226435871	0.9290763999538317	0.013623207623151746	0.04276187823671445
DLBCL10555	0.03515969900387125	0.03470603266283073	0.7366983215980664	0.030058919791292785	0.16337702694393888
DLBCL_LS1395	0.010299801952473627	0.03793044801645277	0.9071474678568137	0.009559523145812678	0.035062759028447216
DLBC_FF_8046_TP_NB	0.01050948446877168	0.009089103058982	0.9460031809747063	0.011449564679707811	0.02294866681783222
DLBCL11680	0.011536281412807716	0.011454799299571902	0.965046379390733	0.009188360262450512	0.0027741796344368332
DLBCL11685	0.002150719740047363	0.0028702988236279444	0.9876192775891061	0.005903644562858715	0.001456059284359865
DLBCL_LS1304	0.013625493032012707	0.1289569435774899	0.7042651938675638	0.02063130977741539	0.13252105974551817
DLBCL_LS297	0.005421343075183211	0.010109929966138192	0.9687753749810981	0.011870191068527915	0.0038231609090525628
DLBCL_MC_F815_BAT	0.040675874182674786	0.019642212338190957	0.8688899280168992	0.05553074714175604	0.015261238320478978
DLBCL_LS2325	0.01508920701338305	0.037387944325572436	0.8624748883711622	0.03997660600570841	0.04507135428417399
DLBCL10466	0.013291728317491184	0.35611425523436585	0.5651641109741786	0.054938389343181064	0.010491516130783267
DLBCL11672	0.036756154646717235	0.016860840587466584	0.8684574328963925	0.058710748108808414	0.019214823760615188
DLBCL_MC_F606_DMJ	0.004255992477356381	0.006981988841436389	0.9786765788144922	0.006809524273960128	0.003275915592754843
DLBCL11428	0.013489993096859136	0.07981957580054211	0.8819306388893742	0.013242731082741224	0.01151706113048339
DLBCL10879	0.05958421181085304	0.036654687310361464	0.837929682920181	0.037154187625890324	0.028677230332714153
DLBCL10536	0.04462193705572383	0.17413721411707853	0.6702522780233616	0.09300924687841228	0.017979323925423743
DLBCL11534	0.3617532922487284	0.08699541911369339	0.2648608929334339	0.1434816351641024	0.14290876054004184
DLBCL10491	0.04107076391165882	0.3388859963739591	0.19181716063085336	0.4209048396769263	0.00732123940660232
DLBCL10513	0.20286918418422625	0.06367649955728484	0.05916516949349766	0.653477007947782	0.020812138817209377
DLBCL10868	0.11577425296417472	0.09221878820766966	0.01587154234176837	0.5160903391336821	0.2600450773527052
DLBCL10858	0.10049048717834692	0.05420608355792227	0.021099665440709025	0.6175848672376849	0.20661889658533686
DLBCL10547	0.1125359215745558	0.0330375979542944	0.05654220390425474	0.779280031383839	0.018604245183056103
DLBCL10544	0.07614528784920059	0.016337333975689622	0.018739683801819527	0.8457788152704451	0.04299887910284517
DLBCL11491	0.14733626819824433	0.1920767029526881	0.0892449675568958	0.26266760097778263	0.3086744603143891
DLBCL11564	0.08693749927874429	0.036764212372502776	0.024318066615754128	0.8089486687620635	0.04303155297093535
DLBCL11459	0.10273033632942462	0.024203389782329977	0.03837570090119553	0.806202210154555	0.028488362832494937
DLBCL_RICOVER_1045	0.23777281508361336	0.1269031782439207	0.09733891480612829	0.09374485526731244	0.4442402365990252
DLBCL10456	0.13488813904947713	0.03749804955505382	0.02883394664075793	0.7543104802789088	0.04446938447580232
DLBCL_RICOVER_985	0.13421604617037083	0.036683538232686594	0.025220349476792813	0.7726322577585708	0.031247808361578946
DLBCL_RICOVER_950	0.21947342553634708	0.13533617678159032	0.24728875767842015	0.3483332470185306	0.04956839298511173
DLBCL_C_D_1159_NULLPAIR	0.7085491810197311	0.047669221536542135	0.01769754174596252	0.17986658336256414	0.046217472335200106
DLBCL_RICOVER_711	0.26546226507438697	0.4090928536497089	0.008267164473878397	0.30350658447004736	0.013671132331978296
DLBC_FF_A7CQ_TP_NB	0.00850171078978577	0.03877123497003552	0.0016719994378235725	0.028159865308657266	0.9228951894936979
DLBCL10915	0.09628337702567691	0.11691263992595095	0.04742775622369673	0.07542251030999018	0.6639537165146853
DLBCL10867	0.012658270255647515	0.365278232149253	0.013134686301998549	0.04331815045786479	0.5656106608352361
DLBCL10992	0.009168064207057491	0.13387974516335047	0.0016685513224407192	0.0258039187391645	0.8294797205679868
DLBCL10887	0.007006222196418215	0.029490027996976954	0.0014894107208130336	0.013800700501426549	0.9482136385843652
DLBCL10878	0.02665496280330189	0.11715076950071329	0.006803703030200305	0.020109497070199944	0.8292810675955845
DLBCL11431	0.12432641127886243	0.21570767602046295	0.157579207905213	0.10139095890660145	0.40099574588886
DLBCL10891	0.14166695569285834	0.06862263488942939	0.17695096015396594	0.20130041387283892	0.41145903539090745
DLBCL10521	0.02898361703556375	0.19257943748477604	0.002367247226678714	0.008871187831177577	0.767198510421804
DLBCL11476	0.033799063660334826	0.1719639938825856	0.010947532168924707	0.013168100963894208	0.7701213093242606
DLBCL_MC_F519_ALT	0.005096664626091522	0.01599098079052584	0.00045890429652305735	0.0054075747029181795	0.9730458755839414
DLBCL10866	0.22005896159350785	0.10978667971855238	0.02093184050314651	0.5112624165608093	0.137960101623984
DLBCL_RICOVER_449	0.4002636192823866	0.08757829316371232	0.06811211112108062	0.08449715317136401	0.3595488232614564
DFCIDL004_DT	0.2288681156301755	0.06282197125274294	0.10120830102567997	0.2744574149352945	0.33264419715610716
DLBCL_RICOVER_1287	0.07139180109077126	0.32218995331351313	0.05300604219295224	0.038123960140120844	0.5152882432626426
DLBCL10836	0.008249751085181145	0.03730398567216563	0.001394621197729373	0.03959290350202041	0.9134587385429035
DLBCL10550	0.009783934011854487	0.16543796182600073	0.002510989330167836	0.023265431909942635	0.7990016829220343
DLBCL_LS3200	0.0035522578381183426	0.049716089509715594	0.0008108003511491532	0.008534182700879522	0.9373866696001374
DLBCL10900	0.012166717514271327	0.0825950447400013	0.002283104702858208	0.07310754535333232	0.8298475876895368
DLBCL10853	0.009274853854430474	0.030771816220634855	0.0007227080279850244	0.01482759375831732	0.9444030281386323
DLBCL_RICOVER_111	0.3648593491142435	0.08985093590525729	0.33240245228096904	0.06382056047613321	0.149066702223397
DLBCL_RICOVER_417	0.004908307728396266	0.016009045742321776	0.0003760919131431392	0.02000484272437624	0.9587017118917626
DLBCL10529	0.009241243980135734	0.25493596821318526	0.005633424806924556	0.03621473760939061	0.6939746253903638
DLBCL10847	0.019121023211477118	0.09649235824759811	0.0018664242853344037	0.00789319999528885	0.8746269942603015
DLBCL_C_D_PAIR13	0.09341458557758528	0.2312536474418744	0.22132586305955818	0.08328789797869636	0.3707180059422859
DLBCL_C_D_1163_NULLPAIR	0.0057438913712554605	0.015416997940537528	0.00046186763205403327	0.05223973348228171	0.9261375095738713
DLBCL10833	0.5843002295267523	0.03567380807795541	0.05341310163370712	0.12621754480820277	0.20039531595338236
DLBCL10835	0.004930097060526209	0.07704196740903739	0.0007022691125645263	0.0530379692085417	0.8642876972093302
DLBCL_C_D_1156_NULLPAIR	0.8095332581341351	0.07856421727656371	0.020696524509708394	0.05622442601311529	0.03498157406647742
DLBCL_RICOVER_977	0.8086182654758051	0.007623389542844172	0.03065428504546865	0.08224295175321204	0.07086110818267007
DLBCL_C_D_1128_NULLPAIR	0.8940027405511363	0.053221002311510036	0.0023835869738713877	0.02499065946896867	0.025402010694513633
DLBCL_RICOVER_451	0.8489458073731622	0.02973192520353845	0.022341478504976295	0.05234443427820894	0.0466363546401142
DLBCL10994	0.17996841263490737	0.37961567791322165	0.04236135261232847	0.22987637885646506	0.16817817798307744
DLBCL10884	0.6406648518291126	0.10868387239620377	0.011632031546732431	0.19050472145773148	0.04851452277021976
DLBCL10931	0.8599122368273527	0.023155396749147565	0.010152191000341964	0.06445216812721848	0.04232800729593923
DLBCL11671	0.2516272427398769	0.09615089888572358	0.02013760984059233	0.5793828026632963	0.052701445870510864
DLBCL_LS1757	0.8234331144880189	0.06286154405503859	0.017573006096517914	0.05599183342096535	0.04014050193945923
DLBCL11488	0.7056570133596668	0.04339200741416231	0.02315285974969344	0.05825475539577369	0.1695433640807037
DLBCL11496	0.8113593905861471	0.05691655121487399	0.03512724768584428	0.05741916557373256	0.03917764493940206
DLBCL10525	0.8076236954865939	0.05620374508789807	0.014265878915049492	0.04411185377984899	0.0777948267306096
DLBCL11430	0.6258413190330742	0.05003843518657916	0.09254749507110635	0.19958882220720597	0.031983928502034374
DLBCL11478	0.5032738681156812	0.21035189491596049	0.09266322979747002	0.1586727515050385	0.03503825566584972
DLBCL11202	0.03856443923950357	0.08552473859751135	0.6163232782214374	0.2450297365037559	0.01455780743779182
DLBCL10935	0.5398484856703291	0.3282980967367198	0.021138126448385544	0.07793402126917738	0.03278126987538818
DLBCL11470	0.6272871729370394	0.05993113162032747	0.01650195451303154	0.23334453103321917	0.06293520989638236
DLBCL_RICOVER_910	0.4449974013483805	0.12508583301575743	0.14634320570462714	0.09479416517372856	0.18877939475750632
DLBCL10495	0.8446504604160552	0.03682056284604449	0.019002358469486006	0.03602500791226517	0.06350161035614917
DLBCL10844	0.2713690013291687	0.12429814914240797	0.11003887826696297	0.11273905396423956	0.3815549172972208
DLBCL10993	0.719121266025677	0.07758544093640043	0.05578848629953618	0.1070671904306562	0.04043761630773011
DLBCL11519	0.11121779037231966	0.03877895039200189	0.020934759461296554	0.8121094198298666	0.01695907994451534
DLBCL_RICOVER_945	0.3304462985838523	0.1294280201012915	0.056985405588623264	0.4272974041044341	0.05584287162179877
DLBCL_RICOVER_533	0.006412747350005971	0.8892523347660704	0.04995565842005724	0.04852325190432706	0.005856007559539375
DLBCL10903	0.003004809332301387	0.9415640307344982	0.023158208212366947	0.019911129490669338	0.012361822230164066
DLBCL_DFCI_DLBCL_GOE05	0.010380159166992014	0.40919543017033433	0.01110200880619747	0.012191712568559216	0.5571306892879169
DLBCL11673	0.034104629912182285	0.8258107403201672	0.04512293623171162	0.07458267033295866	0.020379023202980198
DLBCL_LS146	0.010134658491352906	0.8842084265776777	0.03665822312519382	0.03338028315286147	0.03561840865291402
DLBCL10517	0.006004069283645955	0.9041389498854977	0.056761893392132105	0.02493889241806551	0.00815619502065873
DLBCL11204	0.16921194111984533	0.2060378352089989	0.1842285589216458	0.10884903932770708	0.33167262542180287
DLBCL11436	0.20356257434925437	0.27674356907269587	0.08300131243802468	0.17334025253458984	0.26335229160543516
DLBCL_RICOVER_467	0.004994413240094821	0.607772770284549	0.01832904429835546	0.028098126401297503	0.34080564577570316
DLBCL10922	0.05399205583084139	0.5673184343933625	0.09301954371999348	0.04771004424042197	0.23795992181538064
DLBCL_C_D_1117_NULLPAIR	0.18918345248752377	0.24082133204014539	0.02358387457905079	0.5209436452541641	0.025467695639115898
DLBCL11188	0.006017365953247078	0.9698719392376197	0.004421136016811112	0.0028691468216429966	0.01682041197067913
DLBCL10871	0.024611845985919357	0.8717648731171944	0.017842831287662668	0.04829826322008952	0.03748218638913403
DLBCL10549	0.0217546693067074	0.6270172064473777	0.23032574627212152	0.100505600941813	0.02039677703198041
DLBCL10885	0.07458470492361965	0.24062017760017243	0.026466470249943107	0.08806116203550976	0.5702674851907551
DLBCL_C_D_1118_NULLPAIR	0.3387836394369152	0.34531854405303336	0.007486873044291782	0.2876929530612409	0.02071799040451876
DLBCL11456	0.08538286335338385	0.4401081405705876	0.055367373131977676	0.3936313838001074	0.025510239143943444
DLBCL_LS2089	0.006693017083444608	0.35560331995806693	0.0028490174688302343	0.011473798274765313	0.6233808472148928
DLBCL_LS2245	0.12745652388066434	0.2878990706714717	0.5305868095830559	0.023844858735083824	0.03021273712972421
DLBCL_LS3245	0.007542711768454742	0.7969465286918282	0.10721321858238504	0.08206997930690117	0.0062275616504308155
DLBCL10962	0.04915600981236563	0.7127633658322029	0.060589324663780024	0.0513975097961108	0.12609378989554068
DLBC_FF_8043_TP_NB	0.03439490568958061	0.696661670109722	0.09271372099438596	0.14198328968397386	0.03424641352233747
DLBCL_LS4054	0.07768885364231094	0.5032666785585875	0.19259334683092685	0.0667876873401328	0.1596634336280419
DLBCL10452	0.0069588330031477305	0.44335207442126057	0.012331737414663995	0.036726973225836436	0.5006303819350912
DLBCL_DFCI_DLBCL_GOE07	0.012190081052374523	0.8092054645555176	0.08067454918695871	0.009102452153290183	0.08882745305185902
DLBCL10503	0.05402363712930283	0.3713106348978207	0.24274456524456053	0.03431787060907716	0.2976032921192389
DLBCL10512	0.01999133322567074	0.08956809647782107	0.7931763382882324	0.027286743487966666	0.06997748852030913
DLBCL11670	0.011768572981873079	0.006723114764074131	0.9682594951510465	0.00898376088054954	0.004265056222456826
DLBCL11590	0.3511620357936152	0.08508357265842276	0.2317059959057867	0.1352018320258694	0.1968465636163058
DLBCL_RICOVER_978	0.6917070695786354	0.033951836053119584	0.0455689465881481	0.10357172623854723	0.12520042154154973
DLBCL10910	0.02281910606023873	0.37674996646722914	0.499479375085324	0.03233633794633428	0.0686152144408739
DLBCL11656	0.01850808560321694	0.011394129855757116	0.9112839473934936	0.01456190092948713	0.04425193621804517
DLBCL10472	0.0559953732521852	0.031399484280793775	0.8442895364819951	0.04834150311397539	0.019974102871050534
DLBCL10465	0.0027640180640790195	0.009153852078500752	0.9742199086529333	0.010627995677490587	0.0032342255269963652
DLBCL10856	0.1773257759486988	0.1497432272921643	0.07344705358247088	0.19455940127455978	0.4049245419021062
DLBCL11566	0.00968242295943615	0.11815279286741409	0.8031601407519119	0.050496034841445846	0.018508608579791967
DLBCL_RICOVER_577	0.07242662631930324	0.11141864563154168	0.6218305976303489	0.02741671414227671	0.16690741627652955
DLBCL_LS2599	0.006867707826332462	0.02042220100107476	0.9312157356608737	0.027309562950577515	0.014184792561141621
DLBCL11515	0.06147013791130743	0.4337228795731265	0.21731104971519796	0.03680045297362915	0.25069547982673895
DLBCL11528	0.09699828381690687	0.11240324448370734	0.6394825714142903	0.1270378467974163	0.02407805348767927
DLBCL10936	0.06661146854189592	0.2956875219888637	0.19170471794040084	0.06204847943903894	0.3839478120898005
DLBCL_RICOVER_408	0.02019162443694177	0.7617579737621585	0.06621592878756265	0.14468715009397135	0.007147322919365801
DLBCL_LS4616	0.009434473296118335	0.10389403542280128	0.8369151182949978	0.04073382855225847	0.009022544433824137
DLBCL_LS762	0.07894351398761931	0.20640447739052942	0.40644155403974636	0.05010360834051469	0.25810684624159014
DLBCL11667	0.036717003919767885	0.009431356673714046	0.9213867752630118	0.020992860678457306	0.011472003465048893
DLBCL_LS2357	0.09852997513236816	0.023428139953386266	0.024564654806290012	0.8311321535541107	0.022345076553844743
DLBCL_LS3499	0.16371172996643873	0.13561050705600322	0.03909173279855018	0.63724801922749	0.024338010951517868
DLBCL11576	0.05541699619587184	0.3085863369631612	0.2332746947090741	0.39409361734989706	0.00862835478199575
DLBCL10782	0.32873108780090465	0.38494617937623055	0.006726109833354029	0.260383291444882	0.019213331544628908
DLBCL10565	0.048384030793757395	0.06851480795767811	0.8051319562819254	0.0453660768637395	0.03260312810289964
DLBCL_RICOVER_1018	0.13714817387359043	0.1619485742335967	0.021297578756359316	0.6127932903364034	0.06681238280005022
DLBCL10564	0.03901948488725243	0.3210296409313421	0.18605977464494872	0.44590456624208513	0.007986533294371665
DLBCL11437	0.5803967524652025	0.05431414373026283	0.03191706360952597	0.2965644992633323	0.03680754093167641
DLBCL10974	0.1768910501534309	0.06563717429839733	0.1194373940157147	0.15757808786042388	0.48045629367203324
DLBCL10927	0.3743791385342174	0.2396753285692911	0.010158732489215054	0.3472389150948517	0.028547885312424654
DLBCL_RICOVER_274	0.00837319382264151	0.34906936575628683	0.005456972916189947	0.06957424365902698	0.5675262238458547
DLBCL11658	0.061572663236765864	0.04332182540404243	0.0152327413908584	0.596235876633451	0.2836368933348823
DLBCL10552	0.15607782164716583	0.08141263695664375	0.027224756809803387	0.7113055730183158	0.023979211568071198
DLBCL10553	0.15046412797539105	0.16826115949168194	0.04021713245159926	0.6094391136923334	0.03161846638899432
DLBCL11536	0.09862497405017259	0.48010672613400035	0.0456739791736251	0.29024266980990787	0.08535165083229415
DLBCL11500	0.004893000710583437	0.02872189955666879	0.0008553506257006397	0.032261714473062746	0.9332680346339843
DLBCL10530	0.0034190245875126415	0.04883513616875574	0.0014057748165214818	0.024497017595538056	0.9218430468316721
DLBCL10951	0.011282960721102738	0.08965977267008833	0.002040020605086034	0.030081815055513664	0.8669354309482092
DLBCL11353	0.004848141543546633	0.0356339484256061	0.000679071215545389	0.012330971573011551	0.9465078672422903
DLBCL10534	0.002935036868962007	0.03409143501243888	0.0006434076040557768	0.01511084314408694	0.9472192773704564
DLBCL_RICOVER_850	0.006035034094231794	0.06089098441037571	0.002189380163513818	0.018808991855186502	0.9120756094766922
DLBCL10890	0.005238072789848732	0.0405658942382194	0.0004741544968055354	0.013770429613101369	0.939951448862025
DLBCL_RICOVER_1289	0.01647741796724507	0.03636789516380666	0.0012939591258633062	0.03251954898091786	0.9133411787621671
DLBCL_RICOVER_1106	0.0073977707526386525	0.050759449161837	0.0028172107287629776	0.0644303449680605	0.8745952243887009
DLBCL_RICOVER_221	0.004894630435779761	0.048392109443775984	0.0030312259429721607	0.011548387314676506	0.9321336468627955
DLBCL_RICOVER_1248	0.015311532740714656	0.32334688459417954	0.002968804000602069	0.07228369010377865	0.5860890885607252
DLBCL_RICOVER_1278	0.011743362643355919	0.1200778972632871	0.004374864350236561	0.09256080558673035	0.77124307015639
DLBCL10852	0.009564387784456006	0.07179230008555036	0.002618921294147853	0.052630785067285794	0.86339360576856
DLBCL10781	0.010278666104309461	0.1311356230194043	0.0031522787170552534	0.04653176646558684	0.8089016656936442
DLBCL10880	0.0022869067372447956	0.005307649771139244	0.0004118449082836564	0.004315064420558406	0.9876785341627738
DLBCL10535	0.13508136704601986	0.13789200646160504	0.10871440508911141	0.10018707974873504	0.5181251416545286
DLBCL10909	0.1246898931337389	0.05602733189784384	0.08499597892801396	0.5016999982207697	0.23258679781963354
DLBCL10921	0.003962782561423848	0.03908912905210852	0.001036457533690618	0.00628959522156112	0.9496220356312159
DLBCL11195	0.007070982622649387	0.10976549091859376	0.0027225977588822173	0.11185752363591517	0.7685834050639595
DLBCL11450	0.009415561916904822	0.04878144988505899	0.0018112696088614703	0.06760121008151534	0.8723905085076594
DLBCL10895	0.023235743344718614	0.35174165817859865	0.03074421316174211	0.016104572210812726	0.578173813104128
DLBCL_LS2208	0.019605505628947594	0.2865874403337265	0.041396168916687626	0.021490139795730032	0.6309207453249082
DLBCL10862	0.005339102414085859	0.07439117233883948	0.005933332775152718	0.006787749569191855	0.9075486429027301
DLBCL_RICOVER_314	0.00496101526489465	0.6732970719542191	0.02088277753907126	0.03515271628504331	0.26570641895677166
DLBC_FF_8042_TP_NB	0.03991248182800788	0.10832771269963871	0.662983590460544	0.022058279630260833	0.16671793538154847
DLBCL10883	0.004546946134368439	0.02034803458028034	0.0009022986562269485	0.017766944017498634	0.9564357766116256
DLBCL_C_D_1125_NULLPAIR	0.0023907057439686383	0.015378139036327164	0.0003620272190717751	0.011530142101654034	0.9703389858989784
DLBCL_C_D_1144_NULLPAIR	0.04853457081240083	0.28402627793986857	0.02051978722843934	0.038952383807215295	0.607966980212076
DLBCL11472	0.5922165170791164	0.02550947763260373	0.10345955233698992	0.1807847902128143	0.0980296627384757
DLBCL11512	0.3775044443049441	0.3323403699335551	0.01158072366555414	0.2584752318382437	0.020099230257702806
DLBCL11681	0.5858034069557774	0.026347975410892392	0.08604915584459877	0.10836067814187876	0.1934387836468527
DLBCL10482	0.4338245483653225	0.08095986328519156	0.06411240868184548	0.14972361793339733	0.2713795617342431
DLBCL_LS2154	0.3479684222489327	0.1755526763383342	0.11434796624492788	0.11474035487606153	0.24739058029174357
DLBCL11474	0.665137980143943	0.10114924594272522	0.0661812563976357	0.09703433797755236	0.07049717953814379
DLBCL10968	0.8641394918074614	0.007174244157798398	0.016319070084265086	0.049712077856019374	0.06265511609445577
DLBCL11480	0.2772043163182464	0.08685758892934412	0.3654347241659883	0.064238668216484	0.20626470236993727
DLBCL11486	0.8471843918878398	0.050947023965617795	0.008383056569630757	0.05527399933428688	0.038211528242624804
DLBCL11435	0.6145190259505637	0.0310112586611694	0.06498543943968924	0.18018991185993977	0.10929436408863788
DLBCL10451	0.026660833787741117	0.3092788347746724	0.6172043379895966	0.02586271676719046	0.020993276680799384
DLBCL_RICOVER_473	0.618733319850576	0.06963474745365981	0.13355959889212576	0.07508788093389737	0.10298445286974112
DLBCL11205	0.6517524440921645	0.10472898480066743	0.08851852246660769	0.11603019464040361	0.03896985400015679
DLBCL11457	0.7019145381483431	0.015262447810335741	0.05570820282546791	0.11347753316044204	0.11363727805541121
DLBCL10969	0.16600335818058695	0.07635352146070815	0.5353509807442499	0.06901842928638384	0.1532737103280711
DLBCL10490	0.2468953646715769	0.20007879412367915	0.01919036823187091	0.48908723458663567	0.04474823838623732
DLBCL10486	0.2695410241446836	0.20475205463164567	0.10184042236327599	0.11152234222478413	0.3123441566356106
DLBCL10458	0.8282074773530688	0.04184321598856726	0.02477250029979211	0.07223990151383877	0.03293690484473307
DLBCL10972	0.7210821151707898	0.058034027372793916	0.028641309157822672	0.05163778009177729	0.1406047682068163
DLBCL_MC_F262_WLC	0.8885835189469733	0.023988304501831034	0.00961976075775458	0.04610309702804508	0.031705318765395986
DLBCL_MC_F307_JPS	0.8346910347825429	0.0646698777075212	0.02050054755194357	0.04701124633076362	0.03312729362722869
DLBCL_LS378	0.8844480583241305	0.03887720230517693	0.019397513936718666	0.026039258421718156	0.031237967012255646
DLBCL10957	0.501665443693258	0.05095858782883219	0.06456772960677745	0.2926320657114246	0.09017617315970763
DLBCL_C_D_1105_NULLPAIR	0.44579516510342543	0.18677219523170796	0.14360225311861285	0.11556505361590598	0.10826533293034776
DLBCL_RICOVER_174	0.007350470543175503	0.9332762006095269	0.02878042382092212	0.0228241446149967	0.007768760411378798
DLBCL10985	0.04991966225414984	0.7161782306957446	0.06865211955145029	0.1206827431488121	0.04456724434984313
DLBCL_C_D_1126_NULLPAIR	0.03175306860046611	0.5433098784785009	0.025200958772014878	0.025526537504079162	0.374209556644939
DLBCL10834	0.07441009207790958	0.7541927847443853	0.051108942277151674	0.11445193829858945	0.005836242601963927
DLBCL_RICOVER_1210	0.009385455339012824	0.8570882642690164	0.06306584108744147	0.058550821102225044	0.011909618202304299
DLBCL10906	0.010243440532415543	0.23698167097453524	0.005333922968652236	0.01226129560000246	0.7351796699243945
DLBCL_RICOVER_299	0.052851887874470684	0.618204896133502	0.28078968325059844	0.023471123936038264	0.02468240880539058
DLBCL10502	0.016617963799925268	0.7630900377294813	0.13261582433931648	0.08263186781946974	0.005044306311807324
DLBCL10954	0.008837459516182025	0.5641465283297801	0.009030547152710339	0.017824914930290658	0.4001605500710369
DLBCL_RICOVER_253	0.030803928981043446	0.7167674664159621	0.0999797748800212	0.1483448663251599	0.004103963397813401
DLBCL_RICOVER_1060	0.10494026522162213	0.4226308364832551	0.07262868934498531	0.07079860856888384	0.32900160038125364
DLBCL_RICOVER_1165	0.014476728077154086	0.5759329716390136	0.10666516124081282	0.02163112711162653	0.2812940119313929
DLBCL11003	0.03166394008443969	0.3851202348264188	0.01503317116050283	0.03691912398920094	0.5312635299394378
DLBCL10780	0.01429244752230641	0.5927471283509119	0.1974144797057945	0.1700590324523674	0.02548691196861979
DLBCL10934	0.011050077277374698	0.2406698318558654	0.006379183276108858	0.16356941820179455	0.5783314893888565
DLBCL_RICOVER_496	0.02397504099806921	0.3445968748781499	0.5525645862610709	0.03691920527576245	0.04194429258694757
DLBCL_C_D_1119_NULLPAIR	0.8011417438310225	0.12275178736672222	0.014264951538869822	0.03620796174354664	0.025633555519838726
DLBCL10460	0.001514841908810151	0.9722404005667934	0.012699811580407025	0.008022044261423594	0.0055229016825658625
DLBCL10850	0.1633815668178742	0.6980024949465209	0.013121242085712723	0.10635519790488791	0.019139498245004265
DLBCL_LS1668	0.01574385954854886	0.7150851144359668	0.13484649664779955	0.11397312496260684	0.02035140440507801
DLBCL_C_D_1131_NULLPAIR	0.0065363593848506395	0.7206284296449731	0.024086384092796762	0.01587659862449091	0.23287222825288859
DLBCL11484	0.06574647842336118	0.510673096114004	0.1980830398189987	0.03910288837969808	0.18639449726393806
DLBCL10483	0.03469520889578056	0.5812973306100265	0.16452979370697185	0.02263621310749939	0.19684145367972167
DLBCL11449	0.11380100603808019	0.21169249480597602	0.013938610308998556	0.1522094148915762	0.508358473955369
DLBCL_MC_F064AB	0.04923035433542423	0.10384250266755896	0.7753043989001197	0.049235924510871436	0.022386819586025695
DLBCL_RICOVER_522	0.06540487718064568	0.18381294091617065	0.5587179509545712	0.18455810839246586	0.007506122556146635
DLBCL11441	0.22902807666594102	0.08836642814241749	0.07043860437998255	0.1988522296755509	0.41331466113610804
DLBCL10459	0.012844749272898028	0.014382844999984525	0.928999830535217	0.014040020229457224	0.02973255496244324
DLBCL10498	0.035183788289294554	0.08310226334523935	0.8126465187454347	0.059846567064546406	0.00922086255548496
DLBCL_MC_F349_BJJ	0.0002915025476269591	0.0043671175503910645	0.9871507959159487	0.006965802045224547	0.001224781940808749
DLBCL_LS155	0.005840421347690462	0.00555174448805727	0.9658042101730571	0.013143767925014033	0.00965985606618116
DLBCL_C_D_1112_NULLPAIR	0.02176144933556651	0.37636135597356407	0.49591782828047953	0.02591778898208092	0.08004157742830895
DLBCL_C_D_1113_NULLPAIR	0.02988602346033846	0.01775182438031669	0.9036191497652669	0.029290398073510148	0.019452604320567835
DLBCL_LS1098	0.008972466406437318	0.01210371533082643	0.9441130461692174	0.014467818847029185	0.02034295324648959
DLBCL_C_D_1133_NULLPAIR	0.038148957279827145	0.019851516100227597	0.9056936283965329	0.023879527913864978	0.012426370309547324
DLBCL10523	0.06935049384872832	0.030320983850794955	0.808394336658443	0.0781475518139953	0.01378663382803845
DLBCL_RICOVER_744	0.0049734119921563515	0.004848440487893356	0.9794827456198032	0.007773185329161046	0.002922216570986048
DLBCL11675	0.013145139520406786	0.014768241288991454	0.9459998433910571	0.01794250886739242	0.008144266932152141
DLBCL_C_D_1141_NULLPAIR	0.02366374140238519	0.042693922438657474	0.9070468055586332	0.014280500444850882	0.012315030155473338
DLBCL_RICOVER_216	0.09564761599877228	0.29989145317600036	0.2118820112410183	0.05504375078052089	0.33753516880368817
DLBCL11526	0.4582813086299232	0.08370761790582554	0.28637150610811807	0.10471467926089073	0.06692488809524247
DLBCL11666	0.0027455474707762354	0.009318883282321704	0.9779989495288353	0.007438044985455185	0.002498574732611601
DLBCL11458	0.3200098971709167	0.1628410651142259	0.2748667353835365	0.08782340479028511	0.15445889754103562
DLBCL_RICOVER_1061	0.1437898051965289	0.06426719712219679	0.03735654126372986	0.7044684266213219	0.050118029796222506
DLBC_FF_8062_TP_NB	0.17843255241060174	0.11313260188736715	0.14936796477400263	0.5292537290482142	0.029813151879814245
DLBCL11002	0.07466441774339093	0.13740687687274536	0.13176833935418297	0.6469966617040386	0.009163704325642213
DLBCL11433	0.2909523931939716	0.0843993177139194	0.08653794645127726	0.32287147517185494	0.21523886746897689
DLBCL11447	0.07334093794522605	0.05538602731834176	0.023194430911182794	0.6306054868955112	0.21747311692973817
DLBCL_MC_F139_LJF	0.11277079151165074	0.04016922742547316	0.031201483365286838	0.7997776698434718	0.01608082785411749
DLBCL11527	0.0462046542725187	0.23185897067969843	0.2832665014578467	0.42654920683299924	0.012120666756936835
DLBCL_LS2590	0.11710921944769093	0.0609417799796462	0.01852714740871146	0.5053478409647162	0.29807401219923524
DLBCL10539	0.01873514417940714	0.6990825064973207	0.06607724001063653	0.05520096761701988	0.16090414169561576
DLBCL10965	0.13828323098274542	0.03411399895268964	0.027025308193581947	0.7637234593853655	0.03685400248561754
DLBCL_MC_F218_RAP	0.7357741417539183	0.05317217959228404	0.0656578528004909	0.11088092376358255	0.03451490208972419
DLBCL11460	0.17606476416124928	0.048738841718104386	0.030774725704485268	0.7132283225113603	0.031193345904800784
DLBCL_C_D_1109_NULLPAIR	0.20691122326582617	0.03662362550416831	0.01711330523184428	0.6759507196247385	0.06340112637342273
DLBCL_RICOVER_701	0.12065203414767435	0.05428565834566974	0.029782854911572513	0.7792923710038105	0.015987081591272795
DLBCL10863	0.19928163152329556	0.15849135033449993	0.038694269004027865	0.24782188374811207	0.35571086539006463
DLBCL11206	0.008290984250686279	0.5368845150229994	0.03426259189079468	0.010349182150833103	0.41021272668468656
DLBCL10901	0.004526944640228795	0.06761408107096643	0.0009300905900042882	0.06062182777799524	0.8663070559208053
DLBCL10860	0.0028605701670888677	0.03690553058130727	0.0005671038868051393	0.01880799338211988	0.9408588019826788
DLBCL_RICOVER_1032	0.0078929627917812	0.26515780642748055	0.004475675516564427	0.054506758037525624	0.6679667972266482
DLBCL10908	0.14062399588798374	0.08895488816078008	0.611873788020268	0.04303794729175909	0.11550938063920903
DLBCL10999	0.008056024254669473	0.07986467618994515	0.004709858590128783	0.05812244746649091	0.8492469934987656
DLBCL10930	0.7052675949998818	0.032148237809332236	0.033693286778502286	0.05341050825373602	0.17548037215854767
DLBCL_RICOVER_506	0.003775932756065582	0.060275417705479055	0.0006951820060360739	0.06393463123281351	0.8713188362996057
DLBCL_RICOVER_712	0.021585564944618003	0.27564629210132185	0.012803827087214323	0.013174550833546647	0.6767897650332991
DLBCL_RICOVER_956	0.00730527997454146	0.1921171878629753	0.006263657696893842	0.007585217401769437	0.78672865706382
DLBCL10990	0.02122491789440921	0.14704021343301504	0.007208810086149598	0.009140725072862782	0.8153853335135633
DLBCL10925	0.013497028157353307	0.11590599417574925	0.0030646022875457962	0.15783912534225233	0.7096932500370993
DLBCL10857	0.008052753483348362	0.019584054788908865	0.000778672594026474	0.023179961093886484	0.9484045580398298
DLBCL11538	0.17341998051819316	0.1378759021709437	0.1102337455070936	0.13543969963207003	0.44303067217169956
DLBCL10902	0.00805799663357605	0.1370729374855881	0.002077119674951202	0.017674774984974852	0.8351171712209098
DLBCL10889	0.001555375880577207	0.006368043737526448	0.0001938717156344603	0.005346734941062285	0.9865359737251996
DLBCL10842	0.006693285861679797	0.03913153631304584	0.0009094849335515583	0.010477197385821835	0.9427884955059009
DLBCL11504	0.30162728403903866	0.15814923231990421	0.1149354210085775	0.15519465062554041	0.27009341200693937
DLBCL10963	0.007096779997397083	0.10713406643580164	0.0019085673707715987	0.059440984545319965	0.8244196016507097
DLBCL_RICOVER_720	0.009111136310838305	0.28184852587328746	0.0015056320233435196	0.011179644425538078	0.6963550613669927
DLBCL_RICOVER_773	0.021426422168758383	0.532934453335551	0.08829699617636698	0.018125563592441635	0.339216564726882
DLBCL10532	0.007808226265598268	0.06763662795811007	0.002648878411353253	0.031350833286900276	0.8905554340780382
DLBCL_RICOVER_1192	0.0030036378986942336	0.028114115489536892	0.0012269904829164701	0.009386594890478248	0.9582686612383742
DLBCL10980	0.013375457394437244	0.5250594311685755	0.030895370210585353	0.008855567322382105	0.4218141739040199
DLBCL10977	0.028994613982305486	0.0833554118980555	0.011027853883184807	0.008974666015158544	0.8676474542212956
DLBCL11000	0.0026756270248104556	0.015196773842583182	0.0003654168765965827	0.01100620699850772	0.970755975257502
DLBCL10898	0.00871279405331258	0.13251018209298854	0.002369258601625852	0.01704105542541163	0.8393667098266614
DLBC_FF_A7CX_TP_NB	0.22414252581265537	0.1256993362427693	0.11475930619204452	0.13635318028260782	0.399045651469923
DLBCL10877	0.7076357172606541	0.052597895121760455	0.10219821689765571	0.0634528337677503	0.07411533695217946
DLBCL10492	0.6748069799401828	0.03404396586543404	0.03549960832246022	0.049613465508943494	0.20603598036297946
DLBCL11501	0.7580809784099951	0.06184973283079331	0.0277481477709013	0.05842776117097234	0.09389337981733797
DLBCL11477	0.8884088374059227	0.01591371674038636	0.019687128593876894	0.03769866944551105	0.03829164781430303
DLBCL_LS3809	0.5918412703358754	0.13200764298733697	0.022698905074207545	0.11022833022679064	0.14322385137578947
DLBCL10971	0.14743664246870447	0.45452243858754127	0.05272538342209664	0.0771947767644908	0.26812075875716673
DLBCL10462	0.7867943810842709	0.047514033604147084	0.03098879703119625	0.06585097681048023	0.06885181146990553
DLBCL_LS2367	0.6208350527374292	0.09546995895262697	0.06525638034878975	0.12465778552438045	0.09378082243677366
DLBCL10542	0.7283581811812804	0.049969558883725784	0.01008067230286961	0.043462236115417996	0.16812935151670624
DLBCL10928	0.8137890709858183	0.044445038804816525	0.02751148134427105	0.07736376598780109	0.036890642877293066
DLBCL10896	0.9056289083873009	0.010044419745732523	0.014385567592081965	0.037992908420185566	0.03194819585469905
DLBCL10918	0.873414608250337	0.014488903173181522	0.008307844299691588	0.05361391655428009	0.050174727722509756
DLBCL11473	0.3508757708707675	0.35978845831478623	0.007437128767692439	0.2546349950304072	0.02726364701634675
DLBCL10548	0.3315591462868352	0.44003269439106146	0.006904074643054334	0.20944126577077768	0.012062818908271381
DLBCL11676	0.794131954236441	0.029244086147261115	0.023392657123546313	0.05615813910333281	0.09707316338941875
DLBCL11509	0.5799861520657554	0.05090478606748034	0.1023151401017429	0.12631073538429238	0.14048318638072893
DLBCL10875	0.3404462162739318	0.29015882663235	0.06612305296029121	0.2523401921260506	0.05093171200737638
DLBCL10450	0.2835819480035895	0.14307175983625758	0.019260955506130648	0.41149134152446265	0.14259399512955964
DLBCL10966	0.8496853902786304	0.02287846577672143	0.03657528810496432	0.05444994730948489	0.03641090853019887
DLBCL_RICOVER_826	0.4962643273330108	0.192173511342088	0.011951760233037553	0.24921418156146843	0.05039621953039517
