	0	1	2	3	4
DLBCL11472	0.5974815889620035	0.016475334944945814	0.10535846593314546	0.16436585220919456	0.11631875795071057
DLBCL_MAYO_DLBCL_3653	0.5598180845144393	0.06641128208670846	0.12130178251343413	0.11109805753720763	0.14137079334821062
DLBCL_C_D_1130_NULLPAIR	0.9092540245392735	0.039092571711777234	0.011631448018776318	0.025162217416703027	0.014859738313469956
DLBCL10993	0.800640598259428	0.04460810372781879	0.030201011280017794	0.0791424118125282	0.04540787492020724
DLBCL10935	0.44292415749548625	0.4159168108043818	0.011230252958377944	0.08782955334392206	0.04209922539783192
DLBCL10869	0.5437419963979202	0.08374728631182195	0.12061086619887303	0.08860338415479059	0.16329646693659425
DLBCL11486	0.902803580480326	0.05542404561591726	0.005295064444465698	0.025884839851010397	0.010592469608280565
DLBCL11512	0.44597999637198044	0.2746056488387361	0.010504282451030328	0.2498785523228752	0.019031520015377883
DLBCL10896	0.943636114691366	0.009911489575420483	0.00518504962133415	0.022778621769780863	0.018488724342098473
DLBCL10997	0.6093715035621179	0.04179897202077277	0.04549849315944129	0.09001630254907043	0.21331472870859758
DLBCL11652	0.5211305945966253	0.06665545831691413	0.22811684374546023	0.04435656955788516	0.1397405337831152
DLBCL10969	0.26929271723660614	0.07604506817534677	0.40067817576752	0.06445440614065717	0.18952963267986989
DLBCL10971	0.09503990016725446	0.6148228267036268	0.0531382042690512	0.04805671757854387	0.18894235128152373
DLBCL_RICOVER_338	0.10762395263095965	0.03845098138714299	0.050013513624237026	0.795417865015494	0.00849368734216632
DLBCL_LS378	0.9371754739772086	0.018934167598043092	0.021678364134040874	0.012505196339058151	0.009706797951649346
DLBCL10509	0.8973559693778269	0.0458352837820882	0.012178211867898584	0.03334245748868711	0.01128807748349919
DLBCL11477	0.9326716466482865	0.028856191698949867	0.01084963573642028	0.016493626546427855	0.011128899369915546
DLBCL11473	0.3996578957936478	0.2716041718482628	0.00952869351660998	0.286282106822551	0.03292713201892843
DLBCL11474	0.7713385756012039	0.055326503205162164	0.046594391491473486	0.07761193314706785	0.04912859655509264
DLBCL11480	0.32882512943764547	0.06483669344663179	0.3052271747809531	0.048434650146190056	0.2526763521885794
DLBCL10957	0.43854789684273415	0.055087517478233386	0.08166724025541645	0.3343078772116187	0.09038946821199742
DLBCL10918	0.9155296041604237	0.011054838566643592	0.007264360438499342	0.03991006024957902	0.026241136584854354
DLBCL_LS1757	0.8631408542815556	0.02442495924676549	0.019332169552841217	0.034662105267804576	0.05843991165103311
DLBCL10495	0.8557765342332257	0.030493523345616818	0.021470498880279403	0.027875007614920785	0.06438443592595727
DLBCL11484	0.03770596274045772	0.5914017982104577	0.16222414493420895	0.024173057243808072	0.18449503687106758
DLBCL_C_D_1136_NULLPAIR	0.005363273916348744	0.865796206703768	0.0051948790601150105	0.025196943595345984	0.09844869672442227
DLBCL_LS1668	0.016844100801739505	0.6937986491026406	0.1334161518319556	0.14133718141253396	0.014603916851130447
DLBCL10873	0.26813553437709275	0.1643431496542887	0.030880700596970678	0.4024178012466745	0.1342228141249734
DLBCL10885	0.10436459998215568	0.26956913593793536	0.02806931335556628	0.11013241732069344	0.48786453340364927
DLBCL11673	0.044359089592591466	0.772359587783489	0.0745060365845787	0.08904426903912241	0.019731017000218436
DLBCL10903	0.00484099973128613	0.9379238941614593	0.027304469399521792	0.016226199050735607	0.013704437656997194
DLBCL11436	0.16102966520538003	0.36568127380745374	0.07171558354795501	0.16488686409801379	0.23668661334119737
DLBCL_RICOVER_467	0.0067437704817496094	0.6120630703683163	0.017932132270731073	0.030564646794099884	0.33269638008510305
DLBCL11188	0.002020347362205981	0.9900671561312595	0.0015770773722847047	0.0009035903007120305	0.005431828833537726
DLBCL10849	0.0431084027884299	0.2235730447190675	0.007416162974248235	0.009290186677221578	0.7166122028410328
DLBCL10834	0.08880218648847785	0.7657539256892355	0.04668139650897258	0.0926103286338692	0.006152162679444886
DLBCL_RICOVER_401	0.10062160643996419	0.5445218679231139	0.3037051134354978	0.042943719002548515	0.008207693198875633
DLBCL_RICOVER_1060	0.09434482484295478	0.5181256329164675	0.0647161371693364	0.04624229120843075	0.2765711138628106
DLBCL_LS2089	0.0035392200560639296	0.44871592080349854	0.002058656357275616	0.008072476938761243	0.5376137258444007
DLBCL_C_D_1118_NULLPAIR	0.30184951969327734	0.4093562435865127	0.007890957269500166	0.25644858839666684	0.02445469105404289
DLBCL11203	0.0018370455658421516	0.8176780873018837	0.010833082301644256	0.02753798864883925	0.14211379618179057
DLBCL10907	0.39762967275982924	0.33289422294868204	0.008352680205802338	0.2368920962935119	0.024231327792174424
DLBCL10954	0.007937718703963474	0.6015254233230154	0.007473882977134738	0.01650641141900346	0.36655656357688293
DLBCL_RICOVER_533	0.005284801162055069	0.8875186613109561	0.05704254052996267	0.04542974890897115	0.004724248088055024
DLBCL10934	0.007154980432761085	0.3983102190206652	0.008184173195283816	0.14968183487865408	0.43666879247263585
DLBCL_MC_F500_ECU	0.01573689117164897	0.8390458380062629	0.03220077095011926	0.01828748967910731	0.09472901019286162
DLBCL10480	0.5038718292114466	0.18057927107664662	0.05496457064484558	0.07571492842387466	0.18486940064318655
DLBCL11003	0.04411230075120701	0.3110013891984344	0.023182429006130545	0.01487963080535161	0.6068242502388764
DLBCL_LS3204	0.05158888810966165	0.649359305693647	0.12308079717423383	0.15614218291725637	0.019828826105201165
DLBCL_LS1395	0.015056121962715267	0.03252360059220199	0.90226839209171	0.01705166636488896	0.03310021898848385
DLBCL11669	0.060734082572342404	0.017323661161121207	0.8165219721719749	0.07914166300193592	0.02627862109262563
DLBCL11541	0.016796876151844047	0.5012060776341293	0.3573293252944013	0.03853495374425223	0.08613276717537306
DLBCL_C_D_1141_NULLPAIR	0.019348893166728286	0.03442136180712599	0.9246604379136183	0.01407647673751247	0.0074928303750149295
DLBCL11469	0.020295430777972735	0.12612584048979505	0.6151670607754741	0.01607656029591119	0.22233510766084688
DLBCL11458	0.36962296213052853	0.12238179278307128	0.3272509078089005	0.06948759161415129	0.11125674566334837
DLBCL10554	0.014505286059700839	0.027281082709487915	0.9060187473248638	0.04293652626966308	0.009258357636284418
DLBCL11670	0.0065879230533496674	0.006207948777045785	0.9705915370848616	0.012009749828980829	0.004602841255762192
DLBCL_LS2325	0.017110566831764068	0.04419982105824904	0.8244943537242314	0.044788744754390375	0.06940651363136516
DLBCL10459	0.008921182114112433	0.003888501970983509	0.8953686399436105	0.016801234346074997	0.07502044162521854
DLBCL_LS4593	0.016403766328537794	0.048018164027867384	0.8751565530333193	0.021550936131829544	0.03887058047844599
DLBCL_LS4616	0.012479206565030451	0.14965849412304089	0.7524878191481663	0.07178525877590028	0.013589221387862125
DLBCL11515	0.08623422692984559	0.3883040333019959	0.26497588887180645	0.03446384936771887	0.2260220015286332
DLBCL11525	0.009606342568426627	0.008067782806113645	0.9388781690245881	0.026427572883196446	0.01702013271767517
DLBCL_RICOVER_320	0.11533170473217182	0.16696754268257524	0.5727360919804958	0.0572474604589463	0.08771720014581084
DLBCL11656	0.01979925541673263	0.01064338101284548	0.8982061171134295	0.025767021720403932	0.045584224736588554
DLBCL11566	0.011033231640661173	0.19492336852105438	0.7374224688974707	0.04676401746793117	0.009856913472882638
DLBCL11439	0.07103942704120009	0.02395323386170281	0.8020711154915064	0.06216585518037949	0.04077036842521123
DLBCL11468	0.3893990410315253	0.04331542462886523	0.16780543643398074	0.2398869770241112	0.15959312088151748
DLBCL10564	0.028643400721000228	0.43238078711178074	0.17494220392389656	0.3555259220542403	0.008507686189082191
DLBCL_MC_F218_RAP	0.866261944290946	0.030015176418710703	0.03737999212952273	0.047416638185943806	0.01892624897487674
DLBCL10965	0.18080913706954377	0.032397633279211996	0.02802099176592533	0.7301459006575667	0.02862633722775226
DLBCL10973	0.19373958450153878	0.06146592155539905	0.4976615248453411	0.05034453191975203	0.19678843717796898
DLBCL_LS2590	0.1352418063260298	0.08183674774904393	0.019564908198723686	0.4729352438005209	0.2904212939256817
DLBCL10527	0.06298436916433517	0.04934145909437935	0.02878873586664055	0.7438172473557615	0.11506818851888348
DLBCL10927	0.32755816553928896	0.15293683367215097	0.01191111033214558	0.4700306688798594	0.03756322157655507
DLBCL_C_D_1115_NULLPAIR	0.10312197455949236	0.1309377444613239	0.03993590325062332	0.7101504781195432	0.01585389960901722
DLBCL11471	0.0618169055714373	0.7178984360242712	0.09311395226393451	0.08968992478707291	0.03748078135328412
DLBCL_C_D_1109_NULLPAIR	0.16987867835281123	0.042324718565238464	0.018123285246251432	0.6805934682030931	0.08907984963260576
DLBCL11467	0.19608387442678166	0.14097827211664196	0.16759506548045308	0.06735807038233903	0.4279847175937843
DLBCL_RICOVER_151	0.15832120792903398	0.2857342408562555	0.04256229639839129	0.4638103907171194	0.049571864099199864
DLBCL10544	0.06635378192735535	0.017156074879971887	0.029939888866885016	0.842614640425902	0.04393561389988577
DLBCL11564	0.06973819408747216	0.033541471815151075	0.02504666712961313	0.8296570541877427	0.0420166127800209
DLBCL10970	0.05873807423190783	0.48761708670539333	0.0985834215251967	0.33906667048879974	0.015994747048702358
DLBCL_RICOVER_701	0.10947988816534336	0.0518486786021976	0.032147209425670745	0.7850921767659143	0.021432047040874015
DLBCL10550	0.00632662038809849	0.13655945691209925	0.00154224679534257	0.013259138286979007	0.8423125376174807
DLBCL10837	0.010426460745206543	0.04664569299370725	0.0038852613039516075	0.01652234445801962	0.922520240499115
DLBCL10915	0.0739484395083529	0.10564653053236187	0.047789966598671435	0.0691721155897366	0.7034429477708772
DLBCL10902	0.004739680836675706	0.0825492361514874	0.0014826563396479905	0.019116143044304153	0.8921122836278848
DLBCL10880	0.001134448155633295	0.0047046664135926295	0.0001938698525201316	0.004157840269774695	0.9898091753084792
DLBCL_RICOVER_773	0.03943007235091561	0.4973402379107222	0.1180685766830773	0.012968768344746633	0.3321923447105383
DLBCL_RICOVER_1289	0.007349105237712017	0.028893645423122175	0.0007008274204259834	0.017892901226315303	0.9451635206924245
DLBCL10899	0.0040915940243903956	0.13107976983368305	0.0009366389554265774	0.061099190834828614	0.8027928063516714
DLBCL10901	0.0020755210047722927	0.02551875989877503	0.00048322380639359347	0.020712915382118155	0.951209579907941
DLBCL11195	0.005288920450066709	0.08136352783306922	0.0014891847859493052	0.08180421397539496	0.8300541529555198
DLBCL10864	0.0016108461790698232	0.010639056037823764	0.00032384232635592484	0.0160233246410612	0.9714029308156893
DLBCL10980	0.013953663476649204	0.5681078908499617	0.023749545067499236	0.012903968884935746	0.38128493172095407
DLBCL10889	0.0008659416819696224	0.00842415426300634	0.0004988975629819629	0.005693341130592396	0.9845176653614497
DFCIDL004_DT	0.2345103042073179	0.044874452220385	0.09295488955243983	0.28671403350250635	0.3409463205173509
DLBCL10999	0.002565577701373711	0.04452286008335386	0.002875726831299819	0.04108853589904728	0.9089472994849254
DLBCL_RICOVER_1190	0.8110837177261359	0.04263355300135687	0.027215656785436217	0.03308833866695842	0.08597873382011262
DLBCL10781	0.005291527056785889	0.116412646822324	0.0011191683123429072	0.02578263666154526	0.8513940211470019
DLBCL11495	0.11117426040549898	0.08031591135934453	0.06892488838204508	0.1835151955163223	0.5560697443367891
DLBCL_RICOVER_417	0.00032269979895554573	0.0008772680032523939	4.944807300214846e-05	0.0024120847891876034	0.9963384993356023
DLBCL_RICOVER_1032	0.015312862550397566	0.2525477432575864	0.008047467104488266	0.05580450064326905	0.6682874264442588
DLBCL_LS3200	0.0031570923708748385	0.049440809480928605	0.0005460032062222942	0.008441186573755985	0.9384149083682183
DLBCL10530	0.0020405592928714415	0.0433079719931547	0.00074238141154424	0.021485902574728936	0.9324231847277007
DLBCL10862	0.0037651444120793283	0.05035516100640724	0.0017001121457151732	0.007610824891646382	0.9365687575441519
DLBCL_RICOVER_1287	0.17180351584614703	0.24435544877888687	0.08000524810082321	0.061473814609498266	0.4423619726646446
DLBCL10848	0.2518002012132849	0.07506219921508901	0.09944513838848257	0.0841641718815021	0.48952828930164133
DLBCL_RICOVER_850	0.003377191427211614	0.035537515904993607	0.000946080199975599	0.013635857909301474	0.9465033545585178
DLBCL10457	0.013903311366154365	0.3774494063193866	0.030537785613226853	0.010747198228292352	0.5673622984729398
DLBCL10961	0.012868993538091528	0.19434257485386267	0.004148697045301625	0.04275082803955734	0.7458889065231868
DLBCL10975	0.712974467674218	0.05339617166957538	0.026702405423641294	0.15072238298187715	0.05620457225068814
DLBCL11537	0.8689537000694225	0.01604214610551436	0.025832342458422308	0.036904023658556974	0.05226778770808382
DLBCL_LS3809	0.5971711227560247	0.13678317441383772	0.022214895821067837	0.08347636882672711	0.16035443818234266
DLBCL10462	0.7729299579711494	0.03143480786868955	0.04278555457105525	0.0417178963173029	0.11113178327180291
DLBCL11662	0.7895305433396079	0.11024668266509137	0.015371618446395462	0.06475134493755602	0.020099810611349245
DLBCL10913	0.389787386999819	0.4207781919168533	0.008681053442123044	0.16641634295122565	0.014337024689979098
DLBCL11454	0.37048411460952946	0.2559772854927624	0.008652614991527875	0.31283285367120406	0.05205313123497626
DLBCL10450	0.28172347447506213	0.14934849135070843	0.02135706573021703	0.3236547093067606	0.2239162591372518
DLBCL10914	0.6854581888970253	0.05182774557772841	0.09056154330130624	0.07416900728833634	0.09798351493560377
DLBCL10490	0.25836331140016583	0.19189336432174428	0.02034789635063069	0.4823002869795985	0.047095140947860825
DLBCL11429	0.8078126615419419	0.012519499297847637	0.03293444745138945	0.07771014424172748	0.0690232474670935
DLBCL11539	0.8991758882216017	0.006003033199660877	0.011494084560458799	0.05267458167038531	0.030652412347893315
DLBCL10492	0.5930660266858753	0.04905882728409247	0.039883660186503606	0.04788633356697002	0.2701051522765587
DLBCL10894	0.2376239724448999	0.45122608958192284	0.010420800960630016	0.28775524795216634	0.012973889060380779
DLBCL10986	0.43605099862415964	0.06670755534494645	0.13383229786960624	0.0947529105491554	0.26865623761213225
DLBCL10950	0.5959870809404438	0.15848866033454106	0.017384869228050978	0.20088966244141537	0.027249727055548782
DLBCL11191	0.8081018464258062	0.01811641819395879	0.05276131480060649	0.051620732093974324	0.06939968848565418
DLBCL10959	0.7850225619751094	0.05847673734094789	0.014294613809393408	0.05718996354218387	0.08501612333236545
DLBCL11434	0.4345971252529111	0.1396743269895784	0.028792473918951598	0.37718881365310886	0.01974726018545006
DLBCL10515	0.9487891296045954	0.004726910820317715	0.004359309513804364	0.02487159024734234	0.01725305981394017
DLBCL_RICOVER_945	0.374077660350212	0.12467941856067209	0.0489652551893602	0.40032215317657766	0.05195551272317804
DLBCL11482	0.8403036497312866	0.010662410785920742	0.023914234286840926	0.07975948443559551	0.04536022076035632
DLBCL11496	0.8776168471176732	0.029676882910509024	0.031075684995113564	0.03435071430531882	0.027279870671385372
DLBCL11565	0.0156496094097119	0.7379374833566745	0.06537445102297723	0.07666937956576404	0.10436907664487233
DLBCL11679	0.21030474173697988	0.6385743100051583	0.01522568581590231	0.12607266545215373	0.00982259698980574
DLBCL10780	0.01224383775315286	0.632432823636244	0.2026931261960723	0.1366149961983366	0.016015216216194183
DLBCL10983	0.005566158284575288	0.7022217020877368	0.0074891101594110766	0.0601518276634291	0.2245712018048478
DLBCL10988	0.0035137996244307777	0.9511127066243079	0.006756458689877256	0.004889644574430776	0.03372739048695325
DLBCL10981	0.16591452368693269	0.17071206567703948	0.02303458245117104	0.47494710805663737	0.1653917201282195
DLBCL_MC_F729_MAN	0.002505878135867899	0.9597279232972931	0.01453815919270992	0.008857912844091386	0.01437012653003771
DLBCL_RICOVER_299	0.09129414651867654	0.6300220907115803	0.23961326706452965	0.02277449742491149	0.016295998280302003
DLBCL_C_D_1126_NULLPAIR	0.0692147963952112	0.5972521400125474	0.04669777508274302	0.05778433188454124	0.22905095662495714
DLBCL11516	0.028025287542746073	0.7895851005181647	0.06467062168331306	0.06388062346694164	0.053838366788834614
DLBCL_LS3749	0.009041663097694035	0.8822289435889393	0.03175095555698748	0.06022526995978065	0.0167531677965985
DLBCL10503	0.04016396140420923	0.24332352766801943	0.43015270637369984	0.021302436318835674	0.2650573682352358
DLBCL10487	0.2768207000748617	0.38424334167542523	0.008492299461234852	0.3133817943084818	0.017061864479996393
DLBCL_LS2245	0.17194041597383816	0.32739058896255946	0.45125631841137964	0.020137457208385202	0.029275219443837503
DLBCL10906	0.008731151218953128	0.2506730988963636	0.0049036259137501415	0.008582299806098747	0.7271098241648344
DLBCL10989	0.023423531878020216	0.8227456871111735	0.02895233940543789	0.05554809043971007	0.06933035116565833
DLBCL11498	0.19738551393572223	0.6963361751698376	0.00450797744551212	0.08782127007358932	0.013949063375338763
DLBCL10850	0.18775153119190166	0.6995124155335938	0.010932396125327223	0.08613028831563353	0.01567336883354385
DLBCL_MC_F739_AMA3	0.011131619559137298	0.6974778622544864	0.18227912758794781	0.1034094175260188	0.005701973072409706
DLBCL10917	0.01525772528567981	0.6648146517551841	0.08337868829919362	0.09644156013250105	0.14010737452744146
DLBCL10871	0.08747226117249297	0.6219050552342639	0.01816814992111562	0.11213310214266106	0.1603214315294665
DLBCL_LS3245	0.007848664428849418	0.7761125108458042	0.11773958446443737	0.09257877256296816	0.005720467697940824
DLBCL10502	0.021753558734720332	0.7265744122752242	0.15634736033941685	0.08884482140150439	0.006479847249134199
DLBCL10453	0.006569964665425345	0.023042690206319244	0.0026199025932117314	0.011836172765779392	0.9559312697692642
DLBCL_RICOVER_948	0.002982579491864398	0.8931349794540854	0.07279404337349347	0.016293314142468755	0.014795083538088045
DLBCL11518	0.6999964565733676	0.0859938692799201	0.14826273010798557	0.03272288849714789	0.0330240555415788
DLBCL11428	0.005207835975181323	0.024063066235826176	0.9486318799184169	0.014916553161606956	0.007180664708968659
DLBCL11590	0.3656257215999429	0.07725568508968497	0.20698486762561613	0.12386817389980113	0.22626555178495497
DLBCL_RICOVER_408	0.026809387037533595	0.6842475946359113	0.10355793166103293	0.17598709274715774	0.00939799391836435
DLBCL11573	0.013816862146602424	0.11740561422948706	0.8047828016512245	0.045913857660528704	0.018080864312157312
DLBCL_DFCI_DLBCL_GOE16	9.13179449593805e-05	0.0001295704095257044	0.9991547217349563	0.0005142031513688159	0.00011018675918979967
DLBCL_LS2328	0.02750972213016479	0.5130876125485198	0.3744574564275472	0.07735649801879797	0.007588710874970321
DLBC_FF_8046_TP_NB	0.005427496087263765	0.006490380465575522	0.9556472939372087	0.01857793538081489	0.013856894129137102
DLBCL_LS1098	0.021577677849513092	0.011150970562231086	0.9098987094717709	0.026848176414427206	0.030524465702057753
DLBCL_MC_F815_BAT	0.01437097992951886	0.018541762938440096	0.9139203562191935	0.04063538775549179	0.012531513157355708
DLBCL11542	0.025655606545624907	0.5101401809543505	0.27516986928581416	0.18110150525044474	0.007932837963765756
DLBCL_LS762	0.06271237843793669	0.18268841651682746	0.378114938941984	0.03585885216257018	0.34062541394068174
DLBCL11666	0.0007081178308568403	0.008437892218431144	0.9824311646691002	0.006799116203879134	0.0016237090777327008
DLBCL10498	0.022215259879026766	0.09023190564008775	0.7998465421962303	0.0819711874517592	0.005735104832896031
DLBCL_MAYO_DLBCL_234	0.21211906548747914	0.07690903104442688	0.4929206127284564	0.06742797989916724	0.15062331084047034
DLBCL_RICOVER_978	0.723760015257657	0.043511885787650625	0.05112723190586931	0.05451944815341645	0.12708141889540667
DLBCL_C_D_1112_NULLPAIR	0.04520827874285785	0.42604647347327723	0.40439892475510597	0.05793017630742214	0.06641614672133689
DLBCL11441	0.33465480727501923	0.05921053009321021	0.07035241386375575	0.17479670708712627	0.3609855416808886
DLBCL10879	0.042198955506970934	0.025393461387594164	0.88505994119858	0.03265321334191803	0.014694428564936838
DLBCL10456	0.14187562468502657	0.036890776858620904	0.0377184873456282	0.7522986590331358	0.03121645207758862
DLBCL10547	0.11895537430311631	0.029324561566706583	0.057349072777973596	0.7779501176252994	0.0164208737269041
DLBCL10782	0.3185899640660485	0.2984566639179378	0.010032273532502635	0.3527139851449464	0.020207113338564602
DLBCL11536	0.06469937539519022	0.5917718209439904	0.07229366035234554	0.2298063092470292	0.041428834061444694
DLBCL_C_D_1103_NULLPAIR	0.034646761718469664	0.3198357958179342	0.13360240813390797	0.5051812680036294	0.006733766326058762
DLBCL11433	0.3033450324617183	0.07339558492401009	0.0937286747454473	0.28721866313647293	0.2423120447323514
DLBCL11455	0.19880668999397283	0.029341564963349446	0.060408070517792095	0.6506110032189031	0.060832671305982536
DLBCL_RICOVER_950	0.2945055098130771	0.04710304384845557	0.12436003482981789	0.5075734435628407	0.026457967945808746
DLBCL10539	0.025358526122772642	0.6681433035604936	0.07607372067031613	0.07048665878305092	0.15993779086336665
DLBCL11504	0.3948375422548782	0.13839466961546662	0.12882583886879276	0.13053331656483014	0.20740863269603224
DLBCL_MC_F139_LJF	0.10259840401816463	0.023845580098684805	0.028553029533936597	0.8325163017446506	0.012486684604563298
DLBCL_RICOVER_361	0.24044075872996776	0.04975484073942639	0.07827611947055672	0.5419836684679679	0.0895446125920813
DLBCL_BWH_DLBCL64	0.22362800599077778	0.4934222739515256	0.014732543069385717	0.2559824649081334	0.012234712080177639
DLBCL10978	0.12313364109900223	0.06111916127542978	0.023652360004266623	0.7405417981512521	0.05155303947004925
DLBCL10974	0.13997614186943125	0.05726827206713321	0.13804599100428858	0.16500098154378084	0.49970861351536616
DLBCL10932	0.16770168457764145	0.025509732937360034	0.03488424440808354	0.726531052688558	0.04537328538835693
DLBCL_C_D_1125_NULLPAIR	0.0006079606376357347	0.007899890113160774	0.00016222694985320189	0.004914781641299307	0.986415140658051
DLBCL_RICOVER_1106	0.003318708432846822	0.04081567305490725	0.0015539205494072468	0.035349324411764256	0.9189623735510745
DLBCL10471	0.00345224372542236	0.022291662229551326	0.0005682939698519863	0.006206054553720898	0.9674817455214534
DLBCL10876	0.00013848790512618883	0.00056618867572317	1.7780260530850585e-05	0.0006591794843421267	0.9986183636742777
DLBCL11450	0.039127199524609434	0.08811565425305672	0.004176738908387228	0.1375631193098727	0.731017288004074
DLBCL10857	0.007356891218557508	0.011342601768836977	0.0007149822955544552	0.03802473085314001	0.942560793863911
DLBCL10890	0.0026858384496998666	0.021176976177961115	0.0003831076468931951	0.010412017203266124	0.9653420605221797
DLBCL10532	0.0030600715393564308	0.045405131777235395	0.0015983579094232764	0.020011829411910712	0.9299246093620742
DLBCL_RICOVER_134	0.005582262115537907	0.06638628152585559	0.0008736341814737629	0.03046005064979672	0.896697771527336
DLBCL10904	0.004274677629297939	0.09010484093523043	0.0014194605709523704	0.015617514840016094	0.8885835060245032
DLBCL10847	0.01333834394720872	0.06672036857832289	0.0020691489472554744	0.004953371370757112	0.9129187671564558
DLBCL_RICOVER_314	0.004595030606858418	0.7219838837163522	0.024276814269684952	0.026898198859520724	0.22224607254758363
DLBCL10924	0.002769377157728075	0.012338521372857836	0.00015791501980368496	0.006349634331126901	0.9783845521184835
DLBCL_RICOVER_712	0.024705085368731054	0.2892165988038741	0.012220895598139006	0.014892488281882856	0.6589649319473729
DLBCL10853	0.00313326142842298	0.03539058530598323	0.003398005777694522	0.01781794401395411	0.9402602034739451
DLBCL10887	0.005210879490273948	0.017087390546345796	0.0006632718533761794	0.010646338198460252	0.9663921199115438
DLBCL10854	0.0013495513405852985	0.014589440780060095	0.0003799458268119193	0.010752606688190208	0.9729284553643525
DLBCL_RICOVER_1329	0.0243994204079115	0.22799958395374698	0.0073349790055314045	0.007712872363092134	0.7325531442697181
DLBCL_RICOVER_449	0.27608528141768	0.06533034406505855	0.061075129318608055	0.08728278343486347	0.5102264617637899
DLBCL10838	0.00595967961116423	0.04409468854843022	0.0009024196022046378	0.011238844343744938	0.937804367894456
DLBCL11206	0.008318083011316528	0.5697729261748822	0.029853633867918672	0.008899586949660206	0.38315576999622236
DLBCL10984	0.0009942615951872586	0.014635808073590745	0.0002639225365923514	0.006833015537479919	0.9772729922571497
DLBCL10836	0.003187435763091491	0.03239981952438839	0.0005586558515575354	0.028994788017268926	0.9348593008436936
DLBCL10566	0.018348283660565193	0.3454810703877503	0.062086076817805425	0.01322153529478636	0.5608630338390928
DLBCL10842	0.002470991972019652	0.013278370002093892	0.0002944905617384679	0.006610585672719625	0.9773455617914284
DLBCL_RICOVER_1293	0.00899175254366941	0.1639931604653754	0.0023931266779972675	0.027166811305800214	0.7974551490071577
DLBCL10916	0.0022943693091675467	0.02352700419036553	0.0010238854201737018	0.0059237273254864765	0.9672310137548068
DLBCL10883	0.005253300588887167	0.014550502761994002	0.0012561116543100674	0.017697677310745095	0.9612424076840637
DLBCL10451	0.018257922541618288	0.40823205899274295	0.5443437102357795	0.017034943432113096	0.012131364797746156
DLBCL_RICOVER_829	0.8247454726699062	0.021692734696192595	0.034920573424715974	0.0665575224512381	0.052083696757947204
DLBCL11677	0.9101830536954438	0.02093089540887521	0.020111823113894246	0.021773904758195427	0.027000323023591254
DLBCL11478	0.5160526033921051	0.20656289159220725	0.07587090762998998	0.17744080604417	0.02407279134152761
DLBCL10843	0.5542252496964573	0.10908143313498386	0.049700057202818206	0.17062198211816262	0.11637127784757803
DLBCL10968	0.9045180703776872	0.00707965566266915	0.015133476505257537	0.04100816709493827	0.03226063035944791
DLBCL10486	0.21888639884505434	0.20108065380577356	0.0863863619829349	0.07258718858936986	0.42105939677686727
DLBCL_RICOVER_826	0.4405084024965375	0.21126702667508424	0.013348896254837168	0.2702194290717818	0.0646562455017593
DLBCL10897	0.9618165649360835	0.0034222108117357834	0.006933008238163196	0.014682110814522571	0.013146105199494983
DLBCL10994	0.17639812087111856	0.42703284643314077	0.04111931758599986	0.24959707692316452	0.10585263818657624
DLBCL11481	0.5127072530761672	0.05876634607913105	0.2815448700931159	0.06611909825254819	0.08086243249903768
DLBCL_C_D_1129_NULLPAIR	0.7996744288013775	0.1011014560913425	0.016460306305816654	0.04317986719487424	0.03958394160658912
DLBCL11202	0.03157198718147014	0.07502757838347147	0.6876873834083719	0.1919341225404319	0.013778928486254678
DLBCL11663	0.3849479476852335	0.12623295167316556	0.1788311787954926	0.11495128617175128	0.19503663567435706
DLBCL_LS951	0.2104959581063916	0.1092683393127814	0.02362734971218126	0.5442408196574667	0.11236753321117907
DLBCL11501	0.7824062909296211	0.06416454390495487	0.03768071725451242	0.04871542234939844	0.06703302556151322
DLBCL11470	0.7875959953156719	0.031142600411199244	0.01890164141164269	0.08651240779998433	0.07584735506150185
DLBCL10542	0.6915133614760169	0.041348153612972345	0.011941351429289147	0.04186272596889862	0.21333440751282293
DLBCL_MC_F132_MLM	0.9430999384247473	0.004451401789737121	0.010147534469082628	0.025540084840900545	0.016761040475532462
DLBCL10548	0.33495348708249884	0.41292672887515325	0.009473436301178254	0.22921873730797462	0.013427610433194995
DLBCL10884	0.6100178349645268	0.10376717643031944	0.008898643000430018	0.22149266716466887	0.05582367844005489
DLBCL10996	0.9173883820981921	0.006528299850546889	0.019467370802335657	0.038035158920669554	0.018580788328255795
DLBCL10458	0.8842048003624065	0.030057249869304487	0.022306190456967814	0.045844387574587225	0.017587371736734046
DLBCL10947	0.32763500891062075	0.5022176471866774	0.01717697198788337	0.09502774224052621	0.057942629674292236
DLBCL10519	0.005648951915059712	0.8886880978782676	0.056318892289661054	0.04250475056238805	0.006839307354623518
DLBCL10985	0.06720967808397153	0.6529746460412847	0.06304541117046221	0.17000086490948757	0.04676939979479386
DLBCL_RICOVER_335	0.024443599846701913	0.8056867293233992	0.04775918044950433	0.10238503030211332	0.01972546007828126
DLBCL_C_D_1135_NULLPAIR	0.26966840955526744	0.56907285822509	0.014999034305629632	0.1299764534796077	0.016283244434405295
DLBCL11479	0.06818534541378088	0.6650640900626298	0.1037537218064285	0.01991713816882627	0.14307970454833452
DLBCL11449	0.13423413806586632	0.26490091536759547	0.013843341177358802	0.1550502103341196	0.43197139505505977
DLBCL11446	0.10792655775916701	0.5934407059028987	0.11740082217723659	0.15311933062205116	0.028112583538646596
DLBCL_RICOVER_288	0.007519613654713858	0.8915489272583104	0.03701029278944775	0.045016988435225475	0.018904177862302522
DLBCL_RICOVER_174	0.01348939647826482	0.9295773879506053	0.03439543554272306	0.015896768663980057	0.006641011364426782
DLBCL10846	0.439170292927611	0.35090957754572566	0.023283292700266647	0.13071108446204324	0.0559257523643534
DLBCL11208	0.07637245424077986	0.5349389542704969	0.2532575809852019	0.058170556255131955	0.07726045424838943
DLBCL10517	0.0070212423372164965	0.880690776121776	0.07644900998374787	0.029161628583126972	0.006677342974132625
DLBCL_MC_F089_HCZ	0.012769115466983536	0.841258765227397	0.05119783661607987	0.0748757808207438	0.01989850186879589
DLBCL_RICOVER_678	0.008906767132807207	0.8140353420008543	0.012673964087837213	0.012721015859553942	0.1516629109189474
DLBCL_LS4054	0.07090602112240837	0.5535516791445377	0.1838312792218447	0.06237861880894569	0.1293324017022635
DLBCL10962	0.057689230563186096	0.6559339987497055	0.06978537204127232	0.05524815004263883	0.16134324860319726
DLBCL11466	0.05999795958104286	0.7341884319077695	0.06612872580586664	0.1000780591532999	0.03960682355202109
DLBCL_RICOVER_583	0.016806826610285475	0.40605143623282663	0.07361521230955287	0.012526233786247986	0.49100029106108706
DLBCL_LS1065	0.05800686763774448	0.7598648493861621	0.04056481987054795	0.10451197954173545	0.037051483563810085
DLBCL11507	0.3294916822766927	0.38972164497457695	0.036956346201574765	0.21282358966954637	0.0310067368776092
DLBCL_RICOVER_1046	0.014137604910677691	0.31793830068446444	0.629451375506019	0.016702255609727365	0.021770463289111513
DLBCL_LS146	0.004801655754335053	0.9474307250312782	0.016643847259037184	0.01588328434861854	0.015240487606731036
DLBCL_C_D_1117_NULLPAIR	0.20344583309814515	0.21610072004905173	0.028539335548324905	0.5299927216420347	0.02192138966244346
DLBCL11591	0.11871410792669262	0.49490605316337405	0.3548133096489199	0.013381889856892636	0.0181846394041208
DLBCL_RICOVER_440	0.054793859171300245	0.4915538685561487	0.3862656116668984	0.02669825160334304	0.040688409002309626
DLBCL_RICOVER_522	0.05764633700757539	0.15072610990258367	0.6121512661232514	0.16411715156513282	0.015359135401456683
DLBCL_RICOVER_216	0.0809012449733682	0.26967407891011014	0.2196979312639292	0.03463989353057168	0.39508685132202065
DFCIDL009_DT	0.01997996606462615	0.033801990347717054	0.9202198423447694	0.015265850282435869	0.010732350960451595
DLBCL10472	0.0490474711358575	0.014012264813686939	0.8695739223304403	0.043330300152652025	0.024036041567363213
DLBCL_MC_F362_MJB1	0.04591746498783618	0.13079485440437305	0.6378659785213749	0.016741078321769645	0.1686806237646462
DLBCL_MC_F064AB	0.0628822664538458	0.07646016588963661	0.7785287849882284	0.057807608568009816	0.024321174100279428
DLBCL11651	0.010527914454184509	0.009732211860007958	0.9435717843444889	0.017894429002640846	0.01827366033867787
DLBCL_LS1304	0.016131830283242228	0.13244925680887934	0.6481264330691777	0.02403524169252811	0.17925723814617256
DLBCL11672	0.015176283989332401	0.00952599488353816	0.9020970398340603	0.05802724149809478	0.015173439794974293
DLBCL_C_D_1133_NULLPAIR	0.006056374398944328	0.005252775139210913	0.9613615142400339	0.01541104838349801	0.011918287838312855
DLBCL10549	0.028661957096243973	0.6543658251020726	0.17813400435720222	0.12046925740261297	0.01836895604186815
DLBCL10856	0.19050441959335093	0.12299417739458508	0.08217453980729714	0.18040559490340494	0.4239212683013619
DLBCL_RICOVER_866	0.03444437418527732	0.2690624140961942	0.19187974902415925	0.4957316350122434	0.008881827682125839
DLBCL11569	0.005147005990323867	0.003780599077123572	0.9706923666912128	0.016007428052766608	0.004372600188573084
DLBCL_RICOVER_258	0.24159465136366456	0.16929443000768984	0.05037152150189516	0.11355740887704277	0.4251819882497076
DLBCL10522	0.007045014373822491	0.0037280317299376842	0.9706788676727895	0.015751269483395166	0.0027968167400550725
DLBCL11685	0.003257596737482841	0.004009626596326499	0.9835454319579614	0.007600405725791271	0.0015869389824379391
DLBCL_C_D_1157_NULLPAIR	0.0851772639688417	0.06098257968708929	0.7681833670334612	0.05550472743757946	0.03015206187302831
DLBCL10939	0.48740590266907385	0.034085150375992475	0.08783468663045037	0.22388310923996976	0.16679115108451353
DLBCL_C_D_1151_NULLPAIR	0.20266436167273147	0.22473653331831908	0.021129680862177452	0.5348600497230697	0.016609374423702392
DLBCL11460	0.1835319433378186	0.047470235920857994	0.04125099092504949	0.7023940906254499	0.025352739190824026
DLBCL_C_D_1153_NULLPAIR	0.043297941365948694	0.10713412635361891	0.0062129288932356586	0.1819073106960498	0.6614476926911469
DLBCL10565	0.06066162745268284	0.031237289394554845	0.8474156596597798	0.035676852360139136	0.025008571132843355
DLBCL11437	0.23703120619070764	0.07220581880313258	0.018041406211081773	0.6238310112767792	0.0488905575182988
DLBCL11459	0.09302335406921029	0.01807516049759748	0.03009859880664022	0.8387918178146878	0.020011068811864156
DLBCL11657	0.13157268413084788	0.41750707052865144	0.12261884940600772	0.3049159362164839	0.023385459718009028
DLBCL_RICOVER_274	0.009782837607876398	0.3103476740227805	0.008458755939933948	0.04636543953028327	0.6250452928991258
DLBCL10553	0.1371756372586415	0.14421047458130576	0.04543626475163871	0.6459811343212996	0.027196489087114535
DLBCL11196	0.22104750101755166	0.02827463038384065	0.02094987130405126	0.6971254953180785	0.03260250197647794
DLBCL_LS3499	0.1483842597995031	0.1329919655212245	0.038389782557709286	0.6561229093841677	0.024111082737395435
DLBCL10868	0.07223004370700802	0.06148226190451442	0.0179229724241742	0.5558716641936561	0.29249305777064727
DLBCL10552	0.18735234837516754	0.08879539005600576	0.020400112389231253	0.6807795745386281	0.022672574640967308
DLBCL10513	0.23016161296657167	0.06366113575905655	0.06637116293305731	0.6192296110233485	0.020576477317965986
DLBCL_MC_F927_JHS	0.12163405248217538	0.3047711706042257	0.12088575706877405	0.046498015914626635	0.40621100393019827
DLBCL_RICOVER_1219	0.002250965444833312	0.013206987941721891	0.0004530364490744857	0.014088161628561973	0.9700008485358084
DLBCL10860	0.0024195506039811224	0.026963070867055246	0.000668873700752844	0.03381344680142383	0.936135058026787
DLBCL11500	0.0008605172886767807	0.0031707954500879002	0.00020311602815797266	0.005175705689083394	0.990589865543994
DLBCL10908	0.10000182894717109	0.064487901414854	0.6808617807307543	0.03538575084362208	0.11926273806359852
DLBCL10454	0.11998458477394763	0.32464574512310473	0.22999060434951743	0.05008049895317694	0.2752985668002531
DLBCL11476	0.057381177955828075	0.2606445743323844	0.015742606460006713	0.00843343635175	0.6577982049000307
DLBCL_RICOVER_111	0.3768491154903407	0.06314347679773318	0.3319030881339934	0.06628844272729931	0.16181587685063342
DLBCL10881	0.12204844546723116	0.0814154059797047	0.09339951648465035	0.14157486742768252	0.5615617646407313
DLBCL10485	0.003479938623812356	0.08655295307133375	0.0012269215293127483	0.016465592921434517	0.8922745938541067
DLBCL10964	0.005591631222488995	0.02639603951751672	0.00046763151339467696	0.032709619837227664	0.9348350779093719
DLBC_FF_A7CR_TP_NB	0.13836368485846737	0.1378245836297589	0.09777877215869603	0.10692879281360983	0.5191041665394679
DLBCL10900	0.0076830342189420095	0.024591632099510843	0.0010897520292568862	0.0486483429653212	0.9179872386869691
DLBCL_RICOVER_1204	0.08158517505858977	0.14189451650968304	0.012423102772972655	0.3509505685139892	0.4131466371447655
DLBC_FF_8042_TP_NB	0.039734033398858636	0.12004052094698744	0.6074078072427949	0.01654612950844314	0.2162715089029159
DLBC_FF_A7CX_TP_NB	0.20056154410609212	0.14809428400637023	0.09564697308155151	0.13979159306487843	0.4159056057411077
DLBCL10909	0.0710136706632797	0.050402427344561095	0.058047921103729264	0.5190388186868679	0.30149716220156214
DLBCL10878	0.050002137322281516	0.15867170351966428	0.004906800667112041	0.021816502633390054	0.7646028558575522
DLBCL_C_D_1140_NULLPAIR	0.1657097204177404	0.1566637901812298	0.10829940153217978	0.11945242792533775	0.4498746599435123
DLBCL11004	0.007150068961054461	0.10293267567648	0.0053180389575105	0.06792448869891872	0.8166747277060363
DLBCL_RICOVER_173	0.0025259320699619657	0.023185254711658543	0.0007193154025599764	0.01020499205318293	0.9633645057626365
DLBCL10977	0.039754164740989036	0.06766050246758987	0.019790660493972604	0.010195079605489515	0.862599592691959
DLBCL10521	0.02795873043602925	0.12638898265231144	0.0027690663898035928	0.00561105859011227	0.8372721619317435
DLBCL_MC_F519_ALT	0.0016713226853185808	0.01015897638730329	0.0002899396093692562	0.004491078436893248	0.9833886828811156
DLBCL10895	0.03274125533109396	0.3246320592206034	0.04901173123938437	0.010359511156483496	0.5832554430524347
DLBCL_RICOVER_1192	0.003024716720454783	0.02377627408256634	0.00027344711726844	0.006412555730549315	0.9665130063491612
DLBCL11510	0.39841872371646386	0.11773779151558936	0.13867447130203306	0.14722753117839685	0.1979414822875169
DLBCL10925	0.00530114847667064	0.06972904449163904	0.0011074539153652788	0.10416604437549327	0.8196963087408318
DLBCL10877	0.6965655222260957	0.048415383721605164	0.11923219192789206	0.051163940717960044	0.08462296140644703
DLBCL11488	0.728437692886315	0.029406051845803027	0.01902952989518266	0.08200461281232142	0.1411221125603779
DLBCL10928	0.8847899991332288	0.029696135527725088	0.020920093310280143	0.0370637525813205	0.027530019447445472
DLBCL10931	0.8988159367505324	0.02035239184999785	0.014589204675005057	0.03866018729011616	0.027582279434348496
DLBCL10912	0.9146243180405565	0.005122703025658028	0.013718652916308601	0.03469795209033654	0.031836373927140324
DLBCL11519	0.12332143782867025	0.02243343955853347	0.01952747529616639	0.8262787030243716	0.008438944292258341
DLBCL11457	0.7848335516161833	0.007652262748074737	0.04135276503172611	0.06289511973914283	0.10326630086487303
DLBCL11659	0.17151848076605802	0.390118870099402	0.19900422349669744	0.19689476090155536	0.042463664736287154
DLBCL10525	0.8513493594321948	0.08204429590501142	0.007845835875840031	0.029568326644347998	0.029192182142605733
DLBCL11435	0.6546117641804383	0.019215146647867644	0.07449964542397473	0.15033033272078491	0.10134311102693443
DLBCL11432	0.5833028708634833	0.01689704155157582	0.07733694756819075	0.20499632111725416	0.11746681889949598
DLBCL11205	0.7897583497735335	0.04980654614266369	0.07906820277952588	0.053531762783311086	0.027835138520965773
DLBCL11509	0.6118994091864053	0.046892744828212055	0.09445190418795939	0.12808065054451784	0.11867529125290543
DLBCL_RICOVER_977	0.8732553909204905	0.005287875503161133	0.013169511304382509	0.03320444905620413	0.07508277321576162
DLBCL_C_D_1114_NULLPAIR	0.9582541216206092	0.008569558093170237	0.004800014107263197	0.01622344503675118	0.012152861142206244
DLBCL10945	0.7722398491006447	0.15929141596742555	0.0062633209003813695	0.03130383620090392	0.0309015778306445
DLBCL_LS2367	0.6652434975285647	0.06844953290076815	0.050893377747105145	0.09994311437135617	0.11547047745220582
DLBCL11430	0.6921443319523801	0.0633534760245668	0.10553871503864246	0.10987321952314477	0.02909025746126585
