	0	1	2	3	4
DLBCL11539	0.566785030321215	0.003460588894287269	0.0018583754126458298	0.4273424317718098	0.0005535736000421609
DLBCL_C_D_1148_NULLPAIR	0.1031245164346696	0.3756928203380574	0.3202107173026089	0.20024237858079555	0.0007295673438684776
DLBCL10912	0.915909548678679	0.0012288376715677016	0.0005106102187125398	0.07727877591285799	0.0050722275181827705
DLBCL_RICOVER_829	0.9391437375387248	0.00363884635280618	0.004837811080302794	0.03774488965110445	0.01463471537706177
DLBCL11652	0.41372523654172216	0.2225687036205612	0.12736124476996388	0.1720146245103775	0.06433019055737532
DLBCL10986	0.2571347049334264	0.17368550582665565	0.08909576989748036	0.2685738291154094	0.21151019022702827
DLBCL_C_D_1129_NULLPAIR	0.8414941887934798	0.10558897022062229	0.009736911804273546	0.0340145899894097	0.00916533919221468
DLBCL10950	0.9101861712664656	0.0030835762421613316	0.0003993224079349701	0.08332135850328574	0.003009571580152308
DLBCL11662	0.8502676098817403	0.12440244570865483	0.000556721635720183	0.023607119655271652	0.0011661031186130154
DLBCL11481	0.28670817933267995	0.05102152594763351	0.07696318221604408	0.5777526016570015	0.00755451084664097
DLBCL11429	0.9260801499598412	0.005304103610300174	0.0003838749283280631	0.06608853561229455	0.002143335889235961
DLBCL10945	0.9605473512110021	0.008185268378061475	0.00048089182421512676	0.02656403827017905	0.004222450316542298
DLBCL_LS951	0.4661963929500335	0.009236615213507502	0.10413331562105937	0.41577873880718197	0.004654937408217431
DLBCL_MAYO_DLBCL_3653	0.43961796098068373	0.11956981439016327	0.14834283541494683	0.2784922936045895	0.013977095609616574
DLBCL11537	0.8814843129575493	0.001228659157879532	0.000499412297823789	0.1116961635794396	0.005091452007307826
DLBCL_C_D_1114_NULLPAIR	0.90150688061399	0.001788784872012183	0.0006206693971726661	0.09111437072674615	0.004969294390079001
DLBCL11461	0.7644064951270729	0.0018077207766353522	0.0023808053684168896	0.23112984430814235	0.000275134419732474
DLBCL10997	0.12398100242992387	0.10108106255681681	0.019039947269071766	0.7211785441910372	0.034719443553150334
DLBCL_C_D_1130_NULLPAIR	0.8375407373096718	0.0004093070425282942	0.0006317368114206735	0.15959539540124965	0.0018228234351295668
DLBCL10515	0.9611377550727921	0.00809044649744293	0.00032448877291894255	0.02984541257452528	0.0006018970823207783
DLBCL10914	0.46821882924629954	0.1731207917796123	0.032441571894864636	0.3212198308473652	0.004998976231858301
DLBCL11462	0.06330083047299305	0.05334085928523129	0.15815508683215565	0.3388090798017954	0.3863941436078245
DLBCL11520	0.9451292287899262	0.0010048128173554196	0.0012164227724398551	0.021292704997902184	0.03135683062237633
DLBCL11203	0.0007979541115084227	0.5148317031107755	0.007324928367096923	0.0026146411270524727	0.47443077328356664
DLBCL_LS3749	0.0029579355826349686	0.4474795698946651	0.4635117873684527	0.027991081715341207	0.05805962543890596
DLBCL10874	0.00259397058804205	0.738276939603699	0.0958681147505822	0.004609767905986156	0.1586512071516906
DLBCL_BWH_DLBCL64	0.30127400461353077	0.36527737815449385	0.06722695963922766	0.2648978731013977	0.0013237844913500524
DLBCL_LS1921	0.000702704557151728	0.01125351020994219	0.913502684360386	0.07288775077617123	0.0016533500963489558
DLBCL_C_D_1108_NULLPAIR	0.00028011791849085117	0.9331515930909708	0.0042725998724084035	0.00036924565887532646	0.0619264434592546
DLBCL11661	0.009058530070311278	0.5172892723394326	0.41283059329420957	0.059676734043969636	0.001144870252076883
DLBCL_C_D_1136_NULLPAIR	0.0004412849788249374	0.7842877465979913	0.0006622766538943688	0.0015721876520386337	0.21303650411725075
DLBCL11507	0.10827723290005926	0.11226520707103664	0.7101045069200442	0.06893859533577726	0.0004144577730826107
DLBCL10494	0.00020946980647523503	0.6903923464668831	0.30111093725602844	0.005222601852628865	0.0030646446179844553
DLBCL_RICOVER_1046	0.0002586886554556307	0.7244677202265108	0.2027944055704621	0.016138637634987605	0.056340547912583736
DLBCL10510	0.09807628234860602	0.6810978373066093	0.005248882043732293	0.026832157975788744	0.1887448403252636
DLBCL_LS1065	0.004295802833727997	0.6775007687644539	0.10335454247147709	0.05434198056503235	0.1605069053653087
DLBCL_RICOVER_787	0.029801298918581923	0.2045086610684233	0.629337840615681	0.13518861095336984	0.0011635884439440353
DLBCL_RICOVER_478	0.003788909004169564	0.3242179720512625	0.0005193221231720309	0.002139605549957995	0.6693341912714379
DLBCL10983	0.002195892995887932	0.5145244207442392	0.0006329822842374467	0.0014544425266510325	0.4811922614489844
DLBCL11479	0.009177192463893221	0.40971583175314025	0.45448337722883153	0.030447189904879338	0.09617640864925577
DLBCL_MC_F500_ECU	0.0017811169620010868	0.6558360954048169	0.2058767582117441	0.06110396375459727	0.0754020656668407
DLBCL10846	0.5059948773653857	0.03405024299567621	0.014756981576796266	0.359481446025955	0.08571645203618682
DLBCL10911	0.000365790089296399	0.7524148094263337	0.23236570803991713	0.003997907306216738	0.010855785138236033
DLBCL10981	0.1070451461446233	0.0409289952286115	0.23889286084003314	0.44950973251834486	0.16362326526838727
DLBCL_MC_F729_MAN	0.000432178405540738	0.8920156851007268	0.09223731775266354	0.005011275283340369	0.010303543457728536
DLBCL10894	0.5070735758740753	0.32220708665422143	0.010394736105247224	0.15953243869307393	0.0007921626733821413
DLBCL11565	0.005532424202959402	0.7897677271912744	0.11763916027344132	0.0019413091114219019	0.08511937922090297
DLBCL10461	0.00026807700814225464	0.9321750128558909	0.003910535349339761	0.00039689985542274087	0.06324947493120431
DLBCL_MC_F089_HCZ	0.00036262390890382835	0.21284143190085483	0.7117175323643825	0.008222828951015164	0.06685558287484372
DLBCL_RICOVER_440	0.00019658934992137147	0.5800513024366553	0.4149547917321487	0.0038049063028485065	0.0009924101784261879
DLBCL_DFCI_DLBCL_GOE16	0.00035154358736309437	0.1337210992712955	0.8577615709695086	0.00751141058449615	0.0006543755873367131
DLBCL11558	0.0001514699144537906	0.08324386706744066	0.9027216633529733	0.013604788934197195	0.00027821073093503356
DLBCL10555	0.0012966863847368604	0.0027362485697543723	0.9696133039144416	0.026241911727678466	0.0001118494033887441
DLBCL_LS1395	7.230214732462941e-05	0.07466157987035393	0.915992221262804	0.009037587885814156	0.00023630883370325467
DLBC_FF_8046_TP_NB	0.0009236691249977134	0.27093765123088515	0.6992827398608626	0.023464247922376804	0.00539169186087768
DLBCL11680	0.0004554875602021077	0.0066768463204903905	0.942452848175599	0.050247922905771826	0.00016689503793661687
DLBCL11685	5.973887246753643e-05	0.07562429431286247	0.9175366173711992	0.006560895877295115	0.00021845356617572012
DLBCL_LS1304	0.00042083816190092597	0.6128892639140231	0.35893568330744263	0.004039909187507525	0.023714305429125778
DLBCL_LS297	0.00010624383298206007	0.10142552941309743	0.8894096809838362	0.008726855829901427	0.00033168994018286334
DLBCL_MC_F815_BAT	0.0003884963137864678	0.06986243550939095	0.9071876373119127	0.020999808884016976	0.0015616219808929652
DLBCL_LS2325	0.0005170481031470552	0.09381105289478617	0.8822451025496297	0.021967319805755593	0.0014594766466814418
DLBCL10466	0.0009984874716767963	0.018567462531671186	0.9718675763661305	0.007247163541783446	0.0013193100887380314
DLBCL11672	0.00045173217895015205	0.09435446184054166	0.8678663603213712	0.03146733440191813	0.00586011125721882
DLBCL_MC_F606_DMJ	0.0002720715314151049	0.2857836136766402	0.7021436824217435	0.010841982720458337	0.0009586496497427785
DLBCL11428	7.151033036239683e-05	0.008925534684715837	0.9843920419939531	0.006506352841106545	0.00010456014986208534
DLBCL10879	0.0015967682865103761	0.3483756234956873	0.541335098870474	0.08585649397757537	0.022836015369752934
DLBCL10536	0.015295279026638844	0.5151433720609239	0.38824881642822084	0.0791974803997062	0.002115052084510338
DLBCL11534	0.35976900584276034	0.3678159343766974	0.1132295350437599	0.07091366798463701	0.08827185675214536
DLBCL10491	0.002580393062326512	0.06679857181582109	0.6830016595761554	0.24721643739833785	0.000402938147359058
DLBCL10513	0.37939736327902307	0.06957624716310779	0.041945069315984525	0.495448271464746	0.013633048777138623
DLBCL10868	0.01866741143713148	0.005612413757197313	0.0036267088437835935	0.5017397018692503	0.4703537640926373
DLBCL10858	0.02636862909795054	0.030923343778935238	0.0042564922111141415	0.5369540058610538	0.40149752905094627
DLBCL10547	0.3927197307788969	0.12470642826688287	0.045697933190157074	0.33528853357312205	0.10158737419094113
DLBCL10544	0.3926579572308874	0.040915487348560195	0.01163138932418512	0.24422387269164264	0.31057129340472467
DLBCL11491	0.16594518106693418	0.23031160049803168	0.12196467018754205	0.13542477585440055	0.3463537723930915
DLBCL11564	0.0772441696750936	0.40558525772965964	0.004339696829261197	0.498402274779275	0.014428600986710557
DLBCL11459	0.5873099317340187	0.04603779679146796	0.0703146429474914	0.280784485148613	0.015553143378408917
DLBCL_RICOVER_1045	0.08650849908751977	0.3271759518225964	0.10313980886892829	0.12639671797341837	0.3567790222475372
DLBCL10456	0.35099662945944415	0.044005983428387234	0.061000835163485735	0.5358664329235991	0.008130119025083756
DLBCL_RICOVER_985	0.20381666121545702	0.043304126307568795	0.02130961053925085	0.6853150905363328	0.04625451140139048
DLBCL_RICOVER_950	0.5882961119751385	0.06653258043673747	0.05807538762181851	0.2816031721264944	0.005492747839811112
DLBCL_C_D_1159_NULLPAIR	0.9800434053627505	0.0002071348641298001	0.00024626777403265545	0.018108592923576326	0.001394599075510766
DLBCL_RICOVER_711	0.6527428656175505	0.09965786083470421	0.005328956459239026	0.23739703885265337	0.004873278235852921
DLBC_FF_A7CQ_TP_NB	0.015627272707882712	0.006733114990734335	0.00014668915851612948	0.037430879216477385	0.9400620439263895
DLBCL10915	0.029632200176068255	0.36610096481690424	0.003417886854589044	0.11417956612287526	0.4866693820295632
DLBCL10867	0.000657154788482453	0.33675679115307	0.0005673287299881422	0.0028524312667507646	0.6591662940617087
DLBCL10992	0.0005324507018792293	0.0007192332246979215	3.6997077997295293e-05	0.004439454078623772	0.9942718649168018
DLBCL10887	0.00047991493412195385	0.0052713945752564505	0.0001253697806161852	0.003398294901151429	0.990725025808854
DLBCL10878	0.005849115690114126	0.09035127555704789	0.00040663031499306354	0.025859991575928963	0.8775329868619159
DLBCL11431	0.11017056151933485	0.2700307029560467	0.057688618001431574	0.24787017271980313	0.31423994480338374
DLBCL10891	0.14246755059390515	0.04249483666622337	0.06787333343338016	0.44787054473237853	0.2992937345741128
DLBCL10521	0.000860500899813609	0.20515656034114949	0.00037548304432705133	0.003701038466905752	0.7899064172478041
DLBCL11476	0.0021720851937349216	0.5631222611496137	0.0006824096076564461	0.0020342820424360973	0.43198896200655884
DLBCL_MC_F519_ALT	0.0007692063768017974	0.006692511493816218	0.00015553581403992699	0.00805824309009741	0.9843245032252447
DLBCL10866	0.2965269710786697	0.005669394826597747	0.0034450757485348016	0.18551732841917765	0.5088412299270201
DLBCL_RICOVER_449	0.26909110556452154	0.008619116551698265	0.0012011046485241883	0.11963343589172575	0.6014552373435302
DFCIDL004_DT	0.18184931200017576	0.06243135438972339	0.05408798294594041	0.25421441579750464	0.4474169348666558
DLBCL_RICOVER_1287	0.014594230397621144	0.5786433868260064	0.0028693655938916286	0.025491895065516947	0.37840112211696386
DLBCL10836	0.0018072490368164342	0.0014415772488725197	7.253538926906624e-05	0.01422463574639101	0.982454002578651
DLBCL10550	0.0005888824893999238	0.0008347794790895791	4.6926600282977505e-05	0.0033734963205164508	0.9951559151107111
DLBCL_LS3200	0.0012427406412191739	0.1324875733656018	0.0010715995355190817	0.0038961977991441997	0.8613018886585158
DLBCL10900	0.0014589179186835664	0.0007071521818395663	6.943238901884212e-05	0.01677071177462676	0.9809937857358313
DLBCL10853	0.004989608651425244	0.0020110530933708597	0.0013768814763545827	0.420128605149166	0.5714938516296834
DLBCL_RICOVER_111	0.235184592286646	0.41396074891856793	0.15974059554955608	0.1482791911913058	0.04283487205392407
DLBCL_RICOVER_417	0.0017660179923501033	0.0002793431033392997	4.859610883344763e-05	0.00954538603042723	0.9883606567650499
DLBCL10529	0.0007254379260723344	0.4178103544289136	0.0006503320284267467	0.002154647005616915	0.5786592286109703
DLBCL10847	0.0013454971139477173	0.06543761441532295	0.00034139922448889133	0.02803736920005471	0.9048381200461858
DLBCL_C_D_PAIR13	0.042623198737694795	0.41662980099933833	0.23011655398363542	0.0937852043039426	0.2168452419753888
DLBCL_C_D_1163_NULLPAIR	0.001382204457916378	0.11543916505375407	0.00015233694981707342	0.012959387624091368	0.8700669059144212
DLBCL10833	0.13122846715011122	0.013993705547695473	0.004408468469358008	0.144381394934735	0.7059879638981003
DLBCL10835	0.0010136072408434959	0.03173416794022453	0.00013218057183994944	0.006785843952380387	0.9603342002947116
DLBCL_C_D_1156_NULLPAIR	0.7311695655166467	0.23805026926592981	0.0030451969838079054	0.02423753921215102	0.0034974290214645123
DLBCL_RICOVER_977	0.8218016091119312	0.00042959140557793013	0.000680890035754812	0.17367454231108936	0.003413367135646611
DLBCL_C_D_1128_NULLPAIR	0.9129796624423657	0.019201626323980384	0.0013138916947497282	0.06442824590631863	0.0020765736325854935
DLBCL_RICOVER_451	0.23965553941487613	0.4523682398219151	0.02216500594128899	0.2173433556829866	0.06846785913893327
DLBCL10994	0.12799130109986123	0.14348361202360088	0.09144847028696752	0.22023567546289236	0.416840941126678
DLBCL10884	0.7162300377204353	0.17122109550289744	0.001025783904047182	0.11073931621341294	0.0007837666592071766
DLBCL10931	0.7846521849056046	0.00044985809967782483	0.0007480322749763423	0.21206845211290049	0.002081472606840802
DLBCL11671	0.22972900487564618	0.054806912595194775	0.08025347314151038	0.3798595184800737	0.2553510909075749
DLBCL_LS1757	0.9669433496110743	0.0049944642069582705	0.0003061425936782017	0.024226401735978058	0.0035296418523111293
DLBCL11488	0.33805609515682356	0.06283667030597286	0.0015778300074976513	0.16516534904063043	0.43236405548907547
DLBCL11496	0.6814166676389241	0.2687262475196589	0.0009294165827266966	0.047889469705451236	0.0010381985532392044
DLBCL10525	0.8364592633880898	0.0025142991972053772	0.0007098363845352738	0.15043984080735603	0.009876760222813426
DLBCL11430	0.22689521840982727	0.4227448203697421	0.057118876597504115	0.29113087530023896	0.002110209322687689
DLBCL11478	0.3075545825031606	0.47113440429243086	0.006343417112758725	0.21390296977482096	0.0010646263168288168
DLBCL11202	0.016893434369972052	0.4232803260564827	0.3596417915096322	0.19919284376943433	0.0009916042944786531
DLBCL10935	0.8415151646979474	0.09342286929404568	0.013577303321870973	0.03834086216553302	0.01314380052060292
DLBCL11470	0.5054783308842474	0.0007808605343739607	0.0015792416422111236	0.4911945838993596	0.0009669830398079294
DLBCL_RICOVER_910	0.7255028383292975	0.06948022551473701	0.02927105570724063	0.10459813346194599	0.07114774698677882
DLBCL10495	0.8241857564270381	0.013723631440556864	0.002593918117257459	0.0617325099572237	0.0977641840579239
DLBCL10844	0.18176005925328373	0.09815697757720118	0.07699845706930815	0.18520562018483683	0.4578788859153702
DLBCL10993	0.9296614704116796	0.0036585693186604253	0.000455627289693983	0.06087469389871324	0.00534963908125277
DLBCL11519	0.27746950565948275	0.16506361352427198	0.14083297302074882	0.3067797776222431	0.10985413017325328
DLBCL_RICOVER_945	0.36174777667535185	0.005237933496283834	0.08941993365444051	0.5246595490617194	0.018934807112204348
DLBCL_RICOVER_533	0.0029825824152325616	0.7661766973323546	0.2006902026715607	0.01392590515534334	0.016224612425508825
DLBCL10903	0.000796127643745987	0.6451543345859979	0.3260233343462569	0.00793830127812388	0.0200879021458754
DLBCL_DFCI_DLBCL_GOE05	0.000931025008135146	0.23653661190226824	0.0003850981249221678	0.002253377415319481	0.7598938875493549
DLBCL11673	0.008807804841961916	0.4311530256472133	0.1741582664358372	0.16643589083298568	0.2194450122420018
DLBCL_LS146	0.00047644245213948437	0.713530463661406	0.2579850614872089	0.00629029499987547	0.021717737399370034
DLBCL10517	0.00022916504154628836	0.8697586191208235	0.1227368644271758	0.0015818495024207593	0.0056935019080336085
DLBCL11204	0.12486555573210527	0.19162199800358812	0.04144864476827317	0.2689828416931587	0.3730809598028746
DLBCL11436	0.05892433887542407	0.2165629772591544	0.02529793788096552	0.33243141653155184	0.36678332945290404
DLBCL_RICOVER_467	0.0003962262638501968	0.7668529436707779	0.001262189601671435	0.0007483640459402681	0.23074027641776018
DLBCL10922	0.007146358373095571	0.6266354654351078	0.02366027225733997	0.057979994160646316	0.28457790977381026
DLBCL_C_D_1117_NULLPAIR	0.2789511786187165	0.06431730033524358	0.08190159509972937	0.572220071375964	0.0026098545703466766
DLBCL11188	0.005913163421901687	0.8238488674577568	0.037504773109381044	0.0014791993614893663	0.1312539966494712
DLBCL10871	0.05551942237945315	0.39826953825206046	0.4397395629511137	0.02915564094558852	0.07731583547178421
DLBCL10549	0.005010660501410996	0.5208192335642695	0.4039774167398533	0.052625025798436205	0.01756766339602995
DLBCL10885	0.020513089623077806	0.05374719468737356	0.0016337850819317051	0.271296100448762	0.652809830158855
DLBCL_C_D_1118_NULLPAIR	0.9179691765132618	0.0005841202094686262	0.0006445345362611906	0.0698815567643299	0.010920611976678414
DLBCL11456	0.4061725165383653	0.06144030934871252	0.30703146641423745	0.10785678076518487	0.11749892693349992
DLBCL_LS2089	0.0006176096644271303	0.2401462593171807	0.0004550035483272924	0.002502792571750807	0.7562783348983141
DLBCL_LS2245	0.03957623695667655	0.4187526307103371	0.3826294531729523	0.15820905296258755	0.000832626197446532
DLBCL_LS3245	0.0005863030074619916	0.23328071437390516	0.7580561392581302	0.0069747332515379045	0.0011021101089647614
DLBCL10962	0.0029140040570355347	0.6628485491767315	0.03280325864613298	0.04307737290523191	0.25835681521486803
DLBC_FF_8043_TP_NB	0.0007523685872939286	0.7845581787546746	0.18921656012614885	0.005566530977788221	0.019906361554094427
DLBCL_LS4054	0.006171852877600708	0.8168767638097902	0.09784560373575782	0.060824753804857516	0.018281025771993784
DLBCL10452	0.000511728620935772	0.6844708979980817	0.001061076324204553	0.002676128619221996	0.31128016843755596
DLBCL_DFCI_DLBCL_GOE07	0.00046030332527122967	0.9521955254527282	0.031204015607326798	0.002994512658846342	0.013145642955827382
DLBCL10503	0.0010243197881368705	0.9169655702958864	0.01781514757100324	0.03543835922447459	0.028756603120498863
DLBCL10512	0.0014614478335951758	0.7328173646681015	0.2097089556677601	0.020171697588883854	0.035840534241659346
DLBCL11670	9.774520426095543e-05	0.004335208415455182	0.9914103575603079	0.003994131111401558	0.00016255770857442846
DLBCL11590	0.1592621309255322	0.06406095085743245	0.3222373582591382	0.4187317072077349	0.03570785275016232
DLBCL_RICOVER_978	0.604699657575594	0.029246291965679256	0.012660413607864414	0.32979465309107076	0.023598983759791588
DLBCL10910	0.00029729447688156785	0.9238856597918619	0.06869231020643997	0.0014804814733362973	0.005644254051480278
DLBCL11656	0.0009084348452618036	0.005773905446566123	0.8768280999985536	0.11629365179250233	0.00019590791711619556
DLBCL10472	0.07209197315480774	0.047574682847988756	0.29771352413342966	0.5822468690189335	0.0003729508448402646
DLBCL10465	5.543861084852442e-05	0.04111307081987134	0.9524440802902134	0.006186156312853498	0.00020125396621316035
DLBCL10856	0.06571232068434424	0.16419897152669238	0.09480918945440063	0.4758748102546018	0.19940470807996094
DLBCL11566	6.674752170460821e-05	0.15603854094949116	0.8376636562451398	0.005872023794274771	0.00035903148938964133
DLBCL_RICOVER_577	0.00018614542508310216	0.9647867341233658	0.03222798809386527	0.0009897959703270246	0.001809336387358804
DLBCL_LS2599	0.0006462826812853728	0.002097238597328556	0.9039826472863671	0.09313544543607823	0.00013838599894068466
DLBCL11515	0.016558432217004274	0.7140560902892651	0.02521669794114358	0.1306306989258202	0.11353808062676693
DLBCL11528	0.04508008123511334	0.3544755755791622	0.4202765352276993	0.17930579818662468	0.0008620097714004837
DLBCL10936	0.007673861836974431	0.4570003507511129	0.2985416515737441	0.04831254772504278	0.1884715881131257
DLBCL_RICOVER_408	0.014434770041820923	0.29970427487787626	0.6719670697100356	0.012339021626886614	0.001554863743380471
DLBCL_LS4616	7.630928494839793e-05	0.369459540238301	0.6254728798102519	0.004352461046373287	0.0006388096201254206
DLBCL_LS762	0.0033683172471298136	0.8967452883933198	0.02351867563039996	0.035098017526940826	0.04126970120220958
DLBCL11667	0.002214342374813453	0.0831984844643037	0.6216102522659791	0.2924834171001685	0.000493503794735278
DLBCL_LS2357	0.44426100784388517	0.007530576882985882	0.020547227440863697	0.4645293930428288	0.06313179478943641
DLBCL_LS3499	0.2262381678837575	0.236827007315303	0.09926652375860265	0.43375508810887814	0.003913212933458778
DLBCL11576	0.07036512885302237	0.05285931060621131	0.6370073451813293	0.23941773861611007	0.0003504767433269042
DLBCL10782	0.7641538317066824	0.0010344883952094388	0.0010353579144754277	0.23123414243160093	0.0025421795520318155
DLBCL10565	0.00015295615365222917	0.005094494984270245	0.976364864211011	0.01821986239873876	0.0001678222523277634
DLBCL_RICOVER_1018	0.39158216197769247	0.01853344541611452	0.06282695631173811	0.49263410439345695	0.03442333190099797
DLBCL10564	0.030578094163173145	0.1413949846907205	0.30005242220861905	0.5269301387807926	0.0010443601566946363
DLBCL11437	0.9760787538179581	0.001930771850869339	0.0002587288128934275	0.020865707936781816	0.0008660375814973389
DLBCL10974	0.3402601876576634	0.03684460880525141	0.16136745963069576	0.09999959393655253	0.36152814996983684
DLBCL10927	0.8951363771953734	0.00045424886906317345	0.0005203210002967491	0.09925291898942953	0.004636133945837113
DLBCL_RICOVER_274	0.0	0.0	0.0	0.0	1.0
DLBCL11658	0.0769585484778935	0.02443590675972592	0.012651880460645738	0.22411054233650335	0.6618431219652315
DLBCL10552	0.3634409345252508	0.011394868571491697	0.005108644669737077	0.6150393803030582	0.005016171930462265
DLBCL10553	0.28835899693829203	0.2604469512030581	0.10256662476073834	0.3261669977519726	0.022460429345938872
DLBCL11536	0.08881070167121062	0.34337621186177353	0.01291320475847607	0.07438888563957685	0.48051099606896297
DLBCL11500	0.0005091310184668003	0.001035019936427332	4.6228281498315115e-05	0.00336543165795574	0.9950441891056518
DLBCL10530	0.0005541893014820635	0.0016775893023531238	4.32182518100056e-05	0.004560088614432666	0.9931649145299222
DLBCL10951	0.000677685069519632	0.45787453119046284	0.00037078990662747086	0.0037651055507732316	0.5373118882826169
DLBCL11353	0.0010724381043594544	0.15893883126113179	0.00031580327807804315	0.01613670778788323	0.8235362195685475
DLBCL10534	0.003580951806637728	0.0009715800316304509	0.0001374413102735079	0.01420251587129984	0.9811075109801585
DLBCL_RICOVER_850	0.0005632495138803424	0.0009425775889373724	9.796521080575531e-05	0.0029870540747851874	0.9954091536115913
DLBCL10890	0.0009641683539620649	0.03428842490209608	0.0001910691945748334	0.018891625333938778	0.9456647122154282
DLBCL_RICOVER_1289	0.0011276959298637914	0.0011403811996752093	5.346545781995623e-05	0.007895780947311986	0.989782676465329
DLBCL_RICOVER_1106	0.000328944846793919	0.002340764628152926	4.7421064592260304e-05	0.0025535634104182857	0.9947293060500426
DLBCL_RICOVER_221	0.0010478838794487433	0.13061856057279658	0.0006531943359230938	0.003165539659630655	0.8645148215522009
DLBCL_RICOVER_1248	0.013827666356607973	0.020367018436330774	0.00018039399761258615	0.038507412801434646	0.927117508408014
DLBCL_RICOVER_1278	0.0012042123141529732	0.0005831960829243093	0.00011377720985153058	0.015225100095182357	0.9828737142978888
DLBCL10852	0.0005577480541682625	0.000800939391110994	3.82815331377861e-05	0.0039054773271176616	0.9946975536944653
DLBCL10781	0.046341066381998516	0.1519805230447815	0.0005352939393630371	0.022762874937363186	0.7783802416964938
DLBCL10880	0.0042797369754357965	0.004896569194180445	0.0003303779015324351	0.061959095090490995	0.9285342208383603
DLBCL10535	0.4543964159184433	0.2423195032367481	0.01643794382458751	0.033295782820000105	0.25355035420022093
DLBCL10909	0.15431466563268956	0.05536105442507564	0.02917413650794771	0.3759891114652127	0.3851610319690744
DLBCL10921	0.0017976365647086841	0.15010215765964924	0.0004287178339788285	0.0036282052482456977	0.8440432826934176
DLBCL11195	0.0011454482575163456	0.12399192222912178	0.0008239508645723787	0.003527751109554427	0.8705109275392351
DLBCL11450	0.010634607287146354	0.0293102395977262	0.00019794009071861775	0.013496758066344941	0.9463604549580639
DLBCL10895	0.00380275434288297	0.449891067125196	0.0007548498008503889	0.002358141652944643	0.543193187078126
DLBCL_LS2208	0.002283841091024186	0.7874005179069107	0.000899970381534653	0.0008101881473793794	0.20860548247315114
DLBCL10862	0.0012768786059639639	0.311713897033007	0.0009296115422938119	0.007178451055524274	0.678901161763211
DLBCL_RICOVER_314	0.000588677405555614	0.5297083638023252	0.02770300617637047	0.0025316233103313593	0.43946832930541724
DLBC_FF_8042_TP_NB	0.0005068948113521253	0.49143306130318376	0.4674091401926127	0.003330718701212779	0.03732018499163866
DLBCL10883	0.007578258227110831	0.005658747206901699	0.00023500513475846336	0.06150236052612671	0.9250256289051023
DLBCL_C_D_1125_NULLPAIR	0.00047167337987089254	0.00202752977969373	4.5240661228112344e-05	0.0034660702171666986	0.9939894859620406
DLBCL_C_D_1144_NULLPAIR	0.03781010384116353	0.32921689988193026	0.00273312458693651	0.04663957908677373	0.5836002926031959
DLBCL11472	0.32400259572766876	0.010045186788321624	0.0713245775186918	0.5880923936608289	0.006535246304488972
DLBCL11512	0.7134542065184344	0.022279669702381877	0.004220632221133474	0.2595858591256897	0.00045963243236054615
DLBCL11681	0.1883713869486212	0.0024266591427664543	0.020284812528969392	0.7278829975053037	0.06103414387433916
DLBCL10482	0.13304306103276448	0.03302349144187409	0.013729968693874337	0.5783086002988513	0.24189487853263572
DLBCL_LS2154	0.4447856334613635	0.09345698975955129	0.03354529594988136	0.23352946761341853	0.19468261321578534
DLBCL11474	0.9336599877440253	0.005945623861137033	0.00038772967140718713	0.05638172165822825	0.0036249370652023153
DLBCL10968	0.9021273765307205	0.0008304594261389743	0.0005204458097267542	0.09397238030648192	0.002549337926931835
DLBCL11480	0.18866486849041458	0.21427437188724677	0.07961166515322551	0.3954526507537304	0.12199644371538274
DLBCL11486	0.8138473749167728	0.014255366968555073	0.0022783440232815003	0.15569503208814994	0.013923882003240616
DLBCL11435	0.17467639248073133	0.31593923478174085	0.00856477290762245	0.4098983336234597	0.09092126620644578
DLBCL10451	0.06899284033684819	0.5587218193018814	0.2005088096651543	0.1708653479809528	0.0009111827151632554
DLBCL_RICOVER_473	0.18393091707103196	0.026817340047575813	0.1829183438866269	0.6004007156679863	0.005932683326779125
DLBCL11205	0.4866794464356418	0.33305203709138664	0.003253323868329909	0.1759826032347015	0.0010325893699401352
DLBCL11457	0.6903672681502029	0.28645474127160403	0.000908266212221539	0.02090574573526675	0.0013639786307047994
DLBCL10969	0.1557566449107309	0.08095800870001726	0.20064230544695535	0.5567635462902538	0.005879494652042569
DLBCL10490	0.2530563278019304	0.024623362243849027	0.021180381316898037	0.6846221726249436	0.01651775601237895
DLBCL10486	0.2010167703997715	0.1678054178106278	0.016893449302957785	0.0805766885588006	0.5337076739278422
DLBCL10458	0.782836272617363	0.0012951810755987574	0.0014000532549497033	0.21270581118329154	0.001762681868796955
DLBCL10972	0.9690378153621824	0.00302704626199488	0.0023175431809874083	0.0185683834367419	0.00704921175809347
DLBCL_MC_F262_WLC	0.9317412137751229	0.0023885473557034133	0.00044757873071120673	0.05513161668093581	0.010291043457526652
DLBCL_MC_F307_JPS	0.6132553704165086	0.2517214657650958	0.0044388776882560675	0.12174135964817817	0.00884292648196136
DLBCL_LS378	0.9648738959179287	0.01613483235585101	0.0005775987069301146	0.017490131648640675	0.0009235413706494669
DLBCL10957	0.5821145810179844	0.01010486426110917	0.06901807655376115	0.2730324091739209	0.06573006899322435
DLBCL_C_D_1105_NULLPAIR	0.5444679052267533	0.10760267426522271	0.08287435626256147	0.2478686680619677	0.017186396183494858
DLBCL_RICOVER_174	0.000680042629970833	0.6298510059340284	0.36183082422173773	0.00256306688858802	0.005075060325674964
DLBCL10985	0.038540811056430466	0.6532575325632761	0.06300469840807087	0.12857497147846247	0.11662198649376004
DLBCL_C_D_1126_NULLPAIR	0.01033087792430586	0.13206739095031023	0.001627906316218187	0.014824367206778152	0.8411494576023876
DLBCL10834	0.18655404195828054	0.16317465248156798	0.3726657952294905	0.2698201143972419	0.007785395933419011
DLBCL_RICOVER_1210	0.0002010569694517455	0.5206102581798097	0.47224632313806353	0.004366393614294817	0.0025759680983802997
DLBCL10906	0.008284295840222642	0.3428888189794103	0.0006274569432821122	0.0022971727818585828	0.6459022554552264
DLBCL_RICOVER_299	0.00020630138850852815	0.6956234466990436	0.2699819311940397	0.005158169542835901	0.029030151175572283
DLBCL10502	0.03148831911995665	0.23984416402250325	0.6685161838423067	0.05833664954061463	0.001814683474618804
DLBCL10954	0.001003683673359671	0.5268307020885254	0.0009173604397644444	0.0016652014661165265	0.46958305233223396
DLBCL_RICOVER_253	0.29532557093023704	0.08286877579920963	0.23914923870185945	0.38212103989681967	0.0005353746718742424
DLBCL_RICOVER_1060	0.03545902397536386	0.7617408211476488	0.016221760788951052	0.021847590974580326	0.16473080311345586
DLBCL_RICOVER_1165	0.0031447729427531725	0.5081343615041654	0.028320496236802137	0.006417213767149594	0.4539831555491298
DLBCL11003	0.0009244855354540762	0.16849718845004022	0.00042177073707666557	0.003431485128858292	0.8267250701485708
DLBCL10780	3.1791406137764853e-06	6.710641629885782e-05	0.9996854525975108	0.00023776263196436864	6.499213612195374e-06
DLBCL10934	0.009310307004060827	0.02883889866081191	0.0007045100074620066	0.00892235544890487	0.9522239288787604
DLBCL_RICOVER_496	0.001280918118957062	0.6133423632483855	0.3760491994767236	0.005790288517067675	0.0035372306388661372
DLBCL_C_D_1119_NULLPAIR	0.6505204997635906	0.30212739218881673	0.0029875730130668496	0.04274140566257004	0.001623129371955807
DLBCL10460	0.00019348420924564737	0.5952932734199466	0.3960979682420234	0.006007035388435787	0.002408238740348502
DLBCL10850	0.1648893787283212	0.08112375721023156	0.04326379011528923	0.6589823119714138	0.05174076197474426
DLBCL_LS1668	0.00022425694763903548	0.2294149371306618	0.7257773098947532	0.007707293693826547	0.03687620233311945
DLBCL_C_D_1131_NULLPAIR	0.0006199998826238915	0.6395968078223687	0.0113686103915111	0.0095012698354942	0.3389133120680021
DLBCL11484	0.007494016629886999	0.459737699118612	0.2298945077962892	0.0849921642544087	0.2178816122008031
DLBCL10483	0.0004809969972925519	0.6506982527906426	0.12128956173050033	0.0038029434265998115	0.22372824505496464
DLBCL11449	0.04737187350455979	0.18626962656006288	0.03674236566501543	0.12429366617477323	0.6053224680955887
DLBCL_MC_F064AB	0.0025270946703939414	0.01283884517791932	0.6514081507052423	0.33298393740835946	0.0002419720380849529
DLBCL_RICOVER_522	3.389526686505416e-05	0.0005569095538101515	0.9972326209277357	0.0021415932741200424	3.498097746904835e-05
DLBCL11441	0.06259125501341667	0.015239933256256876	0.11392790936080109	0.3322666321453563	0.47597427022416916
DLBCL10459	6.545932855212916e-05	0.14769605325743201	0.8452103420614554	0.006704583412699556	0.0003235619398609528
DLBCL10498	7.391253259105022e-05	0.01644316365927192	0.9784822304812508	0.004787643577293355	0.00021304974959283318
DLBCL_MC_F349_BJJ	0.00029268712678787135	0.006266042123313476	0.9839589699528273	0.009075686314080107	0.0004066144829912996
DLBCL_LS155	0.0005986330186202757	0.003352230811149536	0.9203219183155454	0.07555228899400666	0.00017492886067809686
DLBCL_C_D_1112_NULLPAIR	0.0007907482394518261	0.8238863255052713	0.1478001893576383	0.013747946263433794	0.013774790634204727
DLBCL_C_D_1113_NULLPAIR	0.007167200286836802	0.37910236738257125	0.5701558948512608	0.042596869103751746	0.0009776683755793648
DLBCL_LS1098	0.0007403827300619784	0.07640170416851949	0.8620054087814356	0.0606039271569083	0.0002485771630746144
DLBCL_C_D_1133_NULLPAIR	0.0006751455531432581	0.20780643501278878	0.7448766151404487	0.04233839179123693	0.004303412502382388
DLBCL10523	0.05526409918284052	0.18012036509200363	0.5488702046491195	0.21526598358034985	0.0004793474956864303
DLBCL_RICOVER_744	4.636335979774142e-05	0.002001965582878298	0.9921051358616173	0.005780161058570637	6.637413713604258e-05
DLBCL11675	0.016677146810052078	0.14994148050650657	0.5022323655356091	0.33008067077890946	0.0010683363689226908
DLBCL_C_D_1141_NULLPAIR	0.00021253316872336928	0.058765251362991516	0.9344478651880282	0.006162917021066457	0.00041143325919044266
DLBCL_RICOVER_216	0.023643267981739366	0.7467321031741375	0.12376616524554777	0.017176617483327248	0.08868184611524814
DLBCL11526	0.11956914221918058	0.4785621106668329	0.23322811309268568	0.1677342575294203	0.0009063764918803675
DLBCL11666	7.428362316489416e-05	0.04163315456353231	0.953465375335501	0.004550324047348196	0.00027686243045361124
DLBCL11458	0.16487490437870392	0.3868791180456714	0.32287137696115675	0.12384323646848831	0.0015313641459795474
DLBCL_RICOVER_1061	0.530375420990864	0.356906947845244	0.04077956521534847	0.07085373501364745	0.0010843309348960886
DLBC_FF_8062_TP_NB	0.33804455233975544	0.06151910492885079	0.05813104163879691	0.49675547092235894	0.04554983017023782
DLBCL11002	0.23834723324358253	0.41398848246592457	0.08595747001498737	0.25708363027706227	0.004623183998443344
DLBCL11433	0.250423994509533	0.09921035447833713	0.026035153044215473	0.49812857389269116	0.12620192407522327
DLBCL11447	0.0685229351193083	0.011002692306596354	0.004322285639983348	0.28708307789456017	0.6290690090395519
DLBCL_MC_F139_LJF	0.24528029821867475	0.2835660540299139	0.02731876886018266	0.3774935869231849	0.06634129196804392
DLBCL11527	0.004257308289308434	0.04534288979979214	0.5322220988659028	0.4176427467212497	0.0005349563237469226
DLBCL_LS2590	0.03745497777812325	0.015764299432333508	0.0044583343992288865	0.30065200634321576	0.6416703820470986
DLBCL10539	0.000584542716862768	0.7290090613840328	0.1288976217602497	0.0015222891431551286	0.13998648499569966
DLBCL10965	0.15429352887406694	0.11834605283944624	0.03508369197033271	0.6669406217050496	0.025336104611104436
DLBCL_MC_F218_RAP	0.5553744528626087	0.16292148926637198	0.004196965331316554	0.26538414493955226	0.012122947600150487
DLBCL11460	0.2883528704140245	0.18768518449965368	0.0052466582364065675	0.4426201895521103	0.07609509729780492
DLBCL_C_D_1109_NULLPAIR	0.2535277798138964	0.04090890458453613	0.005379402254358624	0.6817241519533174	0.018459761393891484
DLBCL_RICOVER_701	0.14941044002383283	0.03750044386129535	0.02932696214970842	0.7623364282547977	0.021425725710365655
DLBCL10863	0.06156463263736656	0.003596592792641192	0.028277257074441394	0.4895900564285112	0.41697146106703953
DLBCL11206	0.0007539313887198491	0.6274622803848048	0.01073028968843039	0.00748804853844374	0.35356544999960127
DLBCL10901	0.0014888952555311375	0.059454062177425236	0.00021478854356357917	0.01868759438254933	0.9201546596409307
DLBCL10860	0.0008612253918159695	0.0859966241162825	0.0002072164115208066	0.015817463685626764	0.897117470394754
DLBCL_RICOVER_1032	0.0009423377952701706	0.03133550738064994	0.0001999469749270321	0.006026598668592061	0.9614956091805608
DLBCL10908	0.05977037905470657	0.5535698455392288	0.11912247497559911	0.16672308188954196	0.10081421854092355
DLBCL10999	0.0002056915806401674	0.00018168421188920143	1.3783552715383277e-05	0.0011350077899809803	0.9984638328647742
DLBCL10930	0.40430005194489177	0.10429826727655817	0.002295062013472602	0.3704251446916337	0.11868147407344373
DLBCL_RICOVER_506	0.0001848631907187821	0.0010125873626062904	4.0361771551951345e-05	0.0008776121650117195	0.9978845755101112
DLBCL_RICOVER_712	0.0015315462674875152	0.583981839269206	0.0006421826817368062	0.006998848395932387	0.40684558338563737
DLBCL_RICOVER_956	0.0006485581167765321	0.441750366871267	0.0005167766001068819	0.0023343781040714977	0.554749920307778
DLBCL10990	0.0004916397410080414	0.6020945041206636	0.0007227011047499596	0.0020165163064809677	0.39467463872709746
DLBCL10925	0.011295229893184119	0.08100362884051625	0.0005401133960645583	0.0788021249780826	0.8283589028921525
DLBCL10857	0.000842453497471323	0.0016826352547495114	5.137772409131118e-05	0.006946977949183097	0.9904765555745048
DLBCL11538	0.06353951445311459	0.019119913291540506	0.31703381499029765	0.34771336434122324	0.252593392923824
DLBCL10902	0.020733020030649387	0.1643996494363592	0.0004647941297729194	0.003018077542473134	0.8113844588607454
DLBCL10889	0.00038683122109008366	0.0005707912097761433	3.427520711110633e-05	0.002722596037923078	0.9962855063240996
DLBCL10842	0.004695327759994585	0.007249406364821803	0.0012364186617810399	0.37117656367869545	0.6156422835347071
DLBCL11504	0.2555288976891695	0.07141421769770709	0.19074940315457278	0.15715963296707147	0.32514784849147915
DLBCL10963	0.0021629209817508087	0.13810061971761198	0.0006283369592324922	0.0039016199357061977	0.8552065024056985
DLBCL_RICOVER_720	0.014962518991427377	0.0023508778261886448	0.00023868814651951815	0.052437045524645925	0.9300108695112186
DLBCL_RICOVER_773	0.0002677845875955184	0.831221151150207	0.0013904088261414945	0.0009796571369001723	0.16614099829915585
DLBCL10532	0.001283621373319949	0.0032326948486108937	0.0002611341702391553	0.04174293316831116	0.9534796164395188
DLBCL_RICOVER_1192	0.00023247511964470118	0.00024183514996693205	1.6749712568881672e-05	0.0014746655176623527	0.9980342745001571
DLBCL10980	0.0015251309877707256	0.8607410056208185	0.01681590763914426	0.07217907645882579	0.04873887929344075
DLBCL10977	0.0005598077460534159	0.007758705500455453	0.00014140986637161356	0.0027088477869559972	0.9888312291001635
DLBCL11000	0.00021550076974875747	0.0006720190189968338	2.373418055494819e-05	0.0016236601415205792	0.9974650858891789
DLBCL10898	0.0009293149411844238	0.3742752675538297	0.0007426878894308852	0.0026886422298873745	0.6213640873856676
DLBC_FF_A7CX_TP_NB	0.13975092676371617	0.03382429446634289	0.014909175729940036	0.30675398156001343	0.5047616214799875
DLBCL10877	0.6498557736237243	0.15196196272029458	0.01988148007830093	0.15597197195402548	0.022328811623654698
DLBCL10492	0.3669797732911655	0.08141043575429423	0.0013592997008706103	0.048156758031489194	0.5020937332221804
DLBCL11501	0.5744725148599591	0.2926107802083439	0.05917975262046747	0.06475591014550496	0.008981042165724639
DLBCL11477	0.9477909893809705	0.0030853995594240556	0.00036937231316030956	0.04595010449212595	0.0028041342543192365
DLBCL_LS3809	0.2642409575304964	0.27795176692536894	0.0015850564827150934	0.08332672193383957	0.37289549712757986
DLBCL10971	0.07945319387827073	0.4306722075860477	0.038210621905792566	0.07387004493484736	0.3777939316950416
DLBCL10462	0.9001984717549445	0.005953373936510405	0.00044446138235961695	0.0890628873384249	0.004340805587760621
DLBCL_LS2367	0.8934327164256279	0.052822394501342525	0.0005255980825957628	0.05114369891134514	0.0020755920790886716
DLBCL10542	0.9136327935525017	0.009131994222707938	0.00039022553387721984	0.07376069663248881	0.003084290058424264
DLBCL10928	0.6642479535410657	0.280992129650432	0.0017309459810254872	0.05125286043967564	0.001776110387801256
DLBCL10896	0.7942175406224531	0.1016061096597595	0.0008245009333896827	0.09971206050038957	0.003639788284008201
DLBCL10918	0.6978667788494466	0.0427067633728886	0.0008980702870039468	0.23768921682075236	0.02083917066990842
DLBCL11473	0.9541697331387431	0.012682738411106367	0.0006359953958298634	0.03178591339236301	0.0007256196619577019
DLBCL10548	0.9799886074097595	0.002773083068379125	0.00023029672527734313	0.015176729662134793	0.0018312831344492798
