	0	1	2	3	4
DLBCL11472	0.6039325460839045	0.012479719691005262	0.12576591249082322	0.16103738527979058	0.0967844364544765
DLBCL_MAYO_DLBCL_3653	0.5477454156961125	0.06172797402682865	0.124838363912014	0.13126676212767635	0.13442148423736863
DLBCL_C_D_1130_NULLPAIR	0.9382535846903166	0.03150781971548794	0.0018086343964982448	0.015647133368834887	0.012782827828862347
DLBCL10993	0.8248022254296836	0.03195449162003651	0.026861308749021557	0.06228884848681386	0.05409312571444448
DLBCL10935	0.45680499746553643	0.4077639355752543	0.010645740325882091	0.09554817329719852	0.02923715333612866
DLBCL10869	0.6143770557646124	0.06937929611618383	0.12429553553933854	0.09047267712426992	0.10147543545559531
DLBCL11486	0.9110583365217296	0.04477147556105975	0.004576127231233552	0.02083374579690524	0.01876031488907183
DLBCL11512	0.43667990700747567	0.24063843754595537	0.010927837060879946	0.29039438168169557	0.021359436703993324
DLBCL10896	0.9340105834365671	0.00902328246032182	0.002737357019806475	0.029494065383656204	0.024734711699648446
DLBCL10997	0.5501151252998918	0.037748088702846794	0.05447561325963946	0.10954457252525661	0.2481166002123653
DLBCL11652	0.49638990608906425	0.06458150644482405	0.22783687721592816	0.04420723727741084	0.16698447297277275
DLBCL10969	0.2614942002353662	0.08353475276215862	0.3851657485602928	0.06556292085060018	0.20424237759158212
DLBCL10971	0.0940369958510719	0.6191348329015027	0.05067002400876989	0.05045554229880229	0.1857026049398532
DLBCL_RICOVER_338	0.12631876203524894	0.03208639011416018	0.05662573028070766	0.7752729401577366	0.009696177412146572
DLBCL_LS378	0.9346963850245529	0.019501793639652574	0.024591353673085105	0.011781844248964304	0.009428623413745089
DLBCL10509	0.8963128467113229	0.04850384925485524	0.009659603521098133	0.03316406720737472	0.012359633305348993
DLBCL11477	0.9678852941686786	0.015291121071471946	0.0020759986366054215	0.01062258591016557	0.004125000213078453
DLBCL11473	0.45503420829263597	0.23144026306464796	0.008158503798566084	0.27332336219484005	0.03204366264930996
DLBCL11474	0.7357083600132014	0.06959797943753343	0.05673309104737279	0.09222287051329942	0.045737698988592944
DLBCL11480	0.36467898965538426	0.05946888046897356	0.2862175759162484	0.04493517249427565	0.24469938146511816
DLBCL10957	0.4180658939736472	0.050206667767072555	0.10681339138431176	0.3347567576235718	0.09015728925139664
DLBCL10918	0.8932626994180073	0.00879692927108239	0.01168680805471909	0.05329345704408274	0.03296010621210845
DLBCL_LS1757	0.9351450272421825	0.013731903879245536	0.012272611057621974	0.0163301382348426	0.022520319586107347
DLBCL10495	0.856257778158566	0.03163088429308678	0.018434107339607764	0.026512995564824476	0.06716423464391504
DLBCL11484	0.035587767387750345	0.5930977584561866	0.16324409146118302	0.0244948854898735	0.18357549720500646
DLBCL_C_D_1136_NULLPAIR	0.0044793944320374425	0.8823721542747517	0.004482514105811229	0.02092916671864149	0.08773677046875815
DLBCL_LS1668	0.014330104195153924	0.7004029845437986	0.12132000841248265	0.1450447611191681	0.018902141729396717
DLBCL10873	0.24530291044479643	0.1505272804387131	0.030457302578043584	0.45701691142226175	0.11669559511618509
DLBCL10885	0.09132153072785736	0.3006797193503921	0.026090103423596963	0.1306524518122712	0.45125619468588235
DLBCL11673	0.04206465908765227	0.8192358631415388	0.043518083540396026	0.07561407656587144	0.019567317664541395
DLBCL10903	0.004253699984878113	0.9237203292039565	0.03608131441607092	0.02101114809537122	0.014933508299723284
DLBCL11436	0.18526400927377393	0.3663396581451022	0.07026587574185009	0.1570964786397799	0.22103397819949405
DLBCL_RICOVER_467	0.003615914047002571	0.7179221079599077	0.006836758437129281	0.020242060979615433	0.25138315857634497
DLBCL11188	0.002547693681269684	0.9845353391865146	0.002453828445160546	0.0015470029857367693	0.008916135701318419
DLBCL10849	0.047354543387601464	0.24707725185631188	0.005567691946109977	0.007415003680668455	0.6925855091293083
DLBCL10834	0.07926179624679709	0.7813603160589891	0.04767532993304659	0.08733812461434365	0.004364433146823511
DLBCL_RICOVER_401	0.10823576119077082	0.5587852084369238	0.2981486714269965	0.02983932724605959	0.0049910316992491655
DLBCL_RICOVER_1060	0.10813181178308529	0.5232600933025887	0.0461984941570224	0.04168788252818366	0.2807217182291199
DLBCL_LS2089	0.002657695203325909	0.4813362426628065	0.0016031269427409487	0.008286295095384208	0.5061166400957424
DLBCL_C_D_1118_NULLPAIR	0.2924045816809672	0.44377952841697704	0.007237466257945847	0.23556035623156507	0.021018067412544816
DLBCL11203	0.0009670338125089915	0.8425057367534795	0.006137010855593841	0.019065630624074677	0.13132458795434304
DLBCL10907	0.43626296323401004	0.31948345469362377	0.005888879105876146	0.21911475136134306	0.019249951605146823
DLBCL10954	0.007284070518865486	0.6042682542319766	0.006404211804181765	0.013730218234479716	0.36831324521049635
DLBCL_RICOVER_533	0.00632323115638511	0.8347363528439368	0.08261695311007002	0.07152791449795774	0.00479554839165039
DLBCL10934	0.006773266692295489	0.42073189207865147	0.008261988021292223	0.18096080127501402	0.38327205193274677
DLBCL_MC_F500_ECU	0.014117166903170992	0.847501243691905	0.03083723608075519	0.024705441716163692	0.08283891160800508
DLBCL10480	0.4705600724275101	0.1978989347630116	0.052495252567273276	0.06848937118299409	0.21055636905921096
DLBCL11003	0.04921854707427187	0.28311312348926143	0.018217247598739852	0.010234943915270432	0.6392161379224564
DLBCL_LS3204	0.0498820407428761	0.6519517042603502	0.12922878323317574	0.15054776037933726	0.018389711384260665
DLBCL_LS1395	0.013995357599926104	0.031195336752774094	0.9131263165865957	0.013905017721553996	0.02777797133915008
DLBCL11669	0.010723552235409856	0.0076404969450494685	0.9332419371542187	0.029355806109303207	0.019038207556018823
DLBCL11541	0.018994535965486153	0.5003033716731885	0.37220197203808536	0.026898959324013542	0.0816011609992264
DLBCL_C_D_1141_NULLPAIR	0.019366979118266785	0.044110548835703145	0.9120529728097423	0.01727978986992675	0.0071897093663610264
DLBCL11469	0.02156183326356838	0.12132005534406327	0.6362416347028548	0.017146126015312457	0.20373035067420117
DLBCL11458	0.34197051543367085	0.14946607371689152	0.3324616184656808	0.0637153087220831	0.11238648366167364
DLBCL10554	0.014784881875030445	0.020805449036650867	0.915341167252875	0.04469133908324344	0.0043771627522003215
DLBCL11670	0.006362280317039792	0.004025645955655382	0.973338768475245	0.010441619844518872	0.005831685407540875
DLBCL_LS2325	0.009047238097130548	0.038182219170572	0.8386206419712318	0.05454162567700678	0.05960827508405887
DLBCL10459	0.00723328821918565	0.003542921712065724	0.8747983076100403	0.016201304762293995	0.0982241776964143
DLBCL_LS4593	0.00311825512132366	0.006940179289313399	0.972145404508377	0.013407331190151512	0.0043888298908343676
DLBCL_LS4616	0.013100192360131204	0.1511815557809697	0.7439589949380108	0.08172396173090933	0.010035295189978958
DLBCL11515	0.09142314225228006	0.37270408153363843	0.265964410717245	0.03671950889898139	0.233188856597855
DLBCL11525	0.013139891125595044	0.008913580089273484	0.9109207377274148	0.05216728071971837	0.014858510337998312
DLBCL_RICOVER_320	0.11183983335255847	0.16834292299037604	0.5718389201257508	0.06361498286073833	0.08436334067057649
DLBCL11656	0.020937061185126546	0.007691745507679742	0.8704568095358091	0.05277360947327304	0.04814077429811159
DLBCL11566	0.01065507644264661	0.16415490806176322	0.7543364631060588	0.06182996587242525	0.009023586517105999
DLBCL11439	0.0779257663721182	0.020460569625201003	0.8209477257083517	0.06034259275047504	0.02032334554385397
DLBCL11468	0.44418127140771446	0.031392065151011	0.1707760014987217	0.22867490417433703	0.12497575776821579
DLBCL10564	0.020764520338394647	0.37418276391546296	0.17794093699178104	0.4217150531906858	0.0053967255636756094
DLBCL_MC_F218_RAP	0.8459097591797385	0.04311493198808166	0.04072286235392756	0.05194041317940423	0.018312033298847966
DLBCL10965	0.14362766811647273	0.01828263520277944	0.030113212247976	0.7816647207705322	0.026311763662239612
DLBCL10973	0.21996257614838083	0.05983572819171106	0.4968401900392894	0.04954019825223951	0.17382130736837917
DLBCL_LS2590	0.14502853952084363	0.06517147396717979	0.0191891382290339	0.48053882922800706	0.2900720190549356
DLBCL10527	0.04355382116096918	0.052774065587078485	0.03090290110623008	0.7679230770175319	0.10484613512819034
DLBCL10927	0.3848320519245556	0.13266748711899756	0.011937568594333	0.44543733341221015	0.025125558949903575
DLBCL_C_D_1115_NULLPAIR	0.11586298913883236	0.12160919783634767	0.044675519429820267	0.7027922140787759	0.015060079516223804
DLBCL11471	0.06513325481410334	0.6901223881493224	0.11668754347657463	0.09772072769454619	0.030336085865453482
DLBCL_C_D_1109_NULLPAIR	0.1936357197408204	0.028862788182130977	0.016296542509107947	0.6888084444734531	0.07239650509448756
DLBCL11467	0.2297037999537909	0.1314019774953998	0.17780068289052692	0.07453822042631693	0.38655531923396536
DLBCL_RICOVER_151	0.1628499130834741	0.31211382288150724	0.03920402420390935	0.43661389858057725	0.04921834125053205
DLBCL10544	0.06537885960141587	0.014147732240853002	0.03307941562359815	0.837009215028008	0.05038477750612499
DLBCL11564	0.08894458262945085	0.03198033300368877	0.024733152640847706	0.8278996385155021	0.02644229321051061
DLBCL10970	0.07008026177661843	0.4526565412793988	0.1178007894112523	0.3445742683630689	0.014888139169661377
DLBCL_RICOVER_701	0.11391133069652382	0.042190518242154876	0.03199163215232424	0.8005233051333487	0.011383213775648366
DLBCL10550	0.011269528979363376	0.14348463638550132	0.0018717422139520124	0.014622732744788435	0.8287513596763949
DLBCL10837	0.010727318313082072	0.036807595917515125	0.003316169278785085	0.01948194103945698	0.9296669754511607
DLBCL10915	0.08336134765470835	0.09539062839063013	0.054294376091821	0.06297254721021331	0.7039811006526273
DLBCL10902	0.0039379031070106195	0.0694211714028308	0.0015909122062289687	0.014939562265726819	0.9101104510182028
DLBCL10880	0.001044873461964762	0.004235462367290115	0.00018439817856328472	0.004943920935333487	0.9895913450568483
DLBCL_RICOVER_773	0.039067506986074314	0.5157326475484751	0.11828283361278749	0.010311882605877325	0.3166051292467858
DLBCL_RICOVER_1289	0.0016445666335064993	0.008667315261552263	0.0002802409841787738	0.016246245474030536	0.973161631646732
DLBCL10899	0.005584259446164057	0.13722798735021177	0.0011253658978221503	0.08520584263499167	0.7708565446708103
DLBCL10901	0.0010753505250795832	0.006684523862298316	0.0005721085974715666	0.010131034530934911	0.9815369824842156
DLBCL11195	0.0038956120396046374	0.09437492152054508	0.0013721228947866358	0.11008143221678204	0.7902759113282816
DLBCL10864	0.0006912127711350337	0.0028906916169092784	0.00013818580413282593	0.006698226853915708	0.9895816829539071
DLBCL10980	0.011800829134036794	0.6079845474435511	0.0187476411070913	0.009075990672820796	0.35239099164250004
DLBCL10889	0.0009531624881044077	0.00695242598087167	0.00047077171496910116	0.008165483169588353	0.9834581566464665
DFCIDL004_DT	0.18205832425053575	0.042275907635877734	0.11551914980195975	0.29132482595821085	0.368821792353416
DLBCL10999	0.0016134370622220688	0.012709176179615454	0.0007964805145292051	0.01600441764489647	0.9688764885987368
DLBCL_RICOVER_1190	0.8018619145712799	0.051246910467928466	0.03305448859626626	0.03528591977430205	0.07855076659022332
DLBCL10781	0.0064557568477657	0.1119467179187091	0.0008043120238672587	0.02393553397705155	0.8568576792326064
DLBCL11495	0.11868561399800004	0.07112816531014941	0.053680864659491116	0.1963544938576677	0.5601508621746917
DLBCL_RICOVER_417	0.0016060086581679513	0.002450167438105318	0.0001192875306176271	0.005109197513142077	0.990715338859967
DLBCL_RICOVER_1032	0.013049201077734869	0.26958843529972665	0.007637463519929223	0.06602674656847236	0.643698153534137
DLBCL_LS3200	0.002071113151202873	0.049293311161616296	0.000495370860668945	0.00825364869203591	0.939886556134476
DLBCL10530	0.002308285459629846	0.04300981247661076	0.0014372071938838682	0.0122525774673152	0.9409921174025603
DLBCL10862	0.004643394518740646	0.04001454562917024	0.0013786231454367688	0.006654093115446079	0.9473093435912062
DLBCL_RICOVER_1287	0.1515972190082302	0.22529377829065309	0.07227282149820775	0.06443111001334183	0.4864050711895671
DLBCL10848	0.21328709394919967	0.07688638618734665	0.09550699885999307	0.08413660812461927	0.5301829128788413
DLBCL_RICOVER_850	0.0023218516742515636	0.030667325345868336	0.0009637396524337346	0.01632040031853836	0.9497266830089081
DLBCL10457	0.017986407494227953	0.36686281663270437	0.037845469527738235	0.016058077967416443	0.561247228377913
DLBCL10961	0.010119022556712792	0.197569193306818	0.003342876832259009	0.042925933481041754	0.7460429738231685
DLBCL10975	0.732812135697502	0.04244959668869819	0.02008664744139097	0.14250656587568084	0.06214505429672799
DLBCL11537	0.8820562504357881	0.005714514459255638	0.014786159136802755	0.034442986062357586	0.063000089905796
DLBCL_LS3809	0.6163872949369917	0.1399846112081716	0.01978252507507968	0.0726631574733382	0.15118241130641882
DLBCL10462	0.7923134762763006	0.030899007825292275	0.04328464070895997	0.033731794527970156	0.09977108066147704
DLBCL11662	0.8326148069902234	0.0696018790808411	0.011308357981698602	0.07350508564783784	0.012969870299399023
DLBCL10913	0.44446913113813596	0.3951220367560497	0.00797717628456221	0.13997612716109398	0.012455528660158156
DLBCL11454	0.39646121146336305	0.23806980728538038	0.007279647161960142	0.3275644275083045	0.030624906580991988
DLBCL10450	0.2909116186351887	0.1412374163124509	0.018660580622261218	0.3130561483085827	0.2361342361215165
DLBCL10914	0.6757020856806315	0.05120755785736453	0.09451102155154818	0.07399654874514794	0.10458278616530792
DLBCL10490	0.3185801914932794	0.1834970609496412	0.016537545607205408	0.4382194868204116	0.04316571512946238
DLBCL11429	0.8713041371022715	0.01009611377634894	0.020454290128646153	0.05810720142758448	0.040038257565148935
DLBCL11539	0.8793952976643532	0.0044746966249054314	0.01220131655276534	0.0611731641970976	0.04275552496087838
DLBCL10492	0.6516735060976766	0.03367871202150415	0.021410911032428155	0.032101902627452876	0.2611349682209382
DLBCL10894	0.23947148294626167	0.47854118788605016	0.008073826523933654	0.2606957274480427	0.013217775195711842
DLBCL10986	0.38357939012495007	0.05289324664536862	0.155746952215146	0.09534842914037978	0.3124319818741557
DLBCL10950	0.6383087628141011	0.14080005428817546	0.010981647898392956	0.19035838213135467	0.019551152867975843
DLBCL11191	0.8354083743297064	0.009890030642545941	0.03481417118756228	0.04134006961426107	0.07854735422592432
DLBCL10959	0.7874440796316771	0.05961174027526422	0.012235823314350818	0.06448344887625716	0.07622490790245078
DLBCL11434	0.43719251358859057	0.13298274877855687	0.029952540337876334	0.3814170893683954	0.01845510792658089
DLBCL10515	0.9620573094798649	0.003771519321209448	0.0023022211691999797	0.01973426176054685	0.012134688269178797
DLBCL_RICOVER_945	0.4341559888392535	0.11688290718912835	0.04823764942594351	0.3550626399339828	0.04566081461169177
DLBCL11482	0.8039917626952021	0.00687676796378068	0.03483329854079713	0.08731620611891396	0.06698196468130607
DLBCL11496	0.8749076596404451	0.02393638254894339	0.0314839468595672	0.03523198456810068	0.034440026382943606
DLBCL11565	0.01135998843761219	0.718429254377779	0.06593533801304063	0.10327348766784916	0.101001931503719
DLBCL11679	0.19177616775444623	0.6697541358735493	0.010903316371795656	0.12106349433535138	0.00650288566485744
DLBCL10780	0.013646579624814166	0.6282195867754824	0.21489424077965558	0.12916053273643033	0.014079060083617525
DLBCL10983	0.0049788969461029686	0.7426338271088063	0.005668030841646395	0.05633396928942631	0.190385275814018
DLBCL10988	0.004578014615941006	0.941101665941763	0.008321950978949767	0.008820211006440173	0.03717815745690604
DLBCL10981	0.11842711330937558	0.1609691454538776	0.020676066879208786	0.5316468686079505	0.1682808057495875
DLBCL_MC_F729_MAN	0.002647968059423697	0.9586170934824316	0.01548514384229981	0.00965667219652858	0.013593122419316296
DLBCL_RICOVER_299	0.10013761613465134	0.6532953354531891	0.20755895554768064	0.026635735622597613	0.012372357241881404
DLBCL_C_D_1126_NULLPAIR	0.054318698268850794	0.6430790279471293	0.05188336331015766	0.05987958803246955	0.19083932244139273
DLBCL11516	0.027891957617402523	0.777702912781437	0.07847018494524331	0.06902207333524508	0.046912871320672074
DLBCL_LS3749	0.011414516463487486	0.8381473644325964	0.05316929316778693	0.07735354081357002	0.01991528512255915
DLBCL10503	0.038837261601765365	0.24956173542394322	0.4208867173572628	0.02434026627416129	0.2663740193428673
DLBCL10487	0.3091947074216393	0.38157442949972026	0.0073300096368304046	0.2854791131269517	0.01642174031485839
DLBCL_LS2245	0.2454063929907681	0.34613297537580845	0.3636392983843906	0.02141559895914784	0.023405734289885037
DLBCL10906	0.007330101851341742	0.22826887371403967	0.0028363249165582597	0.007220512699096002	0.7543441868189643
DLBCL10989	0.019290370620412594	0.8109431820399856	0.03734725143593109	0.06032842051370124	0.07209077538996944
DLBCL11498	0.19397955464654185	0.7406596385450626	0.003463199760457339	0.051300016826119864	0.01059759022181839
DLBCL10850	0.17389108109809293	0.7358221411004485	0.006086161064064901	0.07009121959069388	0.014109397146699761
DLBCL_MC_F739_AMA3	0.007162151665287339	0.7237610677340984	0.17555109417115475	0.089738656464173	0.003787029965286484
DLBCL10917	0.01568992131721601	0.6654869430693002	0.07817977892925486	0.09991284226054101	0.14073051442368795
DLBCL10871	0.07208729100342043	0.6317480229424836	0.013081014423411301	0.1104966657538238	0.1725870058768609
DLBCL_LS3245	0.007051090047021778	0.7562999249794885	0.12801369619599665	0.10169989656230093	0.006935392215192123
DLBCL10502	0.011652885757634063	0.8016978171114154	0.11490245481447368	0.06755142535634209	0.004195416960134719
DLBCL10453	0.007903298229437456	0.03196564751551172	0.0028381442162443795	0.014174856102906362	0.9431180539359001
DLBCL_RICOVER_948	0.003193973887281736	0.8948979273211388	0.07309933636392105	0.013754420652865258	0.015054341774793107
DLBCL11518	0.6773076331315259	0.0932067039160697	0.16453857034057115	0.036124503261540944	0.02882258935029234
DLBCL11428	0.0015905518346409982	0.004689304468927799	0.9855692482527878	0.007331652972848787	0.000819242470794642
DLBCL11590	0.37820377541210715	0.07733091587201871	0.20906917313570783	0.11487064019661367	0.22052549538355282
DLBCL_RICOVER_408	0.01938023682551556	0.702341108982112	0.0945501418788153	0.17772058858551754	0.006007923728039699
DLBCL11573	0.01391285806057603	0.08769807851422604	0.824794569921989	0.06176339417063429	0.011831099332574705
DLBCL_DFCI_DLBCL_GOE16	0.0	0.0	1.0	0.0	0.0
DLBCL_LS2328	0.027526087206349956	0.5133442927274029	0.40180066759963473	0.05296077896369541	0.004368173502917004
DLBC_FF_8046_TP_NB	0.007857720338991288	0.009209632005943467	0.946061798325305	0.024206031363943767	0.012664817965816453
DLBCL_LS1098	0.012581064598391013	0.009694571118790456	0.9026457873207616	0.04348077523089401	0.03159780173116294
DLBCL_MC_F815_BAT	0.008384136316996223	0.005394463008103312	0.9503973068338445	0.03328584878539163	0.0025382450556643943
DLBCL11542	0.027237202369654472	0.43656396931067	0.34296315637172925	0.18868121450662068	0.004554457441325685
DLBCL_LS762	0.05929602484875021	0.15765764535467014	0.3822755878159771	0.03929162075110403	0.3614791212294985
DLBCL11666	0.0020975616667198273	0.008993906671331054	0.9744325229971315	0.011298761881434527	0.003177246783383092
DLBCL10498	0.0191145550394776	0.09199849654078632	0.8093536794425922	0.07535396854864765	0.004179300428496319
DLBCL_MAYO_DLBCL_234	0.18029794129942625	0.07302521008525042	0.5295798733856276	0.06191602720460029	0.15518094802509552
DLBCL_RICOVER_978	0.6859598273984753	0.04419075166425069	0.05523156973567744	0.05430443562155614	0.16031341558004042
DLBCL_C_D_1112_NULLPAIR	0.050719315959784204	0.42567201329311044	0.3935706106031125	0.06373013245787978	0.06630792768611321
DLBCL11441	0.3834854355731313	0.0472534494656639	0.07364650588746238	0.15380009394441635	0.34181451512932604
DLBCL10879	0.03826827654335204	0.027620822232653653	0.8877425421935817	0.027638025448416138	0.018730333581996463
DLBCL10456	0.15950400024019143	0.038224280378177086	0.03518562349933733	0.7453667994652714	0.0217192964170228
DLBCL10547	0.11793630507364841	0.019279935164637642	0.045805567971477876	0.8040369199769221	0.012941271813313976
DLBCL10782	0.32315062541143685	0.2573170494504798	0.00917056811285066	0.3908812001125033	0.019480556912729208
DLBCL11536	0.050910666442775906	0.6545152021276717	0.04473056407201567	0.20924233082381336	0.040601236533723314
DLBCL_C_D_1103_NULLPAIR	0.0344279703804986	0.32440306628975635	0.11937645221534814	0.5168900306173936	0.0049024804970032925
DLBCL11433	0.32833459985907126	0.06376576897705794	0.08143913868546909	0.2742759219713298	0.25218457050707205
DLBCL11455	0.19890927797985913	0.028149971837304215	0.05790941901154504	0.6614579659888791	0.05357336518241255
DLBCL_RICOVER_950	0.2671666240349803	0.04978538947978962	0.14147520480056663	0.516360612440343	0.025212169244320334
DLBCL10539	0.021645116386985113	0.7367242155521897	0.049549061362233096	0.039592108461097744	0.1524894982374943
DLBCL11504	0.37059841970935836	0.13267385463990566	0.15684725891709791	0.13600337533506798	0.20387709139856994
DLBCL_MC_F139_LJF	0.10315404413621732	0.023044085052596194	0.024755522603434315	0.840069170002984	0.00897717820476817
DLBCL_RICOVER_361	0.26752997450466554	0.044427096977262326	0.08148383479054411	0.5325302843136501	0.07402880941387793
DLBCL_BWH_DLBCL64	0.22186024324356673	0.5266218491781646	0.009979399712635367	0.2335154137577793	0.008023094107853972
DLBCL10978	0.12144165248062948	0.06888455624138079	0.021265154945663955	0.7314355199065151	0.05697311642581066
DLBCL10974	0.11143791877560344	0.05125072163299722	0.14501654012116313	0.19372914143486752	0.4985656780353688
DLBCL10932	0.14376752012169505	0.021512747859862322	0.0412059410843751	0.7550121103245222	0.038501680609545286
DLBCL_C_D_1125_NULLPAIR	0.000576784189021161	0.005183249861097636	0.00021504118305217397	0.005039592201117916	0.9889853325657111
DLBCL_RICOVER_1106	0.0024845945621171867	0.015694296888814244	0.0003837125616830416	0.01879277700657171	0.9626446189808138
DLBCL10471	0.005253824829630407	0.02519984845298876	0.0006271779509687785	0.00833871778863211	0.9605804309777799
DLBCL10876	0.0002760006679836494	0.0013472706853670728	4.2003018226201165e-05	0.001831405700967414	0.9965033199274557
DLBCL11450	0.03907872854690092	0.08543617869075348	0.004340467199188556	0.1644923486293381	0.706652276933819
DLBCL10857	0.0007678258083214934	0.003505498653365912	0.00015547396840949205	0.0035443370981227264	0.9920268644717803
DLBCL10890	0.0006556043685776763	0.005349966266084465	0.00024613321618178444	0.004263763338435782	0.9894845328107202
DLBCL10532	0.001477913522521169	0.02432598545711978	0.0005526246020075792	0.009776097415517911	0.9638673790028336
DLBCL_RICOVER_134	0.0038745981885735335	0.051352929677783626	0.0007052745513879008	0.027495973304391123	0.9165712242778639
DLBCL10904	0.0036575640717932366	0.09749665516710433	0.001528965249398607	0.013022596308503526	0.8842942192032003
DLBCL10847	0.018342756182614856	0.08442755459545954	0.0022146155104970752	0.005138825834585128	0.8898762478768434
DLBCL_RICOVER_314	0.004722810949315649	0.7242901424648069	0.02448625902667207	0.029685923838768773	0.2168148637204365
DLBCL10924	0.0019390732151223292	0.009790582026794835	0.00023486297790910942	0.007538357042382672	0.980497124737791
DLBCL_RICOVER_712	0.027545132599969917	0.3160987993491043	0.010242998679062974	0.013683237038073616	0.6324298323337892
DLBCL10853	0.0032346119910171226	0.033702254784847924	0.00376324055618695	0.021457595059540584	0.9378422976084074
DLBCL10887	0.007336908987663241	0.01747919211857616	0.0011658792035458625	0.01604895206313025	0.9579690676270844
DLBCL10854	0.0013965556400710817	0.011753422853057338	0.0004634622315741579	0.009159215375429864	0.9772273438998675
DLBCL_RICOVER_1329	0.03201995454655954	0.239976795418795	0.00595265353574717	0.007160379426984053	0.7148902170719142
DLBCL_RICOVER_449	0.2389193484157	0.05211987272130623	0.05822036271111492	0.08827102694393532	0.5624693892079435
DLBCL10838	0.002960442623537313	0.03976722999832623	0.0005623200224132226	0.006171300038595491	0.9505387073171278
DLBCL11206	0.006905167258516362	0.581005006633698	0.025268523204696917	0.007902722263007611	0.3789185806400811
DLBCL10984	0.0015187884152409181	0.01783645334042666	0.00033935170633135473	0.008303328165424414	0.9720020783725767
DLBCL10836	0.0018136493745463803	0.017723253886158592	0.0006881684395119748	0.016230225584471562	0.9635447027153115
DLBCL10566	0.022440067806682222	0.3404897002902929	0.06263452157928587	0.016374022590884756	0.5580616877328543
DLBCL10842	0.0004604539393620528	0.0017979630031928003	9.318492504067193e-05	0.0029221263304788207	0.9947262718019256
DLBCL_RICOVER_1293	0.009426735541227655	0.15578656467848462	0.0026272918003378883	0.03077262784175246	0.8013867801381974
DLBCL10916	0.0025673445099497413	0.02386117674206165	0.0010755524666931976	0.006715398920375141	0.9657805273609202
DLBCL10883	0.008034744109405934	0.012041237254514192	0.001869453354762347	0.016449700096308254	0.9616048651850093
DLBCL10451	0.0068681309455542626	0.4607087513259755	0.5114714810474708	0.009377576863986877	0.011574059817012625
DLBCL_RICOVER_829	0.8474866285547558	0.020678204122992917	0.02874682779633641	0.051085955872858774	0.05200238365305608
DLBCL11677	0.9324968857008105	0.013704679194912708	0.011679261352514252	0.01856410071871839	0.02355507303304414
DLBCL11478	0.5457143599452855	0.21012775366486752	0.07031068720369626	0.1480432883208323	0.025803910865318445
DLBCL10843	0.5669887739519149	0.09988996213978384	0.051562106150427806	0.1632235552585271	0.11833560249934622
DLBCL10968	0.9051632695335348	0.002385242574114771	0.008884545646573767	0.05197957661973818	0.03158736562603849
DLBCL10486	0.23501141263427214	0.19161720612239	0.06190365632834132	0.0685996350084848	0.44286808990651166
DLBCL_RICOVER_826	0.4497040167675326	0.1878392757784626	0.013252617532763501	0.29792269281315	0.051281397108091493
DLBCL10897	0.95400887114156	0.005005826169097158	0.0072116205567222934	0.018743453251951314	0.01503022888066931
DLBCL10994	0.2029985418741604	0.41578706592446113	0.04535916759115995	0.23934479775844905	0.09651042685176948
DLBCL11481	0.4838079611177674	0.054289990197798545	0.3074628915129813	0.07609410027300124	0.07834505689845157
DLBCL_C_D_1129_NULLPAIR	0.8201825115282121	0.08872892682559357	0.01533778745048965	0.03499705905850504	0.040753715137199636
DLBCL11202	0.036130351825052344	0.07411537535387175	0.68429439644973	0.19576433992984088	0.00969553644150506
DLBCL11663	0.39731026346721876	0.11960637997404419	0.17824863371829908	0.12211244989440277	0.18272227294603516
DLBCL_LS951	0.22335885092154575	0.10579415739549797	0.020403001081753747	0.5678204197372401	0.08262357086396241
DLBCL11501	0.7690718385517858	0.07290137759139892	0.03478889124992875	0.0538632286655182	0.06937466394136832
DLBCL11470	0.8139530606199468	0.023614131779353495	0.01373432037043951	0.07652143979840548	0.07217704743185478
DLBCL10542	0.683594772528896	0.030617264201493084	0.00807733490561288	0.03712529018334711	0.24058533818065098
DLBCL_MC_F132_MLM	0.9084855180540128	0.005725422658133355	0.01150189729213106	0.04327188827637601	0.031015273719346766
DLBCL10548	0.31349830301551423	0.41386904968578253	0.008250587518633385	0.25117574337692605	0.013206316403143813
DLBCL10884	0.6434591361957962	0.08122975805361278	0.008372623906735658	0.21784539534418756	0.04909308649966778
DLBCL10996	0.906139592245128	0.005657147921328832	0.01411834118791181	0.04205268758118215	0.03203223106444923
DLBCL10458	0.8904649728704627	0.03431575100336441	0.02060783272706457	0.03665371695348631	0.01795772644562201
DLBCL10947	0.31954406104928956	0.5168232617798199	0.012882667702147943	0.08949982563038565	0.06125018383835699
DLBCL10519	0.004985839994863213	0.8943439589419969	0.05622408484589862	0.0399090535071123	0.00453706271012891
DLBCL10985	0.059024054401043385	0.7041541456692753	0.05740934895067681	0.14073972144891936	0.0386727295300851
DLBCL_RICOVER_335	0.02634528094789941	0.7641701431256854	0.054853913542753895	0.12232372802204501	0.03230693436161625
DLBCL_C_D_1135_NULLPAIR	0.2894237494099282	0.5525313586103049	0.015140892392151118	0.12923900922889694	0.013664990358718885
DLBCL11479	0.07387010188225283	0.6669847790208214	0.11028813607300979	0.021186380450391513	0.1276706025735244
DLBCL11449	0.1273695161360943	0.26100788727267227	0.014172470383746038	0.1737092542977294	0.4237408719097579
DLBCL11446	0.10303622997260016	0.6244269805825551	0.09926386498524832	0.14352992301797055	0.02974300144162585
DLBCL_RICOVER_288	0.006240425827026638	0.9178241958918898	0.03073919969784244	0.029972389742682803	0.015223788840558358
DLBCL_RICOVER_174	0.009865389665921926	0.934106694709481	0.03732378171466493	0.0123468460471349	0.006357287862797191
DLBCL10846	0.41747928044886096	0.3697209191271057	0.02404193405915706	0.13758973276278907	0.05116813360208722
DLBCL11208	0.061345766018411095	0.552346371440146	0.2558263933806275	0.05764848253992282	0.07283298662089252
DLBCL10517	0.008737520605012629	0.8492390186323896	0.09203544281281684	0.041128533999736816	0.008859483950044099
DLBCL_MC_F089_HCZ	0.011509974512809192	0.8457166094968173	0.05477181483001525	0.07074244667692665	0.017259154483431658
DLBCL_RICOVER_678	0.008790118663600459	0.8331878019083805	0.011554000812402569	0.01319849173718954	0.13326958687842688
DLBCL_LS4054	0.07382741909959971	0.538929953033474	0.20999489983285222	0.06275081371088607	0.11449691432318798
DLBCL10962	0.05501584765343958	0.6977680722981577	0.051008135280316586	0.040628509266797876	0.1555794355012882
DLBCL11466	0.0643636565435693	0.7241987576241553	0.06811953445054882	0.10560202978980235	0.03771602159192423
DLBCL_RICOVER_583	0.014934244101815632	0.43577945086907827	0.06961243489876788	0.01202751289071311	0.4676463572396251
DLBCL_LS1065	0.0618017008258784	0.7727214029127405	0.03359036277138856	0.09021063094583245	0.04167590254416013
DLBCL11507	0.34173327244148716	0.37837502445790266	0.03341035396255949	0.2208289930362709	0.025652356101779867
DLBCL_RICOVER_1046	0.016551966934043427	0.3140965015238842	0.6269544782908983	0.01975794547861194	0.02263910777256214
DLBCL_LS146	0.000893956989635564	0.9834723709107394	0.0076170544542693295	0.0047226267931305315	0.0032939908522252497
DLBCL_C_D_1117_NULLPAIR	0.2048509740547591	0.22184241686786188	0.027597753732573706	0.5263492383037643	0.019359617041040975
DLBCL11591	0.15229367032376565	0.4923524521568644	0.33320256300164575	0.010918439713132163	0.011232874804592015
DLBCL_RICOVER_440	0.07118618668955307	0.476675794727187	0.3876427391400905	0.033345461360620186	0.031149818082549185
DLBCL_RICOVER_522	0.048797646466279855	0.13932897792310803	0.6349644774886557	0.16871473074245733	0.008194167379499039
DLBCL_RICOVER_216	0.06849849903086339	0.25084514432180943	0.2126973999904882	0.032203673349567564	0.43575528330727137
DFCIDL009_DT	0.025556515156990235	0.03861517676774182	0.908757661260936	0.01598581504946528	0.011084831764866637
DLBCL10472	0.03698849476378371	0.013340432776542796	0.9238756088610914	0.017347566325307977	0.008447897273274057
DLBCL_MC_F362_MJB1	0.044921847955493935	0.1300491950678335	0.6428467538537203	0.016842923383338284	0.16533927973961401
DLBCL_MC_F064AB	0.02143621497275242	0.07144161621542629	0.7886009679486645	0.07258343400311694	0.04593776686003979
DLBCL11651	0.006964416714721617	0.008894581818590541	0.9448949332956993	0.022923259234721206	0.01632280893626737
DLBCL_LS1304	0.013744172858999912	0.1320712119730933	0.6587717019057407	0.024235309596957744	0.1711776036652083
DLBCL11672	0.003413118646071939	0.004407807361678248	0.9399133897323438	0.047289997614387846	0.004975686645518072
DLBCL_C_D_1133_NULLPAIR	0.0037512640078861716	0.005578365765107803	0.9620191530019967	0.020446545276774357	0.008204671948234913
DLBCL10549	0.03174039639268773	0.6639456920790883	0.16827623611126108	0.11481790692127009	0.021219768495692765
DLBCL10856	0.16705274020624805	0.12216574640779125	0.08395935795888153	0.20172582330347413	0.42509633212360504
DLBCL_RICOVER_866	0.039749561401646885	0.24894009501878644	0.20012383739869646	0.504824446377742	0.006362059803128068
DLBCL11569	0.0057939206338525825	0.0058671187801610306	0.9564174540905749	0.028501908065532884	0.0034195984298786212
DLBCL_RICOVER_258	0.2477746535158813	0.18477836296535524	0.05426981099184563	0.11038969962307914	0.4027874729038387
DLBCL10522	0.010133010507149043	0.004813893264007516	0.9621396310808525	0.019395879074210743	0.003517586073780169
DLBCL11685	0.005507051223749479	0.0033722979433183113	0.9746220464705952	0.013524135773652638	0.00297446858868428
DLBCL_C_D_1157_NULLPAIR	0.07095572130098994	0.05932159783656226	0.8296452846640572	0.02428212126495267	0.015795274933438005
DLBCL10939	0.47465412799210815	0.03565850269204608	0.0947699204771747	0.22363130209768917	0.1712861467409819
DLBCL_C_D_1151_NULLPAIR	0.202606985395355	0.20440178469477288	0.01783772801279571	0.5653187540838247	0.00983474781325163
DLBCL11460	0.19482698506887539	0.043103859883635035	0.04364317805809332	0.6985005764405874	0.019925400548808897
DLBCL_C_D_1153_NULLPAIR	0.028290754966627845	0.10774888225721226	0.004672690942456712	0.1981910856473346	0.6610965861863687
DLBCL10565	0.008564673951084198	0.02620225929241792	0.9212058808922329	0.02583814881087472	0.018189037053390235
DLBCL11437	0.2549986458975836	0.06609689177314637	0.018679310644983068	0.6063660366002377	0.053859115084049274
DLBCL11459	0.0741727203748474	0.010683130992876799	0.03384222820178706	0.8644554193386185	0.016846501091870282
DLBCL11657	0.14015294217731217	0.4476074873931899	0.10397051095031866	0.2869899205921217	0.021279138887057545
DLBCL_RICOVER_274	0.008168763814556923	0.3204892482772037	0.007301539366799809	0.06927637763454994	0.5947640709068895
DLBCL10553	0.14582797477899145	0.13529340077102167	0.048602245896979	0.641523043268291	0.028753335284716956
DLBCL11196	0.20622780321432427	0.02488723217273378	0.023457835607379112	0.7101932934025983	0.03523383560296449
DLBCL_LS3499	0.16194076572249425	0.12783625664674977	0.042626199019016375	0.6416015554968529	0.025995223114886664
DLBCL10868	0.06761673754174975	0.06240089805010674	0.014360409070744238	0.549066638321886	0.3065553170155133
DLBCL10552	0.15776507989845753	0.06646020819194033	0.016756714702508183	0.7369835475052616	0.022034449701832264
DLBCL10513	0.18725457694915293	0.056061193346667794	0.06854092816343652	0.6697515977390004	0.018391703801742366
DLBCL_MC_F927_JHS	0.1213566961265567	0.3233626426298715	0.12334556998917867	0.048467438776843494	0.38346765247754955
DLBCL_RICOVER_1219	0.0006848785227483251	0.0028450438458050417	0.0001024032240147122	0.004468977178454572	0.9918986972289774
DLBCL10860	0.0011285008562411305	0.013729105553872441	0.0005021709596344463	0.020854318214648695	0.9637859044156033
DLBCL11500	0.001365217789126801	0.0037380948118412036	0.00022087866046048655	0.009063291042095488	0.9856125176964761
DLBCL10908	0.12291848874092791	0.059407860528392996	0.672717971121861	0.035640072499834176	0.1093156071089839
DLBCL10454	0.09254630784578817	0.33896031216555494	0.2501184463432475	0.05444498390512345	0.263929949740286
DLBCL11476	0.04946679077807015	0.264565347183759	0.007713540191171151	0.007971568266211976	0.6702827535807877
DLBCL_RICOVER_111	0.4120971931745735	0.05150107425573151	0.3086097694661437	0.065398888903669	0.16239307419988222
DLBCL10881	0.1459376587048837	0.08065214065238721	0.09010137806735108	0.17009129417562563	0.5132175283997523
DLBCL10485	0.0039021468641264223	0.09363886923085706	0.0005039932366956447	0.012532535600883275	0.8894224550674376
DLBCL10964	0.0032963010850788617	0.01243466588615537	0.00045027026014366465	0.012568553591533997	0.9712502091770882
DLBC_FF_A7CR_TP_NB	0.16133006871178832	0.12070547686727831	0.09273717695759186	0.10405781476878025	0.5211694626945613
DLBCL10900	0.009885903324543548	0.01309017339140886	0.0008062764769918811	0.046974713965739504	0.9292429328413162
DLBCL_RICOVER_1204	0.07634590586180072	0.14018097171998262	0.009400708052775387	0.3637615249905965	0.41031088937484483
DLBC_FF_8042_TP_NB	0.04051076971589694	0.09932466740409764	0.6137977893407063	0.022087100193318703	0.22427967334598042
DLBC_FF_A7CX_TP_NB	0.18671133251164856	0.1401948233899534	0.11450987315152203	0.14709869126821562	0.41148527967866033
DLBCL10909	0.06197832340736506	0.0577398767826401	0.05456693572963138	0.518514492587648	0.3072003714927154
DLBCL10878	0.045862042034415476	0.1438639151644631	0.004328143838869785	0.00944811440913394	0.7964977845531177
DLBCL_C_D_1140_NULLPAIR	0.17476141269067552	0.16326388491706223	0.1134413931180799	0.10688791398487153	0.4416453952893109
DLBCL11004	0.006330078178855003	0.08721447753592888	0.005813816217827848	0.07564011785211264	0.8250015102152757
DLBCL_RICOVER_173	0.002351234510703746	0.033360382618089705	0.001119061239486091	0.012503910267382548	0.9506654113643379
DLBCL10977	0.04256816452522615	0.06903294708744148	0.020803169132379753	0.009564365199069474	0.8580313540558832
DLBCL10521	0.03458405258379616	0.1549548358820584	0.002601512430706633	0.0055059568877680555	0.8023536422156707
DLBCL_MC_F519_ALT	0.001278639962467434	0.008820388982926617	0.00020009444358394543	0.0024535575740785073	0.9872473190369435
DLBCL10895	0.03561764029178518	0.32667582634881204	0.045913632361530336	0.0100732599356291	0.5817196410622434
DLBCL_RICOVER_1192	0.0020842665329490564	0.025316238351140892	0.00048153534711462784	0.0068384684461904694	0.9652794913226049
DLBCL11510	0.4480754691405243	0.1116028913385303	0.14135279025201664	0.14933175932962758	0.14963708993930114
DLBCL10925	0.005920449493028482	0.05883898007119608	0.0010670959990193001	0.15501375867943057	0.7791597157573256
DLBCL10877	0.7058012547300322	0.04364059582625028	0.11459090463720914	0.04870906271596475	0.0872581820905436
DLBCL11488	0.7383409263245699	0.02395388527352678	0.016112231427803596	0.07083184094319417	0.15076111603090558
DLBCL10928	0.923445168973837	0.01853587942454833	0.015266501206024932	0.025137055777942667	0.01761539461764709
DLBCL10931	0.9328808766046289	0.017144472563084767	0.003670222692861109	0.026471976662034203	0.01983245147739096
DLBCL10912	0.9737854983670404	0.0010584046295540968	0.003635098319005515	0.014720529981336015	0.006800468703063946
DLBCL11519	0.09150698113834473	0.017842893952565234	0.018645519062337534	0.8660840876657964	0.005920518180956157
DLBCL11457	0.7794115830531713	0.007554697800498119	0.040185615029518645	0.06385635626544885	0.10899174785136316
DLBCL11659	0.18443743863062415	0.36152317640365683	0.19436657839573104	0.21155412955322836	0.04811867701675963
DLBCL10525	0.8644948839416889	0.06447837735715956	0.01113692292452534	0.027500227403225448	0.03238958837340073
DLBCL11435	0.6754091275353167	0.014314847250539749	0.05508847103024549	0.1451383591535885	0.11004919503030962
DLBCL11432	0.5928128307721118	0.01200100975919494	0.08419773105041582	0.20589602784729705	0.10509240057098045
DLBCL11205	0.7802610306095638	0.05942450438919938	0.07717010604392628	0.05446202937060302	0.028682329586707543
DLBCL11509	0.5986555349153975	0.04476818216050655	0.1105711243039821	0.12580855004951647	0.12019660857059736
DLBCL_RICOVER_977	0.9283265780488138	0.003841140721824893	0.0062698858089090806	0.021343848339684557	0.0402185470807677
DLBCL_C_D_1114_NULLPAIR	0.9666211064886211	0.006494823513844015	0.003242963305319265	0.013665008239481538	0.009976098452734112
DLBCL10945	0.7912236072834091	0.15683051855850438	0.003911724449793316	0.025813013289388863	0.022221136418904303
DLBCL_LS2367	0.6871328376228065	0.05644727590576024	0.04414308936120665	0.1000241788802698	0.11225261822995669
DLBCL11430	0.6763881095399117	0.05990242165105704	0.12160623521859515	0.1104803153786817	0.0316229182117544
DLBCL11681	0.5999575565216113	0.01719100983499247	0.09354263897914486	0.084937483256697	0.20437131140755424
