	0	1	2	3	4
DLBCL11539	0.566785030321215	0.003460588894287303	0.001858375412645877	0.4273424317718097	0.0005535736000422062
DLBCL_C_D_1148_NULLPAIR	0.1031245164346696	0.3756928203380574	0.32021071730260886	0.20024237858079555	0.0007295673438685032
DLBCL10912	0.915909548678679	0.001228837671567772	0.0005106102187125716	0.07727877591285781	0.005072227518182815
DLBCL_RICOVER_829	0.9391437375387248	0.003638846352806218	0.004837811080302835	0.037744889651104396	0.014634715377061753
DLBCL11652	0.41372523654172216	0.2225687036205611	0.1273612447699639	0.17201462451037752	0.06433019055737532
DLBCL10986	0.25713470493342644	0.17368550582665565	0.08909576989748041	0.2685738291154094	0.21151019022702827
DLBCL_C_D_1129_NULLPAIR	0.8414941887934798	0.10558897022062223	0.009736911804273602	0.034014589989409684	0.0091653391922147
DLBCL10950	0.9101861712664656	0.003083576242161332	0.00039932240793498193	0.0833213585032857	0.0030095715801523233
DLBCL11662	0.8502676098817403	0.12440244570865469	0.0005567216357202505	0.023607119655271704	0.001166103118613058
DLBCL11481	0.28670817933267984	0.051021525947633546	0.07696318221604408	0.5777526016570015	0.007554510846641055
DLBCL11429	0.9260801499598412	0.005304103610300249	0.0003838749283280755	0.06608853561229446	0.0021433358892359784
DLBCL10945	0.9605473512110021	0.008185268378061444	0.00048089182421519116	0.02656403827017902	0.004222450316542296
DLBCL_LS951	0.46619639295003357	0.009236615213507587	0.10413331562105942	0.4157787388071819	0.004654937408217474
DLBCL_MAYO_DLBCL_3653	0.4396179609806837	0.11956981439016327	0.1483428354149469	0.2784922936045895	0.013977095609616649
DLBCL11537	0.8814843129575493	0.0012286591578795922	0.0004994122978238155	0.11169616357943947	0.005091452007307856
DLBCL_C_D_1114_NULLPAIR	0.9015068806139901	0.0017887848720122249	0.000620669397172746	0.09111437072674591	0.004969294390078986
DLBCL11461	0.7644064951270729	0.0018077207766353637	0.002380805368416974	0.2311298443081422	0.00027513441973248365
DLBCL10997	0.12398100242992385	0.1010810625568168	0.01903994726907185	0.7211785441910372	0.03471944355315034
DLBCL_C_D_1130_NULLPAIR	0.8375407373096718	0.0004093070425283686	0.0006317368114207669	0.15959539540124942	0.0018228234351295991
DLBCL10515	0.9611377550727921	0.008090446497442947	0.0003244887729189591	0.029845412574525196	0.0006018970823208284
DLBCL10914	0.46821882924629965	0.1731207917796122	0.032441571894864685	0.3212198308473651	0.004998976231858396
DLBCL11462	0.06330083047299305	0.05334085928523132	0.15815508683215565	0.3388090798017954	0.3863941436078245
DLBCL11520	0.9451292287899262	0.0010048128173554632	0.0012164227724398772	0.021292704997902173	0.03135683062237629
DLBCL11203	0.0007979541115084591	0.5148317031107755	0.007324928367096929	0.002614641127052476	0.4744307732835666
DLBCL_LS3749	0.0029579355826350093	0.44747956989466503	0.46351178736845283	0.027991081715341218	0.05805962543890597
DLBCL10874	0.0025939705880420882	0.738276939603699	0.09586811475058218	0.00460976790598618	0.15865120715169048
DLBCL_BWH_DLBCL64	0.3012740046135307	0.36527737815449396	0.0672269596392277	0.2648978731013976	0.001323784491350126
DLBCL_LS1921	0.0007027045571517663	0.011253510209942221	0.913502684360386	0.07288775077617111	0.0016533500963489855
DLBCL_C_D_1108_NULLPAIR	0.00028011791849089047	0.9331515930909708	0.0042725998724084235	0.00036924565887541026	0.06192644345925445
DLBCL11661	0.009058530070311332	0.5172892723394326	0.4128305932942094	0.0596767340439697	0.0011448702520769326
DLBCL_C_D_1136_NULLPAIR	0.0004412849788249753	0.7842877465979913	0.0006622766538944162	0.0015721876520386625	0.21303650411725064
DLBCL11507	0.10827723290005921	0.11226520707103661	0.7101045069200442	0.06893859533577722	0.0004144577730827077
DLBCL10494	0.00020946980647532594	0.6903923464668831	0.3011109372560283	0.005222601852628874	0.003064644617984467
DLBCL_RICOVER_1046	0.0002586886554556309	0.7244677202265108	0.20279440557046202	0.016138637634987626	0.056340547912583784
DLBCL10510	0.09807628234860602	0.6810978373066093	0.0052488820437323665	0.026832157975788765	0.18874484032526345
DLBCL_LS1065	0.00429580283372808	0.6775007687644539	0.10335454247147702	0.054341980565032366	0.16050690536530862
DLBCL_RICOVER_787	0.029801298918581992	0.2045086610684232	0.629337840615681	0.13518861095336981	0.0011635884439440618
DLBCL_RICOVER_478	0.0037889090041696182	0.3242179720512624	0.0005193221231720455	0.00213960554995804	0.6693341912714379
DLBCL10983	0.002195892995887971	0.5145244207442392	0.0006329822842374482	0.0014544425266511303	0.48119226144898425
DLBCL11479	0.009177192463893306	0.40971583175313997	0.45448337722883164	0.030447189904879397	0.09617640864925571
DLBCL_MC_F500_ECU	0.0017811169620011772	0.6558360954048169	0.20587675821174398	0.06110396375459725	0.0754020656668407
DLBCL10846	0.5059948773653857	0.03405024299567623	0.014756981576796273	0.35948144602595494	0.08571645203618682
DLBCL10911	0.00036579008929640686	0.7524148094263337	0.23236570803991707	0.003997907306216772	0.01085578513823608
DLBCL10981	0.10704514614462328	0.04092899522861151	0.23889286084003303	0.44950973251834486	0.16362326526838725
DLBCL_MC_F729_MAN	0.00043217840554073773	0.8920156851007268	0.09223731775266346	0.005011275283340372	0.010303543457728595
DLBCL10894	0.5070735758740753	0.32220708665422126	0.010394736105247281	0.15953243869307387	0.0007921626733821994
DLBCL11565	0.0055324242029594645	0.7897677271912744	0.1176391602734412	0.0019413091114219689	0.08511937922090296
DLBCL10461	0.0002680770081422863	0.9321750128558909	0.003910535349339791	0.000396899855422794	0.0632494749312042
DLBCL_MC_F089_HCZ	0.00036262390890383047	0.21284143190085472	0.7117175323643825	0.008222828951015228	0.06685558287484375
DLBCL_RICOVER_440	0.00019658934992139007	0.5800513024366553	0.41495479173214866	0.0038049063028485312	0.0009924101784262152
DLBCL_DFCI_DLBCL_GOE16	0.00035154358736312223	0.13372109927129536	0.8577615709695086	0.007511410584496231	0.0006543755873367517
DLBCL11558	0.00015146991445386405	0.08324386706744051	0.9027216633529733	0.013604788934197231	0.0002782107309350745
DLBCL10555	0.0012966863847368925	0.0027362485697543675	0.9696133039144416	0.02624191172767838	0.00011184940338880121
DLBCL_LS1395	7.230214732462923e-05	0.07466157987035381	0.915992221262804	0.00903758788581422	0.00023630883370332395
DLBC_FF_8046_TP_NB	0.0009236691249978045	0.270937651230885	0.6992827398608626	0.023464247922376884	0.005391691860877747
DLBCL11680	0.00045548756020217813	0.006676846320490366	0.942452848175599	0.050247922905771715	0.000166895037936684
DLBCL11685	5.9738872467536324e-05	0.07562429431286237	0.9175366173711992	0.0065608958772951686	0.00021845356617574956
DLBCL_LS1304	0.0004208381619009586	0.6128892639140231	0.35893568330744247	0.004039909187507546	0.023714305429125854
DLBCL_LS297	0.00010624383298207276	0.1014255294130973	0.8894096809838362	0.008726855829901495	0.0003316899401829041
DLBCL_MC_F815_BAT	0.00038849631378649473	0.06986243550939085	0.9071876373119127	0.020999808884016966	0.0015616219808930187
DLBCL_LS2325	0.0005170481031471423	0.09381105289478606	0.8822451025496297	0.021967319805755555	0.0014594766466814848
DLBCL10466	0.000998487471676839	0.01856746253167114	0.9718675763661305	0.007247163541783452	0.0013193100887380297
DLBCL11672	0.00045173217895023	0.09435446184054154	0.8678663603213712	0.03146733440191811	0.005860111257218902
DLBCL_MC_F606_DMJ	0.0002720715314151686	0.28578361367663996	0.7021436824217435	0.010841982720458379	0.0009586496497428064
DLBCL11428	7.15103303624531e-05	0.0089255346847158	0.9843920419939531	0.006506352841106493	0.0001045601498621182
DLBCL10879	0.0015967682865104043	0.3483756234956871	0.541335098870474	0.08585649397757537	0.022836015369753007
DLBCL10536	0.015295279026638894	0.5151433720609239	0.38824881642822073	0.07919748039970614	0.0021150520845103537
DLBCL11534	0.3597690058427602	0.3678159343766974	0.11322953504375996	0.07091366798463702	0.08827185675214533
DLBCL10491	0.002580393062326545	0.0667985718158211	0.6830016595761554	0.24721643739833782	0.00040293814735908596
DLBCL10513	0.3793973632790228	0.06957624716310783	0.04194506931598458	0.4954482714647461	0.013633048777138699
DLBCL10868	0.018667411437131482	0.005612413757197347	0.0036267088437836365	0.5017397018692503	0.4703537640926372
DLBCL10858	0.026368629097950604	0.030923343778935252	0.004256492211114172	0.5369540058610538	0.4014975290509462
DLBCL10547	0.392719730778897	0.12470642826688288	0.04569793319015706	0.335288533573122	0.10158737419094115
DLBCL10544	0.3926579572308874	0.04091548734856026	0.011631389324185172	0.24422387269164253	0.3105712934047246
DLBCL11491	0.16594518106693412	0.23031160049803165	0.12196467018754205	0.13542477585440055	0.34635377239309156
DLBCL11564	0.0772441696750936	0.4055852577296594	0.004339696829261257	0.49840227477927507	0.014428600986710572
DLBCL11459	0.5873099317340187	0.046037796791467994	0.0703146429474914	0.28078448514861293	0.01555314337840896
DLBCL_RICOVER_1045	0.0865084990875198	0.3271759518225963	0.10313980886892829	0.1263967179734184	0.35677902224753727
DLBCL10456	0.35099662945944404	0.04400598342838723	0.06100083516348574	0.5358664329235991	0.008130119025083836
DLBCL_RICOVER_985	0.20381666121545697	0.04330412630756881	0.02130961053925091	0.6853150905363328	0.04625451140139054
DLBCL_RICOVER_950	0.5882961119751385	0.06653258043673745	0.05807538762181857	0.28160317212649427	0.005492747839811159
DLBCL_C_D_1159_NULLPAIR	0.9800434053627505	0.00020713486412984582	0.00024626777403266326	0.018108592923576253	0.0013945990755107828
DLBCL_RICOVER_711	0.6527428656175505	0.09965786083470417	0.005328956459239035	0.23739703885265334	0.004873278235852961
DLBC_FF_A7CQ_TP_NB	0.015627272707882743	0.006733114990734345	0.0001466891585162143	0.03743087921647727	0.9400620439263895
DLBCL10915	0.029632200176068265	0.3661009648169042	0.003417886854589114	0.11417956612287529	0.4866693820295632
DLBCL10867	0.0006571547884825281	0.33675679115306967	0.0005673287299882285	0.0028524312667508587	0.6591662940617087
DLBCL10992	0.0005324507018792473	0.0007192332246979226	3.699707799729496e-05	0.004439454078623754	0.9942718649168018
DLBCL10887	0.0004799149341219815	0.005271394575256407	0.00012536978061620412	0.0033982949011514257	0.990725025808854
DLBCL10878	0.005849115690114191	0.09035127555704774	0.0004066303149931476	0.02585999157592895	0.8775329868619159
DLBCL11431	0.11017056151933491	0.2700307029560467	0.057688618001431595	0.2478701727198031	0.31423994480338374
DLBCL10891	0.1424675505939051	0.042494836666223425	0.06787333343338013	0.4478705447323786	0.2992937345741127
DLBCL10521	0.0008605008998136814	0.20515656034114932	0.00037548304432710706	0.0037010384669058003	0.7899064172478041
DLBCL11476	0.0021720851937349684	0.5631222611496137	0.0006824096076564554	0.0020342820424361753	0.4319889620065587
DLBCL_MC_F519_ALT	0.0007692063768017939	0.0066925114938161815	0.00015553581403996455	0.008058243090097414	0.9843245032252447
DLBCL10866	0.2965269710786696	0.005669394826597784	0.00344507574853485	0.18551732841917762	0.5088412299270201
DLBCL_RICOVER_449	0.26909110556452126	0.00861911655169833	0.0012011046485242527	0.1196334358917257	0.6014552373435303
DFCIDL004_DT	0.18184931200017573	0.06243135438972344	0.05408798294594045	0.2542144157975046	0.4474169348666558
DLBCL_RICOVER_1287	0.014594230397621222	0.5786433868260064	0.002869365593891691	0.025491895065517002	0.3784011221169637
DLBCL10836	0.0018072490368164838	0.001441577248872569	7.253538926907877e-05	0.014224635746390903	0.982454002578651
DLBCL10550	0.0005888824893999236	0.0008347794790895872	4.692660028300344e-05	0.003373496320516417	0.9951559151107111
DLBCL_LS3200	0.0012427406412192255	0.13248757336560169	0.0010715995355191296	0.0038961977991442114	0.8613018886585158
DLBCL10900	0.0014589179186835792	0.0007071521818396197	6.943238901885997e-05	0.01677071177462668	0.9809937857358313
DLBCL10853	0.004989608651425338	0.0020110530933708814	0.00137688147635465	0.42012860514916583	0.5714938516296834
DLBCL_RICOVER_111	0.235184592286646	0.41396074891856793	0.1597405955495561	0.1482791911913058	0.04283487205392409
DLBCL_RICOVER_417	0.0017660179923501332	0.0002793431033393382	4.859610883344719e-05	0.009545386030427164	0.9883606567650499
DLBCL10529	0.0007254379260723454	0.4178103544289135	0.0006503320284268016	0.002154647005616922	0.5786592286109703
DLBCL10847	0.0013454971139477958	0.06543761441532282	0.0003413992244889181	0.028037369200054705	0.9048381200461858
DLBCL_C_D_PAIR13	0.042623198737694816	0.4166298009993384	0.23011655398363542	0.09378520430394263	0.2168452419753888
DLBCL_C_D_1163_NULLPAIR	0.001382204457916398	0.11543916505375396	0.00015233694981713958	0.012959387624091377	0.8700669059144212
DLBCL10833	0.13122846715011124	0.01399370554769551	0.0044084684693580225	0.14438139493473498	0.7059879638981003
DLBCL10835	0.0010136072408435354	0.03173416794022446	0.00013218057183995012	0.00678584395238041	0.9603342002947116
DLBCL_C_D_1156_NULLPAIR	0.7311695655166467	0.23805026926592973	0.0030451969838079574	0.024237539212151046	0.0034974290214645157
DLBCL_RICOVER_977	0.8218016091119312	0.00042959140557797415	0.000680890035754905	0.1736745423110892	0.003413367135646651
DLBCL_C_D_1128_NULLPAIR	0.9129796624423657	0.019201626323980363	0.0013138916947497779	0.06442824590631853	0.002076573632585537
DLBCL_RICOVER_451	0.23965553941487605	0.4523682398219151	0.022165005941289066	0.21734335568298646	0.06846785913893332
DLBCL10994	0.12799130109986123	0.1434836120236009	0.09144847028696759	0.22023567546289236	0.41684094112667797
DLBCL10884	0.7162300377204353	0.17122109550289735	0.0010257839040471951	0.11073931621341288	0.000783766659207269
DLBCL10931	0.7846521849056046	0.0004498580996778305	0.0007480322749763944	0.21206845211290037	0.0020814726068408016
DLBCL11671	0.22972900487564615	0.05480691259519481	0.0802534731415104	0.3798595184800738	0.25535109090757474
DLBCL_LS1757	0.9669433496110743	0.0049944642069582905	0.0003061425936782507	0.024226401735977968	0.003529641852311151
DLBCL11488	0.33805609515682344	0.06283667030597284	0.0015778300074976812	0.16516534904063043	0.4323640554890755
DLBCL11496	0.6814166676389241	0.2687262475196586	0.0009294165827267931	0.04788946970545128	0.0010381985532392233
DLBCL10525	0.8364592633880898	0.0025142991972054015	0.0007098363845353149	0.15043984080735592	0.009876760222813459
DLBCL11430	0.22689521840982727	0.4227448203697421	0.05711887659750416	0.29113087530023896	0.002110209322687701
DLBCL11478	0.3075545825031605	0.471134404292431	0.006343417112758721	0.2139029697748209	0.0010646263168288999
DLBCL11202	0.016893434369972118	0.42328032605648275	0.35964179150963205	0.19919284376943425	0.00099160429447873
DLBCL10935	0.8415151646979474	0.09342286929404563	0.013577303321870985	0.038340862165532986	0.013143800520602997
DLBCL11470	0.5054783308842474	0.0007808605343740388	0.0015792416422111572	0.49119458389935944	0.000966983039807966
DLBCL_RICOVER_910	0.7255028383292975	0.06948022551473701	0.029271055707240666	0.10459813346194599	0.07114774698677878
DLBCL10495	0.8241857564270381	0.013723631440556857	0.0025939181172575103	0.06173250995722372	0.09776418405792386
DLBCL10844	0.18176005925328378	0.09815697757720117	0.07699845706930815	0.1852056201848368	0.4578788859153702
DLBCL10993	0.9296614704116796	0.0036585693186604964	0.0004556272896939889	0.060874693898713125	0.005349639081252816
DLBCL11519	0.2774695056594827	0.165063613524272	0.14083297302074885	0.3067797776222431	0.10985413017325334
DLBCL_RICOVER_945	0.3617477766753517	0.005237933496283902	0.08941993365444058	0.5246595490617194	0.01893480711220438
DLBCL_RICOVER_533	0.002982582415232635	0.7661766973323546	0.2006902026715605	0.013925905155343365	0.016224612425508864
DLBCL10903	0.0007961276437460439	0.6451543345859979	0.32602333434625674	0.007938301278123937	0.020087902145875445
DLBCL_DFCI_DLBCL_GOE05	0.0009310250081352076	0.23653661190226807	0.00038509812492218745	0.0022533774153195344	0.7598938875493549
DLBCL11673	0.008807804841961935	0.4311530256472134	0.1741582664358372	0.16643589083298568	0.2194450122420018
DLBCL_LS146	0.00047644245213955663	0.713530463661406	0.25798506148720873	0.006290294999875532	0.02171773739937004
DLBCL10517	0.00022916504154635282	0.8697586191208235	0.12273686442717566	0.001581849502420797	0.0056935019080336675
DLBCL11204	0.12486555573210527	0.19162199800358817	0.04144864476827318	0.2689828416931587	0.3730809598028746
DLBCL11436	0.05892433887542415	0.21656297725915444	0.025297937880965543	0.3324314165315519	0.36678332945290404
DLBCL_RICOVER_467	0.00039622626385023724	0.7668529436707779	0.0012621896016715168	0.0007483640459402729	0.23074027641776004
DLBCL10922	0.007146358373095665	0.6266354654351078	0.023660272257339972	0.057979994160646336	0.28457790977381014
DLBCL_C_D_1117_NULLPAIR	0.2789511786187164	0.0643173003352436	0.08190159509972941	0.572220071375964	0.002609854570346702
DLBCL11188	0.005913163421901719	0.8238488674577568	0.037504773109381065	0.001479199361489396	0.13125399664947113
DLBCL10871	0.05551942237945314	0.3982695382520603	0.4397395629511138	0.02915564094558855	0.07731583547178426
DLBCL10549	0.005010660501411055	0.5208192335642695	0.40397741673985316	0.05262502579843628	0.017567663396029956
DLBCL10885	0.020513089623077883	0.05374719468737355	0.0016337850819317895	0.2712961004487619	0.652809830158855
DLBCL_C_D_1118_NULLPAIR	0.9179691765132617	0.0005841202094686931	0.0006445345362612392	0.06988155676432983	0.01092061197667849
DLBCL11456	0.4061725165383653	0.06144030934871258	0.3070314664142374	0.10785678076518483	0.11749892693349992
DLBCL_LS2089	0.0006176096644271781	0.24014625931718053	0.00045500354832731985	0.0025027925717508886	0.7562783348983141
DLBCL_LS2245	0.03957623695667663	0.4187526307103371	0.3826294531729522	0.15820905296258755	0.0008326261974466051
DLBCL_LS3245	0.0005863030074620074	0.23328071437390505	0.7580561392581302	0.006974733251537931	0.0011021101089648479
DLBCL10962	0.0029140040570355343	0.6628485491767315	0.03280325864613301	0.04307737290523193	0.258356815214868
DLBC_FF_8043_TP_NB	0.000752368587293936	0.7845581787546746	0.18921656012614876	0.005566530977788297	0.019906361554094473
DLBCL_LS4054	0.006171852877600756	0.8168767638097902	0.09784560373575778	0.06082475380485747	0.018281025771993784
DLBCL10452	0.0005117286209358322	0.6844708979980817	0.001061076324204619	0.002676128619222024	0.3112801684375558
DLBCL_DFCI_DLBCL_GOE07	0.0004603033252712482	0.9521955254527282	0.03120401560732672	0.002994512658846387	0.013145642955827402
DLBCL10503	0.0010243197881369245	0.9169655702958864	0.017815147571003255	0.035438359224474546	0.028756603120498842
DLBCL10512	0.0014614478335952326	0.7328173646681015	0.20970895566776002	0.020171697588883906	0.03584053424165939
DLBCL11670	9.774520426096072e-05	0.004335208415455165	0.9914103575603079	0.0039941311114015535	0.0001625577085744426
DLBCL11590	0.15926213092553215	0.06406095085743249	0.3222373582591381	0.418731707207735	0.03570785275016232
DLBCL_RICOVER_978	0.604699657575594	0.029246291965679332	0.012660413607864456	0.32979465309107064	0.0235989837597916
DLBCL10910	0.0002972944768816516	0.9238856597918619	0.06869231020643982	0.0014804814733363192	0.005644254051480323
DLBCL11656	0.0009084348452618254	0.005773905446566198	0.8768280999985536	0.11629365179250215	0.00019590791711625622
DLBCL10472	0.07209197315480775	0.04757468284798879	0.2977135241334296	0.5822468690189335	0.00037295084484027254
DLBCL10465	5.5438610848524256e-05	0.041113070819871256	0.9524440802902134	0.006186156312853511	0.00020125396621323467
DLBCL10856	0.06571232068434425	0.1641989715266923	0.09480918945440059	0.47587481025460193	0.19940470807996086
DLBCL11566	6.674752170460816e-05	0.15603854094949104	0.8376636562451398	0.005872023794274841	0.00035903148938967847
DLBCL_RICOVER_577	0.00018614542508317642	0.9647867341233658	0.032227988093865144	0.0009897959703270758	0.0018093363873588125
DLBCL_LS2599	0.0006462826812854473	0.0020972385973285976	0.903982647286367	0.09313544543607817	0.00013838599894071672
DLBCL11515	0.0165584322170043	0.7140560902892651	0.025216697941143604	0.13063069892582013	0.1135380806267669
DLBCL11528	0.04508008123511336	0.35447557557916204	0.4202765352276994	0.1793057981866246	0.0008620097714005371
DLBCL10936	0.007673861836974471	0.4570003507511129	0.29854165157374407	0.0483125477250428	0.18847158811312564
DLBCL_RICOVER_408	0.014434770041820961	0.29970427487787615	0.6719670697100356	0.012339021626886704	0.0015548637433804794
DLBCL_LS4616	7.630928494839789e-05	0.36945954023830097	0.6254728798102519	0.004352461046373288	0.0006388096201254576
DLBCL_LS762	0.0033683172471298856	0.8967452883933198	0.023518675630399933	0.03509801752694081	0.041269701202209554
DLBCL11667	0.002214342374813512	0.08319848446430367	0.6216102522659791	0.29248341710016845	0.0004935037947353408
DLBCL_LS2357	0.444261007843885	0.0075305768829859255	0.02054722744086371	0.4645293930428289	0.06313179478943642
DLBCL_LS3499	0.22623816788375747	0.23682700731530298	0.09926652375860259	0.43375508810887814	0.003913212933458817
DLBCL11576	0.07036512885302236	0.0528593106062113	0.6370073451813293	0.23941773861611004	0.00035047674332700223
DLBCL10782	0.7641538317066824	0.0010344883952094646	0.0010353579144754916	0.2312341424316008	0.0025421795520318567
DLBCL10565	0.00015295615365228587	0.005094494984270256	0.976364864211011	0.01821986239873869	0.00016782225232776787
DLBCL_RICOVER_1018	0.3915821619776923	0.01853344541611458	0.06282695631173815	0.49263410439345695	0.034423331900998035
DLBCL10564	0.03057809416317318	0.1413949846907205	0.30005242220861894	0.5269301387807926	0.001044360156694666
DLBCL11437	0.9760787538179581	0.0019307718508693964	0.0002587288128934357	0.020865707936781747	0.0008660375814973448
DLBCL10974	0.3402601876576633	0.03684460880525146	0.16136745963069576	0.0999995939365525	0.36152814996983684
DLBCL10927	0.8951363771953734	0.0004542488690632197	0.0005203210002968036	0.09925291898942938	0.00463613394583718
DLBCL_RICOVER_274	0.0	0.0	0.0	0.0	1.0
DLBCL11658	0.0769585484778935	0.02443590675972597	0.01265188046064574	0.22411054233650327	0.6618431219652315
DLBCL10552	0.36344093452525067	0.011394868571491702	0.005108644669737109	0.6150393803030582	0.005016171930462302
DLBCL10553	0.28835899693829203	0.2604469512030581	0.10256662476073838	0.3261669977519726	0.02246042934593894
DLBCL11536	0.08881070167121059	0.34337621186177336	0.012913204758476148	0.07438888563957688	0.48051099606896297
DLBCL11500	0.0005091310184668168	0.0010350199364273218	4.6228281498333485e-05	0.0033654316579557154	0.9950441891056518
DLBCL10530	0.0005541893014820798	0.0016775893023531301	4.3218251810042726e-05	0.004560088614432605	0.9931649145299222
DLBCL10951	0.000677685069519701	0.4578745311904626	0.0003707899066275354	0.0037651055507733106	0.5373118882826169
DLBCL11353	0.0010724381043594573	0.15893883126113176	0.0003158032780780641	0.016136707787883234	0.8235362195685475
DLBCL10534	0.0035809518066377568	0.0009715800316304717	0.00013744131027353023	0.014202515871299767	0.9811075109801585
DLBCL_RICOVER_850	0.0005632495138803535	0.0009425775889373699	9.796521080576217e-05	0.0029870540747851714	0.9954091536115913
DLBCL10890	0.0009641683539620869	0.03428842490209603	0.00019106919457484848	0.018891625333938806	0.9456647122154282
DLBCL_RICOVER_1289	0.0011276959298637918	0.001140381199675223	5.3465457819959003e-05	0.00789578094731197	0.989782676465329
DLBCL_RICOVER_1106	0.000328944846793934	0.0023407646281529164	4.7421064592283066e-05	0.0025535634104182576	0.9947293060500426
DLBCL_RICOVER_221	0.0010478838794488272	0.13061856057279633	0.0006531943359231754	0.0031655396596307105	0.8645148215522009
DLBCL_RICOVER_1248	0.013827666356607976	0.020367018436330726	0.00018039399761267432	0.038507412801434604	0.927117508408014
DLBCL_RICOVER_1278	0.0012042123141530166	0.0005831960829243438	0.00011377720985153967	0.01522510009518227	0.9828737142978888
DLBCL10852	0.0005577480541682768	0.0008009393911110003	3.8281533137810336e-05	0.003905477327117617	0.9946975536944653
DLBCL10781	0.0463410663819985	0.1519805230447814	0.0005352939393631277	0.022762874937363224	0.7783802416964938
DLBCL10880	0.00427973697543583	0.004896569194180467	0.00033037790153251316	0.06195909509049087	0.9285342208383603
DLBCL10535	0.4543964159184433	0.2423195032367481	0.01643794382458755	0.03329578282000014	0.2535503542002208
DLBCL10909	0.15431466563268958	0.055361054425075634	0.029174136507947708	0.37598911146521263	0.3851610319690744
DLBCL10921	0.0017976365647087316	0.1501021576596491	0.000428717833978902	0.00362820524824571	0.8440432826934176
DLBCL11195	0.0011454482575164258	0.12399192222912166	0.00082395086457238	0.0035277511095544523	0.8705109275392351
DLBCL11450	0.010634607287146346	0.029310239597726172	0.00019794009071862783	0.01349675806634497	0.9463604549580639
DLBCL10895	0.0038027543428830308	0.4498910671251957	0.0007548498008504023	0.0023581416529447384	0.543193187078126
DLBCL_LS2208	0.0022838410910242164	0.7874005179069107	0.0008999703815347011	0.0008101881473794186	0.208605482473151
DLBCL10862	0.001276878605964042	0.3117138970330068	0.0009296115422938975	0.007178451055524325	0.678901161763211
DLBCL_RICOVER_314	0.0005886774055556233	0.5297083638023252	0.02770300617637056	0.0025316233103314357	0.4394683293054171
DLBC_FF_8042_TP_NB	0.000506894811352195	0.49143306130318376	0.46740914019261254	0.003330718701212781	0.03732018499163866
DLBCL10883	0.007578258227110865	0.0056587472069016915	0.00023500513475849163	0.061502360526126655	0.9250256289051023
DLBCL_C_D_1125_NULLPAIR	0.00047167337987090744	0.002027529779693712	4.5240661228148645e-05	0.0034660702171666656	0.9939894859620406
DLBCL_C_D_1144_NULLPAIR	0.03781010384116358	0.32921689988193015	0.00273312458693658	0.04663957908677379	0.5836002926031959
DLBCL11472	0.3240025957276686	0.010045186788321702	0.07132457751869185	0.5880923936608289	0.0065352463044890475
DLBCL11512	0.7134542065184345	0.022279669702381925	0.004220632221133551	0.2595858591256895	0.00045963243236057976
DLBCL11681	0.1883713869486212	0.0024266591427664834	0.020284812528969413	0.7278829975053037	0.061034143874339135
DLBCL10482	0.1330430610327645	0.033023491441874116	0.013729968693874337	0.5783086002988513	0.24189487853263567
DLBCL_LS2154	0.4447856334613635	0.09345698975955131	0.03354529594988141	0.23352946761341847	0.1946826132157853
DLBCL11474	0.9336599877440253	0.005945623861137078	0.0003877296714072097	0.05638172165822818	0.0036249370652023088
DLBCL10968	0.9021273765307205	0.0008304594261390263	0.0005204458097268125	0.09397238030648178	0.0025493379269318772
DLBCL11480	0.18866486849041458	0.2142743718872468	0.07961166515322557	0.3954526507537304	0.12199644371538275
DLBCL11486	0.8138473749167728	0.014255366968555118	0.002278344023281555	0.1556950320881498	0.013923882003240682
DLBCL11435	0.17467639248073127	0.3159392347817409	0.008564772907622477	0.4098983336234597	0.09092126620644575
DLBCL10451	0.06899284033684824	0.5587218193018814	0.20050880966515428	0.1708653479809528	0.0009111827151633009
DLBCL_RICOVER_473	0.18393091707103193	0.02681734004757585	0.1829183438866268	0.6004007156679863	0.005932683326779187
DLBCL11205	0.4866794464356418	0.33305203709138664	0.0032533238683299763	0.1759826032347015	0.0010325893699401837
DLBCL11457	0.6903672681502029	0.286454741271604	0.0009082662122215678	0.02090574573526676	0.0013639786307048517
DLBCL10969	0.15575664491073085	0.08095800870001729	0.20064230544695535	0.5567635462902538	0.005879494652042654
DLBCL10490	0.25305632780193027	0.024623362243849076	0.021180381316898037	0.6846221726249436	0.016517756012378957
DLBCL10486	0.20101677039977153	0.16780541781062783	0.016893449302957806	0.08057668855880058	0.5337076739278422
DLBCL10458	0.782836272617363	0.0012951810755988306	0.0014000532549497274	0.21270581118329138	0.0017626818687970424
DLBCL10972	0.9690378153621824	0.003027046261994888	0.0023175431809874477	0.018568383436741873	0.007049211758093452
DLBCL_MC_F262_WLC	0.9317412137751229	0.002388547355703434	0.00044757873071127346	0.05513161668093574	0.010291043457526636
DLBCL_MC_F307_JPS	0.6132553704165086	0.25172146576509574	0.004438877688256081	0.12174135964817816	0.008842926481961413
DLBCL_LS378	0.9648738959179287	0.016134832355850937	0.0005775987069301519	0.017490131648640644	0.0009235413706495335
DLBCL10957	0.5821145810179845	0.010104864261109223	0.06901807655376112	0.27303240917392074	0.0657300689932244
DLBCL_C_D_1105_NULLPAIR	0.5444679052267533	0.1076026742652227	0.08287435626256144	0.24786866806196767	0.017186396183494903
DLBCL_RICOVER_174	0.000680042629970898	0.6298510059340284	0.3618308242217376	0.0025630668885880323	0.005075060325675041
DLBCL10985	0.038540811056430514	0.6532575325632761	0.06300469840807085	0.12857497147846242	0.11662198649376003
DLBCL_C_D_1126_NULLPAIR	0.010330877924305884	0.13206739095031006	0.0016279063162182163	0.014824367206778216	0.8411494576023876
DLBCL10834	0.18655404195828051	0.16317465248156798	0.3726657952294906	0.26982011439724185	0.0077853959334190665
DLBCL_RICOVER_1210	0.00020105696945183946	0.5206102581798097	0.47224632313806336	0.004366393614294823	0.0025759680983803244
DLBCL10906	0.008284295840222668	0.3428888189794102	0.000627456943282124	0.0022971727818586153	0.6459022554552264
DLBCL_RICOVER_299	0.00020630138850853441	0.6956234466990436	0.2699819311940395	0.005158169542835971	0.029030151175572304
DLBCL10502	0.03148831911995671	0.2398441640225031	0.6685161838423067	0.05833664954061462	0.0018146834746188873
DLBCL10954	0.0010036836733597276	0.5268307020885254	0.000917360439764447	0.0016652014661166096	0.4695830523322338
DLBCL_RICOVER_253	0.295325570930237	0.08286877579920963	0.2391492387018594	0.38212103989681967	0.000535374671874336
DLBCL_RICOVER_1060	0.035459023975363844	0.7617408211476488	0.01622176078895112	0.021847590974580344	0.1647308031134558
DLBCL_RICOVER_1165	0.003144772942753246	0.5081343615041654	0.028320496236802196	0.006417213767149618	0.4539831555491296
DLBCL11003	0.0009244855354541639	0.16849718845004005	0.00042177073707668004	0.0034314851288583647	0.8267250701485708
DLBCL10780	3.179140613776414e-06	6.710641629885836e-05	0.9996854525975108	0.00023776263196436629	6.499213612197265e-06
DLBCL10934	0.009310307004060823	0.02883889866081187	0.0007045100074620356	0.00892235544890489	0.9522239288787604
DLBCL_RICOVER_496	0.0012809181189571103	0.6133423632483855	0.3760491994767235	0.005790288517067749	0.0035372306388661784
DLBCL_C_D_1119_NULLPAIR	0.6505204997635906	0.30212739218881657	0.0029875730130668903	0.04274140566257005	0.0016231293719559
DLBCL10460	0.00019348420924565868	0.5952932734199468	0.39609796824202315	0.0060070353884358624	0.0024082387403485672
DLBCL10850	0.16488937872832116	0.08112375721023157	0.04326379011528921	0.6589823119714138	0.05174076197474431
DLBCL_LS1668	0.00022425694763907397	0.2294149371306617	0.7257773098947532	0.007707293693826606	0.036876202333119446
DLBCL_C_D_1131_NULLPAIR	0.0006199998826239599	0.6395968078223687	0.011368610391511184	0.009501269835494253	0.3389133120680019
DLBCL11484	0.0074940166298870115	0.4597376991186121	0.2298945077962891	0.08499216425440873	0.217881612200803
DLBCL10483	0.00048099699729256583	0.6506982527906426	0.12128956173050034	0.0038029434265998614	0.22372824505496453
DLBCL11449	0.047371873504559785	0.18626962656006285	0.03674236566501548	0.12429366617477322	0.6053224680955887
DLBCL_MC_F064AB	0.0025270946703940356	0.01283884517791932	0.6514081507052423	0.33298393740835935	0.00024197203808504875
DLBCL_RICOVER_522	3.389526686506689e-05	0.0005569095538101556	0.9972326209277357	0.0021415932741200103	3.498097746906292e-05
DLBCL11441	0.06259125501341666	0.015239933256256962	0.11392790936080106	0.33226663214535623	0.47597427022416916
DLBCL10459	6.545932855212909e-05	0.1476960532574319	0.8452103420614554	0.006704583412699573	0.00032356193986103653
DLBCL10498	7.391253259107924e-05	0.016443163659271853	0.9784822304812508	0.004787643577293387	0.0002130497495928409
DLBCL_MC_F349_BJJ	0.000292687126787876	0.006266042123313437	0.9839589699528273	0.009075686314080084	0.0004066144829913567
DLBCL_LS155	0.0005986330186203394	0.0033522308111495593	0.9203219183155454	0.07555228899400653	0.00017492886067815828
DLBCL_C_D_1112_NULLPAIR	0.0007907482394518944	0.8238863255052715	0.14780018935763797	0.013747946263433812	0.01377479063420475
DLBCL_C_D_1113_NULLPAIR	0.007167200286836833	0.379102367382571	0.5701558948512608	0.04259686910375179	0.0009776683755794132
DLBCL_LS1098	0.0007403827300620427	0.0764017041685194	0.8620054087814356	0.060603927156908245	0.00024857716307468666
DLBCL_C_D_1133_NULLPAIR	0.0006751455531432797	0.2078064350127887	0.7448766151404487	0.042338391791236926	0.004303412502382447
DLBCL10523	0.05526409918284052	0.18012036509200363	0.5488702046491195	0.21526598358034982	0.0004793474956864636
DLBCL_RICOVER_744	4.636335979777795e-05	0.0020019655828783043	0.9921051358616173	0.005780161058570576	6.637413713605876e-05
DLBCL11675	0.016677146810052158	0.14994148050650657	0.5022323655356091	0.33008067077890935	0.0010683363689227472
DLBCL_C_D_1141_NULLPAIR	0.00021253316872339386	0.058765251362991426	0.9344478651880282	0.006162917021066467	0.0004114332591905081
DLBCL_RICOVER_216	0.023643267981739418	0.7467321031741375	0.12376616524554769	0.017176617483327328	0.08868184611524808
DLBCL11526	0.11956914221918061	0.4785621106668329	0.23322811309268562	0.16773425752942034	0.0009063764918804152
DLBCL11666	7.428362316489388e-05	0.04163315456353218	0.953465375335501	0.004550324047348261	0.00027686243045368215
DLBCL11458	0.1648749043787039	0.3868791180456714	0.32287137696115664	0.12384323646848833	0.0015313641459796378
DLBCL_RICOVER_1061	0.530375420990864	0.35690694784524396	0.04077956521534847	0.07085373501364745	0.0010843309348961554
DLBC_FF_8062_TP_NB	0.3380445523397554	0.06151910492885079	0.05813104163879697	0.496755470922359	0.04554983017023785
DLBCL11002	0.2383472332435824	0.4139884824659247	0.08595747001498741	0.2570836302770621	0.004623183998443435
DLBCL11433	0.25042399450953307	0.09921035447833712	0.026035153044215515	0.49812857389269116	0.12620192407522324
DLBCL11447	0.06852293511930832	0.011002692306596382	0.004322285639983367	0.2870830778945601	0.6290690090395519
DLBCL_MC_F139_LJF	0.24528029821867475	0.2835660540299139	0.02731876886018266	0.37749358692318485	0.06634129196804393
DLBCL11527	0.004257308289308517	0.045342889799792195	0.5322220988659028	0.41764274672124957	0.0005349563237469517
DLBCL_LS2590	0.03745497777812326	0.015764299432333564	0.0044583343992289715	0.3006520063432156	0.6416703820470986
DLBCL10539	0.000584542716862837	0.7290090613840328	0.12889762176024966	0.001522289143155133	0.1399864849956996
DLBCL10965	0.1542935288740669	0.11834605283944628	0.03508369197033271	0.6669406217050496	0.025336104611104495
DLBCL_MC_F218_RAP	0.5553744528626087	0.16292148926637193	0.00419696533131656	0.26538414493955226	0.01212294760015057
DLBCL11460	0.2883528704140244	0.18768518449965363	0.005246658236406625	0.4426201895521104	0.07609509729780492
DLBCL_C_D_1109_NULLPAIR	0.2535277798138964	0.04090890458453613	0.0053794022543586385	0.6817241519533174	0.0184597613938915
DLBCL_RICOVER_701	0.14941044002383277	0.03750044386129539	0.029326962149708407	0.7623364282547977	0.021425725710365703
DLBCL10863	0.06156463263736661	0.0035965927926412725	0.028277257074441415	0.4895900564285112	0.41697146106703936
DLBCL11206	0.0007539313887198513	0.6274622803848048	0.010730289688430417	0.007488048538443786	0.35356544999960116
DLBCL10901	0.001488895255531158	0.059454062177425146	0.0002147885435636424	0.018687594382549338	0.9201546596409307
DLBCL10860	0.0008612253918159783	0.08599662411628246	0.00020721641152082697	0.015817463685626757	0.897117470394754
DLBCL_RICOVER_1032	0.0009423377952702119	0.03133550738064982	0.00019994697492710812	0.006026598668592058	0.9614956091805608
DLBCL10908	0.05977037905470661	0.5535698455392289	0.11912247497559911	0.16672308188954185	0.1008142185409235
DLBCL10999	0.00020569158064017118	0.00018168421188920997	1.3783552715383016e-05	0.0011350077899809686	0.9984638328647742
DLBCL10930	0.4043000519448919	0.10429826727655817	0.002295062013472681	0.37042514469163357	0.11868147407344376
DLBCL_RICOVER_506	0.0001848631907187823	0.001012587362606289	4.036177155195834e-05	0.0008776121650117135	0.9978845755101112
DLBCL_RICOVER_712	0.0015315462674875902	0.583981839269206	0.0006421826817368419	0.0069988483959323965	0.40684558338563714
DLBCL_RICOVER_956	0.0006485581167765396	0.44175036687126695	0.0005167766001069032	0.002334378104071574	0.554749920307778
DLBCL10990	0.0004916397410080848	0.6020945041206636	0.0007227011047499869	0.0020165163064810115	0.3946746387270974
DLBCL10925	0.011295229893184149	0.08100362884051619	0.0005401133960646092	0.07880212497808253	0.8283589028921525
DLBCL10857	0.0008424534974713179	0.0016826352547495386	5.137772409132604e-05	0.006946977949183061	0.9904765555745048
DLBCL11538	0.06353951445311466	0.01911991329154055	0.31703381499029765	0.34771336434122324	0.252593392923824
DLBCL10902	0.020733020030649432	0.164399649436359	0.0004647941297729902	0.003018077542473208	0.8113844588607454
DLBCL10889	0.0003868312210900936	0.0005707912097761519	3.427520711113095e-05	0.0027225960379230357	0.9962855063240996
DLBCL10842	0.004695327759994675	0.007249406364821852	0.001236418661781048	0.3711765636786953	0.6156422835347071
DLBCL11504	0.25552889768916937	0.07141421769770713	0.19074940315457278	0.15715963296707144	0.32514784849147915
DLBCL10963	0.0021629209817508686	0.1381006197176119	0.0006283369592325159	0.0039016199357062406	0.8552065024056985
DLBCL_RICOVER_720	0.0149625189914274	0.00235087782618866	0.00023868814651954566	0.05243704552464586	0.9300108695112186
DLBCL_RICOVER_773	0.0002677845875955857	0.831221151150207	0.0013904088261415546	0.0009796571369002603	0.16614099829915563
DLBCL10532	0.0012836213733199964	0.0032326948486108937	0.00026113417023917876	0.0417429331683111	0.9534796164395188
DLBCL_RICOVER_1192	0.00023247511964471352	0.0002418351499669345	1.674971256888133e-05	0.0014746655176623388	0.9980342745001571
DLBCL10980	0.0015251309877707684	0.8607410056208185	0.016815907639144267	0.07217907645882579	0.04873887929344071
DLBCL10977	0.0005598077460534237	0.007758705500455429	0.00014140986637164953	0.002708847786955979	0.9888312291001635
DLBCL11000	0.0002155007697487547	0.0006720190189968358	2.3734180554961278e-05	0.0016236601415205668	0.9974650858891789
DLBCL10898	0.0009293149411844458	0.37427526755382967	0.0007426878894309197	0.002688642229887433	0.6213640873856676
DLBC_FF_A7CX_TP_NB	0.13975092676371614	0.03382429446634297	0.014909175729940034	0.3067539815600133	0.5047616214799875
DLBCL10877	0.6498557736237244	0.1519619627202945	0.019881480078300946	0.1559719719540254	0.022328811623654778
DLBCL10492	0.3669797732911653	0.08141043575429426	0.0013592997008706777	0.0481567580314892	0.5020937332221804
DLBCL11501	0.5744725148599591	0.29261078020834386	0.059179752620467534	0.06475591014550494	0.00898104216572465
DLBCL11477	0.9477909893809705	0.003085399559424116	0.000369372313160384	0.04595010449212574	0.0028041342543193037
DLBCL_LS3809	0.2642409575304965	0.27795176692536894	0.001585056482715104	0.08332672193383962	0.37289549712757986
DLBCL10971	0.07945319387827077	0.4306722075860477	0.038210621905792594	0.07387004493484743	0.37779393169504155
DLBCL10462	0.9001984717549446	0.005953373936510405	0.0004444613823596187	0.08906288733842474	0.004340805587760689
DLBCL_LS2367	0.8934327164256279	0.05282239450134247	0.0005255980825958409	0.05114369891134502	0.0020755920790887484
DLBCL10542	0.9136327935525017	0.009131994222707945	0.00039022553387723963	0.07376069663248873	0.003084290058424326
DLBCL10928	0.6642479535410657	0.28099212965043185	0.0017309459810254868	0.05125286043967569	0.0017761103878013477
DLBCL10896	0.7942175406224531	0.10160610965975943	0.000824500933389683	0.0997120605003895	0.003639788284008283
DLBCL10918	0.6978667788494466	0.042706763372888666	0.0008980702870039762	0.2376892168207522	0.0208391706699085
DLBCL11473	0.9541697331387432	0.01268273841110634	0.0006359953958299139	0.03178591339236281	0.0007256196619577656
DLBCL10548	0.9799886074097595	0.0027730830683791166	0.0002302967252773746	0.015176729662134745	0.0018312831344493084
