	0	1	2	3	4
DLBCL11539	0.8322546423460744	0.004769640124723454	0.008941183123914977	0.11609727925420397	0.037937255151083184
DLBCL_C_D_1148_NULLPAIR	0.43270763804479295	0.07540263631934352	0.2388556338005909	0.15805662422430578	0.0949774676109668
DLBCL10912	0.8892842133329725	0.006154152156993564	0.013029093457207172	0.0502143519123841	0.041318189140442635
DLBCL_RICOVER_829	0.781563153867445	0.030218665468191103	0.02739123061456246	0.07874642927613616	0.08208052077366526
DLBCL11652	0.4742012434649056	0.06417960580899178	0.24393715555337753	0.06567775252759836	0.1520042426451268
DLBCL10986	0.41804776436328156	0.08969960825027135	0.11516743270516433	0.09481576103062188	0.2822694336506609
DLBCL_C_D_1129_NULLPAIR	0.7631865915260239	0.06563519844651794	0.014281417479348954	0.0871581644229523	0.06973862812515695
DLBCL10950	0.6475439041635429	0.12523088628793017	0.015580836185901644	0.18583651682559355	0.025807856537031725
DLBCL11662	0.7816346005751363	0.06662457890578924	0.02970951686013012	0.08736705740434184	0.03466424625460241
DLBCL11481	0.4495699736041929	0.07607993850356175	0.2970115775932549	0.09028909497003	0.08704941532896042
DLBCL11429	0.7853123027196851	0.017400258096220974	0.043118998772545596	0.10573250837722147	0.048435932034326896
DLBCL10945	0.7415117191630503	0.11573977295484401	0.009314877692652358	0.07175142333411826	0.06168220685533503
DLBCL_LS951	0.23640220119858524	0.1157695459160021	0.020549549242418797	0.560500139725756	0.0667785639172379
DLBCL_MAYO_DLBCL_3653	0.6410416189302051	0.06859417974128121	0.08398059104538129	0.08585244120712207	0.12053116907601039
DLBCL11537	0.8147073334127184	0.013254808282185296	0.022092877178174267	0.08585069996952702	0.06409428115739499
DLBCL_C_D_1114_NULLPAIR	0.936457347185445	0.0068680019397440156	0.006299436598920339	0.029965973977372377	0.020409240298518243
DLBCL11461	0.9391267464312538	0.0033547872728853455	0.005951986525430683	0.033351661019513784	0.018214818750916358
DLBCL10997	0.6451754159735882	0.03450354480714844	0.042843687665132524	0.09114785038978031	0.18632950116435046
DLBCL_C_D_1130_NULLPAIR	0.8648065542598723	0.045094137142508726	0.02019316543651438	0.043631450457163386	0.026274692703941227
DLBCL10515	0.9211704373058918	0.005682586235503596	0.007942406966049687	0.04239746380737115	0.02280710568518377
DLBCL10914	0.7092569164968898	0.04310139993147419	0.08938915824211688	0.06412648048636918	0.09412604484314997
DLBCL11462	0.20326205860046578	0.10318390759471831	0.0896623616182632	0.13073552874761415	0.4731561434389385
DLBCL11520	0.7119496322129177	0.005024295401764153	0.01873757362892531	0.09214245434147421	0.1721460444149186
DLBCL11203	0.0014794486819220657	0.8264788282528951	0.00838347713052087	0.02855865688127965	0.13509958905338235
DLBCL_LS3749	0.01207151955926645	0.8325193264603642	0.03766516601580661	0.09951425810097493	0.018229729863587788
DLBCL10874	0.04181537726845868	0.7199450723334416	0.046784743926287245	0.09825211140216863	0.0932026950696438
DLBCL_BWH_DLBCL64	0.23132926085199074	0.43955403191555037	0.019934785682051648	0.29996377138888153	0.009218150161525723
DLBCL_LS1921	0.021317513384526685	0.6452394837077543	0.14958658412369932	0.17718986313257673	0.006666555651442909
DLBCL_C_D_1108_NULLPAIR	0.0038532628048838172	0.8058906473309118	0.011145565741941796	0.020092550806352596	0.15901797331591003
DLBCL11661	0.021946735765196724	0.6868147630655459	0.121836653204006	0.1422041883473134	0.027197659617937936
DLBCL_C_D_1136_NULLPAIR	0.003959136647587021	0.8565039206604856	0.00589633966803582	0.025519851372859177	0.10812075165103234
DLBCL11507	0.28111690006612083	0.48304347826571054	0.03711438156164725	0.17967503263103027	0.019050207475491108
DLBCL10494	0.006316835502748048	0.8632627377462128	0.06477396830174643	0.053460863480076316	0.012185594969216479
DLBCL_RICOVER_1046	0.013754954976167771	0.319276083145588	0.6128204109520405	0.014592419195198427	0.03955613173100532
DLBCL10510	0.04018094735231248	0.7485530475562681	0.00915291156011444	0.08388306514937009	0.11823002838193498
DLBCL_LS1065	0.025102223881186103	0.8594522573638987	0.02493597414918521	0.0551022738544825	0.035407270751247416
DLBCL_RICOVER_787	0.03208062678576876	0.6557446098580022	0.14642203372367074	0.15782112983785462	0.007931599794703653
DLBCL_RICOVER_478	0.02693589574686673	0.47468510303112577	0.04189784548098826	0.012341339974378845	0.4441398157666404
DLBCL10983	0.006379443862287182	0.6784308149234795	0.010105278743715012	0.056526144010562385	0.24855831845995596
DLBCL11479	0.0761354383745441	0.5988297100330561	0.14092829854234723	0.028836216905091038	0.15527033614496144
DLBCL_MC_F500_ECU	0.010638851116908196	0.8315456454949791	0.02807728626491884	0.016253119847952982	0.11348509727524089
DLBCL10846	0.42483388451623577	0.3306971424046972	0.034198126676078626	0.14880725962009947	0.06146358678288888
DLBCL10911	0.0	1.0	0.0	0.0	0.0
DLBCL10981	0.1443520752024133	0.18851813018319286	0.02545655318303192	0.45770930230701967	0.18396393912434222
DLBCL_MC_F729_MAN	0.0031046880936521737	0.9616908784360869	0.014708509472159265	0.011050967990250822	0.009444956007850842
DLBCL10894	0.20335752180181096	0.5134058862795695	0.0093854455254809	0.2627913220121999	0.011059824380938709
DLBCL11565	0.01180387763256994	0.7412527366413062	0.058911905951160484	0.0702463067103558	0.11778517306460758
DLBCL10461	0.0020548401806519943	0.6633619592727641	0.007802280219090092	0.013461338356043188	0.3133195819714506
DLBCL_MC_F089_HCZ	0.009001972829632313	0.8542738429865504	0.04848858410673137	0.06373729766939173	0.024498302407694215
DLBCL_RICOVER_440	0.0550363034845988	0.40248147211994373	0.48997884111499934	0.026716089319148446	0.02578729396130967
DLBCL_DFCI_DLBCL_GOE16	0.0003639335959101168	0.0006608575354596723	0.9968197130900796	0.0017266120659446547	0.0004288837126059895
DLBCL11558	0.002810388318930689	0.005760162518798147	0.9393622394739182	0.011929971809847893	0.040137237878505046
DLBCL10555	0.03915389383641833	0.04099562243454966	0.7359949001558499	0.028714122120732072	0.15514146145245006
DLBCL_LS1395	0.008085110119851966	0.03666189126577385	0.9086289370894208	0.012282286417593003	0.034341775107360376
DLBC_FF_8046_TP_NB	0.00877794406279661	0.007981498040905676	0.9582155704511033	0.011688706119933568	0.013336281325260857
DLBCL11680	0.004098509065865699	0.005387375151596106	0.9826025424484076	0.006558417739925935	0.001353155594204601
DLBCL11685	0.0034060517263495315	0.003797545118205673	0.9836704082894211	0.0068046654590521284	0.0023213294069716266
DLBCL_LS1304	0.012305203456143917	0.13076910516698365	0.7161164131334751	0.020265126230244374	0.12054415201315301
DLBCL_LS297	0.0008433704658341788	0.005647147513746069	0.9854132999850355	0.0059828929846622685	0.0021132890507219652
DLBCL_MC_F815_BAT	0.012514541854365383	0.024219811581964144	0.8973090203796384	0.05613264850158722	0.009823977682444751
DLBCL_LS2325	0.015348922201815359	0.044820963808238884	0.855760136257401	0.03400608697975019	0.05006389075279461
DLBCL10466	0.016609218207756477	0.3387097370351441	0.5714063874405806	0.06315172938106609	0.010122927935452638
DLBCL11672	0.02159621094003333	0.013049359582998809	0.893830639943203	0.052628964469217276	0.01889482506454753
DLBCL_MC_F606_DMJ	0.005760651661280997	0.008101188716490798	0.9744312232250865	0.007177808841614746	0.004529127555526989
DLBCL11428	0.0026037776476619235	0.04112149536894503	0.941326669389851	0.010504275121056736	0.004443782472485354
DLBCL10879	0.05382161648138855	0.028390941257689744	0.8497426739924872	0.04408760400696482	0.023957164261469707
DLBCL10536	0.04638710221610117	0.1663035744152931	0.675699082351039	0.0915453049856274	0.020064936031939325
DLBCL11534	0.33571375691801614	0.08872402069422797	0.27462422965790745	0.15375179215929788	0.14718620057055057
DLBCL10491	0.04054275342424683	0.3215860414413925	0.17813349743971457	0.45257353676945783	0.007164170925188462
DLBCL10513	0.22311157327046618	0.05768082566303463	0.05894959303978183	0.642157292521011	0.018100715505706487
DLBCL10868	0.0941386021773036	0.07590514574268448	0.016678161216955274	0.5275401099068197	0.28573798095623704
DLBCL10858	0.09386696916278149	0.0631360341384844	0.023557760388130445	0.6056141099647973	0.2138251263458064
DLBCL10547	0.12106928343818116	0.031789481169787505	0.06878373214414564	0.7589543351894892	0.019403168058396526
DLBCL10544	0.06670824032648832	0.015204476299992227	0.024496279317350964	0.8528950723776592	0.04069593167850934
DLBCL11491	0.14282897994677446	0.19523899928331742	0.07333307942245892	0.27298043627968593	0.3156185050677633
DLBCL11564	0.07986259863587399	0.03657434789939391	0.02867446691799708	0.8116824034020668	0.04320618314466829
DLBCL11459	0.10198254661360749	0.0177531266530413	0.037428687447494016	0.8226810960704718	0.020154543215385415
DLBCL_RICOVER_1045	0.27720311289033783	0.12329578252862428	0.08144411562015877	0.0795279440270494	0.43852904493382966
DLBCL10456	0.14161626182981946	0.042770807389653887	0.030711986079005854	0.7539234449385896	0.03097749976293113
DLBCL_RICOVER_985	0.07086870725317132	0.025618019965050913	0.02019271241782634	0.8684905373102554	0.01483002305369603
DLBCL_RICOVER_950	0.22892329695400646	0.12870646084069656	0.23724682232447633	0.3676525497802265	0.03747087010059414
DLBCL_C_D_1159_NULLPAIR	0.7185598489509726	0.036033304211723335	0.01806988688275989	0.18634263739382717	0.04099432256071695
DLBCL_RICOVER_711	0.2718416502351685	0.4199454708380179	0.006804522345686126	0.2907322994740265	0.010676057107100904
DLBC_FF_A7CQ_TP_NB	0.0030094067394017157	0.02066250836975423	0.0004858190615566929	0.020275297322889928	0.9555669685063974
DLBCL10915	0.07813129662744908	0.1271197882065792	0.04755976296948891	0.06975983378758092	0.677429318408902
DLBCL10867	0.007882339640836362	0.3903550847967564	0.012901467325467977	0.04406942835114014	0.5447916798857991
DLBCL10992	0.005791731851707845	0.1290831887670289	0.0005414717057476934	0.018891392367448457	0.8456922153080672
DLBCL10887	0.005546110571380994	0.02449756993915545	0.0013200604481985712	0.013498175661439077	0.9551380833798259
DLBCL10878	0.019307312564806136	0.11871991103085665	0.0049774851006571625	0.01950086748169673	0.8374944238219834
DLBCL11431	0.1241157131004332	0.2210094966005662	0.14398306100433858	0.10451651053390065	0.4063752187607614
DLBCL10891	0.13526720164146072	0.056709254318335976	0.19766228143013093	0.19964234045449322	0.4107189221555792
DLBCL10521	0.027554546001758017	0.19800849403063622	0.0018826872989523527	0.0057074858507611195	0.7668467868178923
DLBCL11476	0.034138592197239324	0.15484267472727326	0.009453093566468288	0.01132480067622163	0.7902408388327975
DLBCL_MC_F519_ALT	0.0018740420624006851	0.012689339386033057	0.0003006910309251356	0.005219432648553666	0.9799164948720874
DLBCL10866	0.22346539220355222	0.1005481061163819	0.023292119923607003	0.5120425669169816	0.14065181483947725
DLBCL_RICOVER_449	0.34575649678226944	0.0902999141383454	0.07541150895694147	0.08058117622741721	0.40795090389502653
DFCIDL004_DT	0.2529385805662791	0.056028222109525704	0.1017547757246076	0.2674690900515255	0.32180933154806207
DLBCL_RICOVER_1287	0.0637492321776113	0.28372477481670805	0.043531065959664314	0.03951704067142901	0.5694778863745873
DLBCL10836	0.00671881759341957	0.05247095503396002	0.0015662621106413077	0.04256427579961037	0.8966796894623688
DLBCL10550	0.00898331803514066	0.16893137154486174	0.002288638818965165	0.02653525626393293	0.7932614153370995
DLBCL_LS3200	0.0026271233749388025	0.0515118829140533	0.000851006292294405	0.008146425060095087	0.9368635623586185
DLBCL10900	0.009270745154452706	0.0525844076121404	0.002085104143414199	0.06847132920027611	0.8675884138897166
DLBCL10853	0.004889905583655453	0.01968334831677156	0.0006112615873574824	0.011689248490995693	0.9631262360212198
DLBCL_RICOVER_111	0.4018796300390654	0.07991913747870873	0.30610290050044714	0.0683300338102805	0.14376829817149817
DLBCL_RICOVER_417	0.005595601673229344	0.00447945676190854	0.0001659852245075344	0.01520566239001801	0.9745532939503365
DLBCL10529	0.00512065817611632	0.22996351197944462	0.0035487443474410685	0.028398530155139042	0.732968555341859
DLBCL10847	0.01823817313114684	0.08812250698698335	0.0014549028340972716	0.0054431071929185336	0.886741309854854
DLBCL_C_D_PAIR13	0.08846287051012557	0.24503163241334355	0.2172996618795003	0.08424476274203845	0.3649610724549922
DLBCL_C_D_1163_NULLPAIR	0.004082715515356543	0.01577328168576622	0.00042884635506548643	0.05659689113207454	0.9231182653117372
DLBCL10833	0.5835672780353292	0.029531735350742685	0.05740199373586696	0.11511008483034281	0.21438890804771835
DLBCL10835	0.004963584998194459	0.05063883335711873	0.0006840561120560905	0.04746854688941007	0.8962449786432206
DLBCL_C_D_1156_NULLPAIR	0.8052183767506783	0.07896031223115138	0.021471344633126364	0.0630033151879205	0.03134665119712336
DLBCL_RICOVER_977	0.8442185473986619	0.007118222786616189	0.018245232791053216	0.0697157968587627	0.060702200164906024
DLBCL_C_D_1128_NULLPAIR	0.8955425156673279	0.05210277304854245	0.002339290974209283	0.026941062284642155	0.023074358025278203
DLBCL_RICOVER_451	0.8680864129633289	0.020942633415768786	0.01984694055174008	0.05025474385264409	0.040869269216518116
DLBCL10994	0.18984434556484953	0.3766388959730836	0.04575184990688246	0.22222563493774844	0.16553927361743603
DLBCL10884	0.6917343934337891	0.08116286493925885	0.006286800052065404	0.18360900541168662	0.03720693616320008
DLBCL10931	0.8697412335026077	0.02052512546182175	0.011505479337502502	0.058974698933643134	0.039253462764424915
DLBCL11671	0.2609512965038259	0.09032249890353262	0.020888586033726373	0.5796149287107081	0.04822268984820694
DLBCL_LS1757	0.8663212475300685	0.023907033725985252	0.01806513859599866	0.049394655764779104	0.0423119243831685
DLBCL11488	0.6937809864969934	0.03649134998380731	0.02430974934627389	0.06414353134684513	0.18127438282608033
DLBCL11496	0.8021393378653228	0.05407812543857386	0.04134291812259577	0.06418030964368994	0.03825930892981763
DLBCL10525	0.8273524494352092	0.050498896294662574	0.008550122656789548	0.03985567440150977	0.07374285721182883
DLBCL11430	0.6157965600317509	0.05169153511822812	0.10040790538312867	0.19960848621844476	0.03249551324844753
DLBCL11478	0.48923856220446404	0.22086241105692794	0.08826104708526997	0.1730520868411614	0.028585892812176616
DLBCL11202	0.03739043444175627	0.08006375870555311	0.6111371281739305	0.2613100022559883	0.010098676422771822
DLBCL10935	0.5580294552330191	0.33045327586754614	0.012066864805022002	0.07288611752409671	0.0265642865703161
DLBCL11470	0.6268789895940134	0.057054304263785605	0.015191309080209572	0.24135830096364813	0.059517096098343235
DLBCL_RICOVER_910	0.44430684151741745	0.11814869539852453	0.1399002105809562	0.10074059746942435	0.1969036550336774
DLBCL10495	0.8554685624895496	0.0345498724497695	0.019598564803539005	0.03070830199956542	0.059674698257576486
DLBCL10844	0.261566469085454	0.11189448885746497	0.10891404318376458	0.11956326053698275	0.3980617383363337
DLBCL10993	0.7371287430951	0.0704637069794705	0.05030369563249806	0.10468384184609898	0.03742001244683247
DLBCL11519	0.11801126880244375	0.026336342059205826	0.020107998283733136	0.8282780511692298	0.007266339685387504
DLBCL_RICOVER_945	0.38436982001620995	0.13132277555079047	0.06343564873032242	0.37100296415909506	0.049868791543582085
DLBCL_RICOVER_533	0.005429061692600434	0.8915973600460667	0.04969257116174587	0.0474270876863603	0.005853919413226647
DLBCL10903	0.0038438287486908876	0.9367072604072502	0.024185188799943986	0.02238667789239024	0.012877044151724696
DLBCL_DFCI_DLBCL_GOE05	0.0059509171937099465	0.4154389282843647	0.009218329372671382	0.008641772671837246	0.5607500524774167
DLBCL11673	0.03437474303692846	0.827157451054762	0.043121915381242264	0.0751305191694678	0.020215371357599515
DLBCL_LS146	0.0033010387559489697	0.9433772293535143	0.020250635023767255	0.018861012201709566	0.014210084665059854
DLBCL10517	0.006388482609834676	0.8922629632454483	0.06339367249982202	0.029783710018287255	0.008171171626607717
DLBCL11204	0.1749141744941775	0.21476974140902927	0.1861684855102272	0.10627113003633594	0.31787646855023005
DLBCL11436	0.20711151260250577	0.2822076864869243	0.09141938234380491	0.17260355964968077	0.2466578589170844
DLBCL_RICOVER_467	0.005471082464980299	0.6106105665763295	0.013639417091220988	0.03184956744497968	0.33842936642248955
DLBCL10922	0.04710450062165028	0.6079374079015227	0.08866469975798055	0.040494320370669634	0.21579907134817675
DLBCL_C_D_1117_NULLPAIR	0.18685347990219406	0.23717073840074215	0.02313809135305194	0.5294347814259007	0.023402908918111153
DLBCL11188	0.006214979996734204	0.9696218187918023	0.005423306690431952	0.002696126457620292	0.016043768063411245
DLBCL10871	0.022096275356760012	0.8784345062605748	0.015416561042749233	0.04615240361249457	0.03790025372742138
DLBCL10549	0.024836286482269945	0.6149373746713428	0.23397039589092916	0.10697403069706903	0.019281912258389124
DLBCL10885	0.07824146418419653	0.2546698365060876	0.02448768156159356	0.09034654160725872	0.5522544761408636
DLBCL_C_D_1118_NULLPAIR	0.32863367787420594	0.3750366399094589	0.007128519616757669	0.2700767386093532	0.01912442399022419
DLBCL11456	0.08670317923034426	0.4470881113669769	0.05889402332862895	0.38026424624342153	0.02705043983062836
DLBCL_LS2089	0.003530561030681651	0.3815094168570246	0.002046335564585836	0.01075602122153735	0.6021576653261705
DLBCL_LS2245	0.13261892867405645	0.28468220975376074	0.5365520686533873	0.022171506241387213	0.023975286677408288
DLBCL_LS3245	0.0060945902263605835	0.803139030838481	0.10655776158410789	0.07843921604041956	0.005769401310630911
DLBCL10962	0.04826939534582642	0.6942888158340778	0.06220611448720185	0.06136235302970917	0.13387332130318477
DLBC_FF_8043_TP_NB	0.03272736743889446	0.7544438239422018	0.07609533909871803	0.10146316086378855	0.03527030865639715
DLBCL_LS4054	0.07604860958939978	0.5242406018049218	0.18182958669979374	0.0656138756225197	0.15226732628336503
DLBCL10452	0.007015968758364091	0.4590160407911924	0.012273143911008548	0.03742598665972559	0.48426885987970947
DLBCL_DFCI_DLBCL_GOE07	0.013210214983751304	0.8189727297321351	0.07342330719735066	0.009822394171531492	0.08457135391523153
DLBCL10503	0.051843974806568695	0.3871081065796359	0.24178900022927424	0.035594685618969155	0.28366423276555197
DLBCL10512	0.020841247189807337	0.08180952293045854	0.8083341281553597	0.02164426254957031	0.06737083917480416
DLBCL11670	0.00843602816511717	0.005893563313962668	0.9715926412621901	0.009735383947740959	0.004342383310989073
DLBCL11590	0.3462962145183189	0.09016928004256176	0.23615616101821302	0.1340859869535915	0.1932923574673149
DLBCL_RICOVER_978	0.709514534482708	0.032699497511100926	0.050713101899182794	0.08656963463711692	0.12050323146989136
DLBCL10910	0.024917892971780913	0.3716717404396994	0.5007513560903388	0.03265872898208959	0.07000028151609125
DLBCL11656	0.019575007851534314	0.013542978806107622	0.9077520916887288	0.015230989370330876	0.04389893228329835
DLBCL10472	0.05737708488091602	0.020368064583479284	0.8595083494759768	0.04512536544367246	0.017621135615955474
DLBCL10465	0.0026709933830377937	0.006038201035188124	0.9715198030011721	0.013651146223827352	0.0061198563567745915
DLBCL10856	0.17522710691546603	0.14617143565819107	0.07355001195517515	0.185791712095462	0.41925973337570577
DLBCL11566	0.008745408855860778	0.11604750647738517	0.8122524655278693	0.049856823280399594	0.013097795858485141
DLBCL_RICOVER_577	0.07081109735397409	0.10476552225565501	0.6305347276829661	0.02660793231745111	0.1672807203899536
DLBCL_LS2599	0.006849959280797533	0.016160097257166356	0.937831122429128	0.025545162222965795	0.013613658809942284
DLBCL11515	0.06213373335924029	0.4536217066012205	0.20081595694006465	0.03624896028095672	0.2471796428185179
DLBCL11528	0.10235768171143557	0.10610138971615779	0.6328454442693464	0.13156581537818599	0.027129668924874253
DLBCL10936	0.07027411003864098	0.2926694785796374	0.2044671482831211	0.06422525444952373	0.3683640086490767
DLBCL_RICOVER_408	0.02176676282052861	0.7562068707422659	0.06676103302949855	0.1486425831433144	0.00662275026439249
DLBCL_LS4616	0.01067211859243441	0.10120798065033071	0.8349713809286067	0.04129237180773986	0.011856148020888392
DLBCL_LS762	0.07438670506546168	0.20519629794004646	0.40136542970593847	0.05253737855399824	0.2665141887345552
DLBCL11667	0.028511527775222853	0.0049927053964949645	0.9384056190155295	0.01936997381563632	0.008720173997116361
DLBCL_LS2357	0.08600957409698631	0.026108694589144284	0.03038170782113462	0.8396338688023199	0.017866154690414828
DLBCL_LS3499	0.15794826278129184	0.13375413867796548	0.039148070647897555	0.6476410264339955	0.021508501458849735
DLBCL11576	0.058442331114051414	0.2920268386291215	0.22593436359090785	0.4141924105079435	0.00940405615797589
DLBCL10782	0.3322769792794431	0.39675961660534853	0.006960551706855585	0.24872311541481132	0.01527973699354147
DLBCL10565	0.054315939629212065	0.061218902458422104	0.8086827729398447	0.047430830802458794	0.028351554170062288
DLBCL_RICOVER_1018	0.14835140338448133	0.16581306824422787	0.020914295863014222	0.602456044529274	0.06246518797900247
DLBCL10564	0.03856398739585869	0.3105259093003206	0.17746319984162534	0.4668564042862401	0.006590499175955314
DLBCL11437	0.5766896294174885	0.052055033547397316	0.028439119666118336	0.31324365723336745	0.02957256013562847
DLBCL10974	0.17545402073728178	0.05548828095028674	0.15514426801039513	0.16431051246926842	0.44960291783276796
DLBCL10927	0.36754399121953074	0.2188173113635367	0.009916480427418033	0.382616379191634	0.021105837797880663
DLBCL_RICOVER_274	0.00639240744171355	0.35759166860109176	0.00600207566350288	0.0694555754307516	0.5605582728629401
DLBCL11658	0.04848858091378754	0.03630053532943463	0.016495159899202947	0.6139177037070059	0.284798020150569
DLBCL10552	0.17364682317073513	0.08313430611184933	0.029950446943553356	0.6877355085925774	0.025532915181284827
DLBCL10553	0.1475248178757023	0.15558971231868957	0.04290358102172297	0.6295255440990761	0.024456344684809072
DLBCL11536	0.08793073945107559	0.502516111135669	0.04374859267496895	0.2839340244941398	0.08187053224414662
DLBCL11500	0.0014877958893013254	0.009583092971657886	0.0005514695298837262	0.011943680146398211	0.9764339614627588
DLBCL10530	0.002191519341957696	0.0508602359855167	0.001370470060947843	0.030140945011164145	0.9154368296004136
DLBCL10951	0.003951026630168462	0.07983230715424376	0.0014799140005087273	0.031215409112714847	0.8835213431023642
DLBCL11353	0.00291045424821707	0.032209599175513644	0.0005722066897779054	0.011127756290747803	0.9531799835957436
DLBCL10534	0.0023022660955682554	0.017648292874666762	0.00031945614909953954	0.013480675608123778	0.9662493092725417
DLBCL_RICOVER_850	0.005264049789223644	0.046187914543516145	0.0010500960000608063	0.017905554188938386	0.9295923854782611
DLBCL10890	0.0029736354864829174	0.02756849596933504	0.0003251117662469554	0.01363556650028497	0.9554971902776501
DLBCL_RICOVER_1289	0.010078143460138248	0.02671464111637159	0.0008631806126593022	0.03301288803891006	0.9293311467719207
DLBCL_RICOVER_1106	0.004030669656117781	0.045866732196674996	0.0012930290905759955	0.0540296549011312	0.8947799141555001
DLBCL_RICOVER_221	0.004001462705535251	0.04677760072227146	0.0027795667125508684	0.010493217274180993	0.9359481525854614
DLBCL_RICOVER_1248	0.00698402719478906	0.32589274709534527	0.0011524398895425658	0.04089809225272811	0.625072693567595
DLBCL_RICOVER_1278	0.010916288879412116	0.14187699244038332	0.00341474179908718	0.10095190488091198	0.7428400720002054
DLBCL10852	0.007118171753185556	0.07592287535789592	0.0024540077161200975	0.057708080465470143	0.8567968647073283
DLBCL10781	0.007089761311071599	0.12441270812300095	0.0017342495606263537	0.02918404735972596	0.8375792336455752
DLBCL10880	0.0016028141784629202	0.006800911828695418	0.000293157664405809	0.0050117125655958295	0.98629140376284
DLBCL10535	0.14310033037065567	0.137283886401088	0.09708432208436901	0.08546244419299191	0.5370690169508954
DLBCL10909	0.10984150243857257	0.05554649518039206	0.08226704701128833	0.5245786726371986	0.22776628273254856
DLBCL10921	0.0028811423444933576	0.039502276791564365	0.0009421860069168152	0.005546097126886297	0.9511282977301392
DLBCL11195	0.00561826913777057	0.11044339601391599	0.0024767699817315734	0.110572640240869	0.7708889246257129
DLBCL11450	0.006282230305172998	0.04080700755683035	0.0011953686025077614	0.05573522759764699	0.8959801659378419
DLBCL10895	0.020893912141447663	0.35464976331360404	0.027430858846359037	0.012308466218376482	0.5847169994802128
DLBCL_LS2208	0.02096228576085086	0.2837978820249986	0.04023776402066296	0.024621988921869963	0.6303800792716177
DLBCL10862	0.005679549231675302	0.08729573934220322	0.005101663009021523	0.007378420378624061	0.8945446280384759
DLBCL_RICOVER_314	0.005020462435540235	0.6699876033306437	0.020998372049335436	0.03620535594141577	0.2677882062430648
DLBC_FF_8042_TP_NB	0.03564003638817334	0.10150358925717687	0.6671179531720267	0.01657615093465654	0.17916227024796655
DLBCL10883	0.0043780297838026455	0.022465810776534884	0.0009433678903081366	0.01689946670552198	0.9553133248438324
DLBCL_C_D_1125_NULLPAIR	0.0009756459150562432	0.012070497893608737	0.00022632005881716407	0.007068776127843861	0.979658760004674
DLBCL_C_D_1144_NULLPAIR	0.047889092330887666	0.2943838261484155	0.017084569718358738	0.03719476565864064	0.6034477461436974
DLBCL11472	0.6266207843768431	0.014244995238566005	0.10282852525598349	0.17317588299436934	0.0831298121342381
DLBCL11512	0.40108908283841466	0.30682238421834424	0.012081029669644488	0.2639161522217838	0.016091351051812877
DLBCL11681	0.6002731322517726	0.023203404190988194	0.08916945257849174	0.10371876239034072	0.18363524858840674
DLBCL10482	0.4424590988774267	0.07797429549221738	0.053112004965566346	0.1556827016683073	0.2707718989964822
DLBCL_LS2154	0.35993754262075606	0.16690519139613538	0.10067367261400231	0.11978703380784039	0.2526965595612658
DLBCL11474	0.6764474498848856	0.09592745923118022	0.06175473152874833	0.11372852277332508	0.05214183658186072
DLBCL10968	0.8626467674648368	0.005945526515966279	0.013897550765764542	0.05177275109248174	0.06573740416095068
DLBCL11480	0.295065132437725	0.07640058815159294	0.3471997362960101	0.06545514799916786	0.2158793951155042
DLBCL11486	0.8782692930039355	0.04513370270624621	0.004110424395233587	0.042454004751834744	0.030032575142749925
DLBCL11435	0.5923327709861573	0.03028935047081697	0.07225276508500326	0.18315301201267398	0.12197210144534848
DLBCL10451	0.0233791859844169	0.33179073700121664	0.60684022587452	0.02282498823830363	0.015164862901542724
DLBCL_RICOVER_473	0.6696699705961272	0.07411688542152595	0.11560652327837194	0.06301067954110483	0.07759594116287005
DLBCL11205	0.6534796055953582	0.09430748021833604	0.10546104937672332	0.11234179690014301	0.03441006790943951
DLBCL11457	0.7113346685094428	0.0075839825964066025	0.05424884758136399	0.12066400764342762	0.10616849366935895
DLBCL10969	0.1638143630937933	0.07439710008068123	0.5308696871631473	0.07112945639114916	0.159789393271229
DLBCL10490	0.25998458969310334	0.22277342244553722	0.018410353802872922	0.4559039202630217	0.04292771379546487
DLBCL10486	0.27406250799190013	0.1993434856093174	0.1035668186462897	0.10750878060236406	0.31551840715012863
DLBCL10458	0.8325036177954815	0.03798285182373889	0.03503406619247073	0.06741256359481329	0.02706690059349555
DLBCL10972	0.6681904349425762	0.08171654964192511	0.04005096391476559	0.057033370368238114	0.1530086811324949
DLBCL_MC_F262_WLC	0.8946229926022228	0.02761377722656585	0.014400110904258856	0.044531992829625534	0.01883112643732704
DLBCL_MC_F307_JPS	0.8323464059445523	0.05849977802782635	0.02412993915557634	0.05212361387841484	0.03290026299363015
DLBCL_LS378	0.8967058119285519	0.036170464723669304	0.019151170406101373	0.021418899259142744	0.02655365368253472
DLBCL10957	0.5070541383248547	0.04850678857651674	0.06768386687829747	0.29088860054872695	0.0858666056716042
DLBCL_C_D_1105_NULLPAIR	0.4492158591382279	0.19465752164035005	0.15611472334673948	0.10748477749808116	0.09252711837660149
DLBCL_RICOVER_174	0.005098192484226881	0.9464685314351029	0.027022562083598566	0.014778281258629147	0.0066324327384424935
DLBCL10985	0.044854831388858526	0.7238897999353509	0.06361935238288616	0.127142133744609	0.040493882548295494
DLBCL_C_D_1126_NULLPAIR	0.02651354170517111	0.5755022119553035	0.021531745019106485	0.02447215556367245	0.3519803457567465
DLBCL10834	0.07199269772776694	0.773836708181968	0.0464278756806528	0.10239112447322997	0.005351593936382219
DLBCL_RICOVER_1210	0.008174527604677805	0.8651012687711948	0.06224467470810637	0.05533771592517212	0.009141812990848968
DLBCL10906	0.010137393215681209	0.23016730228466767	0.005207202429661788	0.011350427079594834	0.7431376749903945
DLBCL_RICOVER_299	0.05570675946354628	0.6311688706547003	0.25846871688032996	0.028982170969140655	0.025673482032282778
DLBCL10502	0.017810482062031383	0.7456472911023597	0.14231959385536355	0.08781089426175051	0.006411738718494803
DLBCL10954	0.00856866142446842	0.5552554833576663	0.009726428037059719	0.02092825183858003	0.4055211753422256
DLBCL_RICOVER_253	0.03205380111987708	0.7278548645994618	0.09362017574988538	0.14287066038683865	0.003600498143937041
DLBCL_RICOVER_1060	0.12045686979190506	0.4253597967152574	0.0809294294825721	0.06662935521084037	0.306624548799425
DLBCL_RICOVER_1165	0.011254059249838263	0.5924350593014913	0.11142505443182996	0.021899961982329536	0.26298586503451093
DLBCL11003	0.030135130828446897	0.3953622234104956	0.014205520941868532	0.025375622796654933	0.534921502022534
DLBCL10780	0.01462812301141903	0.6016798855329467	0.19089620548432046	0.16932603756513476	0.023469748406179016
DLBCL10934	0.008261197958880676	0.2390335060103233	0.005936090754902549	0.18717694365888732	0.5595922616170061
DLBCL_RICOVER_496	0.024496265005607004	0.3497376005817334	0.5537676309562164	0.035371999374154924	0.036626504082288215
DLBCL_C_D_1119_NULLPAIR	0.7718055756476214	0.1415701526188314	0.021689109350128764	0.03756567614208291	0.027369486241335533
DLBCL10460	0.0009824816924595952	0.9818425928963338	0.00893046116875655	0.0049464472071036455	0.0032980170353463845
DLBCL10850	0.16297828374834866	0.7289182635932285	0.00931368949806823	0.08444383488740592	0.014345928272948725
DLBCL_LS1668	0.015223126463689701	0.7160421518204109	0.1257746005327691	0.11957998103815384	0.023380140144976604
DLBCL_C_D_1131_NULLPAIR	0.004142331388933673	0.7235309339392955	0.023096873139658365	0.015164653184586159	0.2340652083475264
DLBCL11484	0.05610952053680628	0.5320295393499567	0.19224935367484527	0.036653363903237965	0.18295822253515379
DLBCL10483	0.03541713010739307	0.5854556033646154	0.1586087394442154	0.02377342798803136	0.19674509909574464
DLBCL11449	0.1201707154320489	0.20947095620417902	0.011927562907392573	0.15008060276321708	0.5083501626931624
DLBCL_MC_F064AB	0.05461732769482662	0.08901593137933694	0.7874482580773344	0.05191492173358263	0.01700356111491939
DLBCL_RICOVER_522	0.06629805952535396	0.1730270209141774	0.5803727776745533	0.17002902712920423	0.01027311475671106
DLBCL11441	0.2079316822074373	0.08517835659955213	0.06699399171687523	0.21800401167188535	0.42189195780425015
DLBCL10459	0.0071273677862128005	0.006217429037410795	0.9395357451463147	0.015940443053625266	0.031179014976436527
DLBCL10498	0.044189868226595166	0.07610336405873905	0.8090818922761694	0.06482688075426413	0.0057979946842321856
DLBCL_MC_F349_BJJ	0.00030773352419627816	0.004292351578326886	0.9849404528736315	0.00852586695367669	0.0019335950701686285
DLBCL_LS155	0.0054216562087429174	0.00812461204115724	0.9576194816240825	0.016496770530354674	0.012337479595662679
DLBCL_C_D_1112_NULLPAIR	0.021328476075510038	0.37170807257151656	0.5075852345162668	0.025183956756444872	0.07419426008026163
DLBCL_C_D_1113_NULLPAIR	0.03055903175637949	0.01599786875427159	0.9084403665411617	0.02878229673789389	0.016220436210293333
DLBCL_LS1098	0.014687391489743065	0.01075418347648587	0.9342962855838229	0.01619198397961506	0.024070155470333032
DLBCL_C_D_1133_NULLPAIR	0.006176579637118363	0.008634619304945605	0.9633750859071414	0.013566186509457229	0.00824752864133745
DLBCL10523	0.06631208386730399	0.02892206784373505	0.8109723257009462	0.07695686247669205	0.016836660111322625
DLBCL_RICOVER_744	0.004574081194394679	0.002357709061925223	0.9842825449083417	0.006882096440098577	0.001903568395239836
DLBCL11675	0.007398691189613923	0.009204438133537439	0.964758039127128	0.014411840828395656	0.004226990721324975
DLBCL_C_D_1141_NULLPAIR	0.026322374971902106	0.0525709061650454	0.8889245830700822	0.01602004094379957	0.016162094849170784
DLBCL_RICOVER_216	0.08834076317144907	0.2939031248662696	0.2005704555315242	0.05163629582695871	0.3655493606037984
DLBCL11526	0.4239719142483755	0.08051192646165622	0.31859550936431824	0.11410483151982127	0.06281581840582871
DLBCL11666	0.0005828665855828281	0.008169066646702753	0.9844443692055103	0.005743031391879549	0.0010606661703245644
DLBCL11458	0.2769956683045256	0.17888828164795006	0.30906481913850126	0.08897705027407805	0.14607418063494504
DLBCL_RICOVER_1061	0.14344872901969333	0.05342210683200424	0.040458915088886736	0.7127119023148063	0.049958346744609375
DLBC_FF_8062_TP_NB	0.162753612242043	0.10678180391095256	0.14561130952801044	0.5541486931793118	0.030704581139682247
DLBCL11002	0.08675828570701064	0.12070508753997794	0.13012684394997592	0.6544176110960438	0.007992171706991784
DLBCL11433	0.27802435622535165	0.07563530415919709	0.09499684773306166	0.331255830301456	0.22008766158093374
DLBCL11447	0.06385475905543789	0.047216734276668476	0.020804244673773467	0.6479147543764515	0.2202095076176687
DLBCL_MC_F139_LJF	0.09883271694935378	0.03108077540536272	0.03209504013983922	0.8232532876790559	0.014738179826388398
DLBCL11527	0.0426683649586407	0.2228971036056562	0.27827775907841196	0.446072066716343	0.010084705640948087
DLBCL_LS2590	0.11869177122483845	0.05975725191860161	0.019132726020760295	0.5028335451273077	0.2995847057084918
DLBCL10539	0.019005811676756794	0.6747942268534178	0.06757732442940338	0.055909117862044666	0.18271351917837728
DLBCL10965	0.14328154200076568	0.02898735293398286	0.02914241191410395	0.7632716234421364	0.03531706970901112
DLBCL_MC_F218_RAP	0.741680278615447	0.05095581841872509	0.06070693866694473	0.11968016257932887	0.026976801719554282
DLBCL11460	0.18241276517922322	0.04429568669786628	0.03560460303741591	0.714634305923702	0.023052639161792534
DLBCL_C_D_1109_NULLPAIR	0.21877000631333435	0.0321590490986926	0.017497274849171116	0.6699433806512063	0.061630289087595685
DLBCL_RICOVER_701	0.1333966692018776	0.05109706498116002	0.028221950760427775	0.7729502261163091	0.014334088940225427
DLBCL10863	0.19793353994261986	0.14573332054257718	0.040814418900800446	0.2518099848918163	0.3637087357221863
DLBCL11206	0.008081149992791263	0.5441979950664356	0.03113567367721197	0.010779037222596242	0.40580614404096493
DLBCL10901	0.001982222493357906	0.032139446959636005	0.0004865395060873896	0.02852510733285288	0.9368666837080658
DLBCL10860	0.001985929369472602	0.0364740252831964	0.0005780321781638374	0.022970942388059464	0.9379910707811077
DLBCL_RICOVER_1032	0.005663143206048406	0.28003220560326253	0.0036925617203774257	0.05374015097743583	0.6568719384928758
DLBCL10908	0.14279623498604627	0.08380991774574945	0.6087245439145116	0.04738161071562185	0.11728769263807086
DLBCL10999	0.0030507024004793916	0.05315783345929637	0.002387667097353282	0.05704376214246343	0.8843600349004075
DLBCL10930	0.6729722354255658	0.0316315365909151	0.031453747895914375	0.057857625181598475	0.20608485490600625
DLBCL_RICOVER_506	0.002513686292937683	0.06088132647257847	0.0006194379368800129	0.07307443857678572	0.8629111107208182
DLBCL_RICOVER_712	0.021450702609281204	0.27667394946543733	0.010028456761661841	0.01336885641923984	0.6784780347443797
DLBCL_RICOVER_956	0.007071076108056473	0.18546574241173425	0.006858872746243472	0.008884343950666115	0.7917199647832996
DLBCL10990	0.022663919713504992	0.14190365415214268	0.006535528828011397	0.007655677194550601	0.8212412201117903
DLBCL10925	0.012452642521325231	0.09825040699251192	0.0020043758378244154	0.1727194639419532	0.7145731107063853
DLBCL10857	0.012103480688886153	0.018995369397072626	0.0012248351215377409	0.02360680018446416	0.9440695146080393
DLBCL11538	0.18433442888321452	0.13886558462930176	0.1231284579167694	0.1416961842937227	0.41197534427699145
DLBCL10902	0.006523514598578852	0.12757066146371063	0.0018347765768714202	0.022010469829403065	0.842060577531436
DLBCL10889	0.0007531832835686836	0.004113049442286348	9.295284841977695e-05	0.00455593641268511	0.9904848780130401
DLBCL10842	0.003144203803014794	0.019495746294581482	0.0006389020706486817	0.009337018203537746	0.9673841296282173
DLBCL11504	0.32604471416810066	0.15399411098717436	0.1038593492588246	0.1488075618735138	0.2672942637123865
DLBCL10963	0.005593972223304644	0.1113711881107264	0.0015649903497677977	0.056960264861141766	0.8245095844550594
DLBCL_RICOVER_720	0.00513305931095065	0.29517268468611024	0.001282110338903942	0.013138050315433459	0.6852740953486016
DLBCL_RICOVER_773	0.020115812049558507	0.5252965053452434	0.09821960293794493	0.017018672248282216	0.339349407418971
DLBCL10532	0.002990904036405188	0.05192035890170087	0.0006460421791217114	0.029825983334371618	0.9146167115484006
DLBCL_RICOVER_1192	0.002265381947159697	0.030551862716453788	0.00112983292774139	0.00849588744950198	0.9575570349591431
DLBCL10980	0.014082086155700144	0.5161160034876535	0.02859210924093455	0.009712040616613772	0.431497760499098
DLBCL10977	0.02597236766080038	0.08665922178617431	0.010138766954175515	0.010483130375919606	0.8667465132229302
DLBCL11000	0.0011399183848610523	0.009785269037050808	0.00015405030295961928	0.006245928411959222	0.9826748338631693
DLBCL10898	0.005866447634965765	0.1361377439229216	0.0023812492937412967	0.012701897945025409	0.842912661203346
DLBC_FF_A7CX_TP_NB	0.23593557909020937	0.13262884174002662	0.11812979527680888	0.1283221571230403	0.3849836267699148
DLBCL10877	0.7238341635636605	0.041590051899987816	0.10190750714018458	0.058060181405914506	0.0746080959902526
DLBCL10492	0.6616974837197964	0.03480578051379955	0.03630441222315933	0.056951072191106435	0.21024125135213825
DLBCL11501	0.7361746547457532	0.06710085085308756	0.03624380275374219	0.06386444059780774	0.09661625104960937
DLBCL11477	0.9400716096105893	0.009639855089287209	0.007977442161440735	0.025942936062462008	0.016368157076220684
DLBCL_LS3809	0.5901752974285895	0.13896436741886228	0.021951803191808665	0.1037951577781225	0.14511337418261697
DLBCL10971	0.1377977047699973	0.4569541289252554	0.052328173684992534	0.07961443250037147	0.2733055601193833
DLBCL10462	0.7844401991669065	0.04293996432305307	0.042332038817663696	0.06023852851743232	0.07004926917494438
DLBCL_LS2367	0.6166154122411281	0.1024478285411593	0.05321335781557421	0.14346317511504986	0.08426022628708844
DLBCL10542	0.7100064544692426	0.05091018637205131	0.011402557626573873	0.04996686775513336	0.17771393377699884
DLBCL10928	0.8554431741599107	0.039866104669972556	0.023270971208874086	0.047699052088832815	0.03372069787240985
DLBCL10896	0.931853901903853	0.007811917732576926	0.006471287599996172	0.029082401198187446	0.024780491565386448
DLBCL10918	0.8685148951927296	0.015732005385156685	0.009146527651842176	0.05914527912373084	0.047461292646540684
DLBCL11473	0.3725306343606426	0.34750015744338536	0.006529498038945721	0.2487325719250396	0.02470713823198685
DLBCL10548	0.33486212834032125	0.4352331652180213	0.006331398926731866	0.21316828067714605	0.010405026837779633
DLBCL11676	0.8146563688786255	0.019126838638018326	0.021655482826521043	0.04791351301501259	0.09664779664182252
DLBCL11509	0.5856853717469351	0.05106389339363461	0.10747536704745476	0.13057933063831723	0.12519603717365824
DLBCL10875	0.36923942832959716	0.28164534997054075	0.06124937774785196	0.24123558542516763	0.046630258526842584
DLBCL10450	0.28464744841867506	0.1404630117315249	0.016572125908934327	0.395229788376835	0.16308762556403084
DLBCL10966	0.8892449582809699	0.009659093604935345	0.02690447411116042	0.04727159741100422	0.026919876591930104
