	0	1	2	3	4
DLBCL11539	0.7179923504676554	0.004078842992162632	0.12746070792030073	0.13958500380620256	0.01088309481367864
DLBCL_C_D_1148_NULLPAIR	0.277728628723712	0.014000717025319949	0.2700083123191048	0.4145559211715055	0.023706420760357682
DLBCL10912	0.7389306956437763	0.11025975035548154	0.09917607797038046	0.03105550654165179	0.020577969488709897
DLBCL_RICOVER_829	0.6421251983293664	0.035470436375015985	0.010963886668096839	0.2311416807783794	0.08029879784914136
DLBCL11652	0.208226607950841	0.5568716515416579	0.09266659006744636	0.0491960729096158	0.09303907753043895
DLBCL10986	0.2633956487319129	0.11264501563853488	0.30022086480653865	0.1512155127885893	0.1725229580344243
DLBCL_C_D_1129_NULLPAIR	0.8418018358556669	0.005179892303557386	0.04443845863753759	0.03984714981419887	0.06873266338903927
DLBCL10950	0.9007927062123465	0.005773600184481288	0.008123001506474048	0.04860336807378087	0.036707324022917306
DLBCL11662	0.7434477639370901	0.03375315682277571	0.03743460860441354	0.11055730590050246	0.07480716473521819
DLBCL11481	0.637029514773048	0.023883896551405954	0.21632836898193467	0.06723771052253426	0.05552050917107702
DLBCL11429	0.9217671967736235	0.001003798660980195	0.002286558646390041	0.0540308303759054	0.020911615543100878
DLBCL10945	0.6944311758236436	0.005219351159950657	0.0013498337209004866	0.03781155278632291	0.2611880865091824
DLBCL_LS951	0.645809468864798	0.08532808040667565	0.0959828981807142	0.12136303180151643	0.051516520746295785
DLBCL_MAYO_DLBCL_3653	0.28292884628944925	0.03390588136582606	0.10251015548821014	0.12736920810623642	0.45328590875027813
DLBCL11537	0.9361691902500542	0.0010048155148028152	0.002786773643201381	0.028988001466640094	0.031051219125301545
DLBCL_C_D_1114_NULLPAIR	0.9307537375362349	0.0018483712199689885	0.0014201427961415855	0.06066166748016869	0.005316080967485793
DLBCL11461	0.8790697288278274	0.013088972237228609	0.015935938595006232	0.08329064114369183	0.008614719196245846
DLBCL10997	0.6935316332814745	0.01875181579231244	0.01568406013682273	0.11994995451385401	0.15208253627553642
DLBCL_C_D_1130_NULLPAIR	0.7199732076457238	0.029431825169737757	0.0020764710599121736	0.026013959505770425	0.22250453661885589
DLBCL10515	0.7526229748769141	0.07776470778692246	0.03632110606831493	0.06258141700530884	0.07070979426253965
DLBCL10914	0.23507564438175438	0.15643899518409632	0.47350520384003764	0.07041110305698456	0.06456905353712712
DLBCL11462	0.40315486856780447	0.016217170562399488	0.344459683465868	0.09823279075614036	0.1379354866477877
DLBCL11520	0.8585315712508519	0.002335340275975045	0.0014801575709615215	0.04180069735689979	0.09585223354531174
DLBCL11203	0.026676125176213903	0.8071211304189417	0.04765949228839094	0.06375285648992615	0.05479039562652731
DLBCL_LS3749	0.02807410575630451	0.8257415649539556	0.05894253323400429	0.07282339299005365	0.014418403065682003
DLBCL10874	0.038068408917119524	0.26896430448994124	0.032609103271157694	0.06444191624528758	0.5959162670764939
DLBCL_BWH_DLBCL64	0.37279995374435065	0.27391697653484304	0.07915331447137419	0.256080928591354	0.018048826658078092
DLBCL_LS1921	0.023846729157921163	0.5602731350633812	0.28074162592774016	0.12252641148671205	0.012612098364245499
DLBCL_C_D_1108_NULLPAIR	0.002455741278295463	0.7901263848171134	0.012419643919249136	0.010880333808844183	0.1841178961764979
DLBCL11661	0.0224050249033779	0.8562591229365132	0.04065328847847684	0.07201596206052567	0.008666601621106418
DLBCL_C_D_1136_NULLPAIR	0.024938223468434797	0.8492600935085888	0.07032917811298246	0.02265366237580227	0.03281884253419174
DLBCL11507	0.07273652133390816	0.7181694489585432	0.09301640289765702	0.04764572878271873	0.06843189802717284
DLBCL10494	0.01370512715992633	0.8427478850953671	0.10847114977455062	0.01966196207922902	0.015413875890926859
DLBCL_RICOVER_1046	0.0027956228242294163	0.47785604184283126	0.5033076263537397	0.008595258631803937	0.007445450347395751
DLBCL10510	0.005447287886078669	0.9580916460654736	0.006337125644253188	0.002233485520113433	0.027890454884081116
DLBCL_LS1065	0.0061207839778652864	0.9811565858090686	0.004889219335151776	0.0023672084918848904	0.005466202386029409
DLBCL_RICOVER_787	0.1834599113809871	0.5941265462752702	0.069625564668293	0.10818779663361039	0.04460018104183938
DLBCL_RICOVER_478	0.1510871351494922	0.633683760326848	0.03901806784665565	0.027611589008125256	0.14859944766887884
DLBCL10983	0.011596430822874093	0.5053263878992001	0.00572567763252245	0.031002465492178145	0.4463490381532252
DLBCL11479	0.0468229182381877	0.5202822470010406	0.3490623652165685	0.03792937122079967	0.045903098323403405
DLBCL_MC_F500_ECU	0.017378030674403983	0.8640925332344146	0.03361500180582219	0.01929369505615252	0.06562073922920669
DLBCL10846	0.5303685651885629	0.13038092500098294	0.042666206113575605	0.07555420845943332	0.22103009523744516
DLBCL10911	0.0006157785173991124	0.9943242581182277	0.0016330946481820966	0.0009957612957330868	0.002431107420458072
DLBCL10981	0.1169333141318114	0.33089966310531616	0.05977728002154265	0.2813993796207617	0.2109903631205681
DLBCL_MC_F729_MAN	0.0030435938394049416	0.9534676202092276	0.002694733327598848	0.0017298043274933494	0.039064248296275264
DLBCL10894	0.13769927357440748	0.7486475289687943	0.010988814765220989	0.08631978018112715	0.016344602510450116
DLBCL11565	0.008814221230653337	0.8655480159613022	0.03426571169075812	0.03490713811468807	0.05646491300259833
DLBCL10461	0.0010886878740428278	0.8718628378753687	0.0026375171482780273	0.0015775618127419166	0.12283339528956858
DLBCL_MC_F089_HCZ	0.005484763394118741	0.8647918860091675	0.09840158640658771	0.01292813824941872	0.018393625940707325
DLBCL_RICOVER_440	0.006193349957761918	0.7375941900428952	0.24036221229024757	0.008506383012267763	0.007343864696827581
DLBCL_DFCI_DLBCL_GOE16	0.00026289378358330484	0.0004740452223519817	0.996998706530346	0.0020135989480469466	0.00025075551567182574
DLBCL11558	0.004595194042029452	0.018544558630627945	0.9543330963489861	0.018187437786316724	0.004339713192039797
DLBCL10555	0.07153804315271242	0.0927001066240023	0.8014410124561008	0.022099714583843307	0.012221123183341166
DLBCL_LS1395	0.012580340986212626	0.05826489447084701	0.8881667673842978	0.027861783371565994	0.013126213787076579
DLBC_FF_8046_TP_NB	0.02064906703747321	0.016669983626194197	0.8378079260291398	0.032250934429089065	0.09262208887810378
DLBCL11680	0.034091780689775156	0.013693883459658244	0.8959925863582403	0.05146183756528672	0.004759911927039618
DLBCL11685	0.0005110581376077952	0.0008337358307789697	0.9934735010984096	0.004313079736171964	0.0008686251970317237
DLBCL_LS1304	0.011505441908176303	0.0180748089975562	0.8136749492412366	0.0258884995574299	0.13085630029560102
DLBCL_LS297	0.008768399415580953	0.004252829272428617	0.9756531141990685	0.010087525781856092	0.001238131331065847
DLBCL_MC_F815_BAT	0.022320839729333172	0.2430622108552998	0.4915716726801976	0.07957005992428642	0.16347521681088298
DLBCL_LS2325	0.009817835544482725	0.2782509072156849	0.6397294701748109	0.05216322799144461	0.020038559073576892
DLBCL10466	0.007564076514480607	0.0792678778683455	0.8635825773243698	0.026956726885602675	0.022628741407201412
DLBCL11672	0.01780879395370744	0.0041971566626095025	0.9381168825298896	0.027057007813851397	0.01282015903994209
DLBCL_MC_F606_DMJ	0.005320772933007901	0.08603450132874763	0.8814332028461196	0.012880782162599688	0.014330740729525135
DLBCL11428	0.009059753688294904	0.19059261881806228	0.7729660279705314	0.020977779817519412	0.006403819705592029
DLBCL10879	0.03071014112263817	0.01468259005635821	0.690494427672368	0.12810357955266824	0.13600926159596732
DLBCL10536	0.08496299012542144	0.16168966009248212	0.6037168634014981	0.08565527256907415	0.06397521381152417
DLBCL11534	0.08256996034755709	0.03940902158260306	0.6182262685543165	0.12035103982526128	0.13944370969026199
DLBCL10491	0.06622691324202062	0.4425703110393927	0.06353870716297197	0.4194987360723827	0.008165332483232113
DLBCL10513	0.3034667764912573	0.07760234017840001	0.19415188861904942	0.3774862562707791	0.047292738440514015
DLBCL10868	0.2737157315214279	0.020167987426460268	0.01988940700222486	0.44242189295506956	0.2438049810948174
DLBCL10858	0.1398892685199681	0.0038885802419579827	0.03830914926259801	0.4404609289927793	0.37745207298269656
DLBCL10547	0.10705378125650933	0.08408174333468332	0.042948139728243934	0.6389711113582123	0.12694522432235117
DLBCL10544	0.055640538575766736	0.004310591534482021	0.025085781472325087	0.7957448539287164	0.11921823448870968
DLBCL11491	0.09671237694491293	0.03425771820992243	0.10478367097744944	0.17717325678376133	0.5870729770839539
DLBCL11564	0.04838154973503944	0.007377997015530189	0.020170648729081395	0.8979756441010415	0.026094160419307552
DLBCL11459	0.06230466591684233	0.003825187502144943	0.030196237008642733	0.8894039685376792	0.01426994103469076
DLBCL_RICOVER_1045	0.4155909411926852	0.0646906709389295	0.059365720294789724	0.35442719213891244	0.10592547543468316
DLBCL10456	0.16286961527082994	0.018401205116821622	0.0908453526614858	0.5995255177243953	0.1283583092264673
DLBCL_RICOVER_985	0.08087312704359435	0.041635257662721255	0.1839137904271493	0.5382134559979611	0.15536436886857408
DLBCL_RICOVER_950	0.0819104020120581	0.011032031119100432	0.1297783764124259	0.7535282504023992	0.02375094005401638
DLBCL_C_D_1159_NULLPAIR	0.724138648722229	0.017879852296831155	0.018522815659577706	0.2150295304097579	0.024429152911604288
DLBCL_RICOVER_711	0.2974413373011181	0.46510701651825337	0.04538318150397512	0.18253140182705924	0.009537062849594172
DLBC_FF_A7CQ_TP_NB	0.004806693022812035	0.0028711047851720005	0.00041704722265780184	0.021423801060559074	0.9704813539087991
DLBCL10915	0.11018810375043733	0.1576235606438814	0.070382768138701	0.1201057217848254	0.5416998456821549
DLBCL10867	0.058892812506412213	0.2618737082104954	0.024105792209429745	0.06331748763945856	0.5918101994342042
DLBCL10992	0.010695574009762256	0.0024652327120375647	0.00538026079275099	0.01964592890570429	0.9618130035797449
DLBCL10887	0.007206788928799249	0.002386699191012282	0.007891802597846047	0.007857796166546811	0.9746569131157956
DLBCL10878	0.31667027005348103	0.05085338178302252	0.016892174671956292	0.05208572340263992	0.5634984500889002
DLBCL11431	0.04022960016433989	0.22544067436893023	0.04751014311149779	0.02119775655127753	0.6656218258039546
DLBCL10891	0.088755625951738	0.018920831495768994	0.057564354639309506	0.14835819499826455	0.686400992914919
DLBCL10521	0.00833011753691438	0.1663538430411795	0.002047997184965028	0.004775106684051489	0.8184929355528896
DLBCL11476	0.0939388067847152	0.044315612702565385	0.010617437802992666	0.01562532462843262	0.8355028180812941
DLBCL_MC_F519_ALT	0.0012082058713537025	0.002351018835711907	0.00036295102214959756	0.0033890651316603056	0.9926887591391245
DLBCL10866	0.023571042038862455	0.028347285371274494	0.01655593035041177	0.07668842995832917	0.8548373122811221
DLBCL_RICOVER_449	0.23274025194270717	0.011951590713255973	0.0017154647079173208	0.026972745517355352	0.7266199471187642
DFCIDL004_DT	0.33968657177747774	0.02098855878198801	0.04569776706055676	0.2182399468629892	0.37538715551698815
DLBCL_RICOVER_1287	0.053710108493041725	0.2676579971820832	0.04680160023429937	0.031365726513881094	0.6004645675766946
DLBCL10836	0.030729979204305414	0.00195716808518658	0.0057655783782630905	0.02879501407375419	0.9327522602584908
DLBCL10550	0.0	0.0	0.0	0.0	1.0
DLBCL_LS3200	0.009544961683082717	0.24772360976669625	0.01473028366590714	0.03762448921509253	0.6903766556692215
DLBCL10900	0.05057251769721204	0.014135674418233617	0.020260940983203787	0.06309883889564928	0.8519320280057013
DLBCL10853	0.018819015428864314	0.12670235193942883	0.003629309485270783	0.02688837709551203	0.8239609460509241
DLBCL_RICOVER_111	0.3511640027153936	0.036396441707201715	0.20916760214259789	0.14484865923200377	0.25842329420280286
DLBCL_RICOVER_417	0.0004672567045965147	0.0006573435100950278	0.00025364594167106484	0.0023829567295741523	0.9962387971140633
DLBCL10529	0.007919117155165174	0.042934121932926866	0.00513664845669448	0.02015088133207783	0.9238592311231356
DLBCL10847	0.15174897412446642	0.12939055090108892	0.019238991713139326	0.03674489649415316	0.6628765867671522
DLBCL_C_D_PAIR13	0.03910609598979361	0.13073034509745726	0.05118534907890651	0.04310494642766104	0.7358732634061815
DLBCL_C_D_1163_NULLPAIR	0.0005813113522403302	0.0002909952438778652	5.799461225449021e-05	0.0037281734547446846	0.9953415253368826
DLBCL10833	0.251760601437339	0.0247784318756725	0.009054392852914973	0.04260858282636499	0.6717979910077085
DLBCL10835	0.01511351350723612	0.21791214116567745	0.009177812341733637	0.05668380922180507	0.7011127237635477
DLBCL_C_D_1156_NULLPAIR	0.6005904059776449	0.07388268822995021	0.054527388405904736	0.14649003260556076	0.12450948478093941
DLBCL_RICOVER_977	0.7857898512435763	0.0011682602112966958	0.002429732812382481	0.06420698573794194	0.1464051699948027
DLBCL_C_D_1128_NULLPAIR	0.8947186260282015	0.02621105362369836	0.007929951510664947	0.0338166172714873	0.03732375156594792
DLBCL_RICOVER_451	0.7795062966736964	0.01605591027935626	0.07968818127216848	0.08029913710906586	0.04445047466571295
DLBCL10994	0.40860165365467677	0.19430710886686797	0.03956297604865414	0.1650993537809062	0.19242890764889484
DLBCL10884	0.890145048422878	0.007821432062265243	0.011350208778707615	0.06268152134426766	0.028001789391881478
DLBCL10931	0.9525581605583046	0.0009907136786843596	0.0012700759269665075	0.03306610393393216	0.012114945902112404
DLBCL11671	0.6166949117463933	0.13073579649094602	0.03704860950917425	0.14785916008153055	0.06766152217195576
DLBCL_LS1757	0.9391606830440232	0.015463821754777651	0.0030478177316923924	0.029439908928457187	0.012887768541049527
DLBCL11488	0.8801714259753695	0.0005602269325065597	0.0004442625372151752	0.041006770429987384	0.07781731412492142
DLBCL11496	0.8089178863603111	0.019556916031831326	0.02471517147314908	0.05238841611590291	0.0944216100188055
DLBCL10525	0.9536597632467575	0.0015997988005316361	0.0012800640085587262	0.030379327028720194	0.013081046915431986
DLBCL11430	0.3793729434943572	0.03745971625678354	0.16305014558691577	0.3691742212301553	0.050942973431788094
DLBCL11478	0.6357702322376816	0.06072510911180067	0.15911054997153887	0.08590903327351641	0.058485075405462494
DLBCL11202	0.14013923322826408	0.2737385940703014	0.4092078369559482	0.1457882335170195	0.031126102228466904
DLBCL10935	0.5634239618760561	0.19123161924946092	0.01483288853826853	0.03986079011428051	0.19065074022193393
DLBCL11470	0.29893095977340256	0.00693355566899318	0.011081236262075784	0.6543121370035604	0.028742111291968138
DLBCL_RICOVER_910	0.18661152799964184	0.15328486111324732	0.07310951852967103	0.44436069917615073	0.142633393181289
DLBCL10495	0.7722916322311113	0.07972315273283917	0.01507962724562515	0.06311990694165515	0.06978568084876918
DLBCL10844	0.5280646620414832	0.10103472644585558	0.02038202208053059	0.05640224655003423	0.29411634288209637
DLBCL10993	0.7353299496604376	0.02849146123720157	0.060971231360680986	0.11576364684998436	0.05944371089169539
DLBCL11519	0.31522244061442695	0.2141880560659677	0.053502856402279926	0.37953070337386124	0.03755594354346414
DLBCL_RICOVER_945	0.22042364692590805	0.269123197539057	0.10789328121441052	0.2523518226032395	0.15020805171738483
DLBCL_RICOVER_533	0.03323027578692643	0.8585085888371352	0.07336441580903297	0.024940265422282122	0.009956454144623234
DLBCL10903	0.008366058877063876	0.9210563336463785	0.04189617393044694	0.010388768841101825	0.01829266470500886
DLBCL_DFCI_DLBCL_GOE05	0.015564923600234176	0.39838765051119157	0.06487148290468758	0.014635419020821784	0.5065405239630649
DLBCL11673	0.045221397793246736	0.7377068352969431	0.1406836153194974	0.0588645054968571	0.017523646093455657
DLBCL_LS146	0.00460613722920582	0.9521895377620198	0.026515829588346924	0.011868224611910722	0.00482027080851674
DLBCL10517	0.008561960402070863	0.5135356116552229	0.44612075926544104	0.018586036771526097	0.01319563190573912
DLBCL11204	0.26376992752643724	0.4546814552868705	0.052982944897369405	0.096803142509719	0.1317625297796039
DLBCL11436	0.1921562135143862	0.2477249444402681	0.08499270109156451	0.21428127421759124	0.2608448667361899
DLBCL_RICOVER_467	0.0025891924677461566	0.6962881230113167	0.007876691388413409	0.020403386569973314	0.27284260656255044
DLBCL10922	0.04812737939223574	0.8527848014651755	0.036222783345704175	0.025744991086171308	0.03712004471071319
DLBCL_C_D_1117_NULLPAIR	0.1987581138410544	0.4961969169417326	0.05412637101699007	0.23216435871525798	0.018754239484964935
DLBCL11188	0.0007835016422580729	0.9924735604379574	0.001963834059243035	0.0009683912196370519	0.0038107126409043907
DLBCL10871	0.20649146634358234	0.5074237023716008	0.1304228736870174	0.04090785020133064	0.11475410739646882
DLBCL10549	0.01804885501352682	0.8482690338561815	0.10186949159227916	0.015785457172718755	0.016027162365293786
DLBCL10885	0.03541648458509807	0.3531124362270217	0.01749712989757255	0.10299332656366128	0.49098062272664633
DLBCL_C_D_1118_NULLPAIR	0.24641645713288096	0.49292266318816935	0.06008839944981767	0.141029200196792	0.059543280032339926
DLBCL11456	0.026257053937788166	0.797497902258154	0.07744604897016513	0.07815819101234223	0.02064080382155044
DLBCL_LS2089	0.00036035242145564055	0.789490787074125	0.0017342180337196924	0.0009231121146331551	0.20749153035606654
DLBCL_LS2245	0.06913550508581086	0.6565243318434246	0.2316284462109483	0.01749780428432337	0.025213912575492846
DLBCL_LS3245	0.0014888515622177574	0.8535924643205031	0.13774267165322102	0.0034169810681296225	0.003759031395928568
DLBCL10962	0.1510640715576533	0.4481630690515705	0.08253671417133067	0.06279038582562978	0.2554457593938158
DLBC_FF_8043_TP_NB	0.013785389091620803	0.9492699076743967	0.008798452202529847	0.010927213710145451	0.017219037321307275
DLBCL_LS4054	0.07307196574124247	0.6829828677214119	0.03149413568870758	0.10322706625463325	0.10922396459400477
DLBCL10452	0.007774703317185778	0.9137094465617924	0.058482776273569	0.00372740549018722	0.016305668357265532
DLBCL_DFCI_DLBCL_GOE07	0.04273568758613152	0.7664602526943936	0.0274334213353728	0.020995375289867845	0.14237526309423423
DLBCL10503	0.11362016383830076	0.3619924952119817	0.1837371423802688	0.02313477123430675	0.317515427335142
DLBCL10512	0.18010035919302533	0.40083678278727014	0.12631325266423996	0.017355786714827938	0.2753938186406366
DLBCL11670	0.033131357570528444	0.09903554301380552	0.7499570709435934	0.07253230515815488	0.0453437233139178
DLBCL11590	0.3304891368057389	0.019479731855177394	0.31373003241413266	0.18160471841349404	0.154696380511457
DLBCL_RICOVER_978	0.2694479563119606	0.07050901834299664	0.08086203992791009	0.4483728734170908	0.1308081120000419
DLBCL10910	0.11117399245451252	0.2757564513773901	0.3807864173354908	0.12759102720753462	0.10469211162507193
DLBCL11656	0.0021397236134771363	0.0016936712578523485	0.979636528283628	0.01156057944339347	0.004969497401649046
DLBCL10472	0.13463691055735283	0.02298998345271606	0.36267147814126516	0.4490478162050562	0.030653811643609648
DLBCL10465	0.002076558374963835	0.048960686884444576	0.9316383209641803	0.01430498494618975	0.0030194488302215006
DLBCL10856	0.09214365793182255	0.04864667922446597	0.14964753483970175	0.15061120002884545	0.5589509279751643
DLBCL11566	0.0029718700986962597	0.15588399865026487	0.8201466322339226	0.014411067699561356	0.006586431317554958
DLBCL_RICOVER_577	0.19195563899276194	0.27207148820314375	0.35325707068587037	0.034103869304069584	0.1486119328141543
DLBCL_LS2599	0.020325966936695625	0.05662530035958411	0.8538933511856116	0.03789644024472287	0.03125894127338581
DLBCL11515	0.11558452593241249	0.2004166755656308	0.20750012979749266	0.09096403231857732	0.38553463638588675
DLBCL11528	0.22683479892296127	0.4345580855763064	0.23401453677001888	0.07134608914922456	0.0332464895814889
DLBCL10936	0.19664482728698413	0.42058101487728017	0.018801780120493782	0.07749749735424029	0.28647488036100177
DLBCL_RICOVER_408	0.11435468990371273	0.7324641936490451	0.07525559977130403	0.042503936599734365	0.035421580076203746
DLBCL_LS4616	0.0022677034981093015	0.27758377757676705	0.6808435243775232	0.025810618400832205	0.013494376146768298
DLBCL_LS762	0.024597941410939638	0.04404086914250291	0.06712238791327431	0.039866134432042954	0.8243726671012402
DLBCL11667	0.06735777114991248	0.32154484848854964	0.5072454262099477	0.0805918104373638	0.023260143714226383
DLBCL_LS2357	0.05136754675676476	0.001932833350447555	0.027003111563298758	0.9074270801598083	0.012269428169680569
DLBCL_LS3499	0.45299720787318376	0.21151042880977305	0.04246782727294316	0.18524798201276066	0.10777655403133929
DLBCL11576	0.0973643469538184	0.21972539781284756	0.090060903563728	0.5733401591871526	0.019509192482453343
DLBCL10782	0.3086053352901063	0.14967094085737837	0.021884835135815635	0.45750183657448995	0.06233705214220974
DLBCL10565	0.02210011612398558	0.013023781986024554	0.9097059261739983	0.04771808015865884	0.007452095557332778
DLBCL_RICOVER_1018	0.05314220978391458	0.5172524878290764	0.043946428094960896	0.207036767397821	0.17862210689422708
DLBCL10564	0.06533257101437151	0.13784182920777993	0.3953420263360506	0.2999685089896999	0.10151506445209818
DLBCL11437	0.41172258045508936	0.01759534700102147	0.027107927330709245	0.489917414624364	0.05365673058881586
DLBCL10974	0.12767186715782816	0.06420590833913177	0.12914515592380166	0.31159409568412244	0.3673829728951159
DLBCL10927	0.28049214650244436	0.016468952415431774	0.026035487568722374	0.6404250687271419	0.036578344786259605
DLBCL_RICOVER_274	0.05621817595754687	0.15440100835998302	0.03868135140754439	0.36209065180036604	0.38860881247455975
DLBCL11658	0.07154920615852714	0.006037263506997826	0.03596727046255709	0.7511337623738771	0.13531249749804078
DLBCL10552	0.36650556142859	0.016816251227417228	0.15181427004078366	0.4542280785704591	0.0106358387327499
DLBCL10553	0.10462061995141454	0.0952345286314089	0.17348904301784226	0.5048885057077753	0.12176730269155903
DLBCL11536	0.06598284580954847	0.299609055277541	0.03484792392990274	0.49219048043695734	0.10736969454605037
DLBCL11500	0.016524007491107738	0.014874545250315483	0.01785126372528718	0.015992399673119693	0.9347577838601699
DLBCL10530	0.010751301008035218	0.1121997948218254	0.004336190574157964	0.02527579255712368	0.8474369210388577
DLBCL10951	0.0006816501000441184	0.0044317251308554715	0.00017901324867068786	0.0013967401223596804	0.9933108713980701
DLBCL11353	0.002235199935022964	0.02774767513517347	0.010677558576631708	0.009425932839337778	0.9499136335138341
DLBCL10534	0.007863053899393912	0.04793601641937531	0.006179365301827882	0.018785992839048065	0.9192355715403548
DLBCL_RICOVER_850	0.06634845517192982	0.19900479162913584	0.03779320525446118	0.17860618965318403	0.5182473582912891
DLBCL10890	0.001968273163356345	0.012069214145981035	0.0008128886391462278	0.0078046201230607916	0.9773450039284556
DLBCL_RICOVER_1289	0.05822661133295444	0.00786163395572271	0.02029269709905897	0.20210961352288687	0.711509444089377
DLBCL_RICOVER_1106	0.024233377511719303	0.0929566600219279	0.016800572887638688	0.11747033214082088	0.7485390574378933
DLBCL_RICOVER_221	0.0012892606523739907	0.008315287345853975	0.0014032040674662378	0.006079237628251635	0.9829130103060542
DLBCL_RICOVER_1248	0.067829209029882	0.07408613632725129	0.0009495692610734669	0.018000731204007286	0.8391343541777859
DLBCL_RICOVER_1278	0.12744526977100046	0.03929519720962966	0.033651258254019864	0.4173644764159242	0.3822437983494259
DLBCL10852	0.03280640261915104	0.09342818765342083	0.011273534601165147	0.032120646574213596	0.8303712285520494
DLBCL10781	0.005520724240335145	0.008339668831632362	0.0016432490479232034	0.02527609802148878	0.9592202598586205
DLBCL10880	0.015899267070216598	0.01728165801736402	0.006734472856475452	0.006419975032026029	0.9536646270239179
DLBCL10535	0.08568845338059537	0.08647593380832544	0.08421012283364196	0.04173777897179071	0.7018877110056465
DLBCL10909	0.07492981735477809	0.04143064980113679	0.38262959279669173	0.3407855770695883	0.1602243629778052
DLBCL10921	0.014190259303592504	0.5795564632957605	0.016683372975943567	0.0209671925735238	0.3686027118511796
DLBCL11195	0.005402494167777201	0.0949836401709731	0.0020020442561528872	0.012359916784400928	0.8852519046206959
DLBCL11450	0.009503809135059691	0.05211387026096305	0.002241301246211076	0.025096006887607613	0.9110450124701586
DLBCL10895	0.007371248356980424	0.14502397584244134	0.015586364522862536	0.016928961903027912	0.8150894493746877
DLBCL_LS2208	0.059726518204880105	0.10338779502647642	0.15410039798020397	0.027668944457189364	0.6551163443312501
DLBCL10862	0.0010691514340021694	0.005310183683420236	0.0007956850890769938	0.0029893560048443	0.9898356237886563
DLBCL_RICOVER_314	0.02190005379037941	0.18755631439854337	0.03474744462890174	0.02225057345333493	0.7335456137288405
DLBC_FF_8042_TP_NB	0.01379551913516962	0.18282492465110747	0.537415614213211	0.017639073470095884	0.24832486853041602
DLBCL10883	0.042170356133027796	0.015426643948984709	0.009273566085382516	0.04083677871510087	0.8922926551175041
DLBCL_C_D_1125_NULLPAIR	0.0014492860227680027	0.012243179568002612	0.0017623205493127036	0.0062467884199142445	0.9782984254400025
DLBCL_C_D_1144_NULLPAIR	0.1009033497216372	0.28678257192712897	0.09769296863871002	0.09669756596161799	0.4179235437509058
DLBCL11472	0.3972624138033478	0.013539701147460123	0.12350506767117221	0.41171757557092703	0.05397524180709289
DLBCL11512	0.2585116119648727	0.2306607732862025	0.09751396878440137	0.3874888096682964	0.025824836296227033
DLBCL11681	0.565795258372854	0.005416499001403557	0.1727233665806699	0.11103255281280772	0.14503232323226475
DLBCL10482	0.3954298456269804	0.06700067019478727	0.036499997296524256	0.08867441627797513	0.412395070603733
DLBCL_LS2154	0.4247625878982328	0.3140683090264826	0.09487858503084586	0.10596323720313554	0.06032728084130323
DLBCL11474	0.670916160735067	0.027093911522420418	0.0366173901381604	0.18824811130454736	0.07712442629980487
DLBCL10968	0.8211700040280837	0.003186156834324551	0.005654268337604902	0.1094309077880438	0.06055866301194307
DLBCL11480	0.3283638955574627	0.11890499974232449	0.2860500194569203	0.07467806082296366	0.19200302442032885
DLBCL11486	0.8925246304445307	0.009238216341452343	0.010313814346980687	0.04120445533158592	0.04671888353545038
DLBCL11435	0.4908874147226476	0.005162947242943499	0.04280947539229022	0.35567137764014445	0.10546878500197426
DLBCL10451	0.1485040268236963	0.028842069505033197	0.7459409819418787	0.06672720478563056	0.00998571694376123
DLBCL_RICOVER_473	0.4109337960035797	0.15596918358835737	0.08063333462911729	0.22910792678714656	0.12335575899179915
DLBCL11205	0.7545906315662092	0.07993794585144065	0.09076639477595976	0.05959565819193934	0.015109369614451008
DLBCL11457	0.3988433324846465	0.00753655884374453	0.2006842516588399	0.27867033251097995	0.11426552450178905
DLBCL10969	0.1673794044917133	0.5454476713372027	0.19586298301705624	0.02249879162038473	0.0688111495336429
DLBCL10490	0.5710346312140288	0.0445320175522781	0.055671589727488466	0.20267680192308793	0.1260849595831168
DLBCL10486	0.3216639900185352	0.1700512440566942	0.05575625374505633	0.10098841083824173	0.3515401013414726
DLBCL10458	0.8869629108493022	0.008204921124386966	0.03558274360192994	0.061582844682941	0.007666579741439885
DLBCL10972	0.8545034518628567	0.02128777567425972	0.01869886700525293	0.04101595227678823	0.06449395318084236
DLBCL_MC_F262_WLC	0.9248192843437145	0.004618748802812395	0.004461328436144074	0.03823612734863975	0.027864511068689216
DLBCL_MC_F307_JPS	0.6380655826501638	0.06735452246298668	0.046435547161061304	0.16282956757496847	0.0853147801508198
DLBCL_LS378	0.9260681365536345	0.004876850997107022	0.02595311109196991	0.03579987863699357	0.007302022720294979
DLBCL10957	0.35598913370058427	0.04073493747461291	0.2650537177119849	0.28447200746535223	0.05375020364746584
DLBCL_C_D_1105_NULLPAIR	0.14035305917376192	0.8197352502934314	0.014286669322105459	0.008474593732440527	0.01715042747826072
DLBCL_RICOVER_174	0.0035198251155203458	0.9853155599693982	0.005050603497219458	0.0038318750445311116	0.0022821363733308087
DLBCL10985	0.2478236351678274	0.44941638640626314	0.0633015035386117	0.17727966726400718	0.06217880762329058
DLBCL_C_D_1126_NULLPAIR	0.14099885326563377	0.6818074303281509	0.03798572211355596	0.057141032951898596	0.08206696134076073
DLBCL10834	0.011127185279931489	0.9535880766446936	0.02567292996463098	0.001960547272613581	0.007651260838130334
DLBCL_RICOVER_1210	0.024074777819511166	0.8785731266657505	0.06691868550981729	0.01541146368116882	0.01502194632375227
DLBCL10906	0.04779957573515734	0.5960665829872913	0.036712553996440446	0.03882310268127276	0.2805981845998381
DLBCL_RICOVER_299	0.0011368802381164337	0.7467967519686892	0.24195869116849136	0.003298912490624375	0.0068087641340785566
DLBCL10502	0.04347661523970261	0.534402249867246	0.36003604649727294	0.0523614429012993	0.009723645494479157
DLBCL10954	0.04128212856228338	0.8342793986554305	0.018144786824723282	0.010655889518118564	0.09563779643944424
DLBCL_RICOVER_253	0.005636949395194288	0.8898036566941829	0.03286808514816602	0.0014016437765955615	0.07028966498586123
DLBCL_RICOVER_1060	0.32178358160995596	0.3996400800971185	0.039531405469061844	0.03642914903740832	0.20261578378645528
DLBCL_RICOVER_1165	0.08972288828748044	0.5191503833528593	0.13543044345630034	0.05353136166033319	0.20216492324302665
DLBCL11003	0.07157880967289738	0.7237802477749106	0.03877646502726038	0.008949080037925935	0.15691539748700567
DLBCL10780	0.018232224780292627	0.5128387948485719	0.37647655525966983	0.07951019197370544	0.012942233137760354
DLBCL10934	0.021271245526408813	0.33319704276658907	0.007808236115329023	0.04418487953323314	0.59353859605844
DLBCL_RICOVER_496	0.05697459121038638	0.8127703879954042	0.056360569307764105	0.04337869303151735	0.03051575845492789
DLBCL_C_D_1119_NULLPAIR	0.15129451502408192	0.7991575508967707	0.015867655771250173	0.018423969542442846	0.015256308765454448
DLBCL10460	0.0005588241512795717	0.9902491149662228	0.005415818618181645	0.001579409507826294	0.002196832756489638
DLBCL10850	0.01607902662197933	0.940095397013983	0.013443866012975432	0.009792256925563198	0.02058945342549904
DLBCL_LS1668	0.06228056826568781	0.31781658915679967	0.26273365832687073	0.21903860427907698	0.1381305799715648
DLBCL_C_D_1131_NULLPAIR	0.020420566205891052	0.8103574712468047	0.07193814074810086	0.027294201203609536	0.06998962059559391
DLBCL11484	0.022163625841636832	0.7744597798157129	0.06611782574149479	0.037865241263529074	0.09939352733762641
DLBCL10483	0.003954321009947208	0.8231007518675582	0.09454922702681953	0.006477887034990661	0.07191781306068439
DLBCL11449	0.1035580049034672	0.3210044082541722	0.048759119180145465	0.03719381347857046	0.48948465418364473
DLBCL_MC_F064AB	0.01257839000098795	0.007389615498295354	0.9132789882665249	0.058085600990507504	0.008667405243684315
DLBCL_RICOVER_522	0.02833571341059196	0.04954513164363275	0.7922598211756935	0.10830953820365447	0.02154979556642731
DLBCL11441	0.17613254127666342	0.014953714687351165	0.08048366847548846	0.38479011192246054	0.3436399636380364
DLBCL10459	0.001895596113292552	0.06658700338371126	0.9158858134448804	0.011018453376442762	0.004613133681672988
DLBCL10498	0.012222960418471311	0.04958753860181538	0.8264559910217467	0.09875512920706564	0.012978380750900948
DLBCL_MC_F349_BJJ	0.00026968881113316673	0.0006658992557710211	0.9953607586835771	0.003188294309712837	0.000515358939805925
DLBCL_LS155	0.027327301596782025	0.011116030884241117	0.813885923465298	0.12015318228516866	0.027517561768510217
DLBCL_C_D_1112_NULLPAIR	0.34919722355576993	0.17311227857739495	0.2984960817738896	0.07790870628540211	0.10128570980754342
DLBCL_C_D_1113_NULLPAIR	0.044112369574730116	0.04424963998117898	0.7948949960128077	0.05518748897822833	0.06155550545305493
DLBCL_LS1098	0.012017575649263179	0.005269646362411599	0.9494890576437423	0.02746339981004671	0.0057603205345362184
DLBCL_C_D_1133_NULLPAIR	0.009130856532966575	0.06443370617407529	0.902484634245568	0.015107107821466868	0.00884369522592322
DLBCL10523	0.16198714770840653	0.05652354012593478	0.5699395563775368	0.18401702980361834	0.027532725984503594
DLBCL_RICOVER_744	0.014401416479429352	0.009004845645194038	0.8913122991335097	0.08037947186740264	0.004901966874464264
DLBCL11675	0.03732763854361538	0.004432280432661796	0.708196654624016	0.12284717134247661	0.12719625505723023
DLBCL_C_D_1141_NULLPAIR	0.050131960481438816	0.1736770967991538	0.6950942296683278	0.014092886957115039	0.06700382609396459
DLBCL_RICOVER_216	0.051164955730710934	0.08130190015361588	0.618000525335837	0.06975683693927202	0.17977578184056411
DLBCL11526	0.5005094958989426	0.14266649193387956	0.283900470176591	0.060106138078469706	0.012817403912117192
DLBCL11666	0.010165770564447129	0.042059794077692475	0.9285807424712875	0.017034666060392327	0.002159026826180581
DLBCL11458	0.34546668373887174	0.13380390817094429	0.46122900782123427	0.03942634450033371	0.020074055768615953
DLBCL_RICOVER_1061	0.16179758474126638	0.006825410975081284	0.09671203369785909	0.6991401314242283	0.035524839161565
DLBC_FF_8062_TP_NB	0.15499137041291802	0.05317506730171924	0.2891277517279842	0.4786139598395954	0.024091850717782966
DLBCL11002	0.5324221216529607	0.04464229389738446	0.1285906335678323	0.25096009093883825	0.043384859942984286
DLBCL11433	0.08032999825495436	0.005822844499332413	0.14067466553740635	0.41659553258842924	0.35657695911987747
DLBCL11447	0.1281911524155681	0.025873480537380644	0.02812127892466946	0.46345408172797375	0.35436000639440807
DLBCL_MC_F139_LJF	0.15788797645294067	0.012810119948970758	0.023974590173079235	0.7813837359767563	0.023943577448253026
DLBCL11527	0.12162761712231493	0.019213287810816167	0.49029537815211804	0.2539498040776845	0.11491391283706633
DLBCL_LS2590	0.04371138036541834	0.011496709736379878	0.03505357644327143	0.549667808084734	0.36007052537019635
DLBCL10539	0.10357651229476754	0.3984578651092888	0.10596960260064343	0.20254978012776437	0.18944623986753573
DLBCL10965	0.23104850363612592	0.029574373453052156	0.08529357231258908	0.36117548239326175	0.29290806820497123
DLBCL_MC_F218_RAP	0.6658613115881342	0.026476091588563348	0.06375991085537479	0.20435511966526312	0.03954756630266447
DLBCL11460	0.08293361183535715	0.05281912172076452	0.04798014178643957	0.775463282119673	0.04080384253776586
DLBCL_C_D_1109_NULLPAIR	0.18067053797931018	0.01293643853674701	0.034632728724067044	0.6541564305347177	0.11760386422515802
DLBCL_RICOVER_701	0.229848964947418	0.029516327636652802	0.057726500976750056	0.599433467442711	0.08347473899646819
DLBCL10863	0.17338923512008095	0.011639224081915514	0.032060789159147084	0.34769797768443367	0.4352127739544227
DLBCL11206	0.002338571069365606	0.9118583956938326	0.009321640485940537	0.0016096165124252614	0.074871776238436
DLBCL10901	0.06866610238802213	0.22457027644489327	0.06325030066017384	0.11146306225792808	0.5320502582489827
DLBCL10860	0.005781774411310438	0.015267429341893358	0.014882716759967496	0.006413603330491587	0.9576544761563371
DLBCL_RICOVER_1032	0.008798299372471877	0.26611222892198577	0.003494927094979304	0.020834269618091258	0.7007602749924717
DLBCL10908	0.024532255916864313	0.4166659324101295	0.33089449608543064	0.02377022714194157	0.20413708844563397
DLBCL10999	0.046818525257689425	0.02920289178418128	0.05115481354927886	0.19262180056591638	0.680201968842934
DLBCL10930	0.21526864728444625	0.03812810282894426	0.0017982297663357832	0.020833866733970332	0.7239711533863034
DLBCL_RICOVER_506	0.0032349753939975093	0.5803173205788889	0.006247502610383046	0.02207736671946652	0.388122834697264
DLBCL_RICOVER_712	0.002146559461285052	0.01623540449950292	0.002251444173771864	0.008485815703884824	0.9708807761615553
DLBCL_RICOVER_956	0.02846787305104494	0.2537010949758754	0.01361987149282736	0.016994304913547486	0.6872168555667049
DLBCL10990	0.0014167989963978906	0.010235872863196794	0.00039226114142966277	0.0020569732028266896	0.985898093796149
DLBCL10925	0.028181600755965326	0.06937063296903936	0.009628569766538217	0.09029733614636477	0.8025218603620923
DLBCL10857	0.2110662227827016	0.0277097452785478	0.014263865467869695	0.1438295893416448	0.603130577129236
DLBCL11538	0.15701985000739674	0.019526030467822537	0.5003104989211582	0.2477909132359913	0.0753527073676313
DLBCL10902	0.04730760385711518	0.14810250721987098	0.07737987351051863	0.09627926535418885	0.6309307500583063
DLBCL10889	0.05206520996379385	0.020682418228595748	0.06430753901075816	0.20330360862166136	0.6596412241751909
DLBCL10842	0.0013916514134583388	0.0033029837406082564	0.00047497809192632124	0.005236407589985126	0.9895939791640219
DLBCL11504	0.42235218704334737	0.08131844978192657	0.04460196369700923	0.10690210519328822	0.3448252942844287
DLBCL10963	0.02129159421358138	0.29819242935328694	0.01088322365654533	0.0671385787263836	0.6024941740502028
DLBCL_RICOVER_720	0.02525257197830869	0.4402556798675043	0.01941472281718745	0.01806705602835656	0.49700996930864294
DLBCL_RICOVER_773	0.02344465666083051	0.21906077773381094	0.08748947255688336	0.028674632009801835	0.6413304610386733
DLBCL10532	0.07619410327270618	0.017628659435759236	0.2798794373688507	0.22390079630220625	0.40239700362047764
DLBCL_RICOVER_1192	0.0008170710249538238	0.013995926779737435	0.0005482097032599043	0.003787093267833383	0.9808516992242154
DLBCL10980	0.02822145682421351	0.28245360548412013	0.030037104465652914	0.01466808210026116	0.6446197511257523
DLBCL10977	0.002449122345692787	0.0009595318554642965	0.0005928893278451974	0.0027482890680459544	0.9932501674029518
DLBCL11000	0.0007253052639194345	0.0014024555224346738	0.0017593930216493526	0.0037046516178636775	0.9924081945741329
DLBCL10898	0.01677618176811946	0.09945482992456407	0.002776506693592363	0.012773234778007025	0.868219246835717
DLBC_FF_A7CX_TP_NB	0.2926488154306701	0.047289104056253924	0.3243562022102209	0.1474569611627432	0.18824891714011188
DLBCL10877	0.40751832232891966	0.12611303016925457	0.07373071537487448	0.07294590796939888	0.3196920241575523
DLBCL10492	0.7555392659642706	0.025122426294421837	0.006737044642500263	0.062488635314539555	0.15011262778426773
DLBCL11501	0.5701831254557216	0.13822722740713536	0.08325511047299902	0.07014348553072743	0.1381910511334166
DLBCL11477	0.9230444515078574	0.004426652780488178	0.011015507279819422	0.03737788043519214	0.024135507996642803
DLBCL_LS3809	0.8006653184145551	0.041020408537177366	0.009155822932283803	0.1060192630176903	0.043139187098293424
DLBCL10971	0.15747573280808538	0.29845494840347886	0.024690609230805904	0.029171982982983187	0.4902067265746466
DLBCL10462	0.7442571923755947	0.033635773956349126	0.08200509593997603	0.06679854506989412	0.07330339265818599
DLBCL_LS2367	0.5510617908923644	0.1762219869662008	0.03361533978342146	0.10233942165544686	0.13676146070256656
DLBCL10542	0.8456732756632535	0.00714440585784079	0.02480728131408072	0.05568219693158095	0.0666928402332441
DLBCL10928	0.5353652264645296	0.2189493901084642	0.10399404680425539	0.05944086580035018	0.08225047082240063
DLBCL10896	0.7191497316274085	0.021201490970643035	0.013093187742429341	0.059102967328348084	0.18745262233117105
DLBCL10918	0.27138148849944677	0.05466355399395683	0.01566176491891619	0.04020663312156419	0.618086559466116
DLBCL11473	0.7018051966179198	0.07294510540082777	0.02035367922482835	0.16324451074157187	0.04165150801485216
DLBCL10548	0.15882200248456252	0.4818624475479153	0.02922264792511856	0.1430311543635798	0.18706174767882386
DLBCL11676	0.6322776070851185	0.05656339207621992	0.14042409297175262	0.13473100077127403	0.036003907095634904
DLBCL11509	0.6833465914216192	0.06392714686203751	0.08664021041118847	0.11879675916922149	0.047289292135933324
DLBCL10875	0.39471526733204737	0.27709630581576666	0.11811043284370205	0.1425475527530588	0.06753044125542515
DLBCL10450	0.1438962703376756	0.06212615668161378	0.03161683097820333	0.12999860351987674	0.6323621384826306
DLBCL10966	0.7651802355942021	0.026051638561495564	0.09216856775469573	0.10643393623125802	0.010165621858348562
