	0	1	2	3	4
DLBCL11472	0.48271677997284596	0.018203066181594764	0.16246967474553214	0.2585860859652801	0.07802439313474709
DLBCL_MAYO_DLBCL_3653	0.22332646765765668	0.03523789121229731	0.11355605855124921	0.16782560283593279	0.460053979742864
DLBCL_C_D_1130_NULLPAIR	0.9234965138530467	0.010337086794151806	0.0027539014803459848	0.0193118903719933	0.044100607500462206
DLBCL10993	0.6199179211427751	0.04518207813066253	0.1119698480266778	0.15694246225345607	0.06598769044642853
DLBCL10935	0.6790318042556294	0.15613514660206643	0.013864289810884027	0.032063051063986235	0.11890570826743392
DLBCL10869	0.11837659819017292	0.020922563061664852	0.729468741962995	0.06019993152747652	0.07103216525769068
DLBCL11486	0.8634481597613658	0.007173462670355079	0.005031006849716659	0.042608897837926415	0.08173847288063602
DLBCL11512	0.26364309366806343	0.2690889253772139	0.0803202182660513	0.32945104152501753	0.057496721163653924
DLBCL10896	0.7160644467187967	0.028875272951204508	0.01664085249230902	0.07687081528610379	0.1615486125515861
DLBCL10997	0.6902897314224061	0.027211629390075064	0.016992337166971648	0.13453363909354965	0.13097266292699752
DLBCL11652	0.18526947110585917	0.5457769639171844	0.0739643666734263	0.0570434729733001	0.13794572533022997
DLBCL10969	0.1784404599175907	0.27893563465316834	0.161508483743261	0.04727045048970322	0.3338449711962768
DLBCL10971	0.14694821677035963	0.5445887658607709	0.01883871180474924	0.03477030941866074	0.2548539961454596
DLBCL_RICOVER_338	0.4766280017184141	0.012911117520468295	0.1408148661258988	0.30110288055659995	0.06854313407861881
DLBCL_LS378	0.9398873625274461	0.00509530822859579	0.027087994375299358	0.02205686657464731	0.005872468294011381
DLBCL10509	0.09275059587637746	0.7830566769299762	0.022230802036064617	0.05396739908822789	0.04799452606935384
DLBCL11477	0.9120542546239792	0.006229611088861817	0.018612897639164083	0.03231257436165083	0.030790662286344122
DLBCL11473	0.7939809592683178	0.024839238163625613	0.007224475067198664	0.11696444922202295	0.056990878278835005
DLBCL11474	0.6918720107644285	0.018785317947441867	0.030257469097904086	0.18861580207571968	0.07046940011450592
DLBCL11480	0.3537955783407899	0.1196552125688854	0.23267872654267385	0.08532230796522214	0.2085481745824287
DLBCL10957	0.25945321938882615	0.019388940364452614	0.3588745639119467	0.2993758330921039	0.06290744324267054
DLBCL10918	0.42279272610892626	0.02457098756941192	0.006234025960546909	0.057166157847926224	0.4892361025131887
DLBCL_LS1757	0.9151746466505583	0.02620053503458651	0.006170425831021697	0.03382206164069155	0.01863233084314197
DLBCL10495	0.6475435172734764	0.130032867730438	0.012584316374297565	0.040940303832906415	0.16889899478888168
DLBCL11484	0.015201932376429526	0.7957297708765133	0.05284867686950363	0.025534807519426862	0.11068481235812673
DLBCL_C_D_1136_NULLPAIR	0.008790132954207023	0.8846304988916458	0.06897289756010344	0.00719311030942978	0.030413360284614
DLBCL_LS1668	0.07895217189952265	0.21679309149882914	0.31488714624122494	0.24079596471510373	0.14857162564531948
DLBCL10873	0.1392537553463174	0.36764109042074816	0.05030110572606377	0.27222791956416686	0.1705761289427038
DLBCL10885	0.028591115828064895	0.25508002498725596	0.011927251083774109	0.10212161768900527	0.6022799904118997
DLBCL11673	0.05456278357778917	0.6765443238989224	0.16861159077159707	0.07621875240415367	0.024062549347537703
DLBCL10903	0.016377896534941556	0.8918064951541486	0.03766510641458254	0.010163733979459836	0.04398676791686751
DLBCL11436	0.17398866967952437	0.30788721407957614	0.06378552790223975	0.22421664575573616	0.23012194258292354
DLBCL_RICOVER_467	0.013345997222538862	0.6062254617763909	0.010069170584420145	0.03827193650550731	0.3320874339111428
DLBCL11188	0.003512665994875792	0.974728890786622	0.00409355133068713	0.001794815130710554	0.01587007675710455
DLBCL10849	0.012592488887240854	0.7444668554940359	0.0072101913426529576	0.00611359273502716	0.22961687154104313
DLBCL10834	0.004210171475880487	0.9520413903546363	0.01763391944937297	0.0013665527304971316	0.024747965989613124
DLBCL_RICOVER_401	0.009437945894974811	0.6319680923111075	0.3343674308772513	0.021915480415320224	0.0023110505013461758
DLBCL_RICOVER_1060	0.33689179573675615	0.3580195837308838	0.02315719042109367	0.03289105535027487	0.2490403747609915
DLBCL_LS2089	0.00046177704710685376	0.8601935449524287	0.002778725944028824	0.0007385962773163439	0.13582735577911925
DLBCL_C_D_1118_NULLPAIR	0.22104073448101072	0.5095616033804306	0.07364153999301758	0.14974426645123046	0.046011855694310655
DLBCL11203	0.04029896838411227	0.7982899547078801	0.04971673182424966	0.07130350904736077	0.04039083603639718
DLBCL10907	0.09977308864612429	0.21047490409072495	0.0729020442257823	0.08028144898780837	0.5365685140495601
DLBCL10954	0.01257580408841664	0.8385205696048259	0.02122379367395255	0.014986699197325076	0.11269313343547985
DLBCL_RICOVER_533	0.06534374918690855	0.8370763643380825	0.057282436782422244	0.02771936859129557	0.012578081101291093
DLBCL10934	0.05693368823222404	0.34180850195649437	0.015881994573793624	0.08922330366275509	0.4961525115747329
DLBCL_MC_F500_ECU	0.03307031935894508	0.7307951098624447	0.034161361596043	0.021921863828625793	0.18005134535394146
DLBCL10480	0.017200595130265367	0.9212300334884296	0.006171779940976612	0.0026372024424567188	0.052760388997871756
DLBCL11003	0.03487007268656494	0.7006557954022617	0.017443839795835178	0.007366082954912152	0.239664209160426
DLBCL_LS3204	0.13321458444957227	0.6003715946200343	0.0992227275068853	0.136151123282402	0.031039970141106182
DLBCL_LS1395	0.023258598048337055	0.10027030134583782	0.7769864976112077	0.0766716647413149	0.022812938253302474
DLBCL11669	0.09108339320552039	0.13588764362206698	0.7041502000487121	0.044280282978432804	0.024598480145267693
DLBCL11541	0.05816415665863157	0.16957166507547025	0.6504956659666077	0.06488254896447303	0.05688596333481749
DLBCL_C_D_1141_NULLPAIR	0.030616223044575716	0.23507444235571948	0.6455988659972564	0.016087857976972895	0.07262261062547555
DLBCL11469	0.03548544666890238	0.1679139282098967	0.5543018560207361	0.04142187985294099	0.20087688924752387
DLBCL11458	0.3695123290654748	0.08166671031042594	0.42700500254481566	0.09050780766194967	0.031308150417333966
DLBCL10554	0.36125211623004644	0.012414324680943747	0.5443915254309685	0.0624300339534954	0.019511999704546024
DLBCL11670	0.021019871222936155	0.1268640363856801	0.7518793666483335	0.0367324180380126	0.06350430770503757
DLBCL_LS2325	0.011324820066777002	0.2642815304350037	0.6344692648711614	0.06714765221434572	0.022776732412712164
DLBCL10459	0.005954610699534485	0.14825497707537474	0.721485312505798	0.0827170378738609	0.041588061845431935
DLBCL_LS4593	0.027456588292972206	0.09462112856423088	0.7853182612405666	0.06252126029720675	0.03008276160502358
DLBCL_LS4616	0.003956042560239031	0.2446323438773953	0.7069133160578374	0.0347721437939066	0.009726153710621698
DLBCL11515	0.0815658595600097	0.17668619998670695	0.28606432256663644	0.08914196952241367	0.3665416483642333
DLBCL11525	0.13764248885568856	0.01956102635910318	0.7030531418676216	0.07562471197713934	0.06411863094044734
DLBCL_RICOVER_320	0.1391986323300835	0.051596621788141936	0.6884740059284911	0.07292826757301753	0.04780247238026592
DLBCL11656	0.018056775019882117	0.004958739997844546	0.8628155512822837	0.04937010653113969	0.06479882716884998
DLBCL11566	0.0023263390784456902	0.13521437074883028	0.8362050799625069	0.014074357183366143	0.012179853026850925
DLBCL11439	0.470272003215782	0.04452311580465555	0.18695303540841962	0.24308832676465875	0.05516351880648406
DLBCL11468	0.2088795428017433	0.13367563831513718	0.3212177140473707	0.29584410207432776	0.04038300276142094
DLBCL10564	0.04367680423656072	0.1183557305623099	0.49436008730934544	0.2442640671750927	0.0993433107166913
DLBCL_MC_F218_RAP	0.7180584918373871	0.03191698763485308	0.0911320025749902	0.12806119015766254	0.030831327795107156
DLBCL10965	0.28653081425266236	0.021930685675915485	0.04215252167412456	0.3316360403639465	0.31774993803335105
DLBCL10973	0.2789093904287716	0.03213223724846449	0.37622631196685713	0.19809477465676295	0.11463728569914385
DLBCL_LS2590	0.07146851176422472	0.010419991104069779	0.04236724900933869	0.49411820322699884	0.381626044895368
DLBCL10527	0.038428965616614505	0.010481712293100947	0.06296702077554846	0.8318262792121484	0.056296022102587745
DLBCL10927	0.2662707906698489	0.005131312751098096	0.018194506716451668	0.6856585071823557	0.024744882680245706
DLBCL_C_D_1115_NULLPAIR	0.17986770230448657	0.2745486553272287	0.04734904602966507	0.3999461208901275	0.09828847544849222
DLBCL11471	0.20003786715894983	0.16738990360470513	0.09179454819215835	0.14369080706354137	0.39708687398064535
DLBCL_C_D_1109_NULLPAIR	0.25709722548435027	0.012878886042786131	0.028386163406575498	0.518359349217983	0.18327837584830517
DLBCL11467	0.19387348666190332	0.20280309880164818	0.17443256410157604	0.11795453065192353	0.310936319782949
DLBCL_RICOVER_151	0.15479770595411133	0.19951980529483437	0.032372429989426764	0.46583144643925034	0.14747861232237716
DLBCL10544	0.044444152031652584	0.006016893955982474	0.029670493018835942	0.8291720297570061	0.09069643123652288
DLBCL11564	0.04756218306761027	0.009332305131799248	0.03008573554804046	0.8623197243065516	0.050700051945998484
DLBCL10970	0.10249339065398361	0.23946214072161248	0.09447435248107905	0.5234513144598634	0.04011880168346144
DLBCL_RICOVER_701	0.1547117297986455	0.023069668943388532	0.05150980300443375	0.7120580356700005	0.05865076258353172
DLBCL10550	0.00016104352927431414	0.00043537650768345177	3.468085100374896e-05	0.0007446801784567703	0.9986242189335817
DLBCL10837	0.0516632691137602	0.16582177016102928	0.025359168150535766	0.15221238409937246	0.6049434084753023
DLBCL10915	0.15086812040692238	0.19918458728996302	0.12401941555543557	0.2132085583834758	0.3127193183642033
DLBCL10902	0.04007008293994564	0.16795186860617076	0.07131928537578353	0.07882947672796854	0.6418292863501316
DLBCL10880	0.02503798473744867	0.02579525866548135	0.014065653033017161	0.01014580137852467	0.9249553021855281
DLBCL_RICOVER_773	0.016614012501232425	0.11953389502684093	0.043618659741010785	0.032669397028335635	0.7875640357025802
DLBCL_RICOVER_1289	0.06512000613130695	0.01004698160304747	0.01997545270283293	0.1549225810711403	0.7499349784916723
DLBCL10899	0.13053215505572321	0.07447723969791262	0.006842197777182449	0.12911825290406548	0.6590301545651163
DLBCL10901	0.056787780377805096	0.206317486588907	0.04101267563670146	0.07288982650452983	0.6229922308920566
DLBCL11195	0.012755027218055928	0.13403195297315837	0.004949126712616215	0.03141157031745125	0.8168523227787182
DLBCL10864	0.018983477329751426	0.04490208304966042	0.006364301133658433	0.019064162189573363	0.9106859762973564
DLBCL10980	0.02631409597865091	0.24611097107345375	0.01645515434100053	0.02187593274559366	0.689243845861301
DLBCL10889	0.05950208484139622	0.025968332751149483	0.05879232192355997	0.18544713944190333	0.670290121041991
DFCIDL004_DT	0.20307547512437762	0.01767472553979407	0.0303550768423466	0.1847563603901673	0.5641383621033145
DLBCL10999	0.026060717111735302	0.023511964396530194	0.04923984599569761	0.22201842267028707	0.6791690498257499
DLBCL_RICOVER_1190	0.31475385307397513	0.1115781476629755	0.052774972155376736	0.028210347107212395	0.49268268000046034
DLBCL10781	0.005742075318077174	0.0074563531661469475	0.001574029589981022	0.022062700841562432	0.9631648410842324
DLBCL11495	0.26166366489759535	0.012157584982510282	0.012856766856312077	0.14480264483658103	0.5685193384270013
DLBCL_RICOVER_417	0.0013695870174089057	0.0009706166641370936	0.00029861572591027006	0.004845388665299418	0.9925157919272443
DLBCL_RICOVER_1032	0.012630092817713984	0.22712744777617974	0.004954684787904458	0.01913364552789651	0.7361541290903053
DLBCL_LS3200	0.005050840528806688	0.29653940255023425	0.015911457232469735	0.03479952785627324	0.647698771832216
DLBCL10530	0.011024746698456355	0.09715731170698307	0.005388656773502402	0.04111372049123697	0.8453155643298212
DLBCL10862	0.0	0.0	0.0	0.0	1.0
DLBCL_RICOVER_1287	0.07044743047842508	0.37827423419808187	0.06788335626894208	0.03347119274864494	0.449923786305906
DLBCL10848	0.23440253840524922	0.009083866508456748	0.02438920137971843	0.11135682761480721	0.6207675660917684
DLBCL_RICOVER_850	0.08067916155367812	0.1620429824499878	0.03597244977205517	0.16489651768600863	0.5564088885382703
DLBCL10457	0.03138614035037739	0.06546891119260598	0.02457808691456033	0.0126811778895955	0.8658856836528608
DLBCL10961	0.005885232533637312	0.28153756636778254	0.014988300214606808	0.022927434626215753	0.6746614662577577
DLBCL10975	0.6770262631810601	0.005309158641126128	0.004889409870171629	0.1674934210436296	0.1452817472640126
DLBCL11537	0.8699078772044752	0.0009020297202185364	0.0009207540827018423	0.030468206006841685	0.09780113298576276
DLBCL_LS3809	0.7889586415026669	0.028537491117250072	0.012310524986639404	0.05048900265239238	0.11970433974105127
DLBCL10462	0.7478296085336443	0.01686989928390432	0.11925231808190993	0.04835741406263194	0.06769076003790947
DLBCL11662	0.7332097604471951	0.013172293162708335	0.03242097440061534	0.08360439802772625	0.13759257396175492
DLBCL10913	0.9553692497698965	0.003713954486270508	0.002781923982630858	0.028087586232382313	0.010047285528819842
DLBCL11454	0.7552262805666744	0.019078378794001677	0.04378742116889261	0.17190407150332576	0.010003847967105541
DLBCL10450	0.17280751513726703	0.06975105799625048	0.03682853429675155	0.16271461718310223	0.5578982753866287
DLBCL10914	0.21085596914225668	0.1571810719407859	0.4814293467468983	0.07732567003797981	0.07320794213207926
DLBCL10490	0.4385157209649788	0.09057413132300333	0.03594277252592399	0.2218204476822886	0.21314692750380526
DLBCL11429	0.879107831797194	0.006346993398127763	0.004491469374628056	0.06764823408917943	0.042405471340870755
DLBCL11539	0.7579203442780279	0.005424553340999801	0.02010962963556447	0.20767208626912587	0.008873386476281945
DLBCL10492	0.8752895553509131	0.015914295096371257	0.005272534711537457	0.03955867845510959	0.06396493638606852
DLBCL10894	0.225736292322335	0.5301293813582951	0.022000003298316088	0.12574496891243622	0.09638935410861754
DLBCL10986	0.2922245465473619	0.1668387283224535	0.32651625632325026	0.1581264072365969	0.05629406157033741
DLBCL10950	0.9338432426265622	0.004330086557097281	0.009285837938030615	0.033260209128685755	0.019280623749624245
DLBCL11191	0.663543860871621	0.05189406630984823	0.07478661135842156	0.19716339323149115	0.012612068228618083
DLBCL10959	0.8181161594997383	0.032185411740849386	0.014463014744102878	0.08120354647232877	0.05403186754298066
DLBCL11434	0.6443443802719786	0.07090729829972205	0.06513955222845658	0.19063350506366455	0.028975264136178274
DLBCL10515	0.6882420808562032	0.0771478423078888	0.04940173087751719	0.10234486417213513	0.08286348178625567
DLBCL_RICOVER_945	0.3027163022381939	0.23395018676956192	0.06989599112511322	0.27407659023263053	0.11936092963450048
DLBCL11482	0.5873254338905596	0.008860024836284222	0.0717731829402633	0.13406726697155816	0.19797409136133476
DLBCL11496	0.7911914117688646	0.03304538226467643	0.02508656158060277	0.045219154011194564	0.10545749037466154
DLBCL11565	0.014287969092479957	0.803462927809864	0.05028668681223105	0.03754167493867104	0.09442074134675398
DLBCL11679	0.0638603793267624	0.8128147401437162	0.09542961472640019	0.01418395858171736	0.01371130722140379
DLBCL10780	0.02180155962625779	0.5768439044200525	0.313143276996784	0.07371056068665532	0.014500698270250403
DLBCL10983	0.025629606831703174	0.46299730894211455	0.005424679765070772	0.03327317576910633	0.47267522869200523
DLBCL10988	0.003910105518232171	0.9756465479533617	0.00861065057433804	0.006129072096976604	0.0057036238570915224
DLBCL10981	0.1088325484010641	0.39848220864572514	0.05834452803063127	0.276504810598424	0.15783590432415553
DLBCL_MC_F729_MAN	0.0035323290087984766	0.9389766771059819	0.0027990014741067232	0.0013832381085282395	0.05330875430258472
DLBCL_RICOVER_299	0.001945262259359035	0.7928391544252902	0.19183032552767162	0.0031773048163633733	0.010207952971315735
DLBCL_C_D_1126_NULLPAIR	0.1492706048445929	0.6014438431102272	0.054339527655124294	0.052176531303123996	0.1427694930869315
DLBCL11516	0.13383243267140263	0.6135836576152764	0.06716286256432781	0.04740979458973131	0.13801125255926178
DLBCL_LS3749	0.015341208339085189	0.8902103007600919	0.04262380271478118	0.04140602118624635	0.010418666999795398
DLBCL10503	0.09950876207849213	0.5893081431530378	0.17931577729308157	0.017878874906660576	0.11398844256872796
DLBCL10487	0.14875599646189286	0.5623002472269999	0.21332050478456255	0.05977200204257424	0.015851249483970455
DLBCL_LS2245	0.07809363513281875	0.6997079868338788	0.175916953843848	0.015404013950628714	0.030877410238825752
DLBCL10906	0.04501819179321472	0.5444769567586419	0.017233806962460147	0.02384388553374185	0.3694271589519414
DLBCL10989	0.07020131863324815	0.5817711972220323	0.03519343896543874	0.008869347439653532	0.3039646977396272
DLBCL11498	0.03172677303498941	0.9164852442231295	0.019879890391230785	0.008371232740895993	0.02353685960975427
DLBCL10850	0.009429685597490127	0.954444040314879	0.008119924799731908	0.006752158244579206	0.021254191043319836
DLBCL_MC_F739_AMA3	0.013295241396984797	0.6469090273776698	0.3226697966186574	0.01000450024592843	0.00712143436075959
DLBCL10917	0.04074058270194654	0.8888316623869154	0.030095666190717046	0.02314465633055058	0.01718743238987051
DLBCL10871	0.16301832067347619	0.3547807525593606	0.20179161494566333	0.062169763513135044	0.21823954830836498
DLBCL_LS3245	0.0015170409915644606	0.8762899824789597	0.11473846172937874	0.0026576825144760405	0.004796832285621007
DLBCL10502	0.02333941792781533	0.634290398566754	0.28408075105739766	0.03632044864334433	0.02196898380468875
DLBCL10453	0.03852844312721301	0.27555553675884853	0.025498114879382094	0.06979074102867372	0.5906271642058826
DLBCL_RICOVER_948	0.0020111296377166724	0.7387790320802154	0.2195267461542084	0.007840054706968178	0.03184303742089134
DLBCL11518	0.6469840886407263	0.1348829822372428	0.12183781404264368	0.050256184261028125	0.04603893081835909
DLBCL11428	0.009632262000225246	0.20369968987696757	0.7530260517349069	0.02460049054776336	0.009041505840136917
DLBCL11590	0.27093007424941695	0.016505110700650777	0.40853505714370564	0.19298187536673714	0.11104788253948948
DLBCL_RICOVER_408	0.10662846534145129	0.49346754574848056	0.32036016644782966	0.05513651089190348	0.024407311570334926
DLBCL11573	0.03412889872859819	0.32711293247612216	0.5929337708130669	0.019344260115404428	0.026480137866808362
DLBCL_DFCI_DLBCL_GOE16	0.001323562740744088	0.0010370963403771236	0.9890506051237467	0.007510057052797329	0.0010786787423347818
DLBCL_LS2328	0.010611971248273415	0.7221182543917343	0.22766625912478644	0.03703003301294201	0.002573482222263819
DLBC_FF_8046_TP_NB	0.017824788928106756	0.020082579624409753	0.8221980945577155	0.04997104695850377	0.0899234899312642
DLBCL_LS1098	0.012953994986661508	0.006021454121933898	0.9379521664824213	0.03777824025207655	0.005294144156906793
DLBCL_MC_F815_BAT	0.02013913734032423	0.1212070995865802	0.6491088372855709	0.13622126478471058	0.07332366100281414
DLBCL11542	0.005856756838922467	0.18073677110397396	0.7748210942752389	0.03620286639566523	0.002382511386199411
DLBCL_LS762	0.019719164382021113	0.042177900146278584	0.051318214763377897	0.03691050117270585	0.8498742195356166
DLBCL11666	0.008355957002158977	0.04388478941183877	0.9312242661766598	0.012423920400417952	0.004111067008924592
DLBCL10498	0.022893886571811937	0.046910767847089536	0.803400660530023	0.11352585786340813	0.01326882718766736
DLBCL_MAYO_DLBCL_234	0.32284083729123664	0.02291636287528516	0.25084820021622467	0.2626106877129702	0.14078391190428338
DLBCL_RICOVER_978	0.331203109370578	0.10257721630359057	0.2817608427876249	0.25855729603159006	0.025901535506616568
DLBCL_C_D_1112_NULLPAIR	0.28212286603065884	0.1250115646846494	0.4206079416082448	0.10487461789736045	0.06738300977908657
DLBCL11441	0.32036797161453195	0.015163238611161044	0.1487147386652652	0.28745992002552084	0.228294131083521
DLBCL10879	0.020889742252244874	0.015378873111459874	0.7556117064047156	0.10391804689280928	0.1042016313387703
DLBCL10456	0.1391548586383518	0.020365280997252842	0.08019347300782252	0.6509907078215871	0.10929567953498574
DLBCL10547	0.10824799990755923	0.07722476629428332	0.04961026646560747	0.6307764936198854	0.13414047371266455
DLBCL10782	0.3003563181104716	0.1230599708584492	0.021671362631835445	0.4874312850014795	0.06748106339776433
DLBCL11536	0.09637960436926453	0.4641397626281505	0.04988880158634727	0.298177047771607	0.09141478364463085
DLBCL_C_D_1103_NULLPAIR	0.1099340540664574	0.07998250712919643	0.20747059416198205	0.5680133075851513	0.03459953705721282
DLBCL11433	0.12971117982890312	0.009006699097663938	0.16423699540328107	0.319534934846281	0.37751019082387105
DLBCL11455	0.22402463130882633	0.0713027153869565	0.10581032617574676	0.31155996333341407	0.2873023637950565
DLBCL_RICOVER_950	0.059322668793769975	0.006763328696634214	0.11947738734383928	0.7953058620488105	0.019130753116946096
DLBCL10539	0.12874198602313525	0.34191704863479694	0.09201815202283725	0.21407262817687367	0.22325018514235703
DLBCL11504	0.2354407709212558	0.13175084679868332	0.03206016517863598	0.09930167763283583	0.5014465394685891
DLBCL_MC_F139_LJF	0.08016883749369802	0.008559358392959	0.026958830427358315	0.8640726236987955	0.020240349987189158
DLBCL_RICOVER_361	0.036862412325121774	0.003876747795012464	0.08761188126660464	0.8347116552348445	0.036937303378416636
DLBCL_BWH_DLBCL64	0.4250453775684208	0.22437249725258915	0.09057721575372832	0.24036810535042633	0.019636804074835427
DLBCL10978	0.12462745960371908	0.1046916880763045	0.10032865255664832	0.47499804281907926	0.19535415694424893
DLBCL10974	0.12404844421300365	0.07147920717095284	0.13844770636587134	0.21586220118143534	0.45016244106873676
DLBCL10932	0.09915736962763365	0.010659603163724043	0.033651026532420344	0.8194990316958389	0.037032968980383024
DLBCL_C_D_1125_NULLPAIR	0.0014324481654742842	0.010316548669114193	0.0012581035404063614	0.008441445881318272	0.9785514537436869
DLBCL_RICOVER_1106	0.028471633853325636	0.07630142677735936	0.01381867359997061	0.14850614670438753	0.7329021190649568
DLBCL10471	0.0010472817957057612	0.0037563153057723333	0.0003145153139357894	0.003715643849280523	0.9911662437353056
DLBCL10876	0.0009681327612266543	0.007130786974058219	0.0004953697922689627	0.005006755708767378	0.9863989547636788
DLBCL11450	0.007990240085626182	0.03430902752248866	0.002415320368863977	0.036938085010739745	0.9183473270122814
DLBCL10857	0.222203951179923	0.02406562480629168	0.013937290067624586	0.11285586528796852	0.6269372686581922
DLBCL10890	0.026036749511301204	0.07531662484632111	0.005574272380099115	0.02744713128952849	0.86562522197275
DLBCL10532	0.0467021696341846	0.011595517087841421	0.27382066869992955	0.2837430035280644	0.38413864104998
DLBCL_RICOVER_134	0.013973476071732648	0.21357042716979346	0.010982336746351958	0.042730549727879374	0.7187432102842426
DLBCL10904	0.06783722240344986	0.07274313593541175	0.07683236524303563	0.08793274202449831	0.6946545343936045
DLBCL10847	0.09423088757767246	0.08842672946883261	0.00923103905073916	0.024166170794959346	0.7839451731077964
DLBCL_RICOVER_314	0.04095347848641931	0.2445134638639957	0.053131027367100535	0.03682356601215894	0.6245784642703256
DLBCL10924	0.0063535141193730325	0.0199859079783061	0.010784155490449945	0.04933464014711123	0.9135417822647597
DLBCL_RICOVER_712	0.003151805509612057	0.011807173914353826	0.0008049616179605877	0.00818418928272299	0.9760518696753505
DLBCL10853	0.022915367043902637	0.061414934678044	0.0018068133735257013	0.03314631035593218	0.8807165745485954
DLBCL10887	0.012260394730545295	0.004053886129331521	0.01576498567536974	0.011887930814688672	0.9560328026500647
DLBCL10854	0.04171329725283189	0.07639002960779605	0.10730939937175887	0.19838268579310303	0.5762045879745101
DLBCL_RICOVER_1329	0.03769603711615557	0.3087523725778692	0.006094018005063492	0.0069427174802911	0.6405148548206206
DLBCL_RICOVER_449	0.30394355455938893	0.025440328042598347	0.010797227292759788	0.03067222992200695	0.629146660183246
DLBCL10838	0.03365280019111241	0.1322985563500301	0.0028587469282759393	0.008670565627220241	0.8225193309033614
DLBCL11206	0.002372087980470225	0.9046210867398712	0.0066518142340305925	0.0022790175650646022	0.08407599348056341
DLBCL10984	0.013396338684012188	0.18441772860489292	0.012461168622888265	0.062088643142121175	0.7276361209460854
DLBCL10836	0.08715808549641776	0.005804940654177268	0.006682154999243819	0.04356449237410535	0.8567903264760558
DLBCL10566	0.05237391849033031	0.3421163962049224	0.023331103913030882	0.018942412298189014	0.5632361690935274
DLBCL10842	0.0008134877393005323	0.002142197375124191	0.0005161494921895124	0.00406414232558739	0.9924640230677984
DLBCL_RICOVER_1293	0.08442014151454162	0.0551463222929358	0.014930164667560083	0.03594197935333672	0.8095613921716258
DLBCL10916	0.00942336953907942	0.18667179482122398	0.014599233367389476	0.052680014688799834	0.7366255875835073
DLBCL10883	0.05354892951741088	0.02270398019949474	0.012521294006945306	0.03737474551346589	0.8738510507626832
DLBCL10451	0.24047359207708313	0.022434821264293577	0.6351743184143296	0.0853207958907045	0.01659647235358914
DLBCL_RICOVER_829	0.8087963750016685	0.011803749754315163	0.016304347652043794	0.11501478555401673	0.0480807420379559
DLBCL11677	0.9069229800183572	0.011986899154465188	0.0257507699703142	0.03768684597648971	0.01765250488037366
DLBCL11478	0.7468123953214109	0.048920829600441945	0.09587853166878868	0.0724138904973397	0.03597435291201885
DLBCL10843	0.294698551052616	0.061436954234534116	0.032490758222209946	0.0817982064294427	0.5295755300611972
DLBCL10968	0.7971979219795112	0.0023153475324176904	0.002974260256374479	0.16274899044517982	0.03476347978651678
DLBCL10486	0.36073611695455743	0.1587391780972807	0.03290199104243938	0.10707338213351918	0.3405493317722033
DLBCL_RICOVER_826	0.8794954682228681	0.010758861947964622	0.011374976584708492	0.07702748013793313	0.021343213106525736
DLBCL10897	0.9569334957241165	0.004870846813737427	0.002390294054013591	0.01862835998349159	0.017177003424640947
DLBCL10994	0.21129692878132394	0.222386373438705	0.08156664533801694	0.16206536396520085	0.32268468847675325
DLBCL11481	0.6787565089958961	0.014575102540104266	0.1937504512178859	0.060928832885417554	0.05198910436069617
DLBCL_C_D_1129_NULLPAIR	0.9270699929926288	0.0014399503535281713	0.030501376635630243	0.017563704129611148	0.023424975888601634
DLBCL11202	0.13744872995285454	0.283366890414071	0.44479203187502814	0.10979487798152421	0.024597469776522083
DLBCL11663	0.5017912303352268	0.1071599862871327	0.10351416313915926	0.06217818236354547	0.2253564378749358
DLBCL_LS951	0.6463699407219755	0.07685418687923498	0.10767428198093659	0.11151670827922337	0.05758488213862958
DLBCL11501	0.5256127660054374	0.1624141748788454	0.09197241199131694	0.09113241678453608	0.12886823033986422
DLBCL11470	0.7825478060745037	0.0025102439530058007	0.010834674957257834	0.18804499031584962	0.01606228469938313
DLBCL10542	0.861818262373456	0.004813293362137774	0.023273495100516805	0.04411407176544035	0.06598087739844904
DLBCL_MC_F132_MLM	0.9281368948891229	0.003723909889068977	0.005928560625920573	0.040986016886043315	0.02122461770984431
DLBCL10548	0.30470301410750783	0.33739862161078976	0.017322029786778274	0.1453923548542569	0.19518397964066725
DLBCL10884	0.8067281633143976	0.009987360822116341	0.01704811248808265	0.13932093605937557	0.026915427316027828
DLBCL10996	0.9668543622122009	0.0003611290953842336	0.006218678607154603	0.021061066887476873	0.005504763197783394
DLBCL10458	0.8750659097396086	0.011795991151811534	0.057699840314356696	0.05113829562543355	0.0042999631687896025
DLBCL10947	0.0766129315344205	0.6515317974594451	0.012122938644116713	0.013557333272030138	0.2461749990899874
DLBCL10519	0.018518006564742857	0.6834057572174034	0.26421827046349733	0.017211568395178557	0.016646397359177834
DLBCL10985	0.11768747404848613	0.6231486488221505	0.06958488016017747	0.1415335591753594	0.048045437793826425
DLBCL_RICOVER_335	0.04789855540545277	0.7985262987652257	0.01579542263628279	0.12507720183228652	0.012702521360752183
DLBCL_C_D_1135_NULLPAIR	0.13506180966923312	0.7395732534617554	0.027748977297425592	0.08297725710685616	0.014638702464729715
DLBCL11479	0.04572561772243124	0.3487207297991586	0.5303573537589384	0.033882998581593174	0.04131330013787868
DLBCL11449	0.12024465995999221	0.39455290020160894	0.09839203769652818	0.04655912767138845	0.34025127447048237
DLBCL11446	0.49612273664750056	0.18773292902019245	0.08666784252914918	0.11035622215830587	0.119120269644852
DLBCL_RICOVER_288	0.057865027916349954	0.8981026981723135	0.014636110277968557	0.019653639796386117	0.009742523836981869
DLBCL_RICOVER_174	0.007609086455554901	0.9763848525200887	0.005935232735881135	0.007357289135683404	0.0027135391527918656
DLBCL10846	0.745095576899454	0.10006499975604942	0.03366591088825969	0.05836556167114015	0.0628079507850967
DLBCL11208	0.10276315631108524	0.4164423626742489	0.06358539893664891	0.0691392565175909	0.348069825560426
DLBCL10517	0.02518490550683632	0.524905045249696	0.3706372371998584	0.039094227426900045	0.04017858461670932
DLBCL_MC_F089_HCZ	0.0070204398720075285	0.8511508004185959	0.10047156424538978	0.01722700159061514	0.024130193873391582
DLBCL_RICOVER_678	0.01339391215483225	0.9377281985871171	0.014349165712490048	0.0023522008636311974	0.0321765226819294
DLBCL_LS4054	0.07996228967166923	0.6376611499871696	0.039638639539693994	0.13992912863612297	0.1028087921653442
DLBCL10962	0.10805850061852551	0.4682598200672232	0.10762625270375738	0.050455979602237695	0.2655994470082562
DLBCL11466	0.17887526070413268	0.16190739685141622	0.1116617079987461	0.3470207843124395	0.20053485013326539
DLBCL_RICOVER_583	0.034643984810922145	0.4703862882273781	0.030198373233664602	0.018393982544820484	0.44637737118321463
DLBCL_LS1065	0.006605749938143132	0.9688929198940388	0.00828594524595842	0.002662056249858835	0.013553328672000762
DLBCL11507	0.10374836834563544	0.7131756018929233	0.0777727631109334	0.03954974915062985	0.0657535174998781
DLBCL_RICOVER_1046	0.004060475566634666	0.632791579964049	0.3189178476606358	0.015148491377415075	0.02908160543126541
DLBCL_LS146	0.00894003159223584	0.9190096230234818	0.02812431773124271	0.009242327279562004	0.03468370037347773
DLBCL_C_D_1117_NULLPAIR	0.15529883586383575	0.5348209492508209	0.052716807650070974	0.23526962991453035	0.02189377732074213
DLBCL11591	0.0016593886941181628	0.6454737985110038	0.32602694012556566	0.020079342484853394	0.006760530184458931
DLBCL_RICOVER_440	0.0062672651423841454	0.7208231488445532	0.25813643465442504	0.006738708425842125	0.008034442932795498
DLBCL_RICOVER_522	0.060204352920709685	0.048754796563140614	0.6965669935071302	0.17237956411196706	0.02209429289705242
DLBCL_RICOVER_216	0.050620714390288875	0.08864687172433455	0.6764599174220987	0.07094959429386404	0.11332290216941386
DFCIDL009_DT	0.06276939180192417	0.20524396814164145	0.6524162282609578	0.03152926137979851	0.048041150415678066
DLBCL10472	0.14748721587931754	0.07115313249862708	0.4824744041617101	0.27971341634268554	0.01917183111765974
DLBCL_MC_F362_MJB1	0.017574858681189288	0.25818370024614956	0.4481100630693034	0.05485989984602757	0.22127147815733025
DLBCL_MC_F064AB	0.022839157998418413	0.011571508408058288	0.7521765024298114	0.1523839961473962	0.061028835016315716
DLBCL11651	0.043283065538769275	0.06314006256983244	0.7000858850034619	0.06150523509075055	0.1319857517971858
DLBCL_LS1304	0.0123492881586033	0.04118536213504316	0.7068881914713478	0.059747171611465956	0.17982998662353977
DLBCL11672	0.014584692061839655	0.0034634249061739246	0.924744927417906	0.0365599543803185	0.020647001233761935
DLBCL_C_D_1133_NULLPAIR	0.02225668760170976	0.11685763500471467	0.8176902569995083	0.018005856846134625	0.02518956354793266
DLBCL10549	0.04233854909159526	0.6511017103216645	0.26011793518675175	0.033401408828515604	0.013040396571472839
DLBCL10856	0.10577046723753117	0.038950897138915065	0.11429251009136443	0.16467029909049896	0.5763158264416904
DLBCL_RICOVER_866	0.05601951446949321	0.059531174839651174	0.456565551685845	0.41473442650195275	0.0131493325030579
DLBCL11569	0.006821677183402693	0.05000610600916518	0.9191217101215394	0.021165788913451982	0.002884717772440673
DLBCL_RICOVER_258	0.2279907041688256	0.03358002871692938	0.4098795265456696	0.11719240739682323	0.21135733317175215
DLBCL10522	0.04717663479145526	0.0075871999162373995	0.8859698256018339	0.03551555276922121	0.023750786921252178
DLBCL11685	0.0015482480625295366	0.0012759024488089652	0.9841819706748874	0.010318320853764202	0.002675557960009889
DLBCL_C_D_1157_NULLPAIR	0.32902003169944616	0.029271602035275682	0.4913219194352145	0.13286548356291872	0.017520963267144866
DLBCL10939	0.09520365654560807	0.005785507449398183	0.043614495419345436	0.829204833579255	0.026191507006393326
DLBCL_C_D_1151_NULLPAIR	0.3574590168724065	0.014551346359517315	0.043288336390318226	0.5682109608044557	0.01649033957330232
DLBCL11460	0.07624190066406422	0.05256308710692984	0.07938038708758335	0.7501702388678042	0.04164438627361833
DLBCL_C_D_1153_NULLPAIR	0.08710497538538525	0.07909512422554907	0.01297167617796134	0.1787942158326426	0.6420340083784618
DLBCL10565	0.0252005455208416	0.030508975933472716	0.8680346316475217	0.052367413710027635	0.023888433188136368
DLBCL11437	0.5537702449338401	0.008446789947731475	0.02890967805414892	0.3127842775415799	0.09608900952269961
DLBCL11459	0.05891145829387195	0.0048955116057879545	0.04426777035344092	0.863590726719937	0.028334533026962243
DLBCL11657	0.165140828893213	0.35060802140446357	0.2716778121156179	0.15838675864207183	0.05418657894463383
DLBCL_RICOVER_274	0.052550191983087406	0.0976397390190986	0.031437095931310395	0.36343448935576056	0.454938483710743
DLBCL10553	0.12627640906494397	0.07424642948165286	0.1571125245415127	0.4453057185553118	0.19705891835657863
DLBCL11196	0.05066765729471985	0.0011443415255952651	0.024174659320805893	0.888238965137061	0.03577437672181795
DLBCL_LS3499	0.52873391779577	0.15313752674348488	0.044605388646163584	0.17176207612326375	0.10176109069131789
DLBCL10868	0.346710641019334	0.025732638158965215	0.019453130266664783	0.37254121234190035	0.23556237821313555
DLBCL10552	0.37529781110848254	0.007961748852847457	0.06893269776886636	0.5409464908907744	0.006861251379029214
DLBCL10513	0.27507782907435463	0.06664115915459917	0.16039477615976983	0.47015119246185805	0.02773504314941829
DLBCL_MC_F927_JHS	0.03502823725122367	0.16854871816314623	0.10305439214393576	0.028002010387591626	0.6653666420541027
DLBCL_RICOVER_1219	0.0017477434311608546	0.0017644837790831897	0.00017849118715137726	0.009064338576343327	0.9872449430262612
DLBCL10860	0.009767925190055208	0.028135655580014504	0.015685238147068813	0.006209940672817666	0.9402012404100438
DLBCL11500	0.01123693710684679	0.02216129425782034	0.01684496373144428	0.022028358811179188	0.9277284460927094
DLBCL10908	0.023756700174482386	0.4380477721454528	0.2955275166244203	0.021110371448099758	0.2215576396075448
DLBCL10454	0.10349508657313598	0.5529858726983605	0.04465811961730881	0.01532079053761477	0.2835401305735799
DLBCL11476	0.08701437105186616	0.10316875343000562	0.0330269021916977	0.04641639972146902	0.7303735736049615
DLBCL_RICOVER_111	0.36382479818397784	0.09119153741706405	0.21024342735517867	0.09722509159047939	0.23751514545330007
DLBCL10881	0.12386218183522882	0.030827519714979486	0.001974942075811867	0.047682830132429674	0.7956525262415503
DLBCL10485	0.008242179460153515	0.26375498400163233	0.008289737722225106	0.05115508433961049	0.6685580144763785
DLBCL10964	0.010274179805766873	0.029765866715359645	0.014676972467383937	0.1504437297090071	0.7948392513024825
DLBC_FF_A7CR_TP_NB	0.05609917627454478	0.02893769329672978	0.19161044083693185	0.10922190658441709	0.6141307830073764
DLBCL10900	0.172876085740753	0.017697463823587892	0.0037897324251811564	0.05573050662945345	0.7499062113810245
DLBCL_RICOVER_1204	0.06520271441894318	0.022728802382572254	0.029922543891489052	0.31310096374037644	0.569044975566619
DLBC_FF_8042_TP_NB	0.03756486944164502	0.1584807050080605	0.4467222396836419	0.0434681390558684	0.3137640468107842
DLBC_FF_A7CX_TP_NB	0.3357665532831168	0.04671231143467178	0.26970221028937835	0.15551529740149658	0.19230362759133673
DLBCL10909	0.09204773672773507	0.08250327440028597	0.11565677905427077	0.4955324187076389	0.2142597911100692
DLBCL10878	0.3404172852375899	0.013939484188498188	0.013223303095782344	0.0811908683150676	0.551229059163062
DLBCL_C_D_1140_NULLPAIR	0.18671847966796914	0.08814321166746023	0.27071180607646533	0.22460199026940314	0.22982451231870205
DLBCL11004	0.005192751887288207	0.004939679824552802	0.0009337381862869476	0.027967689515423895	0.9609661405864481
DLBCL_RICOVER_173	0.08388234404232985	0.04096685724287523	0.06923187552578344	0.22864893340110906	0.5772699897879024
DLBCL10977	0.006023369835886473	0.001731008119494247	0.0011969142340122346	0.007316024336523957	0.983732683474083
DLBCL10521	0.02433324167307112	0.26786733694421777	0.0028441169725495793	0.007340140781007334	0.6976151636291542
DLBCL_MC_F519_ALT	0.0035811580368555413	0.003663709645711649	0.00040143048787773185	0.006264324422188044	0.986089377407367
DLBCL10895	0.02981022866555009	0.4434384764508431	0.026113438120328767	0.009763148210214715	0.4908747085530633
DLBCL_RICOVER_1192	0.0028561050886721806	0.03220799149346335	0.0024294799244711208	0.07940993159241808	0.8830964919009753
DLBCL11510	0.20949916787177772	0.31925196959424434	0.05066389262072375	0.10516902027922247	0.31541594963403186
DLBCL10925	0.033312869894105666	0.08585439723090664	0.008353255576732643	0.08533229432655005	0.787147182971705
DLBCL10877	0.4652067926224987	0.141805957728794	0.038899634290976266	0.05936931190698894	0.294718303450742
DLBCL11488	0.8881253785534952	0.0003533565630695831	0.0004436153493454439	0.025032664993846373	0.08604498454024344
DLBCL10928	0.6120487812707609	0.17452897205362358	0.13496667915161528	0.044595284454293754	0.0338602830697065
DLBCL10931	0.9478730483660752	0.0012874768484298876	0.0018570354599215457	0.030892703758919532	0.018089735566653813
DLBCL10912	0.7786716996011562	0.05699322008106959	0.12303714122572475	0.027344224142203957	0.01395371494984542
DLBCL11519	0.2993589830677862	0.16386777078638642	0.08497201807053897	0.42540656561290424	0.02639466246238411
DLBCL11457	0.45215142680011833	0.014013432679057448	0.10865311593781567	0.2714383505933317	0.15374367398967695
DLBCL11659	0.34939269451057636	0.07882064655569822	0.3124067950277184	0.17007978469945445	0.08930007920655265
DLBCL10525	0.9685073681643922	0.0015780510820467123	0.0016951783552591512	0.018921865230337957	0.009297537167963978
DLBCL11435	0.45299533919915225	0.005997943877151844	0.0184615673990781	0.4105823223893481	0.11196282713526962
DLBCL11432	0.3262931596210433	0.015601243983591749	0.153340088090476	0.28427849834844643	0.22048700995644246
DLBCL11205	0.78036722678385	0.05201828097178932	0.1168799766214123	0.04099752656116463	0.00973698906178383
DLBCL11509	0.5167924299835636	0.12734668629365656	0.0888808361647852	0.12432765769468589	0.14265238986330878
DLBCL_RICOVER_977	0.8883675550104102	0.00043860761551290826	0.0008202692876979519	0.033242646018040056	0.07713092206833884
DLBCL_C_D_1114_NULLPAIR	0.9362683480631063	0.002632228460144777	0.0033852766898830548	0.05152693842714666	0.006187208359719179
DLBCL10945	0.85052261670394	0.004945640771272089	0.0011487834675217511	0.030771863215555074	0.112611095841711
DLBCL_LS2367	0.48171643843299966	0.16923168231794786	0.03952159597082032	0.07242414056868074	0.2371061427095514
DLBCL11430	0.4295408312332403	0.02525305580909354	0.16763945240163255	0.3375355007319047	0.040031159824128984
DLBCL11681	0.5107615319673722	0.005470889913112615	0.14453666705398605	0.12215886858040843	0.2170720424851207
DLBCL11462	0.36638329808842374	0.01967983440800954	0.38364430740233474	0.10843281090954297	0.12185974919168896
