sample	C1	C2	C3	C4	C5	Confidence	PredictedCluster	TrueCluster
DLBCL_C_D_1140_NULLPAIR	0.21045827150786336	0.18297358234549513	0.23944773699709784	0.14844378372502384	0.21867662542451974	0.23944773699709784	C3	C5
DLBCL11652	0.2857641224783423	0.33440960283252075	0.12165539729912629	0.08561428494525539	0.17255659244475527	0.33440960283252075	C2	C1
DLBCL_RICOVER_338	0.1613699445954182	0.18093269444594365	0.3015033581033769	0.33781216739065856	0.018381835464602713	0.33781216739065856	C4	C1
DLBCL10978	0.02803847464392096	0.11031709914379026	0.346144968833115	0.2480473053914015	0.2674521519877722	0.346144968833115	C3	C4
DLBCL11478	0.3534455094692733	0.2870255652233585	0.27178030467119374	0.04013316801066166	0.04761545262551291	0.3534455094692733	C1	C1
DLBCL_LS951	0.07189678210540676	0.36734608609217745	0.24621797770288437	0.2857711153747159	0.028768038724815585	0.36734608609217745	C2	C1
DLBCL_RICOVER_258	0.33185919267221825	0.03129426550167466	0.19116885950997406	0.07098491836574967	0.3746927639503834	0.3746927639503834	C5	C3
DLBCL10955	0.09122645006016906	0.3884411163182999	0.25197687403729424	0.08796948888022478	0.18038607070401197	0.3884411163182999	C2	C4
DLBCL10965	0.19860177468131676	0.04934985981754942	0.03957422687063943	0.3887463904082981	0.32372774822219624	0.3887463904082981	C4	C4
DLBCL_LS4085	0.021154834476159498	0.2551912169125351	0.3026499496193628	0.02663591667708727	0.3943680823148553	0.3943680823148553	C5	C5
DLBCL_C_D_1159_NULLPAIR	0.2967643325905943	0.02374202275687117	0.19332115463027702	0.3994464473071251	0.08672604271513244	0.3994464473071251	C4	C4
DLBCL_RICOVER_120	0.16262740224415562	0.39955154999465303	0.09840965793830943	0.029795525104189303	0.30961586471869257	0.39955154999465303	C2	C5
DLBCL_LS3809	0.173752142346258	0.32953687522980313	0.048466738426570545	0.041373165026030875	0.4068710789713375	0.4068710789713375	C5	C1
DLBCL11483	0.13122833859559585	0.4106351205671848	0.10331683881150305	0.07228626845667091	0.2825334335690453	0.4106351205671848	C2	C2
DLBCL11671	0.41306102395825744	0.17931400944189688	0.23634193780239343	0.15553694395687923	0.01574608484057303	0.41306102395825744	C1	C1
DLBCL10513	0.05583767540079597	0.4157104690170633	0.311995067339698	0.1949369960548171	0.021519792187625716	0.4157104690170633	C2	C4
DLBCL_RICOVER_1190	0.26047584016019026	0.13919580210263838	0.13687764285205192	0.03165280302378049	0.431797911861339	0.431797911861339	C5	C5
DLBCL_C_D_1109_NULLPAIR	0.17445753520818072	0.021686153434480302	0.048528141501177305	0.43550603628717516	0.31982213356898653	0.43550603628717516	C4	C4
DLBCL10495	0.3043733417783389	0.43664216141096707	0.019140266525784946	0.03302118211305403	0.20682304817185493	0.43664216141096707	C2	C1
DLBCL_LS3808	0.043259450916809876	0.08333439932450665	0.43729729091219893	0.09254195309987619	0.34356690574660836	0.43729729091219893	C3	C5
DLBCL10970	0.059000625689713176	0.43981581803122294	0.08197176629641999	0.38455011493553015	0.0346616750471138	0.43981581803122294	C2	C4
DLBCL_MC_F927_JHS	0.10931022065112705	0.22164107650475728	0.14333306603043097	0.08502022677424037	0.4406954100394443	0.4406954100394443	C5	C5
DLBCL11473	0.3574866660577754	0.4413608592909621	0.06906391429048694	0.11032202855986271	0.021766531800912835	0.4413608592909621	C2	C1
DLBCL11510	0.19652809161384954	0.2645094830006278	0.04074949745452777	0.056313250662793454	0.44189967726820145	0.44189967726820145	C5	C5
DLBCL_C_D_1121_NULLPAIR	0.017046521250680936	0.44655045531477583	0.3711758369094311	0.08136497681511522	0.0838622097099969	0.44655045531477583	C2	C4
DLBCL11574	0.06483446498033447	0.20058670691455235	0.4467935251253579	0.07514226662353145	0.21264303635622372	0.4467935251253579	C3	C3
DLBCL_LS1899	0.03381950507875942	0.21353216404914863	0.44704666066160353	0.2716995050130892	0.033902165197399164	0.44704666066160353	C3	C4
DLBCL10454	0.08727026465135346	0.4477248746503982	0.063057992449652	0.015155811132458901	0.3867910571161375	0.4477248746503982	C2	C5
DLBCL11002	0.05215218087462553	0.08614689561130716	0.3851017680133482	0.4503442177914468	0.02625493770927234	0.4503442177914468	C4	C4
DLBCL_RICOVER_197	0.13255573147556796	0.4515498821556273	0.03420163129598809	0.3360489046595125	0.045643850413304175	0.4515498821556273	C2	C4
DLBCL11468	0.0311227482176536	0.07244216762805973	0.4520230982741256	0.35377565318885446	0.09063633269130655	0.4520230982741256	C3	C3
DLBCL_LS4619	0.018884933386203777	0.127919803018476	0.3646322228392307	0.03562281833577942	0.4529402224203101	0.4529402224203101	C5	C5
DLBCL_RICOVER_1150	0.45568708592181567	0.31389049655402435	0.02417375382506518	0.13494004919949398	0.07130861449960085	0.45568708592181567	C1	C1
DLBCL11681	0.34458544998072516	0.03614613240541965	0.4580481177749367	0.11926053696621773	0.041959762872700784	0.4580481177749367	C3	C1
DLBCL_C_D_1138_NULLPAIR	0.019367338813252692	0.4598229560587363	0.276746682413145	0.021820047406791745	0.22224297530807424	0.4598229560587363	C2	C2
DLBCL11538	0.05884628812705779	0.014781474432534176	0.46157121701641474	0.16764834067749407	0.2971526797464992	0.46157121701641474	C3	C5
DLBCL_RICOVER_1045	0.1528845581906756	0.14316341887127232	0.02070584855947016	0.22087693901082178	0.46236923536776015	0.46236923536776015	C5	C4
DLBCL10935	0.3645529874826354	0.4631319760496664	0.016933526405572278	0.0314653350486184	0.12391617501350749	0.4631319760496664	C2	C1
DLBCL10927	0.13720607283169967	0.06655780521493088	0.46527003779045467	0.26940797031699704	0.0615581138459177	0.46527003779045467	C3	C4
DLBCL11590	0.029635378489248472	0.029944358319170142	0.37710972887370225	0.08919554969308315	0.474114984624796	0.474114984624796	C5	C3
DLBCL10950	0.4744482649294165	0.35745244049365493	0.022985087437851198	0.046787103845201745	0.09832710329387562	0.4744482649294165	C1	C1
DLBCL_C_D_1112_NULLPAIR	0.01542585409700628	0.3434397099675825	0.4756759341765145	0.037384137087195374	0.12807436467170139	0.4756759341765145	C3	C3
DLBCL10936	0.16256827678877744	0.4757393768259649	0.14641096197048245	0.10623360251819584	0.10904778189657933	0.4757393768259649	C2	C3
DLBCL_RICOVER_181	0.3053750621089799	0.05287983305410387	0.10840235968462425	0.055372143055264646	0.47797060209702724	0.47797060209702724	C5	C1
DLBCL_RICOVER_216	0.05313134468578771	0.07105533756094477	0.479511039160485	0.04609109846045621	0.3502111801323264	0.479511039160485	C3	C3
DLBCL10490	0.48160172530919115	0.3193087271125278	0.04870655270365198	0.10606851612887569	0.044314478745753415	0.48160172530919115	C1	C1
DLBCL11560	0.018949403128912252	0.4822443758508464	0.2991378742162216	0.15634449899918598	0.04332384780483372	0.4822443758508464	C2	C4
DLBCL_MC_F218_RAP	0.4832311662497307	0.08724421132993679	0.2947102456455183	0.11907370772349657	0.01574066905131761	0.4832311662497307	C1	C4
DLBCL10980	0.014274532545002248	0.4839241771727815	0.07192963872238858	0.03859104025287728	0.3912806113069503	0.4839241771727815	C2	C5
DLBCL_RICOVER_314	0.012069866156216687	0.3399493963809905	0.11647313181175159	0.0473194333894054	0.4841881722616358	0.4841881722616358	C5	C5
DLBCL10869	0.48612060107057176	0.17682490628358324	0.21288970309957495	0.0702611683881509	0.05390362115811907	0.48612060107057176	C1	C1
DLBCL10546	0.4874137769171774	0.14573214279370947	0.0280073513910531	0.029621333040149217	0.3092253958579108	0.4874137769171774	C1	C1
DLBCL_C_D_1120_NULLPAIR	0.029920719289898024	0.4887982111093889	0.15885850744013078	0.021296304285034352	0.3011262578755479	0.4887982111093889	C2	C5
DLBCL10909	0.042505249809663886	0.022967883902858113	0.10801294421730852	0.3376193403696484	0.4888945817005211	0.4888945817005211	C5	C5
DLBCL11437	0.49093395487549757	0.01839735064796836	0.027544285012464347	0.35394881851991156	0.1091755909441582	0.49093395487549757	C1	C4
DLBCL11454	0.4170477328999208	0.4913748463607924	0.028491938166707538	0.04138910693442427	0.021696375638154915	0.4913748463607924	C2	C1
DLBCL10478	0.08483777027471072	0.02039528705671534	0.4917144772809735	0.3749328033214492	0.028119662066151258	0.4917144772809735	C3	C4
DLBCL10916	0.02221843964963237	0.4924460364404772	0.04291963522283901	0.017166053684807253	0.4252498350022441	0.4924460364404772	C2	C5
DLBCL10972	0.4932409747432757	0.22083790152421867	0.07214395663170899	0.06503121980220647	0.14874594729859014	0.4932409747432757	C1	C1
DLBCL10506	0.1967579961401983	0.16540752238877443	0.4944915379594697	0.11985538798920613	0.02348755552235145	0.4944915379594697	C3	C1
DLBCL11491	0.4952309718822685	0.05665321207033605	0.20449438605859258	0.06100997416257226	0.18261145582623062	0.4952309718822685	C1	C4
DLBCL10488	0.4952926998655176	0.3327892357995981	0.12248969756842887	0.03263696733525025	0.01679139943120516	0.4952926998655176	C1	C1
DLBCL10953	0.09102428082258529	0.10652638976391604	0.28333475232818955	0.02339733856956518	0.4957172385157439	0.4957172385157439	C5	C1
DLBCL_LS3499	0.09358334981272275	0.49813418753887606	0.13832719989385012	0.20122726742171096	0.06872799533284006	0.49813418753887606	C2	C4
DLBCL10865	0.14608347819720965	0.2352647921327512	0.03614784027450779	0.08385018975072012	0.4986536996448112	0.4986536996448112	C5	C5
DLBCL11452	0.5023995149739996	0.28362061488642276	0.029344123851095392	0.16154304996559468	0.023092696322887556	0.5023995149739996	C1	C1
DLBCL11501	0.503657921200411	0.3756740134387946	0.04477350237101723	0.031135483597546157	0.04475907939223103	0.503657921200411	C1	C1
DLBCL_RICOVER_1204	0.014111623091768196	0.5059604956372966	0.13454705209658763	0.023720186542839014	0.3216606426315085	0.5059604956372966	C2	C4
DLBCL11206	0.030174712102869237	0.5067656584311477	0.04850928219225703	0.014574587235833643	0.39997576003789237	0.5067656584311477	C2	C5
DLBCL_RICOVER_829	0.34484789939387483	0.5072962841143139	0.01533606556111166	0.036653215102833335	0.09586653582786629	0.5072962841143139	C2	C1
DLBCL_C_D_1103_NULLPAIR	0.04689336575031965	0.3373221499193227	0.0749713662813884	0.5079343304596877	0.0328787875892815	0.5079343304596877	C4	C4
DLBCL_RICOVER_1329	0.03395352502315327	0.5085849192707937	0.020678699414691835	0.018677540830515794	0.41810531546084534	0.5085849192707937	C2	C5
DLBCL10566	0.04005555896696426	0.39899432721939976	0.032798532320634004	0.01956091491512586	0.5085906665778761	0.5085906665778761	C5	C5
DLBCL_RICOVER_575	0.16817812606742846	0.03801609926011294	0.25898583514187806	0.5124541905664802	0.022365748964100266	0.5124541905664802	C4	C4
DLBCL11540	0.11068454544612934	0.22684310313447356	0.1274239621429429	0.020760045676838312	0.5142883435996158	0.5142883435996158	C5	C5
DLBCL_RICOVER_773	0.022948773761546578	0.5150514653184558	0.13958709393864388	0.02138366280245001	0.3010290041789037	0.5150514653184558	C2	C5
DLBCL11586	0.371194706944202	0.038232165064227386	0.04619476751938503	0.5158062677309112	0.02857209274127435	0.5158062677309112	C4	C1
DLBCL10553	0.012340396388503455	0.3562778259092651	0.5164098619868688	0.05189483053783339	0.06307708517752923	0.5164098619868688	C3	C4
DLBCL_RICOVER_826	0.36610398543074457	0.5167508582893954	0.016952369127344054	0.047672851518819476	0.05251993563369656	0.5167508582893954	C2	C1
DLBCL10837	0.021580791276529638	0.5170338734718537	0.039916461137010445	0.03810012054427763	0.3833687535703286	0.5170338734718537	C2	C5
DLBCL_RICOVER_1032	0.0166086013944965	0.5181086198962523	0.027071304588003626	0.018022953374621266	0.42018852074662627	0.5181086198962523	C2	C5
DLBCL_RICOVER_224	0.014151285003095962	0.39454740512025943	0.036777793211848174	0.03533138649467179	0.5191921301701247	0.5191921301701247	C5	C5
DLBCL10915	0.027775268883159378	0.5194827343381778	0.030474892720509492	0.06375402070420032	0.3585130833539529	0.5194827343381778	C2	C5
DLBCL10898	0.02149206386057932	0.40452374822808346	0.022399393003671293	0.03108897862218284	0.5204958162854831	0.5204958162854831	C5	C5
DLBCL10984	0.022383505101866992	0.4113876075851284	0.022474918630377975	0.023035372803277575	0.5207185958793491	0.5207185958793491	C5	C5
DLBCL_MC_F339_JPS2	0.020208181152700462	0.5210560040840839	0.047694212852860296	0.016505956421431475	0.39453564548892384	0.5210560040840839	C2	C5
DLBCL11005	0.019125097769697154	0.5256041879362767	0.04783618561529204	0.017380615545363146	0.39005391313337096	0.5256041879362767	C2	C4
DLBCL_LS3866	0.2528753832479327	0.11198187627500095	0.03414334540382974	0.5258862505264009	0.07511314454683574	0.5258862505264009	C4	C1
DLBCL_RICOVER_910	0.14114586072537155	0.526320981914602	0.06406552224332746	0.23191424129129426	0.03655339382540475	0.526320981914602	C2	C1
DLBCL11480	0.05780232434054416	0.04665234703044277	0.34204061034082217	0.02578898243109141	0.5277157358570995	0.5277157358570995	C5	C1
DLBCL_LS148	0.024601498887626506	0.14663493045599316	0.19496724263740184	0.10439399568129407	0.5294023323376845	0.5294023323376845	C5	C5
DLBCL_C_D_PAIR13	0.1338841343066875	0.1323587725681015	0.12131166169148265	0.08017430377577481	0.5322711276579536	0.5322711276579536	C5	C5
DLBCL11431	0.1338841343066875	0.1323587725681015	0.12131166169148265	0.08017430377577481	0.5322711276579536	0.5322711276579536	C5	C5
DLBCL_MAYO_DLBCL_3653	0.05711850276395276	0.05975409938704141	0.10653340368645345	0.2431581001046286	0.5334358940579238	0.5334358940579238	C5	C1
DLBCL_RICOVER_384	0.021118609540787942	0.3975174197623511	0.5334883501424544	0.018672787916604074	0.02920283263780248	0.5334883501424544	C3	C3
DLBCL10843	0.5352411200371808	0.07073859053224785	0.17404807277218606	0.035241684092079416	0.18473053256630578	0.5352411200371808	C1	C1
DLBCL_RICOVER_473	0.2664387858067066	0.5355732572310005	0.08134063416165276	0.02990122726907128	0.08674609553156891	0.5355732572310005	C2	C1
DLBCL10986	0.08810395941135547	0.25204766507592213	0.5389484823891498	0.04007247857647347	0.08082741454709913	0.5389484823891498	C3	C1
DLBCL10868	0.06404589622650199	0.21506541471074003	0.02525967464536139	0.15663258488076426	0.5389964295366324	0.5389964295366324	C5	C4
DLBCL10835	0.01829096180167239	0.5392603611193311	0.023839129808342685	0.018998556615434897	0.39961099065521904	0.5392603611193311	C2	C5
DLBCL11481	0.5413961366385175	0.038947952942291614	0.3011685143912521	0.041141381697588866	0.07734601433034996	0.5413961366385175	C1	C1
DLBCL_LS2328	0.023909104735450215	0.38851438120838044	0.5464712945699292	0.02070644434215587	0.0203987751440843	0.5464712945699292	C3	C3
DLBCL_RICOVER_1046	0.012697740409215742	0.547287602694089	0.35988126912528673	0.022649650743994762	0.057483737027413655	0.547287602694089	C2	C2
DLBCL11003	0.028953722174735675	0.5487121727766436	0.02327191713021837	0.028423369022227574	0.3706388188961748	0.5487121727766436	C2	C2
DLBCL10928	0.21575902737515293	0.5490561221154059	0.14033925679138945	0.018971281543875847	0.07587431217417592	0.5490561221154059	C2	C1
DLBCL10456	0.03286466841239362	0.10174653444967309	0.26364374498146315	0.550131281329816	0.051613770826654165	0.550131281329816	C4	C4
DLBCL10994	0.16267788542990558	0.550689817968371	0.051559860189330495	0.0672934851598445	0.16777895125254844	0.550689817968371	C2	C1
DLBCL_C_D_1148_NULLPAIR	0.2008195987290426	0.014279654409355021	0.5528293403507383	0.20802789469426236	0.02404351181660176	0.5528293403507383	C3	C1
DLBC_FF_A7CX_TP_NB	0.30156859077795134	0.057830571576903314	0.024847616094759446	0.058529255231710244	0.5572239663186757	0.5572239663186757	C5	C5
DLBCL10925	0.04681707617245145	0.5573649499841211	0.02171595094339195	0.021268188522913553	0.35283383437712196	0.5573649499841211	C2	C5
DLBCL_MC_F362_MJB1	0.01596150939088949	0.35582783862692136	0.5587420809684379	0.018712870482563	0.050755700531188316	0.5587420809684379	C3	C3
DLBCL_LS2978	0.3121330625612781	0.5596652699524828	0.024538529100922465	0.0655061269433332	0.03815701144198348	0.5596652699524828	C2	C1
DLBCL11433	0.041825338589755755	0.027772704419452735	0.5604895798522491	0.06615795863967612	0.3037544184988663	0.5604895798522491	C3	C4
DLBCL_C_D_1153_NULLPAIR	0.02584620373107183	0.5619958823570685	0.025115095074334348	0.02656503317541705	0.3604777856621082	0.5619958823570685	C2	C4
DLBCL11467	0.1131556068911856	0.09413270480580269	0.11284175218323046	0.5660784390763579	0.11379149704342333	0.5660784390763579	C4	C4
DLBCL_LS2367	0.567021251462485	0.27437809718915507	0.030194310510122002	0.07027850154738724	0.0581278392908506	0.567021251462485	C1	C1
DLBCL_RICOVER_134	0.02313651664012691	0.5695568617373671	0.022733536901371705	0.020829466033497293	0.363743618687637	0.5695568617373671	C2	C5
DLBCL10932	0.570123971706929	0.02996218726872791	0.022150685515412057	0.2800243368332596	0.0977388186756714	0.570123971706929	C1	C4
DLBCL11578	0.15910116465278962	0.15868748932277635	0.038361059536878066	0.5728992542130682	0.07095103227448776	0.5728992542130682	C4	C1
DLBCL_RICOVER_1263	0.022945070709665668	0.33712750793483925	0.5732494271550799	0.024640294599827358	0.04203769960058784	0.5732494271550799	C3	C3
DLBCL_DFCI_DLBCL_GOE05	0.01117948205100935	0.5763175365447185	0.0917437964852562	0.021783412722542132	0.2989757721964738	0.5763175365447185	C2	C2
DLBCL10907	0.0484949941717711	0.5775453645572055	0.022110865074451702	0.02294129362399995	0.32890748257257174	0.5775453645572055	C2	C2
DLBCL11512	0.2224277753907285	0.5783261727403817	0.1231319920754001	0.0595075404970935	0.016606519296396182	0.5783261727403817	C2	C1
DLBCL10921	0.03579070153746069	0.34690081429333675	0.01774245768216745	0.018928166176438225	0.5806378603105968	0.5806378603105968	C5	C5
DLBCL_RICOVER_1287	0.02856730672493207	0.32608875479274424	0.03296855706845972	0.029658393074881207	0.5827169883389828	0.5827169883389828	C5	C5
DLBCL11657	0.021466449770206616	0.32009651654981675	0.5874786798863231	0.03545740388121546	0.035500949912438094	0.5874786798863231	C3	C4
DLBCL11504	0.03642214079606218	0.5889816165648953	0.10032361675036974	0.05526608223477538	0.21900654365389727	0.5889816165648953	C2	C5
DLBCL11455	0.07938566706741951	0.06632125581903987	0.09763660595370713	0.589866320818643	0.16679015034119046	0.589866320818643	C4	C3
DLBCL_RICOVER_822	0.019790359263231326	0.5914012645996408	0.03023538104652187	0.016977235767123695	0.3415957593234823	0.5914012645996408	C2	C2
DLBCL11518	0.1376134527926701	0.21266680399337115	0.5916339511537814	0.03540387363149704	0.02268191842868036	0.5916339511537814	C3	C3
DLBCL10492	0.593637189326218	0.03458888222725984	0.013178422051478471	0.06991161167636341	0.2886838947186803	0.593637189326218	C1	C1
DLBCL10969	0.04435918804214775	0.5949758355802376	0.2687059278436823	0.028681013329065388	0.06327803520486704	0.5949758355802376	C2	C1
DLBCL11202	0.054743347285766256	0.21729371774058967	0.5953863393700749	0.11582413299618392	0.01675246260738523	0.5953863393700749	C3	C1
DLBCL10838	0.023981122163722286	0.3347026522540348	0.02059209848558596	0.023080270907098823	0.5976438561895582	0.5976438561895582	C5	C5
DLBCL10500	0.02081780135589473	0.25792646189688684	0.09884653173116717	0.023412286675150978	0.5989969183409003	0.5989969183409003	C5	C2
DLBCL10902	0.017461629229171292	0.5990401025267124	0.07975641390199259	0.0292846188867282	0.2744572354553956	0.5990401025267124	C2	C5
DLBCL10548	0.29120228167930023	0.5990508985731654	0.016425872247745967	0.04262439250521733	0.050696554994571076	0.5990508985731654	C2	C1
DLBCL10914	0.20165565105691366	0.5992302399565969	0.1301839570110243	0.038036288408041505	0.030893863567423647	0.5992302399565969	C2	C1
DLBCL_RICOVER_1081	0.05519661096341115	0.017371510510441543	0.18744166381124086	0.13993350564925272	0.6000567090656538	0.6000567090656538	C5	C5
DLBCL_RICOVER_105	0.04876909138616374	0.6036542057684242	0.020526725589634823	0.01570469615705028	0.3113452810987269	0.6036542057684242	C2	C5
DLBCL10782	0.15724045522643054	0.6066087661518393	0.06719926260554679	0.14923875404625478	0.01971276196992859	0.6066087661518393	C2	C4
DLBCL11658	0.03220399255189963	0.04554079094625673	0.05759729487259732	0.2568584785659495	0.6077994430632968	0.6077994430632968	C5	C4
DLBCL10919	0.25886231980302266	0.035100637357428126	0.6084843569515078	0.07893226879012924	0.018620417097912074	0.6084843569515078	C3	C4
DLBCL10959	0.20781351911619605	0.06936582075138537	0.030980905493746474	0.08289599415751019	0.6089437604811618	0.6089437604811618	C5	C1
DLBCL_RICOVER_1247	0.059029382530314714	0.060818576329770405	0.06209259735356382	0.6106598873241037	0.20739955646224736	0.6106598873241037	C4	C4
DLBCL11466	0.05719556294382135	0.6119679871172767	0.06381556916869613	0.18775371493325455	0.07926716583695123	0.6119679871172767	C2	C2
DLBCL10486	0.1842697920124383	0.615871964527002	0.034292277638189844	0.035455314701816024	0.1301106511205539	0.615871964527002	C2	C1
DLBCL10957	0.21562867424201032	0.08608515662572917	0.6174728276975188	0.06550851151906678	0.015304829915674903	0.6174728276975188	C3	C1
DLBCL10516	0.01595712561972668	0.03208225475229754	0.23094857152873666	0.10234898803335206	0.6186630600658871	0.6186630600658871	C5	C5
DLBCL10908	0.056629837369104465	0.10508365059389194	0.619780006330686	0.044702929977219606	0.17380357572909805	0.619780006330686	C3	C5
DLBCL_RICOVER_1278	0.01984172474651717	0.2571045930602187	0.07476947979090146	0.028043522418910543	0.6202406799834521	0.6202406799834521	C5	C5
DLBCL_C_D_1145_NULLPAIR	0.6223492748680391	0.023546215528526034	0.1431773264105703	0.1046730288169305	0.10625415437593394	0.6223492748680391	C1	C5
DLBCL_LS2590	0.01942791387371738	0.06523822510995339	0.08206124111771543	0.20995773393458492	0.623314885964029	0.623314885964029	C5	C4
DLBCL10470	0.013770317531406779	0.6242011778716667	0.2949847536604513	0.03169635953186968	0.03534739140460554	0.6242011778716667	C2	C2
DLBCL10544	0.03745604074703621	0.023012247766138205	0.08160797638318122	0.6283255851475005	0.22959814995614394	0.6283255851475005	C4	C4
DLBCL10891	0.026129115514973714	0.017190476575363677	0.27543645214283063	0.052041477622723424	0.6292024781441086	0.6292024781441086	C5	C5
DLBCL10999	0.011117158762672889	0.05948191448741422	0.24482679734678559	0.05426181768364771	0.6303123117194795	0.6303123117194795	C5	C5
DLBCL10997	0.20760999662450372	0.05253921135320585	0.03143383889462491	0.07770074225853159	0.630716210869134	0.630716210869134	C5	C1
DLBCL_RICOVER_1060	0.029132385442891272	0.6318692921364727	0.029030468539951487	0.01877566275891261	0.29119219112177197	0.6318692921364727	C2	C2
DLBCL10912	0.631971918083932	0.12489217749242956	0.1487567464641394	0.0410711138091082	0.05330804415039086	0.631971918083932	C1	C1
DLBCL11509	0.6349778549472324	0.20320340392848968	0.05354912744588831	0.05619006127137838	0.052079552407011315	0.6349778549472324	C1	C1
DLBCL_RICOVER_617	0.04383478432443082	0.21878404351603956	0.6357262749910494	0.063721447796843	0.037933449371637215	0.6357262749910494	C3	C4
DLBCL11655	0.2177925011956121	0.0196601686340022	0.03126104895736699	0.6360472351014823	0.09523904611153644	0.6360472351014823	C4	C4
DLBC_FF_8062_TP_NB	0.042238144151697306	0.027938374376498373	0.2571154095448429	0.6363247570014806	0.036383314925480775	0.6363247570014806	C4	C4
DLBCL_RICOVER_978	0.16052533756374038	0.12903783791715154	0.6390219269362244	0.0269930136807338	0.04442188390214983	0.6390219269362244	C3	C3
DLBCL10482	0.06749552261688228	0.2155389251237337	0.039852979392562306	0.037869517496777014	0.6392430553700447	0.6392430553700447	C5	C1
DLBCL10547	0.04027934244139269	0.1411268099448476	0.11412100846069784	0.6399761704303607	0.06449666872270118	0.6399761704303607	C4	C4
DLBCL_MC_F132_MLM	0.641732179139023	0.019132053214196133	0.018389217333309806	0.11387160437023049	0.2068749459432405	0.641732179139023	C1	C1
DLBCL_RICOVER_692	0.10085485692344012	0.6468827823832947	0.06423044829360752	0.10763086048859744	0.08040105191106021	0.6468827823832947	C2	C4
DLBCL11530	0.013143550479576166	0.6487040754199201	0.28422521499731696	0.019975837385591597	0.03395132171759519	0.6487040754199201	C2	C2
DLBCL10552	0.07088786207073014	0.09519158781367393	0.1645644465193831	0.649783616559067	0.019572487037145803	0.649783616559067	C4	C4
DLBCL11205	0.6499957271187912	0.11410534090913256	0.17791171141922257	0.03062518077304343	0.027362039779810287	0.6499957271187912	C1	C1
DLBCL10856	0.013888988625070616	0.18056001502575594	0.6502258734267075	0.02680192508345534	0.12852319783901062	0.6502258734267075	C3	C3
DLBCL11488	0.26058386623719443	0.014465658992056575	0.024698649797605377	0.048527269780289456	0.6517245551928542	0.6517245551928542	C5	C1
DLBCL10539	0.016677121594406524	0.6517476714334948	0.04348045917047724	0.05667159919572518	0.23142314860589627	0.6517476714334948	C2	C4
DLBCL11441	0.6519534313776584	0.019968761484486407	0.024748748624528173	0.14579730420742645	0.15753175430590063	0.6519534313776584	C1	C3
DLBCL11460	0.12919126005704684	0.15033216150569828	0.035700550714039964	0.6558790008802896	0.028897026842925305	0.6558790008802896	C4	C4
DLBCL_C_D_1166_NULLPAIR	0.01880668113686403	0.2852089851670183	0.025047857997020702	0.014163498666341213	0.6567729770327557	0.6567729770327557	C5	C5
DLBCL10485	0.03350587977046065	0.26587780681561296	0.0263429837290091	0.01676704707337868	0.6575062826115385	0.6575062826115385	C5	C5
DLBCL_C_D_PAIR20	0.0165251675050087	0.6585059330069332	0.12003933368308743	0.012243524732334768	0.19268604107263596	0.6585059330069332	C2	C5
DLBCL11527	0.03511872885561977	0.0532262404371945	0.20919390501130666	0.6605573723514748	0.04190375334440432	0.6605573723514748	C4	C4
DLBCL_MC_F496DMP	0.083246415669321	0.6610827587768034	0.21198268454689145	0.01925043326885845	0.02443770773812562	0.6610827587768034	C2	C2
DLBCL11195	0.015935230221191667	0.6617365546487676	0.039115719746999233	0.01494476319271163	0.2682677321903299	0.6617365546487676	C2	C5
DLBCL_C_D_1146_NULLPAIR	0.03208768770428596	0.6627582416801574	0.10322190932386958	0.1762357035601285	0.025696457731558566	0.6627582416801574	C2	C4
DLBC_FF_8042_TP_NB	0.01623817488808345	0.14855422716783345	0.15407785032069526	0.017906640884194268	0.6632231067391936	0.6632231067391936	C5	C5
DLBCL10501	0.014403896773762241	0.6641589969543596	0.2779352073651803	0.017767093633183566	0.025734805273514193	0.6641589969543596	C2	C3
DLBCL11436	0.028474014563003764	0.6645875999985448	0.04816785456936585	0.1926137785315339	0.06615675233755164	0.6645875999985448	C2	C2
DLBCL10527	0.03529237942241017	0.12105225536565131	0.07993166750619035	0.665600840711239	0.09812285699450916	0.665600840711239	C4	C4
DLBCL_RICOVER_440	0.01738711631181112	0.6663199844173218	0.2695433566600611	0.014667440072628634	0.032082102538177455	0.6663199844173218	C2	C3
DLBCL11571	0.025565120587351293	0.048136275504416765	0.110387069015418	0.6688322244269408	0.1470793104658732	0.6688322244269408	C4	C4
DLBCL10521	0.01681564431279025	0.27443127545990775	0.020439626265861006	0.01726067329757971	0.6710527806638613	0.6710527806638613	C5	C5
DLBCL11506	0.21945592986344378	0.029627962523203998	0.671833334822415	0.03775673584749277	0.04132603694344442	0.671833334822415	C3	C1
DLBCL_C_D_1107_NULLPAIR	0.18709882792977361	0.05873335593917355	0.6736444033679878	0.06423990085023937	0.016283511912825607	0.6736444033679878	C3	C1
DLBCL_RICOVER_950	0.05228548140274595	0.05673362042963314	0.17947972706793608	0.6748622609140448	0.03663891018564012	0.6748622609140448	C4	C4
DLBCL10899	0.020305405026393122	0.2631599599746879	0.019613886497319856	0.019733590736973228	0.6771871577646259	0.6771871577646259	C5	C5
DLBCL11432	0.6793328402440869	0.009669217807154223	0.11938614012256936	0.08442018036727168	0.1071916214589178	0.6793328402440869	C1	C1
DLBCL10962	0.028525346746891226	0.679848827758386	0.1582724581773581	0.019103200529078733	0.11425016678828594	0.679848827758386	C2	C2
DLBCL10542	0.6808721024436659	0.019983812172313743	0.04517308961932858	0.030768109889222323	0.2232028858754694	0.6808721024436659	C1	C1
DLBCL11559	0.01739155676719202	0.253844336289885	0.6833243926423929	0.025064454769584178	0.02037525953094586	0.6833243926423929	C3	C3
DLBCL10514	0.012298866442083632	0.2443422175108192	0.6841261578569191	0.03507296773777904	0.024159790452399087	0.6841261578569191	C3	C3
DLBCL10888	0.023552608132545814	0.03691950757117132	0.20440459234750144	0.04613548385559815	0.6889878080931833	0.6889878080931833	C5	C5
DLBCL10877	0.6891597827625644	0.11966700751801924	0.0649817884543047	0.08458393149749047	0.04160748976762122	0.6891597827625644	C1	C1
DFCIDL001_DT	0.1346381201304848	0.6892681877701838	0.10763204402352806	0.055439345890915134	0.013022302184888151	0.6892681877701838	C2	C1
DLBCL_RICOVER_1061	0.020597164068919576	0.02040319862385633	0.6912712354241537	0.21906074441739937	0.04866765746567103	0.6912712354241537	C3	C4
DLBCL_RICOVER_720	0.026399432415208098	0.6921347286219289	0.032359084252138216	0.014165470384192117	0.23494128432653263	0.6921347286219289	C2	C5
DLBCL11429	0.69404569235027	0.020871987777414818	0.10517213687185169	0.07803858316873419	0.10187159983172928	0.69404569235027	C1	C1
DLBCL_MC_F739_AMA3	0.012296149096317613	0.6955775878357988	0.2469512046024185	0.019948090286636837	0.025226968178828274	0.6955775878357988	C2	C2
DLBCL11457	0.6992891415940377	0.010765813956622109	0.13011508822839024	0.10722935302081306	0.05260060320013689	0.6992891415940377	C1	C1
DLBCL_RICOVER_850	0.01634567754597834	0.7007574674178048	0.0441057614759003	0.0346234837677946	0.20416760979252202	0.7007574674178048	C2	C5
DLBCL10895	0.014362259571679895	0.21662041047307112	0.04986601628698092	0.01820383583289006	0.700947477835378	0.700947477835378	C5	C5
DLBCL10875	0.07625708862332331	0.7012333825479163	0.15997860852029686	0.047750628869496825	0.014780291438966631	0.7012333825479163	C2	C1
DLBCL10906	0.022311157910922547	0.7024243769901519	0.027421415992367307	0.01254507015413791	0.23529797895242036	0.7024243769901519	C2	C2
DLBCL10504	0.04161856911281734	0.014449094855433121	0.7027453371005848	0.05163817521711681	0.1895488237140479	0.7027453371005848	C3	C5
DLBCL11676	0.7053001897406155	0.025166720120255566	0.17359136909923478	0.0854243542960455	0.010517366743848686	0.7053001897406155	C1	C1
DLBCL10564	0.02078344311519456	0.7082375399558613	0.14904886738916306	0.08639423009115253	0.03553591944862859	0.7082375399558613	C2	C4
DLBCL_C_D_1144_NULLPAIR	0.01803353527139705	0.22233501492743754	0.02670791376746555	0.021351414859277062	0.7115721211744228	0.7115721211744228	C5	C5
DLBCL11534	0.05787056047300608	0.039985309939645115	0.7136214013096739	0.12741930710196542	0.06110342117570954	0.7136214013096739	C3	C3
DLBCL11665	0.0636157354706862	0.06937808848350671	0.10394924176573216	0.7141362457131719	0.048920688566902966	0.7141362457131719	C4	C4
DLBCL_LS1668	0.02673440255106185	0.7153137133442634	0.21278807562926144	0.017758973191926018	0.027404835283487312	0.7153137133442634	C2	C2
DLBCL11576	0.058796917783888535	0.12700225631177867	0.07563402840931777	0.7162156912723359	0.02235110622267915	0.7162156912723359	C4	C4
DLBCL11677	0.7194673334516759	0.014290861597258848	0.04751737854499599	0.07212111277851475	0.14660331362755452	0.7194673334516759	C1	C1
DLBCL10467	0.013618278771387805	0.07353458801923922	0.1693484010760612	0.023548180343629578	0.7199505517896823	0.7199505517896823	C5	C5
DLBCL11573	0.019523912029047876	0.20753363481495402	0.7207944850915308	0.016420305223273406	0.03572766284119391	0.7207944850915308	C3	C3
DLBCL_RICOVER_150	0.017434418084151186	0.7226961134149978	0.025104256963839396	0.012729149786061158	0.22203606175095045	0.7226961134149978	C2	C5
DLBCL11434	0.7245713866838883	0.0864227247806076	0.019681674487069346	0.15258402975788254	0.016740184290552164	0.7245713866838883	C1	C1
DLBCL10531	0.05157581329369101	0.08721501377030332	0.10611073767825029	0.028668350411589733	0.7264300848461657	0.7264300848461657	C5	C1
DLBCL11663	0.7289777612906129	0.04385009792755694	0.08200765562082418	0.1121486559148046	0.03301582924620141	0.7289777612906129	C1	C1
DLBCL_LS2325	0.03406758473226705	0.7310397426569851	0.20011763177937608	0.01434863898630372	0.020426401845068	0.7310397426569851	C2	C3
DLBCL_RICOVER_956	0.015647360938773287	0.7317979426487655	0.03127646914200189	0.020872736905723156	0.20040549036473612	0.7317979426487655	C2	C5
DLBCL_C_D_1151_NULLPAIR	0.10267198360268145	0.08280982384893862	0.06175975333856342	0.7334039498178865	0.019354489391930012	0.7334039498178865	C4	C4
DLBCL_LS1583	0.01323352899123948	0.14710483288423565	0.0827185353148595	0.021628125757282138	0.7353149770523832	0.7353149770523832	C5	C5
DLBCL_LS4394	0.05742766256292381	0.7365085752469985	0.17351902073949396	0.017702531851237366	0.014842209599346318	0.7365085752469985	C2	C1
DLBCL_RICOVER_1248	0.05172688984274945	0.17722820087188287	0.011215824439108459	0.02070081717435621	0.739128267671903	0.739128267671903	C5	C5
DLBCL10996	0.7406245362041367	0.021861361688196534	0.14069880490641806	0.02600131055110732	0.07081398665014131	0.7406245362041367	C1	C1
DLBCL10904	0.01496189231761317	0.09345795030494253	0.12586851117394107	0.02357782270523355	0.7421338234982697	0.7421338234982697	C5	C5
DLBCL11435	0.7421865971135783	0.015240052473043667	0.03696578895957013	0.11178999024363538	0.0938175712101725	0.7421865971135783	C1	C1
DLBCL_RICOVER_1269	0.01081691022984372	0.16097149307810443	0.7424038516719066	0.04550254201586831	0.040305203004277	0.7424038516719066	C3	C3
DLBCL11563	0.017775634821699093	0.19010273722942755	0.7453697161510194	0.02255667093481524	0.024195240863038682	0.7453697161510194	C3	C3
DLBCL11581	0.055170737805165765	0.022343823876946146	0.10898518483157883	0.06752633977085401	0.7459739137154553	0.7459739137154553	C5	C5
DLBCL11469	0.018746773839793746	0.049186365615401	0.7492291757456648	0.025570885825388565	0.15726679897375184	0.7492291757456648	C3	C3
DLBCL10509	0.17001461800552933	0.749943238959299	0.015374097678547619	0.022003271113976253	0.042664774242647696	0.749943238959299	C2	C1
DLBCL11471	0.01825010755080565	0.7523475185043879	0.15367367172260235	0.019661612745891975	0.05606708947631217	0.7523475185043879	C2	C4
DLBCL_C_D_1155_NULLPAIR	0.7555855068602726	0.028099974937387154	0.09926946820198171	0.10650875845753263	0.010536291542825937	0.7555855068602726	C1	C1
DLBCL_LS762	0.024800381835422658	0.025020009857306326	0.16068047419128673	0.033468957154158235	0.7560301769618261	0.7560301769618261	C5	C3
DLBCL_C_D_PAIR22	0.019871205885980812	0.7560402744405674	0.1849527089833694	0.018822818896353496	0.020312991793728898	0.7560402744405674	C2	C2
DLBCL11446	0.0277221893434073	0.7565066636473381	0.11450470232255149	0.07591515499018861	0.025351289696514547	0.7565066636473381	C2	C2
DLBCL_RICOVER_148	0.04941439980763975	0.11912229901828447	0.04808733761131814	0.7570692011736964	0.026306762389061333	0.7570692011736964	C4	C4
DLBCL11196	0.063801400694179	0.01891212401018611	0.031200253277628313	0.12861566194088012	0.7574705600771264	0.7574705600771264	C5	C4
DLBCL10532	0.02022104536561779	0.03992930794217168	0.1592432469366393	0.02249963501158354	0.7581067647439876	0.7581067647439876	C5	C5
DLBCL11562	0.013483139676070153	0.7582370158691356	0.19026241491867307	0.015026689533923072	0.02299074000219805	0.7582370158691356	C2	C2
DLBCL10974	0.07016853762180165	0.025736843298329214	0.033848284992354115	0.11194943191364287	0.7582969021738721	0.7582969021738721	C5	C4
DLBCL_RICOVER_1106	0.01606349309882097	0.18968089493805643	0.0174502950565051	0.015260582922741685	0.7615447339838758	0.7615447339838758	C5	C5
DLBCL11476	0.060680208854261064	0.14053955615145813	0.01908110334005373	0.014993886824305825	0.7647052448299212	0.7647052448299212	C5	C5
DLBCL11513	0.025296879979751673	0.02427019763663698	0.16137429479577375	0.02429400450242473	0.7647646230854128	0.7647646230854128	C5	C5
DLBCL_LS4593	0.01265892856500321	0.1639071847897633	0.7658014880879925	0.023989905961490778	0.03364249259575014	0.7658014880879925	C3	C3
DLBCL_LS2208	0.017952979145294864	0.06369903992389934	0.11839543447466286	0.03409968188826511	0.7658528645678778	0.7658528645678778	C5	C5
DLBCL10512	0.01206048799987983	0.14511445771290996	0.7681092382765602	0.027858832200667344	0.04685698380998267	0.7681092382765602	C3	C3
DLBCL10503	0.014446770093338219	0.7683057898281608	0.04541070176329337	0.03149211185254572	0.14034462646266185	0.7683057898281608	C2	C2
DLBCL10964	0.020779711428283158	0.16831317015697905	0.013657575363635007	0.028552555304408842	0.7686969877466939	0.7686969877466939	C5	C5
DLBCL11564	0.030384661916690314	0.02970232317863263	0.06087915160932173	0.7699610142678764	0.10907284902747887	0.7699610142678764	C4	C4
DLBCL11464	0.7703633257636406	0.029730200362572835	0.016158812806164144	0.14978817685178336	0.033959484215839025	0.7703633257636406	C1	C4
DLBCL10529	0.015371778111226133	0.1664107790358508	0.03065982380343355	0.01613424853647299	0.7714233705130166	0.7714233705130166	C5	C5
DLBCL_C_D_1162_NULLPAIR	0.014868377972493994	0.03447441530573679	0.10123013175493785	0.0772130528165197	0.7722140221503117	0.7722140221503117	C5	C5
DLBCL10971	0.0451378221637231	0.13349222935317226	0.022561166117914654	0.02439008051685932	0.7744187018483306	0.7744187018483306	C5	C1
DLBCL11462	0.09927135276881702	0.03300458087630853	0.042350698263898263	0.049896399665626624	0.7754769684253495	0.7754769684253495	C5	C1
DLBCL_C_D_1115_NULLPAIR	0.03186650546075655	0.778182267148011	0.05926182913621504	0.03293853800121606	0.0977508602538014	0.778182267148011	C2	C4
DLBCL10910	0.015873437827490174	0.15333216202443845	0.7789002042371371	0.028552847866451802	0.023341348044482447	0.7789002042371371	C3	C3
DLBCL10530	0.013264998863477628	0.17060982798952176	0.021542598215728695	0.01538103398578418	0.7792015409454878	0.7792015409454878	C5	C5
DLBCL10450	0.13476792354648973	0.7794056497296056	0.020952036387870618	0.020054559149616444	0.044819831186417684	0.7794056497296056	C2	C1
DLBCL10998	0.7809555174571707	0.06478253021581612	0.01801601813258087	0.0843683013846278	0.05187763280980444	0.7809555174571707	C1	C1
DLBCL11495	0.0929815982570682	0.016282281276015664	0.03691096096811118	0.07182369565880282	0.7820014638400021	0.7820014638400021	C5	C5
DLBCL_RICOVER_685	0.013148914412648862	0.16103070902897187	0.024406740662736282	0.018905900983149603	0.7825077349124934	0.7825077349124934	C5	C5
DLBCL_RICOVER_126	0.015028638825006152	0.7830223252913691	0.1690394949996421	0.014891672571129748	0.01801786831285293	0.7830223252913691	C2	C2
DLBCL10874	0.023338395552029132	0.7840657949341318	0.02462570305782098	0.043631973992819505	0.1243381324631986	0.7840657949341318	C2	C2
DLBCL11459	0.06664053688381338	0.027433492526200722	0.09625491446955338	0.7855994685920175	0.024071587528415057	0.7855994685920175	C4	C4
DLBCL_RICOVER_401	0.023341104337075286	0.7887869060480398	0.1599077161088327	0.013054647815831263	0.014909625690220921	0.7887869060480398	C2	C2
DLBCL_RICOVER_431	0.010303236982620421	0.15152249222235756	0.022365829546960515	0.025936469025337024	0.7898719722227244	0.7898719722227244	C5	C5
DLBCL_C_D_1104_NULLPAIR	0.013055096710685214	0.15862384726705056	0.01992672020928857	0.016749144713419557	0.7916451910995561	0.7916451910995561	C5	C5
DLBCL_MC_F990_MNA	0.02220845107436867	0.7947917940975238	0.016577968600109634	0.02209070335918031	0.14433108286881757	0.7947917940975238	C2	C2
DLBCL10939	0.06465476373548786	0.01667086608787108	0.03747710004047159	0.796223349857195	0.0849739202789745	0.796223349857195	C4	C4
DLBCL_RICOVER_985	0.02967306341645073	0.03861190982273738	0.1022692800606095	0.7968547915623857	0.032590955137816645	0.7968547915623857	C4	C4
DLBCL10505	0.04106618928910534	0.02958881544984544	0.10545463449912013	0.8043066673673531	0.01958369339457594	0.8043066673673531	C4	C4
DLBCL10853	0.060583179087958135	0.085461701591894	0.02914863464047007	0.020382394430609088	0.8044240902490687	0.8044240902490687	C5	C5
DLBCL10545	0.03496648967193614	0.06846032048577128	0.8050321616889965	0.05295356669249649	0.0385874614607996	0.8050321616889965	C3	C1
DLBCL10517	0.009929336124932289	0.8060382262061072	0.13870918736563592	0.022044714657516878	0.023278535645807685	0.8060382262061072	C2	C2
DLBCL10491	0.011622716044233351	0.8063936066528786	0.10480516863379459	0.059530295430284354	0.017648213238809118	0.8063936066528786	C2	C4
DLBCL10462	0.8068531371948439	0.010607551531064088	0.052512883352658045	0.03177434827556101	0.09825207964587301	0.8068531371948439	C1	C1
DLBCL11208	0.02839433560447223	0.8084033859593427	0.09042230682468587	0.042844817513594737	0.02993515409790451	0.8084033859593427	C2	C2
DLBCL_RICOVER_336	0.03843318575814673	0.8091810823408941	0.023233139595520435	0.10264416035132834	0.02650843195411035	0.8091810823408941	C2	C4
