sample	C1	C2	C3	C4	C5	Confidence	PredictedCluster	TrueCluster
DLBCL10936	0.21045827150786336	0.18297358234549513	0.23944773699709784	0.14844378372502384	0.21867662542451974	0.23944773699709784	C3	C3
DLBCL_MC_F927_JHS	0.21045827150786336	0.18297358234549513	0.23944773699709784	0.14844378372502384	0.21867662542451974	0.23944773699709784	C3	C5
DLBCL11208	0.21045827150786336	0.18297358234549513	0.23944773699709784	0.14844378372502384	0.21867662542451974	0.23944773699709784	C3	C2
DLBCL_C_D_1156_NULLPAIR	0.21045827150786336	0.18297358234549513	0.23944773699709784	0.14844378372502384	0.21867662542451974	0.23944773699709784	C3	C1
DLBCL_C_D_1140_NULLPAIR	0.21045827150786336	0.18297358234549513	0.23944773699709784	0.14844378372502384	0.21867662542451974	0.23944773699709784	C3	C5
DLBCL_RICOVER_694	0.21045827150786336	0.18297358234549513	0.23944773699709784	0.14844378372502384	0.21867662542451974	0.23944773699709784	C3	C1
DLBCL11574	0.21045827150786336	0.18297358234549513	0.23944773699709784	0.14844378372502384	0.21867662542451974	0.23944773699709784	C3	C3
DLBCL11431	0.21045827150786336	0.18297358234549513	0.23944773699709784	0.14844378372502384	0.21867662542451974	0.23944773699709784	C3	C5
DLBCL10922	0.08338219187026312	0.253519023993573	0.2626828982585996	0.10154664569685877	0.2988692401807056	0.2988692401807056	C5	C2
DLBCL_LS3499	0.23302066747326347	0.1975353290581173	0.13487234960159952	0.30627678868906	0.12829486517795977	0.30627678868906	C4	C4
DLBCL_RICOVER_692	0.2988919617602071	0.20598753360172747	0.07003383058471552	0.3423242162403115	0.08276245781303838	0.3423242162403115	C4	C4
DLBCL11473	0.12202142756112677	0.16705201760179675	0.34584283829781937	0.3143782633864084	0.05070545315284879	0.34584283829781937	C3	C1
DLBCL10566	0.11317678596141546	0.2842238714122612	0.1804526396001822	0.07542944847178237	0.3467172545543588	0.3467172545543588	C5	C5
DLBCL_RICOVER_1072	0.09459847253398551	0.3470404056271601	0.04009690111635411	0.2253873002335385	0.2928769204889618	0.3470404056271601	C2	C4
DLBCL11470	0.35094692328310956	0.01229900880378879	0.1557069834595035	0.30030734959772903	0.18073973485586908	0.35094692328310956	C1	C1
DLBCL10503	0.03896973139222006	0.2066944039646105	0.35939756039729304	0.2599628979487794	0.13497540629709698	0.35939756039729304	C3	C2
DLBCL11512	0.2295516109510677	0.3637155979415696	0.2682038297483705	0.1208017174215453	0.017727243937446905	0.3637155979415696	C2	C1
DLBCL10996	0.3672088810429906	0.024573521348014	0.2787152125547757	0.03298703131124527	0.29651535374297444	0.3672088810429906	C1	C1
DLBCL_RICOVER_826	0.20209685570149472	0.3747039092806923	0.03179970711264277	0.08518790881394867	0.3062116190912215	0.3747039092806923	C2	C1
DLBCL_RICOVER_543	0.0862510584877884	0.32684695856417845	0.09538044451874846	0.1131799965554789	0.3783415418738058	0.3783415418738058	C5	C5
DLBCL_RICOVER_1287	0.0862510584877884	0.32684695856417845	0.09538044451874846	0.1131799965554789	0.3783415418738058	0.3783415418738058	C5	C5
DLBCL10928	0.17837383435235768	0.3811956355190521	0.3410274141491005	0.02738478073860184	0.07201833524088787	0.3811956355190521	C2	C1
DLBCL11479	0.3823704676446859	0.19807607406538325	0.10149445217502735	0.1197885342172913	0.19827047189761213	0.3823704676446859	C1	C2
DLBCL_RICOVER_338	0.2304551566217866	0.030331927781016566	0.3255254694959897	0.38352783557752806	0.03015961052367907	0.38352783557752806	C4	C1
DLBCL_RICOVER_865	0.25286506785537	0.38592738391402415	0.04020112968712577	0.09037395491863427	0.23063246362484574	0.38592738391402415	C2	C1
DLBCL11501	0.28358936698774523	0.38864376446083876	0.20053724113590868	0.04617476137310189	0.08105486604240537	0.38864376446083876	C2	C1
DLBCL10531	0.18228655129449395	0.019323107717149735	0.39178519170712456	0.0941250948465845	0.31248005443464727	0.39178519170712456	C3	C1
DLBCL_C_D_1109_NULLPAIR	0.19422595075279112	0.01876460461955275	0.04684912609436553	0.39315247923732244	0.3470078392959682	0.39315247923732244	C4	C4
DLBCL10513	0.1530046971330782	0.24750821247442645	0.17370448711049882	0.39684710860509237	0.028935494676904077	0.39684710860509237	C4	C4
DLBCL11486	0.39936099977475714	0.11149673270110869	0.24721593276151438	0.04721820793917953	0.19470812682344027	0.39936099977475714	C1	C1
DLBCL11206	0.20333386018901103	0.08855637566679629	0.2560951187042681	0.05183902045413106	0.4001756249857935	0.4001756249857935	C5	C5
DLBCL_C_D_1155_NULLPAIR	0.17014856382210047	0.04839054224739628	0.4054481600488287	0.3535604150658856	0.02245231881578899	0.4054481600488287	C3	C1
DLBCL10491	0.024849627293545885	0.4072426217347106	0.32033380529963007	0.21895577515606363	0.028618170516049833	0.4072426217347106	C2	C4
DLBCL10895	0.023769772356931992	0.4074148504287141	0.3015979679738236	0.05207811789824519	0.21513929134228513	0.4074148504287141	C2	C5
DLBCL10980	0.038375700599762946	0.09408079242347138	0.4085049335896917	0.274656338606396	0.18438223478067797	0.4085049335896917	C3	C5
DLBCL_MC_F339_JPS2	0.048284915456855676	0.41031892341842235	0.23024689771623186	0.03908214081325745	0.27206712259523264	0.41031892341842235	C2	C5
DLBCL10981	0.020289944356433463	0.41110306567476784	0.2505851678975003	0.08504574288058708	0.23297607919071125	0.41110306567476784	C2	C2
DLBCL10916	0.03335666489752186	0.35447402407288764	0.16272126561797298	0.03437495592529421	0.4150730894863234	0.4150730894863234	C5	C5
DLBCL10454	0.41590390876703925	0.30208918735910456	0.1876364175939467	0.05102428476445314	0.043346201515456366	0.41590390876703925	C1	C5
DLBCL_C_D_1142_NULLPAIR	0.08655047853482008	0.4189147673573991	0.11990184379081716	0.31780354802654964	0.05682936229041412	0.4189147673573991	C2	C2
DLBCL_RICOVER_1081	0.07457668663375078	0.016698236317173917	0.2227556243634019	0.2667614774078413	0.4192079752778321	0.4192079752778321	C5	C5
DLBCL_C_D_1126_NULLPAIR	0.32376257265530933	0.42189692116542493	0.037653111724942095	0.04669035313593427	0.1699970413183894	0.42189692116542493	C2	C2
DLBCL_LS148	0.047097845246532904	0.10698041429914157	0.4245455088911301	0.2324809768936107	0.18889525466958476	0.4245455088911301	C3	C5
DLBCL_C_D_1162_NULLPAIR	0.03271463590175935	0.03668288826412927	0.2699012401837298	0.2329806730035724	0.42772056264680924	0.42772056264680924	C5	C5
DLBCL11539	0.33744062649148493	0.015920020963757758	0.4279103825459157	0.19822696610210352	0.020502003896738043	0.4279103825459157	C3	C1
DLBCL_C_D_1153_NULLPAIR	0.045974605348474425	0.42815964420666935	0.05575227966522655	0.08771695809055478	0.3823965126890749	0.42815964420666935	C2	C4
DLBCL10488	0.36413207926620916	0.14894458989804182	0.4298415412317395	0.036898768663713485	0.020183020940296004	0.4298415412317395	C3	C1
DLBCL11503	0.04226404465420161	0.35775585056061243	0.052712438179612305	0.4364557708442634	0.11081189576131024	0.4364557708442634	C4	C2
DLBCL_LS3808	0.043259450916809876	0.08333439932450665	0.43729729091219893	0.09254195309987619	0.34356690574660836	0.43729729091219893	C3	C5
DLBCL11528	0.14184808864964735	0.4375509344976894	0.32478048582348834	0.07229399200648894	0.023526499022685946	0.4375509344976894	C2	C3
DLBCL11448	0.03626160233567684	0.4441443975973301	0.23470619661460027	0.19602550173516878	0.08886230171722403	0.4441443975973301	C2	C4
DLBCL11476	0.4443489191714593	0.2005686370950711	0.03945827027198257	0.038485648308328235	0.27713852515315873	0.4443489191714593	C1	C5
DLBCL10978	0.03995398945935134	0.03929234553145505	0.3904584347109736	0.44801871763238726	0.08227651266583283	0.44801871763238726	C4	C4
DLBCL_LS2978	0.24083791104293562	0.4490095406721526	0.04649933753294546	0.1245114597161101	0.13914175103585621	0.4490095406721526	C2	C1
DLBCL11429	0.05474799435890197	0.031361566827033505	0.3570861735570775	0.10415245604236166	0.45265180921462533	0.45265180921462533	C5	C1
DLBCL10516	0.023733442946625955	0.024000461474398282	0.45761379917674705	0.17911048565027726	0.3155418107519515	0.45761379917674705	C3	C5
DLBCL_C_D_1120_NULLPAIR	0.046660015567704945	0.2682565019361606	0.45856950331246227	0.036824516486737756	0.1896894626969345	0.45856950331246227	C3	C5
DLBCL11538	0.05884628812705779	0.014781474432534176	0.46157121701641474	0.16764834067749407	0.2971526797464992	0.46157121701641474	C3	C5
DLBCL_RICOVER_258	0.4617589412123862	0.030373471991360142	0.23902465843996876	0.09120096912776182	0.17764195922852302	0.4617589412123862	C1	C3
DLBCL10884	0.46322320264219446	0.022514702141951747	0.2501893956233281	0.04487857309834044	0.21919412649418527	0.46322320264219446	C1	C1
DLBCL10971	0.4637170900143426	0.0555747922302197	0.06398030793034218	0.12583190715941472	0.2908959026656808	0.4637170900143426	C1	C1
DLBCL_RICOVER_151	0.01959217428371668	0.46463278527202595	0.2036789429914822	0.0643600410258824	0.2477360564268928	0.46463278527202595	C2	C4
DLBCL10878	0.2706655835830435	0.01862716962804635	0.03571505041233183	0.21006410748098428	0.464928088895594	0.464928088895594	C5	C5
DLBCL10955	0.29422841388925275	0.011013176383358168	0.12414497474684655	0.10262473042167139	0.46798870455887115	0.46798870455887115	C5	C4
DLBCL11510	0.4698255248505422	0.035425114428794785	0.0680991004212892	0.10197687159487771	0.3246733887044961	0.4698255248505422	C1	C5
DFCIDL001_DT	0.042033590829471563	0.4701879544805858	0.38074842848513196	0.08577546002234393	0.021254566182466742	0.4701879544805858	C2	C1
DLBCL10997	0.38717677876604595	0.015904496132895102	0.03363764209648059	0.08841215330042747	0.47486892970415084	0.47486892970415084	C5	C1
DLBCL11483	0.16256827678877744	0.4757393768259649	0.14641096197048245	0.10623360251819584	0.10904778189657933	0.4757393768259649	C2	C2
DLBCL10926	0.24475358838521277	0.47598187508114653	0.04873508767398709	0.08079075384472477	0.14973869501492879	0.47598187508114653	C2	C2
DLBCL10499	0.0345065265375431	0.02311350359051994	0.2561730702099873	0.20905625729302965	0.47715064236891996	0.47715064236891996	C5	C5
DLBCL_C_D_1129_NULLPAIR	0.4790070543095955	0.09483506809970388	0.34945473656953274	0.06321279096855478	0.013490350052613035	0.4790070543095955	C1	C1
DLBCL11478	0.04939069962768651	0.35127100411352413	0.4803916790202738	0.048663899981542316	0.07028271725697317	0.4803916790202738	C3	C1
DLBCL_RICOVER_575	0.33130960338114723	0.014941077565983502	0.1441836610375247	0.48227959001412996	0.027286068001214622	0.48227959001412996	C4	C4
DLBCL11468	0.033389220853031525	0.04292292792451011	0.4848673070896867	0.3781288485323134	0.06069169560045833	0.4848673070896867	C3	C3
DLBCL_RICOVER_1045	0.2372208454141327	0.01962374161156281	0.030497676530902865	0.48538869262721224	0.2272690438161894	0.48538869262721224	C4	C4
DLBCL_LS2590	0.03170805700751563	0.02996182758744604	0.13436857101227406	0.4854068236346378	0.31855472075812646	0.4854068236346378	C4	C4
DLBCL10875	0.13002914448650532	0.2761020764374041	0.48546861512404244	0.0877279352158054	0.020672228736242696	0.48546861512404244	C3	C1
DLBCL11480	0.1171414603005606	0.018766881082763535	0.48674054816159784	0.051278184135852355	0.3260729263192257	0.48674054816159784	C3	C1
DLBCL10538	0.04359934017432897	0.3742096212005461	0.02202921353616585	0.07106602413440032	0.4890958009545588	0.4890958009545588	C5	C2
DLBCL11504	0.12771416948650677	0.08671404221131633	0.15845574408278634	0.13769096384801452	0.48942508037137605	0.48942508037137605	C5	C5
DLBCL10478	0.08483777027471072	0.02039528705671534	0.4917144772809735	0.3749328033214492	0.028119662066151258	0.4917144772809735	C3	C4
DLBCL_BWH_DLBCL64	0.03337110359043327	0.4925863850443665	0.29998342415499935	0.14591422933118509	0.028144857879015703	0.4925863850443665	C2	C2
DLBCL_RICOVER_763	0.04166701200579658	0.36939012904045915	0.05013289325521482	0.0456749509758824	0.49313501472264704	0.49313501472264704	C5	C2
DLBCL_C_D_PAIR2	0.126136420201392	0.49350128647510483	0.23334771451552536	0.053497771576095254	0.09351680723188248	0.49350128647510483	C2	C2
DLBCL_RICOVER_583	0.06938901715814069	0.27955003797999567	0.4942853017191391	0.06383359403643622	0.0929420491062883	0.4942853017191391	C3	C2
DLBCL11180	0.050746480038412846	0.49610735682963175	0.10352553819734725	0.0198286792097485	0.32979194572485965	0.49610735682963175	C2	C2
DLBCL10903	0.02667775056521071	0.49652421123502977	0.4073709300788387	0.03190244749917519	0.037524660621745656	0.49652421123502977	C2	C2
DLBCL_RICOVER_910	0.09481736236806007	0.4966090554589194	0.07697813451338732	0.27952024524503183	0.05207520241460139	0.4966090554589194	C2	C1
DLBCL10969	0.12942174350176086	0.2723271959064206	0.4975881933660532	0.0829973655222533	0.017665501703512027	0.4975881933660532	C3	C1
DLBCL_RICOVER_107	0.0291477192494987	0.5012832355238346	0.4041298784325499	0.04084099746116625	0.024598169332950552	0.5012832355238346	C2	C2
DLBCL11195	0.025812286905436112	0.22356522714494304	0.21042430754891406	0.037167666264605666	0.5030305121361012	0.5030305121361012	C5	C5
DLBCL10548	0.5089416333468328	0.17263298594077453	0.026527822741862227	0.08997878066328661	0.2019187773072438	0.5089416333468328	C1	C1
DLBCL_C_D_1146_NULLPAIR	0.06022469867926332	0.23422580751248	0.1671663001418418	0.5114166905023445	0.026966503164070368	0.5114166905023445	C4	C4
DLBCL_RICOVER_773	0.04909853312854866	0.04254354003815843	0.3631016719629315	0.03279304642978507	0.5124632084405764	0.5124632084405764	C5	C5
DLBCL11433	0.045109941249859384	0.01991608823795717	0.512739079180529	0.06931558435199059	0.35291930697966395	0.512739079180529	C3	C4
DLBCL10990	0.29018399031869546	0.5129086088629192	0.04904345855508648	0.05451700309152922	0.09334693917176964	0.5129086088629192	C2	C5
DLBCL_RICOVER_1144	0.5173596600501126	0.013597193655523386	0.025384728949334943	0.11086313693063778	0.3327952804143913	0.5173596600501126	C1	C1
DLBC_FF_A7CW_TP_NB	0.031303525253438595	0.042191480634507776	0.24270544260847354	0.16610203870564338	0.5176975127979367	0.5176975127979367	C5	C5
DLBCL10483	0.024779821107294268	0.41019164500379746	0.5179651912438161	0.026624196460581784	0.020439146184510378	0.5179651912438161	C3	C2
DLBCL_LS1899	0.028703037045422656	0.06250331664218621	0.5188212859744632	0.33255002585198545	0.05742233448594246	0.5188212859744632	C3	C4
DLBCL10961	0.01888319130554406	0.3403523236139399	0.08286967874563561	0.03874516178285617	0.5191496445520243	0.5191496445520243	C5	C5
DLBCL10541	0.04537627678278987	0.2967226359637394	0.06842232386319073	0.06827914013529304	0.5211996232549869	0.5211996232549869	C5	C2
DLBCL_LS762	0.04505554801173985	0.02607822096621233	0.5213481006467938	0.07318185921337846	0.33433627116187553	0.5213481006467938	C3	C3
DLBCL11496	0.11043477708751549	0.07541691909899703	0.2440510310267661	0.04692009959924041	0.523177173187481	0.523177173187481	C5	C1
DLBCL11461	0.5260300602157708	0.018116503655963654	0.21093721635365276	0.22467476549319934	0.02024145428141347	0.5260300602157708	C1	C1
DLBCL10945	0.526938198240937	0.013451673851827288	0.05258117305601196	0.1285298704478298	0.2784990844033939	0.526938198240937	C1	C1
DLBCL10482	0.25805682504755284	0.057260107293316195	0.06124787592889842	0.09640395697133268	0.5270312347588999	0.5270312347588999	C5	C1
DLBCL10957	0.5277708592001655	0.04339095717209922	0.3272272738079614	0.07858748742609872	0.02302342239367515	0.5277708592001655	C1	C1
DLBCL_RICOVER_945	0.527879422973174	0.1304045276077377	0.07109433248030823	0.045247465223400646	0.2253742517153794	0.527879422973174	C1	C1
DLBCL10912	0.07079411003757846	0.2652820123827488	0.5279285132314575	0.04203317953225211	0.09396218481596315	0.5279285132314575	C3	C1
DLBCL11346	0.024873924312335604	0.3551191006087929	0.056360899848338475	0.03468742864899005	0.5289586465815429	0.5289586465815429	C5	C2
DLBCL11533	0.02464048964466069	0.5292601103022048	0.3569761549890243	0.0635855439167033	0.025537701147406965	0.5292601103022048	C2	C2
DLBCL_C_D_PAIR22	0.031106897430697982	0.38365436110328327	0.52940919100249	0.029502169161576546	0.026327381301952203	0.52940919100249	C3	C2
DLBCL10968	0.34628067428199133	0.01812238367632021	0.07624315709031826	0.5300777203025546	0.029276064648815582	0.5300777203025546	C4	C1
DLBCL10838	0.04853631359106255	0.35652543562682387	0.023251070001799812	0.03961101702007073	0.532076163760243	0.532076163760243	C5	C5
DLBCL_C_D_PAIR13	0.1338841343066875	0.1323587725681015	0.12131166169148265	0.08017430377577481	0.5322711276579536	0.5322711276579536	C5	C5
DLBCL10546	0.5364465938828946	0.049384861466163894	0.06037427196740101	0.04234307140466964	0.3114512012788709	0.5364465938828946	C1	C1
DLBCL10782	0.13756169103261567	0.1467127466596354	0.14622289275433473	0.5376449550391804	0.03185771451423381	0.5376449550391804	C4	C4
DLBCL_C_D_PAIR20	0.02639167502027831	0.2706913443368386	0.5404690737789807	0.017709310593663794	0.14473859627023866	0.5404690737789807	C3	C5
DLBCL10888	0.037984708138541316	0.02174622359205668	0.3269407304643116	0.07267992264267834	0.5406484151624121	0.5406484151624121	C5	C5
DLBCL_RICOVER_1237	0.34889158302289436	0.02868828705528705	0.025617581428929403	0.05565821376134961	0.5411443347315396	0.5411443347315396	C5	C5
DLBCL_RICOVER_99	0.346567468348278	0.034462948799860706	0.03339438424699962	0.04250542074150278	0.5430697778633589	0.5430697778633589	C5	C5
DLBCL10867	0.017956946771015926	0.35217889459752016	0.0272316385083499	0.059124359267606674	0.5435081608555073	0.5435081608555073	C5	C5
DLBCL11196	0.10804511724686869	0.023720322937381067	0.05048905110477245	0.27347273374197384	0.544272774969004	0.544272774969004	C5	C4
DLBCL10962	0.17954338344719914	0.0671523608146336	0.5485053967339903	0.06271903421587252	0.14207982478830433	0.5485053967339903	C3	C2
DLBCL10504	0.02147600785844117	0.017668598926646815	0.549438937221399	0.06453177654090109	0.34688467945261187	0.549438937221399	C3	C5
DLBCL10994	0.16267788542990558	0.550689817968371	0.051559860189330495	0.0672934851598445	0.16777895125254844	0.550689817968371	C2	C1
DLBCL11662	0.3020707158725685	0.0486831231938412	0.0634589630442709	0.03163426224344016	0.5541529356458792	0.5541529356458792	C5	C1
DLBCL_RICOVER_105	0.21043665322195196	0.5546174196679817	0.027087405166662214	0.02657698010867435	0.18128154183472975	0.5546174196679817	C2	C5
DLBCL11590	0.036289775149997906	0.02484156756466555	0.5563167173796879	0.11383390444133595	0.26871803546431267	0.5563167173796879	C3	C3
DLBC_FF_A7CX_TP_NB	0.3361896656516258	0.03131908034492394	0.023108193818724403	0.05270912067975399	0.5566739395049719	0.5566739395049719	C5	C5
DLBCL_LS4619	0.019337431915575968	0.068857412401003	0.32159438561082043	0.03349948894813243	0.5567112811244682	0.5567112811244682	C5	C5
DLBCL_MC_F990_MNA	0.03951145771548773	0.27980310683856147	0.03374274468638139	0.08977213311775836	0.557170557641811	0.557170557641811	C5	C2
DLBCL_RICOVER_1061	0.02711330262778879	0.020021623190940915	0.5582395567591274	0.3226371865978883	0.07198833082425463	0.5582395567591274	C3	C4
DLBCL10906	0.04419365073839515	0.5596760659989358	0.036072191252134754	0.023187995181542936	0.33687009682899133	0.5596760659989358	C2	C2
DLBCL11462	0.233493631008643	0.03391562306266261	0.07303943454492424	0.0987275621407221	0.560823749243048	0.560823749243048	C5	C1
DLBCL_C_D_1103_NULLPAIR	0.05807130057934908	0.2929513070814362	0.048088259271001015	0.5613616463810311	0.03952748668718261	0.5613616463810311	C4	C4
DLBCL11676	0.22905450136089456	0.01792282674766896	0.5621663963848708	0.17247848692641918	0.01837778858014652	0.5621663963848708	C3	C1
DLBCL10909	0.05410450986553852	0.0195409041089581	0.11260613118302366	0.5623421814235883	0.2514062734188915	0.5623421814235883	C4	C5
DLBCL10954	0.05739467709018041	0.5643967960759102	0.19009258185455327	0.04371817943343566	0.14439776554592046	0.5643967960759102	C2	C2
DLBCL_LS2208	0.050732318987098485	0.04839552064596166	0.565578074076338	0.10926053343238726	0.2260335528582146	0.565578074076338	C3	C5
DLBCL11443	0.5658180638383732	0.01186568689360491	0.15985599149614052	0.06188035882288513	0.20057989894899625	0.5658180638383732	C1	C1
DLBCL11467	0.1131556068911856	0.09413270480580269	0.11284175218323046	0.5660784390763579	0.11379149704342333	0.5660784390763579	C4	C4
DLBCL_MC_F307_JPS	0.1131556068911856	0.09413270480580269	0.11284175218323046	0.5660784390763579	0.11379149704342333	0.5660784390763579	C4	C1
DLBCL10853	0.5667307108005875	0.02073142361831501	0.033143032902647064	0.0613632693988651	0.31803156327958537	0.5667307108005875	C1	C5
DLBCL11507	0.028152485287500834	0.5699798127337034	0.3257841659373452	0.04019189396617192	0.03589164207527875	0.5699798127337034	C2	C2
DLBCL11452	0.14433689321517457	0.17895526837115677	0.07200088724943549	0.5701461353552355	0.034560815808997655	0.5701461353552355	C4	C1
DLBCL_C_D_1112_NULLPAIR	0.04127008324025228	0.10422841158494531	0.5715448584324584	0.06796795222140145	0.21498869452094257	0.5715448584324584	C3	C3
DLBCL_RICOVER_1150	0.1568519153457769	0.08230149459994165	0.04559127557072798	0.5758167905077649	0.13943852397578857	0.5758167905077649	C4	C1
DLBCL11495	0.22587301343636657	0.014446901689913841	0.05551138570985481	0.12729688089301683	0.576871818270848	0.576871818270848	C5	C5
DLBCL10891	0.03215124646408905	0.015709962408270935	0.577889123377501	0.07830367514752617	0.29594599260261284	0.577889123377501	C3	C5
DLBCL10874	0.06405158928419208	0.14845503392729498	0.07847015967905704	0.5785623521330805	0.13046086497637543	0.5785623521330805	C4	C2
DLBCL10914	0.582686632396603	0.14150119491049232	0.18924945859113607	0.059772274042210284	0.026790440059558232	0.582686632396603	C1	C1
DLBCL_MAYO_DLBCL_3653	0.06547850854606384	0.04078830047473844	0.09033410863519624	0.21839580889704596	0.5850032734469555	0.5850032734469555	C5	C1
DLBCL10925	0.14162421036562736	0.2055685458857652	0.0279402240080447	0.03904254819546563	0.5858244715450971	0.5858244715450971	C5	C5
DLBCL11193	0.02623679123782151	0.3025274449468656	0.5872425639997798	0.04854605116587791	0.03544714864965518	0.5872425639997798	C3	C2
DLBCL10970	0.0602360302043852	0.2233097061708026	0.09117195126634403	0.5874654070998013	0.03781690525866682	0.5874654070998013	C4	C4
DLBCL10842	0.02789768326198097	0.0382834222164809	0.30326025986078003	0.041471026322156275	0.5890876083386019	0.5890876083386019	C5	C5
DLBCL11455	0.07938566706741951	0.06632125581903987	0.09763660595370713	0.589866320818643	0.16679015034119046	0.589866320818643	C4	C3
DLBCL10943	0.026945850753866664	0.09632859418686884	0.5901064375929894	0.17887061790602227	0.10774849956025283	0.5901064375929894	C3	C5
DLBCL11681	0.20456281833823411	0.029037602205412013	0.5902657110312494	0.12267784564721429	0.053456022777890196	0.5902657110312494	C3	C1
DLBCL_RICOVER_978	0.24189681396428542	0.0161658639582922	0.5929586260535675	0.043535500493343315	0.10544319553051154	0.5929586260535675	C3	C3
DLBCL10462	0.1739973261838665	0.014634691525600874	0.17478840527964457	0.04268690242066703	0.5938926745902211	0.5938926745902211	C5	C1
DLBCL_RICOVER_956	0.07852309549467502	0.11265969963189218	0.09875444755047211	0.11334558295600575	0.5967171743669549	0.5967171743669549	C5	C5
DLBCL_MC_F089_MLB	0.07852309549467502	0.11265969963189218	0.09875444755047211	0.11334558295600575	0.5967171743669549	0.5967171743669549	C5	C5
DLBCL10457	0.07852309549467502	0.11265969963189218	0.09875444755047211	0.11334558295600575	0.5967171743669549	0.5967171743669549	C5	C5
DLBCL10953	0.1415553212884843	0.02880325328753886	0.20392502240109067	0.028502610519092024	0.5972137925037941	0.5972137925037941	C5	C1
DLBCL_RICOVER_787	0.5988956260227086	0.1912435271616884	0.06536161074209108	0.1151145690713428	0.02938466700216904	0.5988956260227086	C1	C2
DLBCL10948	0.019575535409942325	0.6003073043556751	0.07811331759862726	0.02836677062952244	0.2736370720062329	0.6003073043556751	C2	C2
DLBCL_RICOVER_314	0.019593386884959284	0.12397737233495532	0.12818724786526944	0.12760737783314732	0.6006346150816686	0.6006346150816686	C5	C5
DLBCL10868	0.07511594311018081	0.06021750438284009	0.0265799688903013	0.23647829215725746	0.6016082914594203	0.6016082914594203	C5	C4
DLBCL11560	0.0212983219412553	0.08642703268746245	0.6079975822687876	0.24564280501817545	0.03863425808431918	0.6079975822687876	C3	C4
DLBCL11001	0.21887468775372027	0.02076859531811284	0.08115018558247206	0.07011562710199382	0.609090904243701	0.609090904243701	C5	C5
DLBCL11474	0.1322270489477026	0.021177512133039027	0.048404719183398025	0.1890157968482925	0.6091749228875678	0.6091749228875678	C5	C1
DLBCL11677	0.15172267146746451	0.009594297868406071	0.11932016997034806	0.11016107470239214	0.6092017859913892	0.6092017859913892	C5	C1
DLBCL11660	0.053845526144967404	0.012342578472627914	0.16719183554612121	0.15679489742146552	0.609825162414818	0.609825162414818	C5	C4
DLBCL10993	0.20849173491533832	0.026555692087088238	0.06418991931045026	0.09066435129704364	0.6100983023900796	0.6100983023900796	C5	C1
DLBCL11508	0.6101666985196672	0.081953743098735	0.09398060828443824	0.09154643640258299	0.12235251369457652	0.6101666985196672	C1	C1
DLBCL_RICOVER_1247	0.059029382530314714	0.060818576329770405	0.06209259735356382	0.6106598873241037	0.20739955646224736	0.6106598873241037	C4	C4
DLBCL11466	0.05719556294382135	0.6119679871172767	0.06381556916869613	0.18775371493325455	0.07926716583695123	0.6119679871172767	C2	C2
DLBCL11002	0.06572370017773273	0.08675824137676966	0.2045433719371624	0.6124836571007978	0.03049102940753748	0.6124836571007978	C4	C4
DLBCL10986	0.10985299437887429	0.02908304781429571	0.6130877276529223	0.04792486240502695	0.20005136774888077	0.6130877276529223	C3	C1
DLBCL10915	0.07296665019165524	0.06474491713105612	0.039172261688809086	0.20841291024309544	0.6147032607453842	0.6147032607453842	C5	C5
DLBCL11595	0.08399305651837947	0.02465377508053406	0.1315993844304456	0.1437508062446237	0.6160029777260172	0.6160029777260172	C5	C5
DLBCL10452	0.02260449588766648	0.21768116592250228	0.6172963440910897	0.09309948684442922	0.04931850725431236	0.6172963440910897	C3	C2
DLBCL10460	0.03289131519260524	0.6184912759149728	0.2166234743351601	0.025882245365186938	0.10611168919207493	0.6184912759149728	C2	C2
DLBCL10908	0.056629837369104465	0.10508365059389194	0.619780006330686	0.044702929977219606	0.17380357572909805	0.619780006330686	C3	C5
DLBCL_C_D_1148_NULLPAIR	0.10818668299118017	0.0106477539878502	0.6198184910609832	0.2255522656916085	0.03579480626837791	0.6198184910609832	C3	C1
DLBCL11005	0.030536235335757087	0.15121743799517312	0.1653019591400296	0.03298762356730263	0.6199567439617375	0.6199567439617375	C5	C4
DLBCL11454	0.28353433395578487	0.6206095237352119	0.03177811656186616	0.039190764639119136	0.024887261108017866	0.6206095237352119	C2	C1
DLBCL10493	0.02951041882586627	0.2564653404104209	0.6214708577236966	0.07294708324830429	0.019606299791711912	0.6214708577236966	C3	C2
DLBCL10972	0.05889057766101204	0.04379515896280282	0.2009170634383185	0.0747958370643997	0.621601362873467	0.621601362873467	C5	C1
DLBCL_LS3245	0.01760560848693265	0.3028437074639851	0.6231964469838237	0.027309705751762725	0.02904453131349588	0.6231964469838237	C3	C2
DLBCL10942	0.6236386403453085	0.0337516777166641	0.11534633219879901	0.20772841477380624	0.019534934965422152	0.6236386403453085	C1	C1
DLBCL11471	0.0358002539472177	0.6240086907140249	0.2564371073016907	0.03185617662345247	0.051897771413614256	0.6240086907140249	C2	C4
DLBCL10919	0.2483978667102368	0.02505608870669436	0.62468617438203	0.08035965827538237	0.021500211925656473	0.62468617438203	C3	C4
DLBCL_C_D_1115_NULLPAIR	0.052954044495639216	0.6273658166178265	0.13805178867864315	0.07155023277828408	0.11007811742960705	0.6273658166178265	C2	C4
DLBCL_C_D_1159_NULLPAIR	0.08067086471314883	0.018983456316920496	0.11489294039253942	0.6285710999450734	0.15688163863231788	0.6285710999450734	C4	C4
DLBCL10999	0.013612307709222343	0.03243822765409602	0.6307527269086074	0.08668262451235711	0.2365141132157171	0.6307527269086074	C3	C5
DLBCL10564	0.03135298730513936	0.057142410052874	0.6322611251165619	0.2296977121526561	0.049545765372768634	0.6322611251165619	C3	C4
DLBCL11578	0.1470831587170388	0.13743195765009705	0.04461182030150662	0.6323667993594904	0.03850626397186722	0.6323667993594904	C4	C1
DLBCL10450	0.6337534562671481	0.08620990456194091	0.03687788143332681	0.038452560753786585	0.20470619698379763	0.6337534562671481	C1	C1
DLBCL10933	0.10482608010905178	0.08345958556154116	0.04119189752547597	0.13615303433356016	0.6343694024703709	0.6343694024703709	C5	C2
DLBCL11509	0.6349778549472324	0.20320340392848968	0.05354912744588831	0.05619006127137838	0.052079552407011315	0.6349778549472324	C1	C1
DLBC_FF_8062_TP_NB	0.042238144151697306	0.027938374376498373	0.2571154095448429	0.6363247570014806	0.036383314925480775	0.6363247570014806	C4	C4
DLBCL_RICOVER_197	0.14477773555965054	0.12431310125152209	0.035075929190348916	0.6381893612362294	0.05764387276224909	0.6381893612362294	C4	C4
DLBCL10835	0.01841993937733629	0.2826683019797844	0.028187000411279924	0.031830034125053856	0.6388947241065456	0.6388947241065456	C5	C5
DLBCL_LS3866	0.22054230232436778	0.05248725964284414	0.04068584742684459	0.6391714839326766	0.04711310667326685	0.6391714839326766	C4	C1
DLBCL10887	0.02117051597355425	0.020398106538827485	0.26992687955357086	0.04843268723334403	0.6400718107007034	0.6400718107007034	C5	C5
DLBCL_RICOVER_1018	0.03530248943405809	0.6400903544981403	0.03873381770728546	0.24227250586937288	0.043600832491143236	0.6400903544981403	C2	C4
DLBCL10947	0.02680020025883654	0.6415988162122505	0.1909418659328587	0.04123221093486231	0.09942690666119205	0.6415988162122505	C2	C2
DLBCL11457	0.6420032234111496	0.008060033394692792	0.13945037950870218	0.11086290043938633	0.09962346324606906	0.6420032234111496	C1	C1
DLBCL_RICOVER_336	0.08515379287659373	0.18897117212833228	0.05252414883698701	0.6425720480469128	0.03077883811117412	0.6425720480469128	C4	C4
DLBCL11182	0.029222351839752445	0.6430418665860863	0.03268501293220805	0.09706614787822375	0.1979846207637295	0.6430418665860863	C2	C4
DLBCL10856	0.022087891764672324	0.034618537504588306	0.643109437135651	0.027497386959956203	0.2726867466351321	0.643109437135651	C3	C3
DLBCL11658	0.03470549094673086	0.03556130754041526	0.051188340542186524	0.23503724023936642	0.643507620731301	0.643507620731301	C5	C4
DLBCL_C_D_1105_NULLPAIR	0.24358334115771565	0.6455222265055911	0.04213199256848343	0.03758473022181388	0.031177709546395933	0.6455222265055911	C2	C2
DLBCL10873	0.026995671716544354	0.2569528302920667	0.6457427833840108	0.04757385509093573	0.022734859516442385	0.6457427833840108	C3	C2
DLBCL_C_D_1114_NULLPAIR	0.6462966840732066	0.015325749494584708	0.05027816973796692	0.11100067844146705	0.1770987182527747	0.6462966840732066	C1	C1
DLBCL10965	0.21001949814263424	0.02104025184704311	0.04176263836188101	0.6476572399509103	0.07952037169753139	0.6476572399509103	C4	C4
DLBCL11657	0.02579870951621408	0.24716191329602122	0.649503617919	0.04630754553889341	0.03122821372987123	0.649503617919	C3	C4
DLBCL10846	0.05215780070368261	0.1363413930219043	0.06702549114375128	0.09449908440164172	0.6499762307290201	0.6499762307290201	C5	C2
DLBCL10966	0.6514656405964484	0.020385789991340057	0.10119745328004165	0.20603514743578627	0.02091596869638361	0.6514656405964484	C1	C1
DLBCL10956	0.13848503478935725	0.6516105616435414	0.05564540595483978	0.13280492180564332	0.021454075806618247	0.6516105616435414	C2	C2
DLBCL11664	0.13909120255505394	0.6516567306186669	0.06782853838579492	0.10425452001569029	0.03716900842479391	0.6516567306186669	C2	C2
DLBCL11441	0.6519534313776584	0.019968761484486407	0.024748748624528173	0.14579730420742645	0.15753175430590063	0.6519534313776584	C1	C3
DLBCL10932	0.6521720195652543	0.019092496770170424	0.020601795007880924	0.24607371741184655	0.06205997124484775	0.6521720195652543	C1	C4
DLBCL11536	0.019257533119559186	0.6524776111860305	0.10429990196117798	0.08737289832742533	0.13659205540580696	0.6524776111860305	C2	C4
DLBCL_LS378	0.20372169935736067	0.03311202160788267	0.6525495001541766	0.03866619024919082	0.07195058863138931	0.6525495001541766	C3	C1
DLBCL10849	0.6531755438361408	0.20119560708294007	0.02511317464586479	0.04926256228082424	0.07125311215423007	0.6531755438361408	C1	C2
DLBCL_MC_F496DMP	0.031807843939829605	0.2468151767117659	0.6532882037561859	0.025882621159424204	0.042206154432794345	0.6532882037561859	C3	C2
DLBCL11652	0.6539818814938706	0.040042093990772326	0.14532213508774222	0.13119129076910788	0.029462598658507	0.6539818814938706	C1	C1
DLBCL_LS951	0.14510738408414503	0.05646675671838411	0.08729241537343856	0.6570953977847676	0.05403804603926478	0.6570953977847676	C4	C1
DLBCL11464	0.215443383622544	0.018239686699164235	0.033945650958037976	0.6594188974999254	0.07295238122032835	0.6594188974999254	C4	C4
DLBCL10837	0.028977394959512986	0.1011483109329202	0.08877418911857425	0.11938736514857722	0.6617127398404153	0.6617127398404153	C5	C5
DLBCL11671	0.6621087642267746	0.10650140118921622	0.08557346187554948	0.1305245295884438	0.015291843120016002	0.6621087642267746	C1	C1
DLBCL_MC_F500_ECU	0.062834310285916	0.6623191601202973	0.061985421995707154	0.07225003171849943	0.14061107587958008	0.6623191601202973	C2	C2
DLBCL10870	0.01503317055583859	0.037243368054159155	0.22976310409642103	0.05545252038497839	0.6625078369086028	0.6625078369086028	C5	C5
DLBC_FF_8042_TP_NB	0.02456997842601219	0.028398600788917577	0.6627545583231322	0.029219174194153326	0.25505768826778463	0.6627545583231322	C3	C5
DLBCL11456	0.04698508212111544	0.663596522934157	0.151167599273992	0.11572678001192807	0.022524015658807413	0.663596522934157	C2	C2
DLBCL10539	0.07186853465724308	0.16485177763173778	0.058417860071389924	0.6644819257556164	0.04037990188401285	0.6644819257556164	C4	C4
DLBCL11491	0.6692481897461603	0.011667997940717168	0.18217011618126583	0.08104122712026711	0.055872469011589626	0.6692481897461603	C1	C4
DLBCL11519	0.19518040878074333	0.6695646409195452	0.036839388448730574	0.038231042845959295	0.06018451900502164	0.6695646409195452	C2	C1
DLBCL_RICOVER_617	0.10012868887804897	0.09265915089967709	0.6703719946757646	0.08010403993706261	0.05673612560944671	0.6703719946757646	C3	C4
DLBCL_RICOVER_150	0.016624084640344265	0.2502605816467526	0.041274598845778956	0.018240341264971326	0.6736003936021528	0.6736003936021528	C5	C5
DLBCL_RICOVER_506	0.03171248146721957	0.21644530927394814	0.056317713670249694	0.020807473252408844	0.6747170223361737	0.6747170223361737	C5	C5
DLBCL_RICOVER_950	0.05228548140274595	0.05673362042963314	0.17947972706793608	0.6748622609140448	0.03663891018564012	0.6748622609140448	C4	C4
DLBCL_C_D_1149_NULLPAIR	0.07152244024032398	0.6777672864960871	0.18844242816151038	0.024077695473427	0.038190149628651575	0.6777672864960871	C2	C2
DLBCL11204	0.18942840892120705	0.6784962736562887	0.06159017287126956	0.026888180738671365	0.04359696381256335	0.6784962736562887	C2	C2
DLBCL10542	0.16873396821116984	0.020930069410619517	0.0977515535171472	0.03191260483217886	0.6806718040288845	0.6806718040288845	C5	C1
DLBCL_RICOVER_208	0.017703794954753594	0.6811444168389046	0.2587207598303809	0.020301352191183557	0.02212967618477729	0.6811444168389046	C2	C2
DLBCL10486	0.6828339981088031	0.10460811344143012	0.0773116902376319	0.1086006762563751	0.026645521955759782	0.6828339981088031	C1	C1
DLBCL_RICOVER_780	0.016916381195604603	0.2349554076393759	0.6870443292131718	0.0431298664296891	0.01795401552215856	0.6870443292131718	C3	C2
DLBCL_RICOVER_1169	0.0749231499035033	0.688379482628633	0.11445031421398945	0.0748393424629526	0.047407710790921626	0.688379482628633	C2	C2
DLBCL10862	0.029705106823806893	0.02497761894259692	0.21556810782128827	0.04076097728219103	0.6889881891301168	0.6889881891301168	C5	C5
DLBCL10500	0.023216590277992156	0.12740904249585713	0.13242334360654615	0.026871925748487287	0.6900790978711173	0.6900790978711173	C5	C2
DLBCL_LS2367	0.6909798691822332	0.050346836350414474	0.047867135977107275	0.12235736728966469	0.08844879120058034	0.6909798691822332	C1	C1
DLBCL10865	0.6915400569808341	0.021097958954491583	0.03758142709547638	0.17053005854709785	0.07925049842210015	0.6915400569808341	C1	C5
DLBCL10506	0.10569219428555465	0.02323813100161591	0.6920254980342866	0.15903956194254273	0.02000461473600011	0.6920254980342866	C3	C1
DLBCL11655	0.0920941129414602	0.01765409501470127	0.033206218787774036	0.6928317721858608	0.16421380107020372	0.6928317721858608	C4	C4
DLBCL_RICOVER_948	0.035601033170337096	0.6936125168628813	0.23410108102067073	0.01919790709308154	0.017487461853029358	0.6936125168628813	C2	C2
DLBCL11194	0.09983047837472178	0.013316643132028495	0.06033555769521168	0.13189613566566613	0.6946211851323719	0.6946211851323719	C5	C5
DLBCL10927	0.02080452134203387	0.04069963778102157	0.6951143739368084	0.18521433357193048	0.058167133368205705	0.6951143739368084	C3	C4
DLBCL10964	0.057980006330444124	0.12717013108650377	0.017417640393719642	0.10110475366813766	0.6963274685211948	0.6963274685211948	C5	C5
DLBCL10950	0.06722830367119033	0.04038204624363564	0.09386977883519299	0.10104097262149328	0.6974788986284878	0.6974788986284878	C5	C1
DLBCL_LS4394	0.03423018223068328	0.22157270248881292	0.6984714998406101	0.022454213479625545	0.023271401960268227	0.6984714998406101	C3	C1
DLBCL11353	0.013191221564242668	0.02544213260669579	0.21286759497518895	0.049642640204134385	0.6988564106497382	0.6988564106497382	C5	C5
DLBCL_RICOVER_1165	0.045435546804279275	0.13956955747974398	0.6990864299453432	0.037211898479888705	0.0786965672907448	0.6990864299453432	C3	C2
DLBCL11477	0.7001786088094558	0.016766690798616427	0.021342163345176992	0.10669715969294448	0.1550153773538063	0.7001786088094558	C1	C1
DLBCL11449	0.02455606763314595	0.19819773242265706	0.04033429502276227	0.03328046643167898	0.7036314384897557	0.7036314384897557	C5	C2
DLBCL11527	0.038334187435902466	0.03175051099067935	0.18995777503678501	0.7038125580455442	0.03614496849108899	0.7038125580455442	C4	C4
DLBCL11202	0.05092083682675976	0.1096630678383725	0.7042186164044891	0.12306486358560936	0.012132615344769233	0.7042186164044891	C3	C1
DLBCL11531	0.06907582639193854	0.16238057449901955	0.7047594348256301	0.03312640889019897	0.030657755393212832	0.7047594348256301	C3	C2
DLBCL10532	0.02941436908669639	0.02040687012305782	0.21293367578274822	0.031809500143130075	0.7054355848643675	0.7054355848643675	C5	C5
DLBCL11513	0.052879710765180325	0.016471649984268377	0.7056159423462887	0.0549173335718012	0.17011536333246144	0.7056159423462887	C3	C5
DLBCL10527	0.03386984883198497	0.06753565935981629	0.07967085811289086	0.7060655659279793	0.11285806776732854	0.7060655659279793	C4	C4
DLBCL_C_D_PAIR23	0.20372174382736333	0.7088014746176429	0.017793846574700446	0.02478315460757614	0.04489978037271727	0.7088014746176429	C2	C2
DLBCL11535	0.14620316283727472	0.030574550069713304	0.0390172263748069	0.07452078703148277	0.7096842736867223	0.7096842736867223	C5	C4
DLBCL11534	0.05787056047300608	0.039985309939645115	0.7136214013096739	0.12741930710196542	0.06110342117570954	0.7136214013096739	C3	C3
DLBCL_RICOVER_478	0.0816441433485014	0.7137483501147303	0.0934771580580415	0.03857579025027631	0.07255455822845047	0.7137483501147303	C2	C2
DLBCL10485	0.08753030140639141	0.14002937538921476	0.02026548051422324	0.035808133779803575	0.716366708910367	0.716366708910367	C5	C5
DLBCL11581	0.11553237194264696	0.010854467817002982	0.07560558809855197	0.08106657706628574	0.7169409950755123	0.7169409950755123	C5	C5
DLBCL11432	0.7181557408199445	0.008962179895551259	0.12046984345747558	0.09128646489486952	0.06112577093215909	0.7181557408199445	C1	C1
DLBCL_RICOVER_467	0.018116059519098667	0.7186771898636257	0.04511285993393956	0.015580970202339882	0.20251292048099623	0.7186771898636257	C2	C2
DLBCL10550	0.02569529657866425	0.016071131584773357	0.1709904398260024	0.06773496410082942	0.7195081679097306	0.7195081679097306	C5	C5
DLBCL10918	0.7236758228775321	0.017963069812423287	0.0497712787690249	0.08522100919462089	0.12336881934639884	0.7236758228775321	C1	C1
DLBCL_RICOVER_1329	0.06127962281516036	0.17312077259670888	0.017950806503395894	0.02181929095213543	0.7258295071325994	0.7258295071325994	C5	C5
DLBCL11484	0.05996893848492269	0.7259640766763286	0.1311601409842218	0.04760361982083516	0.035303224033691766	0.7259640766763286	C2	C2
DLBCL10934	0.058844293228741844	0.12639540051637185	0.015426484729338398	0.07146652887186208	0.7278672926536858	0.7278672926536858	C5	C2
DLBCL_RICOVER_496	0.0493064050053828	0.7283665145429048	0.15958342358932984	0.042588976079600445	0.020154680782782115	0.7283665145429048	C2	C2
