sample	C1	C2	C3	C4	C5	Confidence	PredictedCluster	TrueCluster
DLBCL10936	0.21045827150786336	0.18297358234549513	0.23944773699709784	0.14844378372502384	0.21867662542451974	0.23944773699709784	C3	C3
DLBCL_MC_F927_JHS	0.21045827150786336	0.18297358234549513	0.23944773699709784	0.14844378372502384	0.21867662542451974	0.23944773699709784	C3	C5
DLBCL11431	0.21045827150786336	0.18297358234549513	0.23944773699709784	0.14844378372502384	0.21867662542451974	0.23944773699709784	C3	C5
DLBCL11208	0.21045827150786336	0.18297358234549513	0.23944773699709784	0.14844378372502384	0.21867662542451974	0.23944773699709784	C3	C2
DLBCL11574	0.21045827150786336	0.18297358234549513	0.23944773699709784	0.14844378372502384	0.21867662542451974	0.23944773699709784	C3	C3
DLBCL11433	0.28754853762314087	0.01695489054653729	0.2627721039278607	0.21800117963427987	0.2147232882681812	0.28754853762314087	C1	C4
DLBCL11471	0.3078475816948974	0.21237957925989626	0.13627513870658234	0.2531827925156657	0.09031490782295835	0.3078475816948974	C1	C4
DLBCL_MC_F339_JPS2	0.1874953594696783	0.08366868970530228	0.2162930828728686	0.31006963032647467	0.20247323762567615	0.31006963032647467	C4	C5
DLBCL11193	0.3166246404488959	0.25279113210807835	0.15237548850981691	0.2559903060560936	0.02221843287711525	0.3166246404488959	C1	C2
DLBCL10934	0.3407117949494744	0.23170098361713218	0.013634012999417263	0.17112903212640965	0.2428241763075665	0.3407117949494744	C1	C2
DLBCL10566	0.11317678596141546	0.2842238714122612	0.1804526396001822	0.07542944847178237	0.3467172545543588	0.3467172545543588	C5	C5
DLBCL_RICOVER_1081	0.1599996735585856	0.01664022261956722	0.27299598103131933	0.347325738784298	0.20303838400622984	0.347325738784298	C4	C5
DLBCL11528	0.29988385715667265	0.34859024160164753	0.2358411050331725	0.05739057578485703	0.05829422042365029	0.34859024160164753	C2	C3
DLBCL10962	0.3491240108395162	0.052000239428486195	0.22862562005335468	0.3047678783908509	0.06548225128779192	0.3491240108395162	C1	C2
DLBCL11003	0.3126549458252172	0.21936138493826035	0.027645035585205167	0.09015054542154421	0.3501880882297731	0.3501880882297731	C5	C2
DLBCL10994	0.26832113103370314	0.2517326304954347	0.048600688318700624	0.07212145681890629	0.35922409333325517	0.35922409333325517	C5	C1
DLBCL10460	0.12831768708930308	0.31859499710481215	0.3649138955916998	0.0242213842157737	0.1639520359984112	0.3649138955916998	C3	C2
DLBCL11513	0.0708782151935322	0.01612204773298756	0.3716907962218085	0.21443659383018898	0.32687234702148277	0.3716907962218085	C3	C5
DLBCL_RICOVER_1287	0.0862510584877884	0.32684695856417845	0.09538044451874846	0.1131799965554789	0.3783415418738058	0.3783415418738058	C5	C5
DLBCL_LS1668	0.20301570932242863	0.14552936346020118	0.3819808573800429	0.2551745264970922	0.01429954334023509	0.3819808573800429	C3	C2
DLBCL_C_D_PAIR2	0.2532383762681056	0.13486916803419535	0.15738425621298313	0.06646139288657384	0.38804680659814206	0.38804680659814206	C5	C2
DLBCL11504	0.18120413465345314	0.07376480389050148	0.10865085122624084	0.39039294625777354	0.24598726397203094	0.39039294625777354	C4	C5
DLBCL10541	0.39085228628127194	0.21244634809713292	0.0711287708751158	0.14242937362832755	0.18314322111815182	0.39085228628127194	C1	C2
DLBCL_RICOVER_258	0.28419827054539226	0.015495561310991793	0.3908613359084458	0.0739192102733796	0.2355256219617905	0.3908613359084458	C3	C3
DLBCL10866	0.193434594325838	0.013624032751804011	0.10245959421046649	0.39337995828670325	0.2971018204251882	0.39337995828670325	C4	C5
DLBCL11180	0.18298170559887594	0.27949761173742055	0.1115464286206264	0.03043305426878947	0.3955411997742877	0.3955411997742877	C5	C2
DLBCL10888	0.1314734781627137	0.02138893148436483	0.32088732395480735	0.1260650837359018	0.40018518266221226	0.40018518266221226	C5	C5
DLBCL10531	0.2476750397023375	0.049375287460414946	0.10058327994943662	0.19976064135159702	0.402605751536214	0.402605751536214	C5	C1
DLBCL_MC_F089_MLB	0.13102852360776823	0.16896914499269203	0.04247708008207066	0.40595033497428346	0.2515749163431857	0.40595033497428346	C4	C5
DLBCL_C_D_1142_NULLPAIR	0.40929942734940095	0.3055940173183144	0.06000802448988893	0.18837968866689841	0.036718842175497285	0.40929942734940095	C1	C2
DLBCL_C_D_1145_NULLPAIR	0.41180322104032435	0.016348105989407506	0.10426584844207172	0.1268574142181497	0.3407254103100467	0.41180322104032435	C1	C5
DLBCL_RICOVER_522	0.233718950597808	0.08978402147291142	0.24619270551723274	0.419622098918539	0.010682223493508794	0.419622098918539	C4	C3
DLBCL11466	0.08545272876142379	0.375439480909855	0.056723319003874055	0.42086335848293677	0.06152111284191038	0.42086335848293677	C4	C2
DLBCL_LS148	0.047097845246532904	0.10698041429914157	0.4245455088911301	0.2324809768936107	0.18889525466958476	0.4245455088911301	C3	C5
DLBCL_LS3808	0.24212812968050032	0.049815513815090605	0.42977225601597335	0.15513132972391114	0.1231527707645245	0.42977225601597335	C3	C5
DLBCL_C_D_PAIR22	0.10965712168180526	0.3836702840484302	0.43207108358967833	0.059177080560695774	0.015424430119390457	0.43207108358967833	C3	C2
DLBCL10499	0.09976220788462746	0.015991219334162175	0.2008021345672447	0.2513681471195277	0.432076291094438	0.432076291094438	C5	C5
DLBCL10873	0.09101863786438681	0.23409246585499288	0.2149722981832803	0.4377642834274479	0.022152314669892155	0.4377642834274479	C4	C2
DLBCL10503	0.031498854478072255	0.4431916464978506	0.19110249023011003	0.15216211310434685	0.1820448956896203	0.4431916464978506	C2	C2
DLBC_FF_A7CW_TP_NB	0.04458381127609896	0.03178241734616255	0.1830687517562573	0.44538333918704814	0.295181680434433	0.44538333918704814	C4	C5
DLBCL10842	0.03635161981664074	0.036718802194982365	0.33466900486052975	0.14583493916191498	0.44642563396593216	0.44642563396593216	C5	C5
DLBCL11001	0.44658868602045065	0.024477619225834874	0.11026795828879016	0.1358584266313147	0.2828073098336097	0.44658868602045065	C1	C5
DLBCL_MC_F959_ERM	0.4521097524234501	0.35006241418468487	0.023074802696632726	0.05226279214006522	0.12249023855516714	0.4521097524234501	C1	C2
DLBCL11535	0.23440500702229053	0.05076929610180904	0.028860728771587463	0.45253168732129656	0.23343328078301637	0.45253168732129656	C4	C4
DLBCL10843	0.4531438231551831	0.015677658034353455	0.1436188341294201	0.36363392185714255	0.02392576282390081	0.4531438231551831	C1	C1
DLBCL_LS2245	0.22566924922406897	0.2553320414184924	0.45337797035090255	0.044706499955504415	0.020914239051031697	0.45337797035090255	C3	C2
DLBCL_C_D_PAIR20	0.026180136376239952	0.4556475533399509	0.39365310008780735	0.0169249974855721	0.10759421271042977	0.4556475533399509	C2	C5
DLBCL11516	0.1073283692650556	0.4569389192611218	0.08519848453660876	0.3200020149840937	0.030532211953120194	0.4569389192611218	C2	C2
DLBCL11538	0.05884628812705779	0.014781474432534176	0.46157121701641474	0.16764834067749407	0.2971526797464992	0.46157121701641474	C3	C5
DLBCL_LS3204	0.2647935490244337	0.4619874046071789	0.03222993319976981	0.21187362525537978	0.02911548791323778	0.4619874046071789	C2	C2
DLBCL_LS3387	0.24185110256876863	0.00981375281727948	0.4620999692679906	0.2488015510233905	0.03743362432257077	0.4620999692679906	C3	C3
DLBCL10894	0.38465588961913133	0.4621000962803018	0.0225904756727557	0.11044265577437831	0.02021088265343284	0.4621000962803018	C2	C2
DLBCL10833	0.4653774584526623	0.017006552042448067	0.02021739837529372	0.1592754440200904	0.33812314710950553	0.4653774584526623	C1	C5
DLBCL_LS4619	0.028035206102016645	0.09973622163446949	0.3359215533752101	0.07043037029950028	0.4658766485888035	0.4658766485888035	C5	C5
DLBCL10454	0.4658937634977393	0.3499405353703378	0.10552673339072428	0.027329674761607615	0.051309292979590984	0.4658937634977393	C1	C5
DLBCL11478	0.4688441324748844	0.07659267074220268	0.37925669249278654	0.044486468369034374	0.03082003592109204	0.4688441324748844	C1	C1
DLBCL10550	0.03833104694997506	0.021701965231095067	0.37793919727140435	0.08816714807593165	0.4738606424715939	0.4738606424715939	C5	C5
DLBCL_LS2154	0.3552771186484756	0.4743140764226209	0.0629450346244549	0.08573292091102228	0.02173084939342629	0.4743140764226209	C2	C1
DLBCL11657	0.05434497349337473	0.1740407202971245	0.4746339251753307	0.2811191582180228	0.015861222816147238	0.4746339251753307	C3	C4
DLBCL11533	0.1834997329284412	0.47546918988693904	0.2336251190427503	0.0780056726111522	0.02940028553071728	0.47546918988693904	C2	C2
DLBCL_RICOVER_1169	0.16256827678877744	0.4757393768259649	0.14641096197048245	0.10623360251819584	0.10904778189657933	0.4757393768259649	C2	C2
DLBCL11483	0.16256827678877744	0.4757393768259649	0.14641096197048245	0.10623360251819584	0.10904778189657933	0.4757393768259649	C2	C2
DLBCL11005	0.11656137314529666	0.47589909480731407	0.05676702572676774	0.2860356947678344	0.06473681155278709	0.47589909480731407	C2	C4
DLBCL_RICOVER_1072	0.4766754893126756	0.06121114477841862	0.03730012153240588	0.3437895763004302	0.08102366807606966	0.4766754893126756	C1	C4
DLBCL11202	0.47687353325893306	0.08387300322129906	0.29492914777815415	0.13354203664507025	0.010782279096543512	0.47687353325893306	C1	C1
DLBCL10943	0.025321666189393684	0.10334461911242186	0.4775221533792153	0.14980234098219483	0.24400922033677439	0.4775221533792153	C3	C5
DLBCL_RICOVER_543	0.07271675530343856	0.4798672134342014	0.13740012137479782	0.03905343711267722	0.27096247277488505	0.4798672134342014	C2	C5
DLBCL11503	0.10412091147714116	0.4816419247056898	0.0344458496369382	0.34361462466049214	0.036176689519738695	0.4816419247056898	C2	C2
DLBCL11659	0.48215638807225425	0.027884353229412306	0.310699029491097	0.1653149023787654	0.013945326828471003	0.48215638807225425	C1	C4
DLBCL10933	0.13360748078177873	0.1438548525270574	0.0508439538615007	0.4865210073816678	0.18517270544799533	0.4865210073816678	C4	C2
DLBCL11468	0.07581458344872523	0.037346470954832824	0.3548242345222033	0.4870276594910927	0.04498705158314596	0.4870276594910927	C4	C3
DLBCL10965	0.4304253225935985	0.016448496811065628	0.04319591980312937	0.4899984139441873	0.01993184684801916	0.4899984139441873	C4	C4
DLBCL10856	0.1792075240997886	0.03854435461151277	0.492646271349103	0.03384608673282195	0.2557557632067736	0.492646271349103	C3	C3
DLBCL_C_D_1120_NULLPAIR	0.038595158792106725	0.49280560829351855	0.21980161594533784	0.025478587498684577	0.22331902947035226	0.49280560829351855	C2	C5
DLBCL10971	0.4941019912009823	0.13026517864707374	0.055803322249907104	0.12071874525908252	0.19911076264295433	0.4941019912009823	C1	C1
DLBCL_RICOVER_583	0.06938901715814069	0.27955003797999567	0.4942853017191391	0.06383359403643622	0.0929420491062883	0.4942853017191391	C3	C2
DLBCL11491	0.49645965722785623	0.010774264781792144	0.07252858374528838	0.3555288116952003	0.06470868254986298	0.49645965722785623	C1	C4
DLBCL10849	0.4986649719874313	0.3700308884073904	0.026364869841870486	0.04808725795811945	0.05685201180518837	0.4986649719874313	C1	C2
DLBCL10483	0.026959260969866977	0.42454537718612473	0.5002224922067471	0.02166906049541452	0.026603809141846794	0.5002224922067471	C3	C2
DLBCL_C_D_1162_NULLPAIR	0.043005016098584765	0.033359928805303043	0.1824302981486127	0.5006178815315502	0.24058687541594934	0.5006178815315502	C4	C5
DLBCL11536	0.08857973748263995	0.30169645868579953	0.06397073345383344	0.5018764782764283	0.043876592101298746	0.5018764782764283	C4	C4
DLBCL11182	0.06457353892436403	0.06633570079018476	0.024613418456899145	0.341407805159831	0.5030695366687211	0.5030695366687211	C5	C4
DLBCL10493	0.03123016944113546	0.5058446604094713	0.3771492728182566	0.06598400564137673	0.019791891689759946	0.5058446604094713	C2	C2
DLBCL11681	0.5059039434057295	0.016452937505593273	0.25186829310075487	0.1589003290759099	0.06687449691201246	0.5059039434057295	C1	C1
DLBCL_RICOVER_336	0.5086484571794776	0.09579220330624887	0.01938716939172593	0.3456362259515956	0.03053594417095201	0.5086484571794776	C1	C4
DLBCL_C_D_1117_NULLPAIR	0.16016069440502265	0.2757763679011933	0.03107851917018239	0.5105238574606793	0.022460561062922324	0.5105238574606793	C4	C2
DLBCL10973	0.06918494536519451	0.02367421153563028	0.3454901631425815	0.5110213329306191	0.05062934702597451	0.5110213329306191	C4	C4
DLBCL11446	0.14415361703990628	0.5116080980553411	0.15304678835116128	0.17220483921718122	0.018986657336410116	0.5116080980553411	C2	C2
DLBCL11519	0.5128007436576224	0.029667574324363552	0.03516482509406266	0.406170384349663	0.01619647257428838	0.5128007436576224	C1	C1
DLBCL_C_D_1138_NULLPAIR	0.10812327226690335	0.06496196982617858	0.275156089646497	0.5133785226613261	0.03838014559909497	0.5133785226613261	C4	C2
DLBCL11448	0.04195122869937449	0.08025140046217613	0.33258619183356974	0.5146227035088816	0.030588475495998052	0.5146227035088816	C4	C4
DLBCL_RICOVER_107	0.13429275189918516	0.23034028606953347	0.5160799792615732	0.05104641430301912	0.068240568466689	0.5160799792615732	C3	C2
DLBC_FF_8042_TP_NB	0.05183810564558026	0.02577142204463142	0.5172523028940607	0.2373341162267291	0.16780405318899863	0.5172523028940607	C3	C5
DLBCL11586	0.517414402356245	0.026122620014225256	0.023255613320820264	0.41183978247122427	0.021367581837485227	0.517414402356245	C1	C1
DLBCL_C_D_1118_NULLPAIR	0.5187850874657678	0.39151543419033663	0.016802216412511208	0.03685880423039659	0.03603845770098773	0.5187850874657678	C1	C2
DLBCL10919	0.388372189571506	0.01858035586729449	0.05673723092047652	0.51979286664908	0.016517356991643112	0.51979286664908	C4	C4
DLBCL_RICOVER_1329	0.07595083905469828	0.3560876161629235	0.021159430004161775	0.02574668224953298	0.5210554325286835	0.5210554325286835	C5	C5
DLBCL_LS762	0.04505554801173985	0.02607822096621233	0.5213481006467938	0.07318185921337846	0.33433627116187553	0.5213481006467938	C3	C3
DLBCL_RICOVER_1060	0.32250812157314407	0.5214576170121364	0.03995943023242052	0.05477746280939654	0.06129736837290248	0.5214576170121364	C2	C2
DLBCL_C_D_1112_NULLPAIR	0.22817509395783692	0.06225271864262198	0.5228970792881805	0.11225575521018301	0.07441935290117749	0.5228970792881805	C3	C3
DLBCL10980	0.02550386362817972	0.1109123401030278	0.1764995057334406	0.16193623556171552	0.5251480549736364	0.5251480549736364	C5	C5
DLBC_FF_A7CQ_TP_NB	0.23653364954712053	0.015222854630384386	0.04927395140658871	0.5258324290595248	0.17313711535638157	0.5258324290595248	C4	C5
DLBCL10863	0.30842379658824504	0.016863475763498656	0.0254088337728769	0.5283005640440754	0.12100332983130396	0.5283005640440754	C4	C4
DLBCL_C_D_PAIR13	0.1338841343066875	0.1323587725681015	0.12131166169148265	0.08017430377577481	0.5322711276579536	0.5322711276579536	C5	C5
DLBCL10509	0.36970836254957273	0.5329051731155242	0.014429468557421691	0.050173832443642895	0.03278316333383847	0.5329051731155242	C2	C1
DLBCL_RICOVER_266	0.5332284829537145	0.3554276114097909	0.021564506528610874	0.038257156507466764	0.05152224260041699	0.5332284829537145	C1	C2
DLBCL10553	0.041352908936980154	0.026969326262034556	0.5344243673699317	0.3498893850017991	0.047364012429254504	0.5344243673699317	C3	C4
DLBCL11476	0.5348445240954212	0.17963472203194258	0.03639465757319814	0.06191682015088451	0.18720927614855354	0.5348445240954212	C1	C5
DLBCL_RICOVER_1165	0.04883887391134095	0.31244494218408964	0.5381229023662714	0.03707987454156845	0.06351340699672962	0.5381229023662714	C3	C2
DLBCL10878	0.5411351898451323	0.019025461174273166	0.04309035728022191	0.3127192918527681	0.08402969984760447	0.5411351898451323	C1	C5
DLBCL_RICOVER_408	0.5414564039801876	0.28294490136237743	0.11053329167319612	0.04600027591729343	0.01906512706694538	0.5414564039801876	C1	C3
DLBCL_RICOVER_150	0.01987228084026336	0.38954792587452075	0.032734508383473616	0.016312356004049348	0.5415329288976929	0.5415329288976929	C5	C5
DLBCL_RICOVER_99	0.346567468348278	0.034462948799860706	0.03339438424699962	0.04250542074150278	0.5430697778633589	0.5430697778633589	C5	C5
DLBCL11498	0.36098760276022046	0.5441930112375628	0.027008648535737315	0.042601400075519776	0.02520933739095968	0.5441930112375628	C2	C2
DLBCL10780	0.07731733672427685	0.2482270394484121	0.5444322389257307	0.11800700956055521	0.01201637534102517	0.5444322389257307	C3	C2
DLBCL_RICOVER_151	0.3375815281111836	0.049458943703370485	0.03226317871645806	0.5457485945191325	0.03494775494985538	0.5457485945191325	C4	C4
DLBCL10473	0.5462709961551477	0.18252345940028544	0.024802050217519436	0.21539089210183787	0.031012602125209527	0.5462709961551477	C1	C2
DFCIDL004_DT	0.547128837305074	0.019133167427406103	0.02530253642156174	0.17570531573798912	0.23273014310796902	0.547128837305074	C1	C5
DLBCL10552	0.353694671480994	0.020561739841212852	0.06122911454024011	0.5485404521318848	0.01597402200566819	0.5485404521318848	C4	C4
DLBCL_RICOVER_338	0.5489673405098686	0.013623600548338008	0.08235728347233509	0.33239601439719246	0.022655761072265797	0.5489673405098686	C1	C1
DLBC_FF_A7CR_TP_NB	0.28499185577881697	0.009916084677586699	0.05220198996481125	0.10385871486406557	0.5490313547147195	0.5490313547147195	C5	C5
DLBCL_RICOVER_787	0.5512695656628985	0.22704085080591568	0.08911555146534336	0.11956588963094583	0.013008142434896588	0.5512695656628985	C1	C2
DLBCL_RICOVER_105	0.21043665322195196	0.5546174196679817	0.027087405166662214	0.02657698010867435	0.18128154183472975	0.5546174196679817	C2	C5
DLBCL11449	0.18532642833937918	0.14007338547948797	0.028124747364998478	0.08722727729367202	0.5592481615224624	0.5592481615224624	C5	C2
DLBCL10504	0.09827617145496619	0.012077005900082162	0.27104190238302955	0.058766342010790486	0.5598385782511317	0.5598385782511317	C5	C5
DLBCL11678	0.11595615164792307	0.02671622663176252	0.5612227584187207	0.28365654627829195	0.012448317023301741	0.5612227584187207	C3	C4
DLBCL10874	0.0839503131450951	0.24697774251784513	0.044496051858944244	0.5655583236619446	0.059017568816171	0.5655583236619446	C4	C2
DLBCL_LS2208	0.050732318987098485	0.04839552064596166	0.565578074076338	0.10926053343238726	0.2260335528582146	0.565578074076338	C3	C5
DLBCL11194	0.07942001784562912	0.015543710490737151	0.04618026635696887	0.5656940998226302	0.2931619054840346	0.5656940998226302	C4	C5
DLBCL11467	0.1131556068911856	0.09413270480580269	0.11284175218323046	0.5660784390763579	0.11379149704342333	0.5660784390763579	C4	C4
DLBCL10852	0.10253803120216232	0.01546493648411277	0.03390383813609113	0.28169881197713587	0.566394382200498	0.566394382200498	C5	C5
DLBCL10853	0.5667307108005875	0.02073142361831501	0.033143032902647064	0.0613632693988651	0.31803156327958537	0.5667307108005875	C1	C5
DLBCL11479	0.07214728107731475	0.258477938533616	0.5684573161592043	0.060560062248429004	0.04035740198143595	0.5684573161592043	C3	C2
DLBCL10891	0.034645073526976586	0.014780691208489334	0.20498647258485167	0.17581840934565748	0.5697693533340249	0.5697693533340249	C5	C5
DLBCL10478	0.108921225513715	0.017997473317503117	0.2735352665034297	0.5701315289394461	0.02941450572590606	0.5701315289394461	C4	C4
DLBCL11507	0.23668051350807337	0.1156136815545621	0.57090947934562	0.05492966160549318	0.021866663986251315	0.57090947934562	C3	C2
DLBCL10470	0.04864816296215991	0.04826264901913388	0.571440136781864	0.3013352968872629	0.03031375434957925	0.571440136781864	C3	C2
DLBCL11002	0.34066275318213163	0.025269481745119	0.04547649548629903	0.571928245093852	0.016663024492598367	0.571928245093852	C4	C4
DLBCL10500	0.03868691087796786	0.15593248271562118	0.11443472967715475	0.11814588263740022	0.572799994091856	0.572799994091856	C5	C2
DLBCL11495	0.22587301343636657	0.014446901689913841	0.05551138570985481	0.12729688089301683	0.576871818270848	0.576871818270848	C5	C5
DLBCL11456	0.055459746542989345	0.5781682964375451	0.12528144497828717	0.22217043332801373	0.018920078713164673	0.5781682964375451	C2	C2
DLBCL10899	0.2670832074299066	0.07614217266770625	0.011736102949935434	0.060521637151282844	0.584516879801169	0.584516879801169	C5	C5
DLBCL10903	0.030592740237792144	0.5851447016554902	0.31959652278572287	0.027062476134096246	0.03760355918689859	0.5851447016554902	C2	C2
DLBCL_MC_F300_TBF	0.2377622193042374	0.012489265653588115	0.5888129442156058	0.06496580402619744	0.09596976680037125	0.5888129442156058	C3	C1
DLBCL11464	0.3435275394823069	0.02050325119798904	0.025096131426117246	0.5890822103153753	0.02179086757821146	0.5890822103153753	C4	C4
DLBCL_MC_F496DMP	0.592245578938423	0.13262808373405974	0.17427398065863908	0.0811356738571558	0.019716682811722338	0.592245578938423	C1	C2
DLBCL_C_D_1144_NULLPAIR	0.16134600223277787	0.14867029817229813	0.024488615733074193	0.07217142442585876	0.593323659435991	0.593323659435991	C5	C5
DLBCL11518	0.2840732546775592	0.041940514079301765	0.5935565365085983	0.05962055715979907	0.020809137574741652	0.5935565365085983	C3	C3
DLBCL10895	0.0767080793025391	0.5950477245483836	0.18319438501270233	0.03358254979842301	0.11146726133795197	0.5950477245483836	C2	C5
DLBCL10457	0.07852309549467502	0.11265969963189218	0.09875444755047211	0.11334558295600575	0.5967171743669549	0.5967171743669549	C5	C5
DLBCL_RICOVER_956	0.07852309549467502	0.11265969963189218	0.09875444755047211	0.11334558295600575	0.5967171743669549	0.5967171743669549	C5	C5
DLBCL_MC_F210_GWC	0.08637587440004224	0.5990138109782915	0.027341436709353434	0.2374164782352783	0.04985239967703452	0.5990138109782915	C2	C2
DLBCL_LS3245	0.025048104744089094	0.6004345071853541	0.3271559953169381	0.02754851012602318	0.019812882627595604	0.6004345071853541	C2	C2
DLBCL11430	0.6017181571086188	0.014526054517423287	0.07263063052074452	0.29302489402806753	0.018100263825145887	0.6017181571086188	C1	C1
DLBCL_BWH_DLBCL64	0.6020186047307909	0.04869424015157539	0.04983548727913278	0.2822884370135464	0.017163230824954568	0.6020186047307909	C1	C2
DLBCL10974	0.055250983926980114	0.02170612571207499	0.04311521428855666	0.2745521359562625	0.6053755401161257	0.6053755401161257	C5	C4
DLBCL_MAYO_DLBCL_234	0.09066788934833768	0.012056445621579441	0.6076158467674397	0.23003348900868245	0.0596263292539607	0.6076158467674397	C3	C3
DLBCL_RICOVER_978	0.6090226351264246	0.010613348930033515	0.22873597977977922	0.12420488354165263	0.027423152622110054	0.6090226351264246	C1	C3
DLBCL_RICOVER_597	0.04996125697937164	0.020282936626472906	0.03584721619413757	0.6110581979320647	0.28285039226795317	0.6110581979320647	C4	C5
DLBCL10915	0.24398195055641136	0.03843266853527479	0.0436779741796955	0.6113094917897978	0.06259791493882053	0.6113094917897978	C4	C5
DLBCL_RICOVER_533	0.24215614020763007	0.6138174768869912	0.060993571387606846	0.07081439081212178	0.012218420705650076	0.6138174768869912	C2	C2
DLBCL10948	0.02260806292560199	0.21971308925944608	0.056349604751899735	0.08734817431921982	0.6139810687438324	0.6139810687438324	C5	C2
DLBCL10908	0.056629837369104465	0.10508365059389194	0.619780006330686	0.044702929977219606	0.17380357572909805	0.619780006330686	C3	C5
DLBCL10858	0.14557424674136152	0.01804351018486497	0.02408854379611442	0.6201814287402717	0.1921122705373874	0.6201814287402717	C4	C4
DLBCL_LS3499	0.27856589228473394	0.03157494701953932	0.03414657464744271	0.6208613256421899	0.0348512604060942	0.6208613256421899	C4	C4
DLBCL11206	0.08791611895921482	0.08427450502907663	0.1750548344411684	0.024860734775005125	0.6278938067955351	0.6278938067955351	C5	C5
DLBCL_LS1921	0.0426560799942435	0.6282958007605213	0.10070507020910902	0.21118747704783167	0.01715557198829456	0.6282958007605213	C2	C2
DLBCL_C_D_1105_NULLPAIR	0.6296836007789799	0.2666586303168152	0.02848342616218918	0.05025549272407962	0.02491885001793621	0.6296836007789799	C1	C2
DLBCL10516	0.018938398460453695	0.018476101917906933	0.6323471124512524	0.09669304517526221	0.23354534199512472	0.6323471124512524	C3	C5
DLBCL_RICOVER_617	0.6367785084832858	0.014126623174448643	0.0508151785243608	0.2814676951798674	0.016811994638037356	0.6367785084832858	C1	C4
DLBCL_RICOVER_1045	0.6383715603966631	0.01792101611619734	0.017325981537762	0.2917016244896023	0.034679817459775275	0.6383715603966631	C1	C4
DLBCL_RICOVER_1235	0.04070888817787865	0.2784597734282587	0.6383719414335967	0.02121606030811536	0.02124333665215061	0.6383719414335967	C3	C2
DLBCL_C_D_1109_NULLPAIR	0.28334009775371205	0.01620979705195831	0.028006348413226047	0.6407472621717292	0.03169649460937446	0.6407472621717292	C4	C4
DLBCL_RICOVER_506	0.03484268129817502	0.2630040519513373	0.04157704439595567	0.018192025515901763	0.6423841968386302	0.6423841968386302	C5	C5
DLBCL10956	0.6425967519414436	0.21026504980558355	0.032521091066726494	0.09411469253439085	0.02050241465185552	0.6425967519414436	C1	C2
DLBCL11679	0.27480346249173215	0.6431275998961544	0.02647846253845949	0.03808383034207071	0.01750664473158324	0.6431275998961544	C2	C2
DLBCL_C_D_1159_NULLPAIR	0.6439733748765155	0.015367948919766124	0.02254436865838396	0.29590079412782516	0.0222135134175092	0.6439733748765155	C1	C4
DLBCL10838	0.052579631256032135	0.6487990171225512	0.02241318946462148	0.03408211765463051	0.2421260445021648	0.6487990171225512	C2	C5
DLBCL11578	0.10777298151363987	0.0830024757809731	0.13096183060608793	0.6497846961637124	0.028478015935586732	0.6497846961637124	C4	C1
DLBCL10947	0.6515903666860586	0.21427629284412303	0.03928070467028561	0.03400499627858074	0.06084763952095199	0.6515903666860586	C1	C2
DLBCL11441	0.6519534313776584	0.019968761484486407	0.024748748624528173	0.14579730420742645	0.15753175430590063	0.6519534313776584	C1	C3
DLBCL11661	0.07388636878087061	0.652134995476536	0.07388403707411265	0.18515173397989806	0.014942864688582691	0.652134995476536	C2	C2
DLBCL_RICOVER_701	0.2623383169946965	0.026575337360979338	0.02395150893112853	0.6523137017984114	0.034821134914784224	0.6523137017984114	C4	C4
DLBCL_C_D_1119_NULLPAIR	0.2702200647757572	0.6539874700355639	0.02216820872070971	0.02896648961258704	0.0246577668553821	0.6539874700355639	C2	C2
DLBCL_MC_F502_RFK	0.02125842139288667	0.27804047005936794	0.6547607844923786	0.017347126861379823	0.02859319719398693	0.6547607844923786	C3	C2
DLBCL_C_D_PAIR9	0.0837097370301145	0.19709685618128855	0.0297788526948303	0.6549768959399059	0.03443765815386069	0.6549768959399059	C4	C2
DLBCL10524	0.15635096156277675	0.047202608085105895	0.1258293883430056	0.6569430465174687	0.01367399549164308	0.6569430465174687	C4	C2
DLBCL10452	0.04181872624842628	0.6592199962205674	0.20923481270214214	0.06089744176851767	0.02882902306034654	0.6592199962205674	C2	C2
DLBCL_RICOVER_1106	0.0287335011623435	0.05759026127759668	0.03515422831144901	0.21698969039627225	0.6615323188523385	0.6615323188523385	C5	C5
DLBCL10969	0.6653417355963664	0.12777085118716242	0.1380624402704306	0.05499636553390989	0.013828607412130644	0.6653417355963664	C1	C1
DLBCL10981	0.14105822879862678	0.06784846862085772	0.07396936194247415	0.6672346000703598	0.049889340567681545	0.6672346000703598	C4	C2
DLBCL_RICOVER_910	0.1062756965100424	0.14984794292547554	0.045026825144369655	0.668828160032982	0.030021375387130414	0.668828160032982	C4	C1
DLBCL11447	0.17838935962283325	0.018344263908550092	0.024365854997096856	0.6698766466620376	0.10902387480948224	0.6698766466620376	C4	C4
DLBCL11195	0.017229821988191295	0.07351005358971699	0.14093274925692156	0.0971771125524536	0.6711502626127166	0.6711502626127166	C5	C5
DLBCL_C_D_1107_NULLPAIR	0.6718436228196232	0.010557474523750157	0.15715378772488156	0.143066634346278	0.017378480585467072	0.6718436228196232	C1	C1
DLBCL_C_D_1139_NULLPAIR	0.22907053262944244	0.04994780544897791	0.029861673892115543	0.6741876350230418	0.01693235300642222	0.6741876350230418	C4	C4
DLBCL_C_D_1148_NULLPAIR	0.6747035590311853	0.008113089259462119	0.0799812119882159	0.21369890656846588	0.023503233152670843	0.6747035590311853	C1	C1
DLBCL10964	0.07027837244046709	0.04814715591623061	0.023670968397772874	0.675332587502463	0.18257091574306641	0.675332587502463	C4	C5
DLBCL_RICOVER_1199	0.06397543354507897	0.016871077666377122	0.6761803946798035	0.2296979361605181	0.013275157948222285	0.6761803946798035	C3	C4
DLBCL10907	0.6767885296258869	0.029721902654340628	0.013769817383537494	0.10615116687880963	0.17356858345742535	0.6767885296258869	C1	C2
DLBCL10857	0.10218283525342024	0.016140398523860854	0.023658456527703004	0.18065631948400657	0.6773619902110094	0.6773619902110094	C5	C5
DLBCL10909	0.04442440677786475	0.016276569666581035	0.07651652883482252	0.6776474503804585	0.18513504434027322	0.6776474503804585	C4	C5
DLBCL11204	0.18942840892120705	0.6784962736562887	0.06159017287126956	0.026888180738671365	0.04359696381256335	0.6784962736562887	C2	C2
DLBCL_RICOVER_773	0.01788978527744863	0.04056422174718577	0.23441103686806788	0.028109041113254702	0.679025914994043	0.679025914994043	C5	C5
DLBCL_RICOVER_1278	0.1545598358147459	0.03216276198458961	0.03227823265395074	0.6796777421751833	0.1013214273715304	0.6796777421751833	C4	C5
DLBC_FF_8062_TP_NB	0.12011533428523324	0.021159037818477687	0.15821559031886678	0.6802823207765527	0.02022771680086954	0.6802823207765527	C4	C4
DLBCL_RICOVER_711	0.22876091184939354	0.043310155703184576	0.021776809435843272	0.6804836352898239	0.025668487721754774	0.6804836352898239	C4	C4
DLBCL11455	0.20594222895754943	0.02350291512060531	0.047419534356396946	0.6830652240213647	0.04007009754408364	0.6830652240213647	C4	C3
DLBCL10925	0.6831080271702431	0.08779038216437707	0.015553584343230469	0.17446478907619867	0.03908321724595065	0.6831080271702431	C1	C5
DLBCL10490	0.6831097418364445	0.03161266435977113	0.03160100260648504	0.22935711332588124	0.02431947787141807	0.6831097418364445	C1	C1
DLBCL_MC_F990_MNA	0.03621501721930624	0.17292123282423938	0.023378479916451696	0.08408181223388031	0.6834034578061224	0.6834034578061224	C5	C2
DLBCL11242	0.2389414163345401	0.019532729551269914	0.02218926546942456	0.03531801021544302	0.6840185784293225	0.6840185784293225	C5	C5
DLBCL11452	0.6843584633741259	0.02825160141316271	0.020723559586468456	0.24322397944418409	0.02344239618205882	0.6843584633741259	C1	C1
DLBCL_RICOVER_288	0.2252470735035367	0.6849599936800262	0.017841802860585117	0.05334912159068125	0.018602008365170654	0.6849599936800262	C2	C2
DLBCL10961	0.016936066538018518	0.6878004970079729	0.060854914415942256	0.04662307809723967	0.18778544394082666	0.6878004970079729	C2	C5
DLBCL10837	0.16506763518105513	0.0710999381403042	0.024946202018163607	0.05008360051704102	0.6888026241434361	0.6888026241434361	C5	C5
DLBCL_RICOVER_478	0.16854507102730254	0.6893985024014875	0.05828293220183828	0.03461684179839141	0.04915665257098032	0.6893985024014875	C2	C2
DLBCL10549	0.04596009342283866	0.6919658657541725	0.2068036583339571	0.04058430923473116	0.014686073254300522	0.6919658657541725	C2	C2
DLBCL10565	0.11634318390856421	0.01497433308609664	0.6956841511649057	0.1573508600463824	0.015647471794051078	0.6956841511649057	C3	C4
DLBCL_RICOVER_314	0.015089293358576648	0.07486308210726267	0.1404864600589432	0.07380461629292091	0.6957565481822966	0.6957565481822966	C5	C5
DLBCL10921	0.025177177642397096	0.6965625048030927	0.021337320584645075	0.022350448057259036	0.23457254891260607	0.6965625048030927	C2	C5
DLBCL11480	0.6969896472056989	0.008966468459606984	0.13484792557991823	0.0900172169324956	0.06917874182228027	0.6969896472056989	C1	C1
DLBCL11590	0.05733134493490559	0.014245886368761784	0.6974198379037742	0.16194452895044897	0.06905840184210948	0.6974198379037742	C3	C3
DLBCL_C_D_1140_NULLPAIR	0.06722830367119033	0.04038204624363564	0.09386977883519299	0.10104097262149328	0.6974788986284878	0.6974788986284878	C5	C5
DLBCL10463	0.02469790113286565	0.015065714666881738	0.059085507279822404	0.20333298243331743	0.6978178944871127	0.6978178944871127	C5	C5
DLBCL10532	0.03605169970772548	0.014705207127889211	0.11975376397561288	0.12856687277870318	0.7009224564100692	0.7009224564100692	C5	C5
DLBC_FF_A7CX_TP_NB	0.7023188932656903	0.03836518945277328	0.019642018970400126	0.04761042844305869	0.19206346986807762	0.7023188932656903	C1	C5
DLBCL_MC_F218_RAP	0.1824897393162746	0.03680691803836924	0.06426802555474884	0.7025369734040414	0.013898343686565943	0.7025369734040414	C4	C4
DLBCL10494	0.026312399270433353	0.7033076206023205	0.22047594091607967	0.033024440011772106	0.016879599199394295	0.7033076206023205	C2	C2
DLBCL_RICOVER_692	0.22140197943209974	0.02469446095049849	0.023259199743412624	0.7054077691682121	0.02523659070577707	0.7054077691682121	C4	C4
DLBCL_C_D_1106_NULLPAIR	0.21044035399435468	0.7098838100276365	0.01633881861794023	0.04294010012808256	0.020396917231986104	0.7098838100276365	C2	C2
DLBCL11437	0.1867088694145069	0.013872484948173548	0.05352350276530464	0.7117334903158177	0.034161652556197186	0.7117334903158177	C4	C4
DLBCL10935	0.7125964754643481	0.16669670334995385	0.013761374646190164	0.08273446505774534	0.02421098148176255	0.7125964754643481	C1	C1
DLBCL11534	0.05787056047300608	0.039985309939645115	0.7136214013096739	0.12741930710196542	0.06110342117570954	0.7136214013096739	C3	C3
DLBCL11510	0.7152194702093441	0.024200632250588352	0.041413980305847614	0.06929407799424143	0.14987183923997857	0.7152194702093441	C1	C5
DLBCL11562	0.02131307459901082	0.22012207175184764	0.7154086550468944	0.022479784788440555	0.020676413813806593	0.7154086550468944	C3	C2
DLBCL_RICOVER_1289	0.055124530821566806	0.015519073706148226	0.026830539154611255	0.18680887888531203	0.7157169774323617	0.7157169774323617	C5	C5
DLBCL11665	0.16204135902559352	0.039991157140151855	0.06585164715831675	0.7160561003032979	0.016059736372639976	0.7160561003032979	C4	C4
DLBCL10456	0.14042030039034029	0.02571326829471618	0.05715176979617063	0.7180498125523936	0.05866484896637923	0.7180498125523936	C4	C4
DLBCL10985	0.11500902936439292	0.10899034506355172	0.029013152897295197	0.7238786615385377	0.023108811136222453	0.7238786615385377	C4	C2
DLBCL_RICOVER_496	0.0493064050053828	0.7283665145429048	0.15958342358932984	0.042588976079600445	0.020154680782782115	0.7283665145429048	C2	C2
DLBCL_RICOVER_780	0.05266324371562554	0.10526037178726232	0.7284048087547352	0.1028058988671903	0.010865676875186596	0.7284048087547352	C3	C2
DLBCL11663	0.7289777612906129	0.04385009792755694	0.08200765562082418	0.1121486559148046	0.03301582924620141	0.7289777612906129	C1	C1
DLBCL11440	0.020281660888073084	0.022940835499267866	0.18989887833105973	0.037133328594331945	0.7297452966872674	0.7297452966872674	C5	C5
DLBCL_LS4394	0.7317557110552876	0.04981307808336369	0.1724088794063982	0.031684019707576824	0.014338311747373732	0.7317557110552876	C1	C1
DLBCL10844	0.7319906203248743	0.10995106785320088	0.02461626452068159	0.06429145154282295	0.06915059575842034	0.7319906203248743	C1	C1
DLBCL11525	0.12789975854892743	0.01787604834101691	0.7323512717825609	0.10810509755205455	0.013767823775440214	0.7323512717825609	C3	C3
DLBCL11581	0.06545330896795098	0.01216830549736004	0.0738291510586483	0.11528023523881702	0.7332689992372237	0.7332689992372237	C5	C5
DLBCL10502	0.06263181614617297	0.7337813669006531	0.13436678299060228	0.051786474031484626	0.017433559931086993	0.7337813669006531	C2	C2
DLBCL10999	0.03285364272653994	0.022049610472531657	0.1309936878000336	0.736176438053179	0.07792662094771578	0.736176438053179	C4	C5
DLBCL10906	0.04610148991255626	0.7362227340406158	0.015652067591060914	0.03381618186825939	0.1682075265875076	0.7362227340406158	C2	C2
DLBCL10990	0.09822648346727514	0.10339587177353883	0.025545254070931753	0.03605721660002159	0.7367751740882327	0.7367751740882327	C5	C5
DLBCL_RICOVER_111	0.07156731719191435	0.016639337625641112	0.737432335786444	0.07986576295956341	0.0944952464364372	0.737432335786444	C3	C5
DLBCL10869	0.7394642787412146	0.0829882089705505	0.054243602401093785	0.055704830185693964	0.06759907970144725	0.7394642787412146	C1	C1
DLBCL11484	0.05088716888296065	0.7399956982513258	0.10507396515684907	0.03555304375285136	0.0684901239560131	0.7399956982513258	C2	C2
DLBCL11531	0.7405805264383017	0.04480270321586754	0.11672804067284075	0.08628522833252802	0.01160350134046193	0.7405805264383017	C1	C2
DLBCL11506	0.7458923718116571	0.016024562870670896	0.16851914263255968	0.037569792593113806	0.031994130091998536	0.7458923718116571	C1	C1
DLBCL10564	0.11759714012245841	0.03216252473959069	0.08607277168487472	0.7488549339706785	0.015312629482397672	0.7488549339706785	C4	C4
DLBCL11462	0.7542466065816306	0.01970616079911834	0.03346248675986741	0.05882874039671943	0.13375600546266417	0.7542466065816306	C1	C1
DLBCL_RICOVER_1018	0.07725723422779679	0.11066569666584865	0.026950710890178163	0.7549769908772556	0.030149367338920804	0.7549769908772556	C4	C4
DLBCL11436	0.10448310895507008	0.04561384883024649	0.04617157551749471	0.7560437037729701	0.047687762924218606	0.7560437037729701	C4	C2
DLBCL_RICOVER_197	0.05445817278774476	0.037200973447936846	0.12441980695661513	0.7560964138821231	0.02782463292558017	0.7560964138821231	C4	C4
DLBCL10467	0.051994112927288914	0.026675842980175203	0.1415978726712545	0.02264944343644099	0.7570827279848404	0.7570827279848404	C5	C5
DLBCL10914	0.7600909510697426	0.07678221169789712	0.10039210018330365	0.044017599654377876	0.018717137394678802	0.7600909510697426	C1	C1
DLBCL11540	0.7601835430446161	0.017340817204703655	0.10488846807841387	0.09861057327739156	0.018976598394874797	0.7601835430446161	C1	C5
DLBCL_MC_F500_ECU	0.062106793797253985	0.7606269430230574	0.034023404823610146	0.09301285163266101	0.0502300067234174	0.7606269430230574	C2	C2
DLBCL_MC_F139_LJF	0.15932477803401132	0.015527822078742797	0.027369104836985996	0.7641303236032199	0.03364797144704004	0.7641303236032199	C4	C4
DLBCL10536	0.057321420633057577	0.01781820131902936	0.7643162696268343	0.10174177748929704	0.05880233093178177	0.7643162696268343	C3	C3
DLBCL_LS1899	0.03789464916325636	0.0344329137083646	0.1348548860101577	0.7667650669870029	0.02605248413121849	0.7667650669870029	C4	C4
DLBCL11203	0.03415855341611545	0.770011374649272	0.02556133877987963	0.14540108437302057	0.02486764878171232	0.770011374649272	C2	C2
DLBCL10916	0.01678168751887492	0.12083358123208948	0.058242802691116285	0.03305590274348202	0.7710860258144373	0.7710860258144373	C5	C5
DLBCL10782	0.14099753067554632	0.03267833645437682	0.0370711923985761	0.7711488334023316	0.018104107069169068	0.7711488334023316	C4	C4
DLBCL_C_D_1146_NULLPAIR	0.057658501920923415	0.08209896416434669	0.07139823891628468	0.7712955326217816	0.017548762376663623	0.7712955326217816	C4	C4
DLBCL_C_D_PAIR5	0.016369211741575133	0.7720112469954615	0.16608522813760906	0.01114956944407441	0.034384743681279854	0.7720112469954615	C2	C2
DLBCL_RICOVER_401	0.02978055914043914	0.16193509939887707	0.7727255007275626	0.01737706285292208	0.018181777880199104	0.7727255007275626	C3	C2
DLBCL10487	0.11004807730750671	0.7744527411477354	0.03486689489439356	0.06814421041497067	0.01248807623539358	0.7744527411477354	C2	C2
DLBCL10904	0.02128638556986471	0.024043290472777246	0.1464718369006947	0.03183668736525494	0.7763617996914084	0.7763617996914084	C5	C5
DLBCL11473	0.7768302846013141	0.026465936747735168	0.02203462238634197	0.1554888135297928	0.019180342734815954	0.7768302846013141	C1	C1
DLBCL_RICOVER_216	0.06012806918477768	0.04062322217400489	0.7771648350290467	0.06041560939929459	0.06166826421287611	0.7771648350290467	C3	C3
DLBCL_RICOVER_320	0.06012806918477768	0.04062322217400489	0.7771648350290467	0.06041560939929459	0.06166826421287611	0.7771648350290467	C3	C3
DLBCL10922	0.04109668120343873	0.7785481261104573	0.08247813641295927	0.04091560091450574	0.05696145535863898	0.7785481261104573	C2	C2
DLBCL10970	0.048073162619821946	0.08681818533165796	0.056298890269209576	0.7814725210699595	0.02733724070935108	0.7814725210699595	C4	C4
DLBCL11004	0.03177420585367975	0.015180357657398034	0.020924939238568512	0.1486271468028547	0.783493350447499	0.783493350447499	C5	C5
DLBCL11577	0.12676525530076174	0.7856492574180126	0.028917407081286265	0.04765445867973255	0.011013621520206867	0.7856492574180126	C2	C2
DLBCL11591	0.014947268345727021	0.14518899579111474	0.7879080443606079	0.017285322484297903	0.034670369018252385	0.7879080443606079	C3	C2
DLBCL_LS3200	0.02168492357711389	0.1322418450160945	0.03915608251914067	0.01862082789166773	0.7882963209959832	0.7882963209959832	C5	C5
DLBCL_RICOVER_704	0.09646753318405929	0.016738466870706122	0.05677540739526335	0.040613835114040334	0.7894047574359309	0.7894047574359309	C5	C5
DLBCL_LS4593	0.04106749050745089	0.026151000773807616	0.7895128449127724	0.13169773636980123	0.0115709274361679	0.7895128449127724	C3	C3
DLBCL11187	0.13397241481075503	0.015074353521177017	0.019408605112160058	0.041412533119821085	0.7901320934360868	0.7901320934360868	C5	C5
