sample	C1	C2	C3	C4	C5	Confidence	PredictedCluster	TrueCluster
DLBCL10936	0.21045827150786336	0.18297358234549513	0.23944773699709784	0.14844378372502384	0.21867662542451974	0.23944773699709784	C3	C3
DLBCL11469	0.21045827150786336	0.18297358234549513	0.23944773699709784	0.14844378372502384	0.21867662542451974	0.23944773699709784	C3	C3
DLBCL11208	0.21045827150786336	0.18297358234549513	0.23944773699709784	0.14844378372502384	0.21867662542451974	0.23944773699709784	C3	C2
DLBCL_MC_F927_JHS	0.21045827150786336	0.18297358234549513	0.23944773699709784	0.14844378372502384	0.21867662542451974	0.23944773699709784	C3	C5
DLBCL10934	0.23011592256148186	0.3376796300439088	0.014477260956150942	0.14735103618243933	0.2703761502560191	0.3376796300439088	C2	C2
DLBCL10514	0.34381594408241944	0.12002976951714184	0.2319192181391792	0.27945204678276264	0.02478302147849688	0.34381594408241944	C1	C3
DLBCL10962	0.3491240108395162	0.052000239428486195	0.22862562005335468	0.3047678783908509	0.06548225128779192	0.3491240108395162	C1	C2
DLBCL11003	0.3126549458252172	0.21936138493826035	0.027645035585205167	0.09015054542154421	0.3501880882297731	0.3501880882297731	C5	C2
DLBCL10981	0.15281244830434693	0.1730926583759344	0.09753322059134745	0.35058074678988516	0.22598092593848598	0.35058074678988516	C4	C2
DLBCL11657	0.08891707244050467	0.24552981550643224	0.24055139340307688	0.35371820490144557	0.07128351374854065	0.35371820490144557	C4	C4
DLBCL11486	0.36907110379690405	0.2486949839615261	0.20847075217759006	0.04371702475793524	0.1300461353060446	0.36907110379690405	C1	C1
DLBCL11202	0.27695417738070294	0.09844757573656653	0.37118166737231495	0.2412821571139123	0.012134422396503317	0.37118166737231495	C3	C1
DLBCL_RICOVER_107	0.055474300925780436	0.31585701487171175	0.3729590776554166	0.05797408162547055	0.19773552492162064	0.3729590776554166	C3	C2
DLBCL11590	0.1332295524193389	0.022832436018296362	0.37333992407058597	0.2860116414822692	0.18458644600950955	0.37333992407058597	C3	C3
DLBCL10894	0.30004456242897454	0.2576655878639757	0.029533137008794116	0.3735425722131248	0.03921414048513095	0.3735425722131248	C4	C2
DLBCL_RICOVER_1287	0.0862510584877884	0.32684695856417845	0.09538044451874846	0.1131799965554789	0.3783415418738058	0.3783415418738058	C5	C5
DLBCL10536	0.20811587077160668	0.03878052622178399	0.2416793742598464	0.38346483747116683	0.1279593912755961	0.38346483747116683	C4	C3
DLBCL_C_D_PAIR2	0.2532383762681056	0.13486916803419535	0.15738425621298313	0.06646139288657384	0.38804680659814206	0.38804680659814206	C5	C2
DLBCL10541	0.39085228628127194	0.21244634809713292	0.0711287708751158	0.14242937362832755	0.18314322111815182	0.39085228628127194	C1	C2
DLBCL11659	0.39094383040457803	0.017298198841677367	0.3244516755730746	0.23333935526543934	0.033966939915230636	0.39094383040457803	C1	C4
DLBCL11573	0.09806594019166878	0.29507596631377647	0.39463385557606656	0.19244580735621158	0.01977843056227663	0.39463385557606656	C3	C3
DLBCL11180	0.18298170559887594	0.27949761173742055	0.1115464286206264	0.03043305426878947	0.3955411997742877	0.3955411997742877	C5	C2
DLBCL11528	0.4012744719962447	0.27061337579017297	0.23221417674789455	0.07301724990888488	0.022880725556802855	0.4012744719962447	C1	C3
DLBCL_RICOVER_111	0.150230428808358	0.01771980976315937	0.40306772706517	0.1153638765234098	0.3136181578399028	0.40306772706517	C3	C5
DLBCL_C_D_1107_NULLPAIR	0.40340704045457304	0.014739873382788454	0.3416283840043734	0.21663502427859285	0.023589677879672213	0.40340704045457304	C1	C1
DLBC_FF_A7CQ_TP_NB	0.2209286814766752	0.016210018706996707	0.04653157689524039	0.4034272989182114	0.3129024240028764	0.4034272989182114	C4	C5
DLBCL_C_D_1142_NULLPAIR	0.40929942734940095	0.3055940173183144	0.06000802448988893	0.18837968866689841	0.036718842175497285	0.40929942734940095	C1	C2
DLBCL11483	0.13122833859559585	0.4106351205671848	0.10331683881150305	0.07228626845667091	0.2825334335690453	0.4106351205671848	C2	C2
DLBCL_MC_F300_TBF	0.4121616497825648	0.011417834568420522	0.23236546804854216	0.09612338982020269	0.2479316577802698	0.4121616497825648	C1	C1
DLBCL11495	0.23017199976109098	0.011849500914692777	0.044784732240773784	0.2981580509696933	0.41503571611374923	0.41503571611374923	C5	C5
DLBCL_C_D_PAIR23	0.4160357792991552	0.25838279137585685	0.016227708259343117	0.058215984008550686	0.25113773705709413	0.4160357792991552	C1	C2
DLBCL10565	0.4205954260124349	0.03030629913829815	0.2556971558217146	0.27506996499420344	0.018331154033348913	0.4205954260124349	C1	C4
DLBCL11466	0.08545272876142379	0.375439480909855	0.056723319003874055	0.42086335848293677	0.06152111284191038	0.42086335848293677	C4	C2
DLBCL_C_D_PAIR22	0.26798706221287605	0.21585987402908646	0.4287739710029243	0.039734094360200894	0.047644998394912305	0.4287739710029243	C3	C2
DLBCL_LS3808	0.24212812968050032	0.049815513815090605	0.42977225601597335	0.15513132972391114	0.1231527707645245	0.42977225601597335	C3	C5
DLBCL_RICOVER_763	0.039772469644591836	0.31775963745947916	0.04882178688190225	0.15888788646219043	0.43475821955183636	0.43475821955183636	C5	C2
DLBCL10985	0.11867424915995435	0.3822609911536486	0.03288046550677854	0.4370655251973147	0.029118768982303804	0.4370655251973147	C4	C2
DLBCL_RICOVER_120	0.4413736240282389	0.054135031045318846	0.09082791574419526	0.044910897744142426	0.3687525314381046	0.4413736240282389	C1	C5
DLBCL11441	0.27843859693392936	0.017828495339957354	0.03578737257069982	0.44210143632456184	0.22584409883085163	0.44210143632456184	C4	C3
DLBCL10780	0.12864871046921872	0.4427442773846839	0.20110599374140387	0.21457005360705966	0.012930964797633926	0.4427442773846839	C2	C2
DLBCL_MC_F064AB	0.21123044940332567	0.04140506667924316	0.2779775066153403	0.44280838684876817	0.026578590453322608	0.44280838684876817	C4	C3
DLBCL10503	0.031498854478072255	0.4431916464978506	0.19110249023011003	0.15216211310434685	0.1820448956896203	0.4431916464978506	C2	C2
DLBC_FF_8042_TP_NB	0.0732148774947372	0.03408536858284668	0.06645524605682976	0.3825145514397412	0.4437299564258451	0.4437299564258451	C5	C5
DLBCL_RICOVER_105	0.18005989439569292	0.4444290004336785	0.025326903286580355	0.02431696498677326	0.325867236897275	0.4444290004336785	C2	C5
DLBC_FF_A7CW_TP_NB	0.04458381127609896	0.03178241734616255	0.1830687517562573	0.44538333918704814	0.295181680434433	0.44538333918704814	C4	C5
DLBCL11471	0.4462040609890227	0.04364525742559782	0.10672112792793752	0.28874637410928944	0.11468317954815259	0.4462040609890227	C1	C4
DLBCL11681	0.44830033567942223	0.012083063986348019	0.3348824989397677	0.1412153353044714	0.06351876608999062	0.44830033567942223	C1	C1
DLBCL10488	0.45024273495478834	0.05355434611372624	0.3463378425352077	0.1393836393684208	0.01048143702785691	0.45024273495478834	C1	C1
DLBCL_MC_F339_JPS2	0.3159948230179054	0.031543210266622	0.06948531388364916	0.13196196880256603	0.45101468402925743	0.45101468402925743	C5	C5
DLBCL11468	0.0768733178425834	0.0395811625213834	0.3456746176773571	0.45258468320814976	0.0852862187505263	0.45258468320814976	C4	C3
DLBCL10915	0.45276224641922425	0.10995387602941731	0.02101855322203902	0.2660026511750978	0.15026267315422165	0.45276224641922425	C1	C5
DLBCL10885	0.2340649802839602	0.45398715314855337	0.018064098530007813	0.1026847118375047	0.19119905619997396	0.45398715314855337	C2	C2
DLBCL11516	0.1073283692650556	0.4569389192611218	0.08519848453660876	0.3200020149840937	0.030532211953120194	0.4569389192611218	C2	C2
DLBCL_C_D_1120_NULLPAIR	0.046660015567704945	0.2682565019361606	0.45856950331246227	0.036824516486737756	0.1896894626969345	0.45856950331246227	C3	C5
DLBCL11538	0.05884628812705779	0.014781474432534176	0.46157121701641474	0.16764834067749407	0.2971526797464992	0.46157121701641474	C3	C5
DLBCL_C_D_1145_NULLPAIR	0.32267115131770596	0.009919774951442388	0.1036370000020999	0.10166486475902216	0.4621072089697297	0.4621072089697297	C5	C5
DLBCL_RICOVER_623	0.04486199641050144	0.4633245902196195	0.0724338506590086	0.3896120997586746	0.02976746295219583	0.4633245902196195	C2	C2
DLBCL11448	0.07566955504867058	0.04926673159765703	0.35808030726185225	0.4651139714130529	0.051869434678767305	0.4651139714130529	C4	C4
DLBCL10470	0.04718890180177198	0.05745663405199984	0.4700869796931722	0.3838323102865362	0.041435174166519775	0.4700869796931722	C3	C2
DLBCL10971	0.2568550266114566	0.09223544439394461	0.046128324293694456	0.4715540988999828	0.13322710580092154	0.4715540988999828	C4	C1
DLBCL10846	0.07114671164564478	0.12349231370821583	0.09091137544700632	0.4732051319334284	0.2412444672657047	0.4732051319334284	C4	C2
DLBCL_LS2154	0.3552771186484756	0.4743140764226209	0.0629450346244549	0.08573292091102228	0.02173084939342629	0.4743140764226209	C2	C1
DLBCL_C_D_1148_NULLPAIR	0.4217932406104609	0.011199869514621524	0.053181763090473747	0.4754391197222596	0.038386007062184264	0.4754391197222596	C4	C1
DLBCL11533	0.1834997329284412	0.47546918988693904	0.2336251190427503	0.0780056726111522	0.02940028553071728	0.47546918988693904	C2	C2
DLBCL11430	0.47790652438602077	0.0160406388819	0.07928549740103523	0.40411411182943363	0.022653227501610442	0.47790652438602077	C1	C1
DLBCL_LS4593	0.05788001294434791	0.028135061646774005	0.478025122131615	0.37584419281244796	0.06011561046481516	0.478025122131615	C3	C3
DLBCL_RICOVER_1081	0.10758443637239302	0.012573330784056242	0.11062460953179394	0.2899406678408356	0.47927695547092114	0.47927695547092114	C5	C5
DLBCL10933	0.12610419727262226	0.19625371630344138	0.04456453398887135	0.15309056639139065	0.4799869860436744	0.4799869860436744	C5	C2
DLBCL10851	0.08998164214447081	0.4845256439725263	0.06069493309310486	0.0338460630396675	0.33095171775023063	0.4845256439725263	C2	C2
DLBCL_RICOVER_440	0.018557368307012934	0.48607728987244847	0.4214449714077684	0.01796650629901464	0.05595386411375557	0.48607728987244847	C2	C3
DLBCL10856	0.21343306196416514	0.040474055257037664	0.4877235599442236	0.03814118618284689	0.22022813665172666	0.4877235599442236	C3	C3
DLBCL10965	0.4880041301396911	0.012443919755111959	0.048981623892181816	0.41134314981834436	0.03922717639467082	0.4880041301396911	C1	C4
DLBCL10968	0.48813825514033105	0.01326787211531027	0.029799585133855985	0.4311397495810043	0.037654538029498384	0.48813825514033105	C1	C1
DLBCL_LS4616	0.015462250346251332	0.4883724340891283	0.374655784347622	0.07125902720120335	0.05025050401579503	0.4883724340891283	C2	C3
DLBCL11433	0.19517924605181836	0.015029499821546926	0.2056542025649072	0.490717398884881	0.09341965267684645	0.490717398884881	C4	C4
DLBCL11455	0.34343302478765503	0.04274253384861089	0.061067760754045165	0.4919353516901713	0.06082132891951765	0.4919353516901713	C4	C3
DLBCL10492	0.36873578266103924	0.01584184831469265	0.022807347782671378	0.10023042700666832	0.49238459423492836	0.49238459423492836	C5	C1
DLBCL11578	0.28659762930679766	0.07715530476002117	0.09249486502137963	0.492433493974745	0.05131870693705652	0.492433493974745	C4	C1
DLBCL10959	0.4926368724380733	0.029450751700166387	0.021268425250573687	0.30874024261973376	0.14790370799145283	0.4926368724380733	C1	C1
DLBCL10493	0.06374879854531776	0.4929566259315497	0.3570160511837299	0.06840664422088742	0.017871880118515218	0.4929566259315497	C2	C2
DLBCL11206	0.1150195520797929	0.05507765922878967	0.2999279783733359	0.035059400523019375	0.49491540979506216	0.49491540979506216	C5	C5
DLBCL10516	0.03508362446769873	0.014486445886010144	0.4975690780132158	0.13786091279979323	0.3149999388332821	0.4975690780132158	C3	C5
DLBCL10849	0.4986649719874313	0.3700308884073904	0.026364869841870486	0.04808725795811945	0.05685201180518837	0.4986649719874313	C1	C2
DLBCL11507	0.06291353504080109	0.3285331072050453	0.49914672968385865	0.0548759679077524	0.054530660162542516	0.49914672968385865	C3	C2
DLBCL10955	0.4995507240927464	0.011419820265981573	0.04649529126951269	0.24163789161382104	0.20089627275793825	0.4995507240927464	C1	C4
DLBCL_C_D_1162_NULLPAIR	0.043005016098584765	0.033359928805303043	0.1824302981486127	0.5006178815315502	0.24058687541594934	0.5006178815315502	C4	C5
DLBCL_MC_F815_BAT	0.10622071365064664	0.052963022246403584	0.26621517035514675	0.5019915514303864	0.07260954231741656	0.5019915514303864	C4	C3
DLBCL10863	0.2646825817512115	0.017607371142029177	0.025053334292720116	0.5021420610191728	0.19051465179486643	0.5021420610191728	C4	C4
DLBCL10858	0.12149494257601337	0.015232997757029718	0.026072908258087384	0.33382345156397175	0.5033756998448977	0.5033756998448977	C5	C4
DLBCL11488	0.38284215269551813	0.013914875438491328	0.022653258156112095	0.07632146660101576	0.5042682471088628	0.5042682471088628	C5	C1
DLBCL11474	0.5049810401993848	0.019577537548713244	0.022763667621749927	0.3938640752348195	0.058813679395332524	0.5049810401993848	C1	C1
DLBCL10973	0.06918494536519451	0.02367421153563028	0.3454901631425815	0.5110213329306191	0.05062934702597451	0.5110213329306191	C4	C4
DLBCL10947	0.07598171136390264	0.5115129340811655	0.13904873113216612	0.03522403078970745	0.2382325926330583	0.5115129340811655	C2	C2
DLBCL11446	0.14415361703990628	0.5116080980553411	0.15304678835116128	0.17220483921718122	0.018986657336410116	0.5116080980553411	C2	C2
DLBCL_LS3387	0.5128752363781482	0.01000417931258695	0.10424770090522521	0.34552106080403927	0.02735182260000031	0.5128752363781482	C1	C3
DLBCL_C_D_1138_NULLPAIR	0.10812327226690335	0.06496196982617858	0.275156089646497	0.5133785226613261	0.03838014559909497	0.5133785226613261	C4	C2
DLBCL_LS148	0.06797270522995447	0.09598008594671557	0.08390963470855954	0.2365230632207116	0.5156145108940589	0.5156145108940589	C5	C5
DLBCL10919	0.5179414716946973	0.01604927303936837	0.03720226347694238	0.4077594444406117	0.02104754734838029	0.5179414716946973	C1	C4
DLBCL_LS2325	0.11767646183782196	0.5185166469460211	0.29432833362353866	0.053419882897532515	0.016058674695085755	0.5185166469460211	C2	C3
DLBCL11501	0.5196488664412432	0.1038914539240372	0.09096952288788909	0.10387711810542474	0.18161303864140574	0.5196488664412432	C1	C1
DLBCL_LS2305	0.07616401387372959	0.028489835830260532	0.34047665000975214	0.5205329673865127	0.034336532899745094	0.5205329673865127	C4	C3
DLBCL_RICOVER_1190	0.04505554801173985	0.02607822096621233	0.5213481006467938	0.07318185921337846	0.33433627116187553	0.5213481006467938	C3	C5
DLBCL_RICOVER_1060	0.32250812157314407	0.5214576170121364	0.03995943023242052	0.05477746280939654	0.06129736837290248	0.5214576170121364	C2	C2
DLBCL_LS3809	0.5222582391158617	0.027324714323611176	0.022865289020150954	0.054164791526877136	0.373386966013499	0.5222582391158617	C1	C1
DLBCL10980	0.02597273077564377	0.04718232225367757	0.19347489393100503	0.21029363236806167	0.523076420671612	0.523076420671612	C5	C5
DLBCL11002	0.3891689006508877	0.024411073749407895	0.04057420256326555	0.5238575463855663	0.021988276650872645	0.5238575463855663	C4	C4
DLBCL10993	0.5263687385436178	0.014418274164162366	0.14089669433276605	0.13148825815797627	0.1868280348014776	0.5263687385436178	C1	C1
DLBCL11431	0.1338841343066875	0.1323587725681015	0.12131166169148265	0.08017430377577481	0.5322711276579536	0.5322711276579536	C5	C5
DLBCL11574	0.1338841343066875	0.1323587725681015	0.12131166169148265	0.08017430377577481	0.5322711276579536	0.5322711276579536	C5	C3
DLBCL_C_D_PAIR13	0.1338841343066875	0.1323587725681015	0.12131166169148265	0.08017430377577481	0.5322711276579536	0.5322711276579536	C5	C5
DLBCL11540	0.1338841343066875	0.1323587725681015	0.12131166169148265	0.08017430377577481	0.5322711276579536	0.5322711276579536	C5	C5
DLBCL_RICOVER_583	0.1338841343066875	0.1323587725681015	0.12131166169148265	0.08017430377577481	0.5322711276579536	0.5322711276579536	C5	C2
DLBCL10906	0.047591986040202754	0.5328436991568976	0.017812996421137057	0.043172719177653966	0.3585785992041087	0.5328436991568976	C2	C2
DLBCL_MC_F362_MJB1	0.036233667956070297	0.11466041681635876	0.5354689801234953	0.02272452615749562	0.29091240894658005	0.5354689801234953	C3	C3
DLBCL11510	0.5357357059770407	0.02961278041364807	0.04152980799771567	0.06105069130336698	0.3320710143082286	0.5357357059770407	C1	C5
DLBCL11479	0.15141252838984984	0.17071848487292873	0.5361082330858257	0.0736523018280299	0.06810845182336592	0.5361082330858257	C3	C2
DLBCL10542	0.5373249475210816	0.01798621321326104	0.03956368410912555	0.03911554231788606	0.36600961283864575	0.5373249475210816	C1	C1
DLBCL10454	0.5395019385352564	0.10271842630514175	0.10673841131176154	0.03222482737187627	0.21881639647596404	0.5395019385352564	C1	C5
DLBCL_C_D_1115_NULLPAIR	0.07212750618408922	0.2766098911054482	0.047600920100336334	0.5410977847194803	0.06256389789064593	0.5410977847194803	C4	C4
DLBCL10538	0.08576689847849227	0.1831787565920008	0.024934973179792187	0.5411741826246744	0.16494518912504033	0.5411741826246744	C4	C2
DLBCL11005	0.05269884592965991	0.06931899939829257	0.04684001594718077	0.5415009853014231	0.2896411534234437	0.5415009853014231	C4	C4
DLBCL10466	0.016302557626279964	0.15089163642073503	0.541811784426959	0.18634029115278763	0.10465373037323843	0.541811784426959	C3	C3
DLBCL_MC_F502_RFK	0.020053577283013563	0.36488278321989814	0.5452399737188838	0.01755325074405312	0.05227041503415134	0.5452399737188838	C3	C2
DLBCL10553	0.05968779103671237	0.023009386789667224	0.3284596546955864	0.547475263383905	0.04136790409412906	0.547475263383905	C4	C4
DLBCL11205	0.30094693795600747	0.022327507157541733	0.5542299051064737	0.1081817928976142	0.014313856882362929	0.5542299051064737	C3	C1
DLBCL10999	0.022756108172399554	0.02543364333829089	0.12097422718100054	0.2763803518186559	0.5544556694896532	0.5544556694896532	C5	C5
DLBCL_LS4592	0.014681070591464574	0.032113244636615856	0.5562102175567366	0.1288331180934841	0.26816234912169884	0.5562102175567366	C3	C3
DLBC_FF_A7CX_TP_NB	0.3361896656516258	0.03131908034492394	0.023108193818724403	0.05270912067975399	0.5566739395049719	0.5566739395049719	C5	C5
DLBCL_C_D_1110_NULLPAIR	0.5597419218822993	0.011229602846440591	0.210899488713903	0.1974446620810793	0.02068432447627785	0.5597419218822993	C1	C3
DLBCL_MC_F500_ECU	0.09890047009541825	0.5603806667953848	0.052968673181462485	0.1802174002071269	0.10753278972060763	0.5603806667953848	C2	C2
DLBCL11535	0.13590913220512957	0.029053582549010328	0.02895040159324729	0.5611826860345334	0.2449041976180795	0.5611826860345334	C4	C4
DLBCL11449	0.11585831504110167	0.25922398544758224	0.030766248234120625	0.032256099164451275	0.5618953521127442	0.5618953521127442	C5	C2
DLBCL_RICOVER_694	0.5621120986218276	0.036797217647155905	0.04814668059234999	0.32950206043840785	0.023441942700258643	0.5621120986218276	C1	C1
DLBCL_RICOVER_99	0.5621472810320334	0.017409466052698764	0.03077271570558659	0.056414301489961655	0.33325623571971963	0.5621472810320334	C1	C5
DLBCL_RICOVER_1165	0.07504133494649871	0.5625078054774088	0.1824715449636511	0.038015110628927415	0.141964203983514	0.5625078054774088	C2	C2
DLBCL10925	0.28349849664901966	0.05880102869350418	0.013878211459379565	0.08050176944739734	0.5633204937506991	0.5633204937506991	C5	C5
DLBCL_RICOVER_258	0.26215316845738806	0.014808123314851497	0.10345909508628581	0.055167194551285346	0.5644124185901893	0.5644124185901893	C5	C3
DLBCL10499	0.1577200236629167	0.011447822227035373	0.09964822653168544	0.16649087528655016	0.5646930522918123	0.5646930522918123	C5	C5
DLBCL_C_D_1112_NULLPAIR	0.5649555232329321	0.12811533664646316	0.06789461791875034	0.15779471685517968	0.08123980534667476	0.5649555232329321	C1	C3
DLBCL10866	0.15242800849241436	0.011183263658564266	0.06749025099919771	0.20312442277728543	0.5657740540725382	0.5657740540725382	C5	C5
DFCIDL001_DT	0.12792111488433205	0.06592552419841306	0.5658485467930641	0.22254288939530442	0.017761924728886377	0.5658485467930641	C3	C1
DLBCL10853	0.28428037627748376	0.01196734824335073	0.03556658064489455	0.10216358571793559	0.5660221091163354	0.5660221091163354	C5	C5
DLBCL11467	0.1131556068911856	0.09413270480580269	0.11284175218323046	0.5660784390763579	0.11379149704342333	0.5660784390763579	C4	C4
DLBCL_MC_F307_JPS	0.1131556068911856	0.09413270480580269	0.11284175218323046	0.5660784390763579	0.11379149704342333	0.5660784390763579	C4	C1
DLBCL11676	0.5664455046557608	0.012008268960992616	0.12968913062982496	0.27317833009973846	0.01867876565368319	0.5664455046557608	C1	C1
DLBCL10531	0.13913266321724652	0.03876007145360095	0.06861420035571868	0.5697169607556499	0.1837761042177839	0.5697169607556499	C4	C1
DLBCL10930	0.29856734420436915	0.017655799402442256	0.06008147278465866	0.05283664568123918	0.5708587379272908	0.5708587379272908	C5	C5
DLBCL_RICOVER_269	0.16322328756456086	0.12435424630408297	0.5725197414271666	0.0741216443622058	0.06578108034198381	0.5725197414271666	C3	C3
DLBCL11532	0.3062633667523811	0.02400455431387686	0.5726877152087445	0.08069779064585346	0.016346573079144073	0.5726877152087445	C3	C3
DLBCL10500	0.03868691087796786	0.15593248271562118	0.11443472967715475	0.11814588263740022	0.572799994091856	0.572799994091856	C5	C2
DLBCL11182	0.13559344047765545	0.048754795780696386	0.023247848699504244	0.5728184743831374	0.21958544065900656	0.5728184743831374	C4	C4
DLBCL_MC_F496DMP	0.0482849258767549	0.2632999229861038	0.5745160574286422	0.08500266091245454	0.028896432796044605	0.5745160574286422	C3	C2
DLBCL11672	0.13155483038613938	0.015359916153322922	0.5749576792347265	0.23205397895968688	0.04607359526612429	0.5749576792347265	C3	C3
DLBCL10994	0.575573688944105	0.09087791549698733	0.03729509393318266	0.11231214591142298	0.18394115571430197	0.575573688944105	C1	C1
DLBCL_RICOVER_401	0.040980245743037574	0.34078924317792936	0.5774941785957871	0.018593326370258456	0.022143006112987536	0.5774941785957871	C3	C2
DLBCL_RICOVER_478	0.2680048981432013	0.5796968260968267	0.02390101658709795	0.0423793724447772	0.08601788672809688	0.5796968260968267	C2	C2
DLBCL_C_D_1158_NULLPAIR	0.5803553214243056	0.05539270758098689	0.06579829675435846	0.28606948210642097	0.012384192133928069	0.5803553214243056	C1	C2
DLBCL_RICOVER_1237	0.5823363324422802	0.02919335080942091	0.019688958622108323	0.03981426023168124	0.3289670978945093	0.5823363324422802	C1	C5
DLBCL10943	0.054695062590181295	0.04258249699420523	0.18747873966459655	0.13284373514081949	0.5823999656101975	0.5823999656101975	C5	C5
DLBCL11452	0.2288057383722201	0.07259701080059525	0.04595651919229221	0.5849982564606626	0.06764247517422979	0.5849982564606626	C4	C1
DLBCL10837	0.19134565636874026	0.043592017812406805	0.03227883171975246	0.14760678534118488	0.5851767087579156	0.5851767087579156	C5	C5
DLBCL_RICOVER_336	0.2839786149891074	0.0749371014251743	0.023150260342987602	0.5876512261111047	0.030282797131626026	0.5876512261111047	C4	C4
DLBCL_C_D_PAIR20	0.025234983137916403	0.19215238869284157	0.5876900283721799	0.016330266334303643	0.1785923334627585	0.5876900283721799	C3	C5
DLBCL_RICOVER_787	0.5890269599599981	0.04299922508862305	0.03631130211950059	0.3008501693698462	0.03081234346203202	0.5890269599599981	C1	C2
DFCIDL004_DT	0.24451988040453626	0.013151183739374843	0.02605550459099092	0.1222122113378985	0.5940612199271995	0.5940612199271995	C5	C5
DLBCL_RICOVER_956	0.07852309549467502	0.11265969963189218	0.09875444755047211	0.11334558295600575	0.5967171743669549	0.5967171743669549	C5	C5
DLBCL10457	0.07852309549467502	0.11265969963189218	0.09875444755047211	0.11334558295600575	0.5967171743669549	0.5967171743669549	C5	C5
DLBCL11591	0.019300713006653335	0.5967305106596322	0.3253853056727305	0.01960900259777201	0.038974468063211906	0.5967305106596322	C2	C2
DLBCL_MC_F089_MLB	0.1335518754429157	0.07149991807424563	0.05302122230581299	0.5975170343968129	0.14440994978021274	0.5975170343968129	C4	C5
DLBCL_MC_F210_GWC	0.08637587440004224	0.5990138109782915	0.027341436709353434	0.2374164782352783	0.04985239967703452	0.5990138109782915	C2	C2
DLBCL10974	0.055250983926980114	0.02170612571207499	0.04311521428855666	0.2745521359562625	0.6053755401161257	0.6053755401161257	C5	C4
DLBCL_RICOVER_1045	0.3136355835478525	0.020864503606753782	0.022136976708630813	0.6061441551174256	0.03721878101933737	0.6061441551174256	C4	C4
DLBCL_MAYO_DLBCL_234	0.09066788934833768	0.012056445621579441	0.6076158467674397	0.23003348900868245	0.0596263292539607	0.6076158467674397	C3	C3
DLBCL10956	0.6081092895964986	0.23272693131357705	0.032786511606953846	0.0955295449822886	0.030847722500681858	0.6081092895964986	C1	C2
DLBCL11513	0.0765745980229367	0.01309993902024831	0.10459803106699059	0.19307980189525192	0.6126476299945725	0.6126476299945725	C5	C5
DLBCL11193	0.05245570014683694	0.23819715437505085	0.06139068932026758	0.6128697110207267	0.03508674513711787	0.6128697110207267	C4	C2
DLBCL10948	0.02260806292560199	0.21971308925944608	0.056349604751899735	0.08734817431921982	0.6139810687438324	0.6139810687438324	C5	C2
DLBCL11001	0.2481674528976972	0.01285527995429382	0.028169615816324024	0.09663206323323133	0.6141755880984536	0.6141755880984536	C5	C5
DLBCL10498	0.15210382282096208	0.05967057545075154	0.15659766795095448	0.6159543955169786	0.01567353826035336	0.6159543955169786	C4	C3
DLBCL10524	0.16804081288201397	0.05563802929959053	0.13685394161781117	0.6159583964047818	0.023508819795802563	0.6159583964047818	C4	C2
DLBCL10899	0.2454511426233127	0.028653258219068386	0.013063723693558203	0.0962735364072688	0.6165583390567919	0.6165583390567919	C5	C5
DLBCL10513	0.28251002454481366	0.043990751363033716	0.0404203468307349	0.6166080643766315	0.016470812884786284	0.6166080643766315	C4	C4
DLBCL_LS3204	0.16098670806879636	0.6182589703977659	0.032529911204749795	0.16469774776535273	0.023526662563335195	0.6182589703977659	C2	C2
DLBCL10964	0.08587020639045369	0.04410423831340377	0.022560336113116856	0.6186688391260472	0.22879638005697847	0.6186688391260472	C4	C5
DLBCL10942	0.3078428620323954	0.021702516198014377	0.03357133271071613	0.6188836169443068	0.017999672114567232	0.6188836169443068	C4	C1
DLBCL10908	0.056629837369104465	0.10508365059389194	0.619780006330686	0.044702929977219606	0.17380357572909805	0.619780006330686	C3	C5
DLBCL10501	0.015897620225499655	0.3069892038240439	0.6199247368593122	0.03185390626742451	0.025334532823719814	0.6199247368593122	C3	C3
DLBCL10460	0.15105201602937526	0.6216810630987525	0.05954464784575637	0.025319057577269575	0.14240321544884632	0.6216810630987525	C2	C2
DLBCL11447	0.09223335839545944	0.01678127665992213	0.029812212842025062	0.6220554318860501	0.23911772021654326	0.6220554318860501	C4	C4
DLBCL10895	0.0471792133257143	0.6237036706486491	0.1712667769530186	0.03782106145009443	0.12002927762252365	0.6237036706486491	C2	C5
DLBCL10842	0.076532618862091	0.017028853530215562	0.17043839362582927	0.11135492107020009	0.6246452129116641	0.6246452129116641	C5	C5
DLBC_FF_8043_TP_NB	0.21450053767894195	0.6255560817015214	0.061362649435537146	0.03327204872336896	0.06530868246063055	0.6255560817015214	C2	C2
DLBCL_RICOVER_1278	0.07606842541155284	0.018395492943326312	0.036084195877653616	0.626785751392521	0.24266613437494625	0.626785751392521	C4	C5
DLBCL11194	0.1197921704275315	0.015191093299075082	0.04078430728183919	0.6275295989931344	0.19670282999841976	0.6275295989931344	C4	C5
DLBCL11569	0.02422582805516664	0.2362288036692887	0.6277878150218286	0.0815021183585458	0.03025543489517027	0.6277878150218286	C3	C3
DLBCL_C_D_1105_NULLPAIR	0.6296836007789799	0.2666586303168152	0.02848342616218918	0.05025549272407962	0.02491885001793621	0.6296836007789799	C1	C2
DLBCL_C_D_1155_NULLPAIR	0.6302043512549493	0.022949456911584752	0.22324970214668885	0.10939613337308159	0.01420035631369552	0.6302043512549493	C1	C1
DLBCL_RICOVER_408	0.20515882559580567	0.630887550476959	0.10821290130205467	0.04060273914289983	0.015137983482280808	0.630887550476959	C2	C3
DLBCL11473	0.26599457905630186	0.037919794409282066	0.03558258938544817	0.6348190895582172	0.02568394759075062	0.6348190895582172	C4	C1
DLBCL10961	0.020625435819480557	0.16187653565120533	0.045974744430581915	0.1333649138664386	0.6381583702322936	0.6381583702322936	C5	C5
DLBCL11439	0.05191487443966006	0.013023607110245401	0.6389996362756067	0.08769693609778113	0.2083649460767067	0.6389996362756067	C3	C3
DLBCL10510	0.14880692386266936	0.6390167829376203	0.017556419475478334	0.033206352123497096	0.16141352160073485	0.6390167829376203	C2	C2
DLBCL_RICOVER_299	0.02060721342811629	0.28262203282432946	0.6400636819127858	0.019918941295580642	0.036788130539187835	0.6400636819127858	C3	C2
DLBCL_RICOVER_126	0.04067619151368175	0.2760586579199904	0.641165259687928	0.02181913107598506	0.02028075980241476	0.641165259687928	C3	C2
DLBCL10833	0.136815379496387	0.01508017263666941	0.020259110120234534	0.18487783686883744	0.6429675008778716	0.6429675008778716	C5	C5
DLBCL_LS4619	0.02242087143006794	0.20592936870127423	0.05420228077932835	0.07154561278552558	0.645901866303804	0.645901866303804	C5	C5
DLBCL10963	0.05925943776002636	0.022907212567912748	0.04493649628589418	0.2245748945045281	0.6483219588816386	0.6483219588816386	C5	C5
DLBCL11491	0.22131759822890013	0.011452751427165606	0.0507857746843389	0.6495699183454527	0.06687395731414261	0.6495699183454527	C4	C4
DLBCL10552	0.2685030304865097	0.023093035328928178	0.03417797622979986	0.6537092495678539	0.020516708386908406	0.6537092495678539	C4	C4
DLBCL_RICOVER_1150	0.09141185845153094	0.03841867612879719	0.03584510684285296	0.6560947312908832	0.1782296272859356	0.6560947312908832	C4	C1
DLBCL_LS1899	0.057035445228957496	0.042519038780508396	0.20758615724366467	0.6567882820162568	0.036071076730612696	0.6567882820162568	C4	C4
DLBCL_LS1304	0.07655464615473913	0.1138495529893476	0.09681480866498074	0.0530948607882169	0.6596861314027156	0.6596861314027156	C5	C3
DLBCL_RICOVER_1106	0.0287335011623435	0.05759026127759668	0.03515422831144901	0.21698969039627225	0.6615323188523385	0.6615323188523385	C5	C5
DLBCL11204	0.18256344607715996	0.6629873083834283	0.05562774552334179	0.023869741683046466	0.07495175833302335	0.6629873083834283	C2	C2
DLBCL_C_D_1117_NULLPAIR	0.19631841286089186	0.09188712331513367	0.023952729959387725	0.6631510907587364	0.024690643105850403	0.6631510907587364	C4	C2
DLBCL_LS2328	0.040972498921383396	0.24363230437131822	0.6653066166923163	0.03772107505235943	0.012367504962622674	0.6653066166923163	C3	C3
DLBCL_RICOVER_910	0.1062756965100424	0.14984794292547554	0.045026825144369655	0.668828160032982	0.030021375387130414	0.668828160032982	C4	C1
DLBCL10843	0.16303347481627123	0.01914600841862157	0.13026627826870024	0.6699713978462017	0.01758284065020521	0.6699713978462017	C4	C1
DLBCL10487	0.04001887669404263	0.6704819238311187	0.05691821837786302	0.1741472404083532	0.05843374068862249	0.6704819238311187	C2	C2
DLBCL11346	0.05752065817830044	0.6724809070911297	0.0501996132909181	0.03878727970174517	0.1810115417379066	0.6724809070911297	C2	C2
DLBCL10909	0.03275977416192285	0.015550520880543811	0.06650660331965788	0.2098082825419344	0.675374819095941	0.675374819095941	C5	C5
DLBCL10857	0.10218283525342024	0.016140398523860854	0.023658456527703004	0.18065631948400657	0.6773619902110094	0.6773619902110094	C5	C5
DLBCL_RICOVER_1329	0.14383073866610174	0.1262868337118364	0.01726587809914367	0.034855296111613684	0.6777612534113044	0.6777612534113044	C5	C5
DLBCL_C_D_1149_NULLPAIR	0.07152244024032398	0.6777672864960871	0.18844242816151038	0.024077695473427	0.038190149628651575	0.6777672864960871	C2	C2
DLBCL10838	0.03739401159080361	0.2078313752920084	0.021356002085499228	0.055606552695899474	0.6778120583357893	0.6778120583357893	C5	C5
DLBCL_MC_F739_AMA3	0.021817399005613632	0.19557307627420187	0.6784516288288976	0.08360115343416788	0.020556742457118932	0.6784516288288976	C3	C2
DLBC_FF_8062_TP_NB	0.12011533428523324	0.021159037818477687	0.15821559031886678	0.6802823207765527	0.02022771680086954	0.6802823207765527	C4	C4
DLBCL_C_D_1156_NULLPAIR	0.18206106937304892	0.05393637162818059	0.04602302812269543	0.6809022043614232	0.0370773265146518	0.6809022043614232	C4	C1
DLBCL11503	0.08964669320124297	0.13767999438294012	0.03264071506228999	0.6809594869137798	0.05907311043974707	0.6809594869137798	C4	C2
DLBCL11651	0.06025602018852815	0.01975602834484652	0.6817830347396789	0.18374280034392432	0.05446211638302212	0.6817830347396789	C3	C3
DLBCL11562	0.035889895302963784	0.6865620634674996	0.2267085767406957	0.029175882010131934	0.021663582478708966	0.6865620634674996	C2	C2
DLBCL10969	0.6867408968016863	0.1270404673743345	0.12096727848796918	0.04635097888271467	0.018900378453295456	0.6867408968016863	C1	C1
DLBCL_RICOVER_1169	0.0749231499035033	0.688379482628633	0.11445031421398945	0.0748393424629526	0.047407710790921626	0.688379482628633	C2	C2
DLBCL_RICOVER_197	0.10297026406902385	0.07668306402134609	0.08949545464688874	0.6888558423018339	0.041995374960907404	0.6888558423018339	C4	C4
DLBCL_RICOVER_978	0.6892813970505499	0.007785019098639752	0.15442317589226398	0.0890146268473464	0.059495781111199936	0.6892813970505499	C1	C3
DLBCL11577	0.17463524877343187	0.6894797902806632	0.0320487950407018	0.09138985740455344	0.0124463085006497	0.6894797902806632	C2	C2
DLBCL_LS4394	0.17257464075897103	0.08099871286689708	0.6899825050084405	0.04354047944456489	0.012903661921126469	0.6899825050084405	C3	C1
DLBCL10881	0.13622448630280562	0.014681663733553242	0.02920572890691591	0.12834120541108568	0.6915469156456395	0.6915469156456395	C5	C5
DLBCL10452	0.0359908964999257	0.6935921948930874	0.1796285272846211	0.049620707961310094	0.04116767336105576	0.6935921948930874	C2	C2
DLBCL10506	0.6949300790732397	0.014518820273931863	0.056497635667010965	0.21972900645094737	0.014324458534870145	0.6949300790732397	C1	C1
DLBCL10903	0.023010786080519194	0.6949347150225988	0.2315580834411712	0.02438904202439184	0.026107373431318814	0.6949347150225988	C2	C2
DLBCL10926	0.14903186890934642	0.6952523728129403	0.03391293653762029	0.052227966056374565	0.06957485568371843	0.6952523728129403	C2	C2
DLBCL10878	0.6960170504325925	0.011936142500142232	0.025771589834329537	0.16239041226328138	0.10388480496965431	0.6960170504325925	C1	C5
DLBCL11437	0.05554400812275468	0.017259357011863322	0.0879216845227686	0.6967953818757	0.14247956846691331	0.6967953818757	C4	C4
DLBCL11480	0.6969896472056989	0.008966468459606984	0.13484792557991823	0.0900172169324956	0.06917874182228027	0.6969896472056989	C1	C1
DLBCL_LS2208	0.06722830367119033	0.04038204624363564	0.09386977883519299	0.10104097262149328	0.6974788986284878	0.6974788986284878	C5	C5
DLBCL_C_D_1140_NULLPAIR	0.06722830367119033	0.04038204624363564	0.09386977883519299	0.10104097262149328	0.6974788986284878	0.6974788986284878	C5	C5
DLBCL_LS762	0.06722830367119033	0.04038204624363564	0.09386977883519299	0.10104097262149328	0.6974788986284878	0.6974788986284878	C5	C3
DLBCL_LS3309	0.027121445405319883	0.2291591235573944	0.6980966865102233	0.01997929598902363	0.02564344853803885	0.6980966865102233	C3	C2
DLBCL_RICOVER_522	0.17987183160322964	0.05864787923596479	0.04802877109069335	0.6989131216466944	0.014538396423417822	0.6989131216466944	C4	C3
DLBCL_LS2599	0.09687861852741703	0.0370424398323745	0.7003505834788369	0.1539319018692151	0.011796456292156466	0.7003505834788369	C3	C3
DLBCL10532	0.03605169970772548	0.014705207127889211	0.11975376397561288	0.12856687277870318	0.7009224564100692	0.7009224564100692	C5	C5
DLBCL10481	0.030795332412596094	0.014191647057768953	0.7012875532986483	0.21837245089872662	0.03535301633226002	0.7012875532986483	C3	C3
DLBCL10986	0.7023523610096947	0.011113988693693063	0.11887833204268042	0.10902456081049723	0.05863075744343461	0.7023523610096947	C1	C1
DLBCL10473	0.7040455621304627	0.12031021473513749	0.013236742233993296	0.12901044845695922	0.03339703244344731	0.7040455621304627	C1	C2
DLBCL_LS4323	0.15701276964306418	0.7058333239169281	0.019207851984939406	0.07973807733228998	0.03820797712277837	0.7058333239169281	C2	C2
DLBCL10870	0.014387014312205487	0.02426281279235456	0.2127448626516056	0.04226736641446072	0.7063379438293736	0.7063379438293736	C5	C5
DLBCL10478	0.15179035816440442	0.013895925553678811	0.06836786077068355	0.7063877326553688	0.05955812285586443	0.7063877326553688	C4	C4
DLBCL11445	0.7072557982963477	0.011184754701724068	0.019733864119940693	0.19654584285577964	0.065279740026208	0.7072557982963477	C1	C1
DLBC_FF_8046_TP_NB	0.7099755129163315	0.03543325230546428	0.07819115521380898	0.10169666137995266	0.07470341818444255	0.7099755129163315	C1	C3
DLBCL10450	0.7106625225076776	0.04870906252489936	0.009027176192146357	0.11220690396682931	0.11939433480844737	0.7106625225076776	C1	C1
DLBCL10888	0.04238105353864895	0.013253072561374072	0.09552620265838295	0.1354351434533148	0.7134045277882792	0.7134045277882792	C5	C5
DLBCL11534	0.05787056047300608	0.039985309939645115	0.7136214013096739	0.12741930710196542	0.06110342117570954	0.7136214013096739	C3	C3
DLBCL_MC_F959_ERM	0.04996765169877908	0.7141880667361464	0.03300677985080092	0.045849983370197585	0.15698751834407595	0.7141880667361464	C2	C2
DLBCL_RICOVER_780	0.04154000162171789	0.1294685032576632	0.7146691258648622	0.10317128801825957	0.011151081237497138	0.7146691258648622	C3	C2
DLBCL10873	0.07627690218527404	0.08486091304377719	0.06207326368161918	0.7150354928765533	0.061753428212776226	0.7150354928765533	C4	C2
DLBCL10922	0.06297081371847779	0.7158476095944433	0.07442071537359761	0.09501796467906706	0.05174289663441422	0.7158476095944433	C2	C2
DLBCL11519	0.7177665750983908	0.02409062850374933	0.021449481502822536	0.22136250121645956	0.015330813678577809	0.7177665750983908	C1	C1
DLBCL11581	0.1318265589305826	0.013774517536828249	0.025609051519757214	0.11043630951817464	0.7183535624946573	0.7183535624946573	C5	C5
DLBCL10550	0.02569529657866425	0.016071131584773357	0.1709904398260024	0.06773496410082942	0.7195081679097306	0.7195081679097306	C5	C5
DLBCL10564	0.16875250891667237	0.0472566121855538	0.03480762421608576	0.7242008282659271	0.02498242641576095	0.7242008282659271	C4	C4
DLBCL11663	0.7289777612906129	0.04385009792755694	0.08200765562082418	0.1121486559148046	0.03301582924620141	0.7289777612906129	C1	C1
DLBCL_LS1668	0.12673190890260744	0.05706263378390014	0.061071919278928556	0.7299760780567397	0.025157459977824186	0.7299760780567397	C4	C2
DLBCL10998	0.7322130823879621	0.024211742656725353	0.01704887476181291	0.16181180776319756	0.064714492430302	0.7322130823879621	C1	C1
DLBCL11476	0.15096542435708615	0.060092747811537325	0.02467367019909468	0.03052413235112501	0.7337440252811568	0.7337440252811568	C5	C5
DLBCL_MC_F344_CJS	0.02695178173888544	0.04010871129246056	0.7354065529287671	0.11004664169747412	0.08748631234241276	0.7354065529287671	C3	C3
DLBCL10874	0.10407632937040326	0.06150068037970672	0.03287211029209109	0.7362029201200667	0.0653479598377322	0.7362029201200667	C4	C2
DLBCL11586	0.19300772801612373	0.0201929240582996	0.024894499333604925	0.7363731801232465	0.02553166846872521	0.7363731801232465	C4	C1
DLBCL10921	0.04576103780311659	0.18041006131294096	0.016089332810266876	0.021189015257821433	0.7365505528158541	0.7365505528158541	C5	C5
DLBCL_LS3499	0.14469764288132433	0.04919615681249778	0.03695582827085611	0.7367138906480729	0.03243648138724893	0.7367138906480729	C4	C4
DLBCL10462	0.737275158051319	0.0075393938584908315	0.05102595062949683	0.0924547360763597	0.11170476138433365	0.737275158051319	C1	C1
DLBCL_RICOVER_335	0.06579442246556473	0.7377048407001494	0.017503457968811417	0.15073828410909182	0.028258994756382657	0.7377048407001494	C2	C2
DLBCL10869	0.7394642787412146	0.0829882089705505	0.054243602401093785	0.055704830185693964	0.06759907970144725	0.7394642787412146	C1	C1
DLBCL_LS2367	0.7399912528204334	0.028254478214845075	0.019109864537996218	0.18162290179540105	0.031021502631324263	0.7399912528204334	C1	C1
DLBCL11484	0.05088716888296065	0.7399956982513258	0.10507396515684907	0.03555304375285136	0.0684901239560131	0.7399956982513258	C2	C2
DLBCL11531	0.7405805264383017	0.04480270321586754	0.11672804067284075	0.08628522833252802	0.01160350134046193	0.7405805264383017	C1	C2
DLBCL10495	0.7407905412948909	0.12291426299513684	0.0096066678451621	0.05525969343810188	0.07142883442670826	0.7407905412948909	C1	C1
DLBCL_RICOVER_1283	0.03388757737544107	0.011414596606484253	0.7444299520603613	0.11988816990926628	0.09037970404844702	0.7444299520603613	C3	C3
DLBCL_RICOVER_1263	0.14925808056974724	0.026333393681202116	0.7456208194902857	0.05252266886935579	0.026265037389409145	0.7456208194902857	C3	C3
