sample	C1	C2	C3	C4	C5	Confidence	PredictedCluster	TrueCluster
DLBCL11471	0.2746242728834461	0.21003240422673947	0.11503785765522244	0.2289040930251133	0.17140137220947865	0.2746242728834461	C1	C4
DLBCL11202	0.2823855386397373	0.14250416344497527	0.33566267454186116	0.22742351617534373	0.012024107198082546	0.33566267454186116	C3	C1
DLBCL11448	0.05276910033803851	0.20070773298963757	0.35854362487593655	0.27694491279314154	0.1110346290032459	0.35854362487593655	C3	C4
DLBCL11590	0.10014957206675222	0.02808641025557292	0.2917920940892252	0.22091672487602879	0.3590551987124209	0.3590551987124209	C5	C3
DLBCL_LS3387	0.32843672475118635	0.011999594397211768	0.25238886726595505	0.3798895996759363	0.02728521390971065	0.3798895996759363	C4	C3
DLBCL_RICOVER_258	0.23967934588941064	0.016405136782837556	0.2953602948207772	0.06153578674114914	0.3870194357658255	0.3870194357658255	C5	C3
DLBCL_LS1668	0.06712364503294921	0.38732645627510287	0.21432312492227792	0.2938738955226181	0.03735287824705191	0.38732645627510287	C2	C2
DLBCL10865	0.26720658882364745	0.23227587961646384	0.03133119703018411	0.07924644118602452	0.38993989334368007	0.38993989334368007	C5	C5
DLBCL10564	0.1355528122395825	0.3910772568375063	0.11715349941472834	0.3308463446752419	0.025370086832940897	0.3910772568375063	C2	C4
DLBCL10470	0.03562403228024285	0.3930003502415682	0.29669356605492797	0.22367201737142042	0.051010034051840625	0.3930003502415682	C2	C2
DLBCL11657	0.06571359489256087	0.2059513822236192	0.4059316959176131	0.2646787934891925	0.05772453347701436	0.4059316959176131	C3	C4
DLBCL11483	0.13122833859559585	0.4106351205671848	0.10331683881150305	0.07228626845667091	0.2825334335690453	0.4106351205671848	C2	C2
DLBCL11659	0.4122605288668434	0.025150702158505546	0.30847287550609903	0.2293661852027148	0.024749708265837247	0.4122605288668434	C1	C4
DLBCL11535	0.13705429101686187	0.046983423538920585	0.024414376582930098	0.3710708265698244	0.4204770822914631	0.4204770822914631	C5	C4
DLBCL11466	0.08545272876142379	0.375439480909855	0.056723319003874055	0.42086335848293677	0.06152111284191038	0.42086335848293677	C4	C2
DLBCL10969	0.31374273335527914	0.4226042844796427	0.17111758261453033	0.03202991504123539	0.06050548450931245	0.4226042844796427	C2	C1
DLBCL_LS3808	0.24212812968050032	0.049815513815090605	0.42977225601597335	0.15513132972391114	0.1231527707645245	0.42977225601597335	C3	C5
DLBCL10914	0.3786014192199817	0.43378867107419905	0.11487594822976656	0.04222230484575858	0.030511656630294086	0.43378867107419905	C2	C1
DLBCL_LS4394	0.2692546562223526	0.4345743692313569	0.2405130296339565	0.04215963959071108	0.013498305321622973	0.4345743692313569	C2	C1
DLBCL11510	0.4355324866009851	0.19941855475856546	0.03532361491206334	0.056332897644297227	0.27339244608408886	0.4355324866009851	C1	C5
DLBCL_C_D_PAIR2	0.11151714374913702	0.4372664269205744	0.06973562462179882	0.03477746564227556	0.3467033390662142	0.4372664269205744	C2	C2
DLBCL_C_D_1145_NULLPAIR	0.23568278664596803	0.01370471065179693	0.19501066953060375	0.11820356747201875	0.4373982656996125	0.4373982656996125	C5	C5
DLBCL_LS4619	0.02180555107414826	0.1402540322039565	0.3210363665111479	0.07859002574729591	0.43831402446345147	0.43831402446345147	C5	C5
DLBCL11005	0.035808779166366	0.2851178102489892	0.039918823678993826	0.20008880832521303	0.4390657785804379	0.4390657785804379	C5	C4
DLBCL_RICOVER_787	0.257203618730344	0.43914665366960215	0.04967370332761409	0.22696496192083937	0.027011062351600352	0.43914665366960215	C2	C2
DLBCL10516	0.028756796147040044	0.01961847533249664	0.44061497949336925	0.1189278639585376	0.3920818850685565	0.44061497949336925	C3	C5
DLBCL_MC_F927_JHS	0.10931022065112705	0.22164107650475728	0.14333306603043097	0.08502022677424037	0.4406954100394443	0.4406954100394443	C5	C5
DLBCL_RICOVER_111	0.09656492253813015	0.029266696717817776	0.44168991643623473	0.06513521623041138	0.367343248077406	0.44168991643623473	C3	C5
DLBCL11441	0.27843859693392936	0.017828495339957354	0.03578737257069982	0.44210143632456184	0.22584409883085163	0.44210143632456184	C4	C3
DLBCL11574	0.06483446498033447	0.20058670691455235	0.4467935251253579	0.07514226662353145	0.21264303635622372	0.4467935251253579	C3	C3
DLBCL11468	0.07950041064709425	0.06453402048046472	0.332857147719786	0.4556264375432119	0.0674819836094432	0.4556264375432119	C4	C3
DLBCL_BWH_DLBCL64	0.1068498114702434	0.3579526722342387	0.05928514854640938	0.4582205687404849	0.017691799008623697	0.4582205687404849	C4	C2
DLBCL_RICOVER_1278	0.06148910702891305	0.037533897328055676	0.03576026922351942	0.4058062745945146	0.45941045182499735	0.45941045182499735	C5	C5
DLBCL_RICOVER_120	0.4594181360698257	0.22179509754472626	0.08934314279228094	0.041505964158016016	0.1879376594351511	0.4594181360698257	C1	C5
DLBCL11538	0.05884628812705779	0.014781474432534176	0.46157121701641474	0.16764834067749407	0.2971526797464992	0.46157121701641474	C3	C5
DLBCL_MC_F300_TBF	0.46193669494192746	0.01751986543916008	0.2653237550312885	0.09966317775603968	0.15555650683158423	0.46193669494192746	C1	C1
DLBCL10536	0.042058305299398024	0.4626370725790286	0.3460261883616184	0.1180142116856725	0.0312642220742825	0.4626370725790286	C2	C3
DLBCL_RICOVER_197	0.11346403382843141	0.29451325967983144	0.08807189559479245	0.4664133073567523	0.03753750354019243	0.4664133073567523	C4	C4
DLBCL_RICOVER_1150	0.4686157960924029	0.16881307790012734	0.02342123067679996	0.23439356415574886	0.10475633117492093	0.4686157960924029	C1	C1
DLBCL10965	0.4714524255448575	0.01652862433540144	0.044485784233190155	0.41607204475430404	0.051461121132246795	0.4714524255448575	C1	C4
DLBCL11540	0.12129594713596595	0.3387070675912189	0.04525122599516444	0.022794683398974624	0.4719510758786761	0.4719510758786761	C5	C5
DLBCL_RICOVER_1018	0.07787519088195242	0.3717278624847377	0.027344445741298705	0.4732165947945153	0.049835906097495955	0.4732165947945153	C4	C4
DLBCL_LS2154	0.3552771186484756	0.4743140764226209	0.0629450346244549	0.08573292091102228	0.02173084939342629	0.4743140764226209	C2	C1
DLBCL_RICOVER_711	0.13039264217600474	0.4743758996651034	0.027964279287391147	0.34206678891063913	0.025200389960861578	0.4743758996651034	C2	C4
DLBCL10531	0.09973906356213878	0.08333817078015122	0.07765871047362162	0.4745220908353085	0.26474196434877995	0.4745220908353085	C4	C1
DLBCL10907	0.09162743267323295	0.3718171129416007	0.019056828827440895	0.04269698062543924	0.47480164493228627	0.47480164493228627	C5	C2
DLBCL10936	0.16256827678877744	0.4757393768259649	0.14641096197048245	0.10623360251819584	0.10904778189657933	0.4757393768259649	C2	C3
DLBCL_RICOVER_216	0.05313134468578771	0.07105533756094477	0.479511039160485	0.04609109846045621	0.3502111801323264	0.479511039160485	C3	C3
DLBCL11478	0.35518466813135485	0.0897556961367691	0.48234100046660094	0.034944852932186514	0.03777378233308856	0.48234100046660094	C3	C1
DLBCL10500	0.029459319125214153	0.3301711998780559	0.08054139612052662	0.07417720708557154	0.48565087779063176	0.48565087779063176	C5	C2
DLBCL10869	0.48612060107057176	0.17682490628358324	0.21288970309957495	0.0702611683881509	0.05390362115811907	0.48612060107057176	C1	C1
DLBCL_C_D_1120_NULLPAIR	0.029920719289898024	0.4887982111093889	0.15885850744013078	0.021296304285034352	0.3011262578755479	0.4887982111093889	C2	C5
DLBCL11455	0.34343302478765503	0.04274253384861089	0.061067760754045165	0.4919353516901713	0.06082132891951765	0.4919353516901713	C4	C3
DLBCL11430	0.38629269937235583	0.017267900136871867	0.08210092086717428	0.49198866510780254	0.022349814515795454	0.49198866510780254	C4	C1
DLBCL11578	0.28659762930679766	0.07715530476002117	0.09249486502137963	0.492433493974745	0.05131870693705652	0.492433493974745	C4	C1
DLBCL10955	0.2281810759060453	0.10371947550846408	0.08308063176688128	0.493221097316571	0.09179771950203833	0.493221097316571	C4	C4
DLBCL10935	0.4949182040659088	0.35308988335838565	0.013409365354684242	0.04269621692818631	0.09588633029283494	0.4949182040659088	C1	C1
DLBCL10552	0.40789256376059335	0.034699819990245837	0.03868084200040995	0.5002399881526165	0.01848678609613433	0.5002399881526165	C4	C4
DLBCL10856	0.08630626881595448	0.2922834512581217	0.501873461734037	0.032893121706007486	0.08664369648587932	0.501873461734037	C3	C3
DLBCL10858	0.12149494257601337	0.015232997757029718	0.026072908258087384	0.33382345156397175	0.5033756998448977	0.5033756998448977	C5	C4
DLBCL10973	0.06139665058448236	0.028096516012043934	0.36128342703595856	0.5045713937426481	0.044652012624867066	0.5045713937426481	C4	C4
DLBCL10553	0.047286155647257064	0.05319949663991603	0.35436456107691905	0.5053943700131467	0.03975541662276123	0.5053943700131467	C4	C4
DLBCL11573	0.03800562839503918	0.5065766641120641	0.37771595843146794	0.05120611910649876	0.026495629954929913	0.5065766641120641	C2	C3
DLBCL11206	0.030174712102869237	0.5067656584311477	0.04850928219225703	0.014574587235833643	0.39997576003789237	0.5067656584311477	C2	C5
DLBCL11506	0.5104392355083343	0.028078666432391815	0.3755699934169296	0.04088590575874249	0.04502619888360177	0.5104392355083343	C1	C1
DLBCL11446	0.14415361703990628	0.5116080980553411	0.15304678835116128	0.17220483921718122	0.018986657336410116	0.5116080980553411	C2	C2
DLBCL11433	0.19901848305561318	0.019964026479872506	0.19637130315864615	0.5118927326447673	0.07275345466110085	0.5118927326447673	C4	C4
DLBCL_RICOVER_384	0.03198458639797857	0.4088304334622514	0.5135296355585907	0.024812880825623093	0.02084246375555632	0.5135296355585907	C3	C3
DLBCL10874	0.0772952148314858	0.5160608639087358	0.02732247180557996	0.14340838647694845	0.23591306297724993	0.5160608639087358	C2	C2
DLBCL_C_D_PAIR20	0.018701685490532808	0.5179497592480039	0.24487184054945885	0.014536074342647209	0.2039406403693573	0.5179497592480039	C2	C5
DLBCL_RICOVER_1072	0.07798995284385139	0.29457153017787047	0.08182791933162327	0.5180998560467787	0.027510741599876196	0.5180998560467787	C4	C4
DLBCL_LS4085	0.026661968269886708	0.17894420710180575	0.24271798764999158	0.03348281740126321	0.5181930195770528	0.5181930195770528	C5	C5
DLBCL_RICOVER_224	0.014151285003095962	0.39454740512025943	0.036777793211848174	0.03533138649467179	0.5191921301701247	0.5191921301701247	C5	C5
DLBCL_C_D_1153_NULLPAIR	0.11055155449273538	0.2516073718340961	0.02108991785935678	0.5200658796120302	0.09668527620178151	0.5200658796120302	C4	C4
DLBCL10867	0.019712011811285467	0.5266227949191197	0.027648329193709912	0.041354176542514894	0.3846626875333701	0.5266227949191197	C2	C5
DLBCL_RICOVER_151	0.06525368583780503	0.5272791627903858	0.043179582185016434	0.32665406492382604	0.037633504262966744	0.5272791627903858	C2	C4
DLBCL_MC_F990_MNA	0.028071365054033202	0.5293728654814833	0.021243652398725252	0.03304870102060583	0.3882634160451524	0.5293728654814833	C2	C2
DLBCL_LS148	0.024601498887626506	0.14663493045599316	0.19496724263740184	0.10439399568129407	0.5294023323376845	0.5294023323376845	C5	C5
DFCIDL001_DT	0.5296309544978662	0.11191453642012712	0.18056621344799176	0.1641766979006536	0.013711597733361357	0.5296309544978662	C1	C1
DLBCL10919	0.5306632153041645	0.01779792409986038	0.03511161992473258	0.3965414672612656	0.01988577340997701	0.5306632153041645	C1	C4
DLBCL11431	0.1338841343066875	0.1323587725681015	0.12131166169148265	0.08017430377577481	0.5322711276579536	0.5322711276579536	C5	C5
DLBCL_C_D_PAIR13	0.1338841343066875	0.1323587725681015	0.12131166169148265	0.08017430377577481	0.5322711276579536	0.5322711276579536	C5	C5
DLBCL_C_D_1138_NULLPAIR	0.030681830639710445	0.537553950718197	0.17574119830564972	0.1315369536908197	0.12448606664562314	0.537553950718197	C2	C2
DLBCL_MC_F218_RAP	0.358265101126947	0.030348939236855995	0.05519019822769781	0.5396948702359875	0.0165008911725117	0.5396948702359875	C4	C4
DLBCL10490	0.5397624407855524	0.05725630006610185	0.03861961532977618	0.16362698964747358	0.20073465417109607	0.5397624407855524	C1	C1
DLBCL_C_D_1115_NULLPAIR	0.07212750618408922	0.2766098911054482	0.047600920100336334	0.5410977847194803	0.06256389789064593	0.5410977847194803	C4	C4
DLBCL_LS1899	0.06693057713188133	0.14020121575797012	0.22466432187040808	0.541617709615427	0.026586175624313552	0.541617709615427	C4	C4
DLBCL_C_D_PAIR22	0.129953872626605	0.5454012793541231	0.26433182675901834	0.03302944590014919	0.027283575360104353	0.5454012793541231	C2	C2
DLBCL_RICOVER_1046	0.012697740409215742	0.547287602694089	0.35988126912528673	0.022649650743994762	0.057483737027413655	0.547287602694089	C2	C2
DLBCL_RICOVER_336	0.270381864674509	0.12318586490319994	0.0244146477065628	0.5511647805061486	0.030852842209579685	0.5511647805061486	C4	C4
DLBCL10539	0.07250042186965014	0.23503232633415655	0.04786878466119352	0.5529926146768014	0.09160585245819844	0.5529926146768014	C4	C4
DLBCL_RICOVER_866	0.05313046685142789	0.04244566128968154	0.3351236377614047	0.5543798431398596	0.014920390957626338	0.5543798431398596	C4	C3
DLBCL10501	0.012702622675236282	0.554841913928049	0.3770024615864204	0.025539627041343983	0.029913374768950313	0.554841913928049	C2	C3
DLBCL10925	0.1407898804665914	0.2331987650370259	0.013924033314459773	0.05587138807118173	0.5562159331107411	0.5562159331107411	C5	C5
DLBC_FF_A7CX_TP_NB	0.30156859077795134	0.057830571576903314	0.024847616094759446	0.058529255231710244	0.5572239663186757	0.5572239663186757	C5	C5
DLBCL11495	0.15014957185971972	0.013725268317842213	0.038485748984491155	0.2390505067168308	0.5585889041211162	0.5585889041211162	C5	C5
DLBCL_RICOVER_720	0.028442096874017983	0.35920142466075383	0.03441592201272221	0.017629873440599117	0.5603106830119069	0.5603106830119069	C5	C5
DLBCL_RICOVER_1045	0.31748372970894023	0.046912503649205746	0.019322293753178864	0.560812318135039	0.05546915475363624	0.560812318135039	C4	C4
DLBCL11681	0.5621247998529488	0.012040201082366433	0.2551884891658961	0.12112002479985691	0.04952648509893178	0.5621247998529488	C1	C1
DLBCL_RICOVER_1081	0.09659534652931157	0.013845252067558347	0.0920162954854408	0.2343594044261655	0.5631837014915237	0.5631837014915237	C5	C5
DLBCL11467	0.1131556068911856	0.09413270480580269	0.11284175218323046	0.5660784390763579	0.11379149704342333	0.5660784390763579	C4	C4
DLBCL11586	0.5701394672088969	0.02326384634122939	0.021673812220931416	0.36020803376466104	0.024714840464281334	0.5701394672088969	C1	C1
DLBCL11437	0.27337636476545013	0.015249567124836265	0.053139680569083164	0.5717904367361869	0.08644395080444359	0.5717904367361869	C4	C4
DLBCL10915	0.09849598229079176	0.5721170488944687	0.019051035818584677	0.09502813017466662	0.21530780282148823	0.5721170488944687	C2	C5
DLBCL10878	0.2758109715595862	0.020884357069531886	0.024538765094005415	0.10482019763173206	0.5739457086451444	0.5739457086451444	C5	C5
DLBCL10994	0.575573688944105	0.09087791549698733	0.03729509393318266	0.11231214591142298	0.18394115571430197	0.575573688944105	C1	C1
DLBCL_DFCI_DLBCL_GOE05	0.01117948205100935	0.5763175365447185	0.0917437964852562	0.021783412722542132	0.2989757721964738	0.5763175365447185	C2	C2
DLBCL_C_D_1117_NULLPAIR	0.13145234455433183	0.5790177547749313	0.021889866883534392	0.24047623244775052	0.027163801339451916	0.5790177547749313	C2	C2
DLBCL11002	0.3157775109082441	0.025188503577714325	0.05929576764259827	0.5798480977594802	0.019890120111963033	0.5798480977594802	C4	C4
DLBCL_LS155	0.05805438053592629	0.013981154738400262	0.5804801745262271	0.31068865909409293	0.036795631105353416	0.5804801745262271	C3	C3
DLBCL10921	0.03579070153746069	0.34690081429333675	0.01774245768216745	0.018928166176438225	0.5806378603105968	0.5806378603105968	C5	C5
DLBCL_RICOVER_1199	0.06732312557855114	0.021136492855429286	0.5811769005593809	0.31500171926778864	0.015361761738850116	0.5811769005593809	C3	C4
DLBCL_RICOVER_1287	0.02856730672493207	0.32608875479274424	0.03296855706845972	0.029658393074881207	0.5827169883389828	0.5827169883389828	C5	C5
DLBCL_RICOVER_150	0.017323999373052734	0.3543188731616496	0.024186032261104544	0.018653929946073605	0.5855171652581195	0.5855171652581195	C5	C5
DLBCL11003	0.059825451693081295	0.5859843165387575	0.019551084573423243	0.029917849628686	0.30472129756605193	0.5859843165387575	C2	C2
DLBCL_RICOVER_522	0.1203478314044485	0.09028220419289985	0.18794357003894455	0.588511162964166	0.01291523139954117	0.588511162964166	C4	C3
DLBCL11518	0.1376134527926701	0.21266680399337115	0.5916339511537814	0.03540387363149704	0.02268191842868036	0.5916339511537814	C3	C3
DFCIDL004_DT	0.24451988040453626	0.013151183739374843	0.02605550459099092	0.1222122113378985	0.5940612199271995	0.5940612199271995	C5	C5
DLBCL_RICOVER_910	0.15125649389635373	0.17598737265316494	0.043498145439383816	0.6025779034432133	0.02668008456788429	0.6025779034432133	C4	C1
DLBCL_RICOVER_105	0.04876909138616374	0.6036542057684242	0.020526725589634823	0.01570469615705028	0.3113452810987269	0.6036542057684242	C2	C5
DLBCL10974	0.055250983926980114	0.02170612571207499	0.04311521428855666	0.2745521359562625	0.6053755401161257	0.6053755401161257	C5	C4
DLBCL11652	0.6058171619222101	0.14353545641804427	0.07141999994816045	0.06528788375388571	0.11393949795769946	0.6058171619222101	C1	C1
DLBCL10843	0.6101983880913147	0.025547974773675822	0.05304280606137432	0.28247246054437797	0.028738370529257293	0.6101983880913147	C1	C1
DLBCL10899	0.16580861612432055	0.12873962985797222	0.012713859796223068	0.08155954264301285	0.6111783515784713	0.6111783515784713	C5	C5
DLBCL10782	0.18910080834246037	0.12459493581017579	0.0494333829909783	0.6135835837158942	0.023287289140491295	0.6135835837158942	C4	C4
DLBCL11194	0.06597025543123282	0.019376609056738436	0.044852238702843494	0.25589590843976895	0.6139049883694163	0.6139049883694163	C5	C5
DLBCL10908	0.056629837369104465	0.10508365059389194	0.619780006330686	0.044702929977219606	0.17380357572909805	0.619780006330686	C3	C5
DLBCL11530	0.022298117349565535	0.6225509704182439	0.3076709644560865	0.02441279866746672	0.023067149108637296	0.6225509704182439	C2	C2
DLBCL10482	0.6277166246213942	0.033121520968179614	0.021376772910283885	0.04715761979666689	0.2706274617034754	0.6277166246213942	C1	C1
DLBCL10509	0.2729750639042907	0.6287392642451182	0.012924339752639902	0.04382595368343079	0.041535378414520395	0.6287392642451182	C2	C1
DLBCL11462	0.6296785837926869	0.019492122674123834	0.027900954123394453	0.05088306998626069	0.272045269423534	0.6296785837926869	C1	C1
DLBCL_C_D_1148_NULLPAIR	0.6300265340192525	0.010769199737736839	0.0929842245811316	0.24263404396475072	0.023585997697128453	0.6300265340192525	C1	C1
DLBCL_LS2325	0.042003963878764504	0.6364680903946834	0.2782747454353068	0.0250542385588846	0.018198961732360658	0.6364680903946834	C2	C3
DLBC_FF_8042_TP_NB	0.018838189328894316	0.18000688486284055	0.10719443398455579	0.054812949711696174	0.6391475421120132	0.6391475421120132	C5	C5
DLBCL_LS2328	0.033949244046421065	0.27890542984893196	0.6427459914071177	0.03148601917532026	0.012913315522208908	0.6427459914071177	C3	C3
DLBCL10961	0.014429086706096966	0.6428851333940506	0.042075842340172344	0.04115253806791302	0.25945739949176705	0.6428851333940506	C2	C5
DLBCL_RICOVER_401	0.02865634354755001	0.6446559390369692	0.29149637368257464	0.016987242860422448	0.018204100872483683	0.6446559390369692	C2	C2
DLBCL_C_D_PAIR23	0.15355478374144238	0.6454519886974908	0.015200353413516192	0.03544340472293505	0.15034946942461558	0.6454519886974908	C2	C2
DLBCL10486	0.6457533254058414	0.18485238773679516	0.016543687853194086	0.0899740326449164	0.06287656635925291	0.6457533254058414	C1	C1
DLBCL10906	0.02527342447899269	0.6469806453690836	0.02114134245239889	0.019706003820711568	0.2868985838788133	0.6469806453690836	C2	C2
DLBCL_MAYO_DLBCL_234	0.07259177511248244	0.013842356466887192	0.647526226751895	0.21968430872404193	0.046355332944693406	0.647526226751895	C3	C3
DLBCL11581	0.10271935355420572	0.03313979634578569	0.043048307021898914	0.17114190532979875	0.6499506377483109	0.6499506377483109	C5	C5
DLBCL10930	0.25001628299807926	0.034548718096153466	0.03856244737455063	0.02691060968720786	0.6499619418440088	0.6499619418440088	C5	C5
DLBCL11464	0.27227245636316627	0.026104634790945564	0.022700446119651718	0.6504174079920152	0.028505054734221182	0.6504174079920152	C4	C4
DLBCL_MC_F496DMP	0.12084547272462422	0.6536553963479	0.16438728504728572	0.04243858346827365	0.018673262411916407	0.6536553963479	C2	C2
DLBCL10837	0.11909105102113567	0.10243640003957219	0.026468798226659308	0.0932774513457468	0.6587262993668861	0.6587262993668861	C5	C5
DLBCL11182	0.13355629441188258	0.06366930683105071	0.029586103082542146	0.6594318527556691	0.11375644291885548	0.6594318527556691	C4	C4
DLBCL_C_D_1162_NULLPAIR	0.02202167861295616	0.039904271668414905	0.10397817523851116	0.17448048893474727	0.6596153855453705	0.6596153855453705	C5	C5
DLBCL10491	0.0572501789701054	0.1837894210513348	0.08192995337343202	0.6597693244665596	0.01726112213856825	0.6597693244665596	C4	C4
DLBCL_MC_F362_MJB1	0.01998197425065191	0.2376285867306988	0.6611705877900066	0.018338511723886335	0.06288033950475631	0.6611705877900066	C3	C3
DLBCL_LS3809	0.6616144958176928	0.08040977993225398	0.026393695728861244	0.04533721498567509	0.18624481353551692	0.6616144958176928	C1	C1
DLBCL11562	0.016928510955426114	0.6629312324480283	0.27357346985231834	0.01863032157292634	0.027936465171300922	0.6629312324480283	C2	C2
DLBCL_RICOVER_822	0.021049952813351765	0.6650064230947665	0.023192584006443816	0.02284691328616246	0.2679041267992754	0.6650064230947665	C2	C2
DLBCL_RICOVER_440	0.01738711631181112	0.6663199844173218	0.2695433566600611	0.014667440072628634	0.032082102538177455	0.6663199844173218	C2	C3
DLBCL11491	0.18670540003714023	0.02213034752021636	0.04208753986556516	0.669424419327967	0.07965229324911123	0.669424419327967	C4	C4
DLBCL_C_D_1146_NULLPAIR	0.07422971334363766	0.1468931487389573	0.08154482588978972	0.6702409814767494	0.027091330550865947	0.6702409814767494	C4	C4
DLBCL10453	0.015269484230922234	0.6791433378757585	0.03433847230879916	0.02821224463608635	0.2430364609484337	0.6791433378757585	C2	C2
DLBCL_C_D_PAIR9	0.07455879050618706	0.6792454557739731	0.018565161970410343	0.19574398356960804	0.031886608179821474	0.6792454557739731	C2	C2
DLBCL10546	0.6802463127863241	0.10012132684199733	0.02168187072393253	0.026276906517853218	0.17167358312989278	0.6802463127863241	C1	C1
DLBC_FF_8062_TP_NB	0.12011533428523324	0.021159037818477687	0.15821559031886678	0.6802823207765527	0.02022771680086954	0.6802823207765527	C4	C4
DLBCL10538	0.03994845207913561	0.6809523107181964	0.022552403842772357	0.15203067133827025	0.10451616202162538	0.6809523107181964	C2	C2
DLBCL10909	0.02871877740301888	0.017296348825434224	0.07020927676096926	0.2019625238592971	0.6818130731512806	0.6818130731512806	C5	C5
DLBCL10513	0.16697274911981122	0.06898818829366568	0.06564817427129815	0.6846253162399825	0.013765572075242472	0.6846253162399825	C4	C4
DLBCL_RICOVER_1060	0.08548526734973495	0.6867483905280477	0.027026573376725975	0.024630240978053483	0.17610952776743785	0.6867483905280477	C2	C2
DLBCL_C_D_1158_NULLPAIR	0.6873510004385933	0.169043254932251	0.02628793559141498	0.09982024399286454	0.01749756504487608	0.6873510004385933	C1	C2
DLBCL10877	0.6891597827625644	0.11966700751801924	0.0649817884543047	0.08458393149749047	0.04160748976762122	0.6891597827625644	C1	C1
DLBCL11559	0.018364754159630087	0.23702987004423592	0.6914051064001713	0.036122555308013636	0.017077714087949076	0.6914051064001713	C3	C3
DLBCL11195	0.014830754043823403	0.2426498491543911	0.033452621008129964	0.017333088544378695	0.6917336872492769	0.6917336872492769	C5	C5
DLBCL11678	0.09170328068878524	0.03874340626497394	0.16299864509705214	0.6917805547921141	0.014774113157074557	0.6917805547921141	C4	C4
DLBCL10454	0.12340905863851509	0.1308615798262112	0.03743186211615929	0.015877818676981185	0.6924196807421332	0.6924196807421332	C5	C5
DLBCL10863	0.1540346346296356	0.02153098373747028	0.028066890582144677	0.6937795380521252	0.10258795299862429	0.6937795380521252	C4	C4
DLBCL_MC_F210_GWC	0.06275388569181323	0.6939299206286003	0.022437160220389742	0.1604578126012073	0.06042122085798945	0.6939299206286003	C2	C2
DLBCL11531	0.13820184244083442	0.6957037110608324	0.09656499475259775	0.05491242219242815	0.014617029553307332	0.6957037110608324	C2	C2
DLBCL_C_D_1140_NULLPAIR	0.06722830367119033	0.04038204624363564	0.09386977883519299	0.10104097262149328	0.6974788986284878	0.6974788986284878	C5	C5
DLBCL10970	0.0536340724458205	0.1578457785944028	0.06184667438604153	0.6976048313350546	0.02906864323868067	0.6976048313350546	C4	C4
DLBCL_C_D_1121_NULLPAIR	0.04259984004953571	0.1036666848637123	0.12214366750653373	0.6987025352347048	0.03288727234551347	0.6987025352347048	C4	C4
DLBCL_RICOVER_773	0.017503345751065116	0.16253300402729887	0.09769189244806242	0.02188923069846687	0.7003825270751067	0.7003825270751067	C5	C5
DLBCL_C_D_1159_NULLPAIR	0.22768432007186204	0.019148506689275042	0.030822404669513456	0.7003988481570975	0.021945920412251966	0.7003988481570975	C4	C4
DLBCL10450	0.702463687300472	0.12340813821083625	0.011889156454522282	0.10362994025651945	0.058609077777649995	0.702463687300472	C1	C1
DLBCL10888	0.03787985116165122	0.015083031335648206	0.1017807159476373	0.14268551586392828	0.702570885691135	0.702570885691135	C5	C5
DLBCL11436	0.040285552642265327	0.7028052234053213	0.03596898960176933	0.1662934492148017	0.05464678513584239	0.7028052234053213	C2	C2
DLBCL10873	0.05063255230924143	0.7030259708022079	0.049177548639148104	0.14843334853672896	0.0487305797126737	0.7030259708022079	C2	C2
DLBCL10986	0.703997487970669	0.04081512838129334	0.10949466269081325	0.11106852890228115	0.034624192054943354	0.703997487970669	C1	C1
DLBCL10478	0.15179035816440442	0.013895925553678811	0.06836786077068355	0.7063877326553688	0.05955812285586443	0.7063877326553688	C4	C4
DLBCL10488	0.7073518831097796	0.11565343142141458	0.09456829354383996	0.07363731899979639	0.008789072925169492	0.7073518831097796	C1	C1
DLBCL10902	0.014133802432421407	0.18380459190219597	0.06253539584584224	0.03143327337999405	0.7080929364395463	0.7080929364395463	C5	C5
DLBCL_RICOVER_1329	0.044669815269713364	0.209854089832964	0.016320830370999694	0.020437681540235703	0.7087175829860872	0.7087175829860872	C5	C5
DLBCL_RICOVER_467	0.015175613777748419	0.7097319668095824	0.028015321638510036	0.01350527802329449	0.23357181975086466	0.7097319668095824	C2	C2
DLBCL_C_D_1110_NULLPAIR	0.14553561422762573	0.012230195242273244	0.7117395234006003	0.11053606632609335	0.019958600803407382	0.7117395234006003	C3	C3
DLBCL11534	0.05787056047300608	0.039985309939645115	0.7136214013096739	0.12741930710196542	0.06110342117570954	0.7136214013096739	C3	C3
DLBCL11519	0.7140641027204035	0.041084869005350945	0.020648130394758747	0.2094527842978217	0.014750113581665125	0.7140641027204035	C1	C1
DLBCL_C_D_1107_NULLPAIR	0.7144484419741312	0.014886958453813754	0.14961401609103633	0.10718856004763273	0.01386202343338597	0.7144484419741312	C1	C1
DLBCL11563	0.03941870059697713	0.19555785316158475	0.7149320413490712	0.032298059677195824	0.01779334521517121	0.7149320413490712	C3	C3
DLBCL11576	0.058796917783888535	0.12700225631177867	0.07563402840931777	0.7162156912723359	0.02235110622267915	0.7162156912723359	C4	C4
DLBCL11439	0.0462808326598379	0.017210515990485883	0.7173329550679128	0.08204936344155879	0.13712633284020465	0.7173329550679128	C3	C3
DLBCL10866	0.08202672792739055	0.0239846284719611	0.042580551232418606	0.13372337670441514	0.7176847156638146	0.7176847156638146	C5	C5
DLBCL11480	0.7198843148693851	0.01876098405448209	0.1116042609245434	0.06969402585342205	0.08005641429816732	0.7198843148693851	C1	C1
DLBCL_LS3499	0.10541019126255892	0.09771827065974312	0.04645610823229978	0.7208775511430635	0.02953787870233472	0.7208775511430635	C4	C4
DLBCL11445	0.7212146418170203	0.013666131773959464	0.01739305173004091	0.1967919298160756	0.05093424486290374	0.7212146418170203	C1	C1
DLBCL10844	0.7216226053606335	0.05209042517226734	0.01646189535600184	0.04248279283168319	0.16734228127941422	0.7216226053606335	C1	C1
DLBCL_MC_F739_AMA3	0.011491965297733138	0.723453551332911	0.2142383342788512	0.029579393667385583	0.021236755423119164	0.723453551332911	C2	C2
DLBCL_MC_F089_MLB	0.03192311858087883	0.15589341246490965	0.02080455715016104	0.06580908134172411	0.7255698304623264	0.7255698304623264	C5	C5
DLBCL_C_D_1112_NULLPAIR	0.04039962117595091	0.7259038093346585	0.11586799067593949	0.04742625281988264	0.07040232599356848	0.7259038093346585	C2	C3
DLBCL_RICOVER_1204	0.0346946131060621	0.05466928254717436	0.06834535069946819	0.7286395275058551	0.11365122614144019	0.7286395275058551	C4	C4
DLBCL11663	0.7289777612906129	0.04385009792755694	0.08200765562082418	0.1121486559148046	0.03301582924620141	0.7289777612906129	C1	C1
DLBCL10514	0.05680147813457202	0.11400111559294832	0.7300743855856179	0.0854578262876533	0.013665194399208496	0.7300743855856179	C3	C3
DLBCL10927	0.19327145433710374	0.023142804562181547	0.034084369121512866	0.7309010452131416	0.018600326766060334	0.7309010452131416	C4	C4
DLBCL_RICOVER_956	0.015647360938773287	0.7317979426487655	0.03127646914200189	0.020872736905723156	0.20040549036473612	0.7317979426487655	C2	C5
DLBCL10998	0.7322130823879621	0.024211742656725353	0.01704887476181291	0.16181180776319756	0.064714492430302	0.7322130823879621	C1	C1
DLBCL11525	0.12789975854892743	0.01787604834101691	0.7323512717825609	0.10810509755205455	0.013767823775440214	0.7323512717825609	C3	C3
DLBCL10999	0.014021120120446201	0.03278383191682818	0.0754483542853602	0.14439481890707587	0.7333518747702895	0.7333518747702895	C5	C5
DLBCL10833	0.12939581523289057	0.022965322758591658	0.018667078059295385	0.09541948375184019	0.7335523001973822	0.7335523001973822	C5	C5
DLBCL10895	0.01995681695627034	0.18896052851289	0.040414035132789065	0.016188748291886716	0.7344798711061639	0.7344798711061639	C5	C5
DLBCL10942	0.7379850933648389	0.019275178444287076	0.02062700055241738	0.2093408981048454	0.012771829533611318	0.7379850933648389	C1	C1
DLBCL10971	0.046948132085218544	0.12956743273444674	0.021675423836434088	0.06208188062463277	0.7397271307192679	0.7397271307192679	C5	C1
DLBCL10962	0.032627608135396016	0.7401008644450094	0.10937093402957751	0.03919834517403415	0.07870224821598294	0.7401008644450094	C2	C2
DLBCL11452	0.7405334048708421	0.08750619179994834	0.016045954044905827	0.12886631537900117	0.02704813390530259	0.7405334048708421	C1	C1
DLBCL10904	0.01987989485249016	0.09983158046337741	0.09360735896292648	0.04485375942373538	0.7418274062974706	0.7418274062974706	C5	C5
DLBCL_RICOVER_1237	0.17683935588010233	0.043300751331070524	0.014854001578010251	0.02245851562724072	0.7425473755835762	0.7425473755835762	C5	C5
DLBCL10838	0.01882940556858959	0.19548892361952974	0.017336170227636675	0.02569378438700711	0.7426517161972369	0.7426517161972369	C5	C5
DLBCL_RICOVER_274	0.054798645452945806	0.12106754825962555	0.03134937931117705	0.7455033966085701	0.04728103036768142	0.7455033966085701	C4	C4
DLBCL10891	0.023260638386753033	0.013810627998477367	0.12409591461058271	0.09090615451000178	0.7479266644941851	0.7479266644941851	C5	C5
DLBCL11473	0.7488828766791451	0.04204075551545649	0.017871851956891432	0.17397287859444133	0.017231637254065586	0.7488828766791451	C1	C1
DLBCL11469	0.018746773839793746	0.049186365615401	0.7492291757456648	0.025570885825388565	0.15726679897375184	0.7492291757456648	C3	C3
DLBCL11447	0.06336018179199172	0.0238446773615107	0.028485015844103245	0.7523799066437469	0.13193021835864743	0.7523799066437469	C4	C4
DLBCL11536	0.04120910688001651	0.7537412881014735	0.03040889055454224	0.15247147383775192	0.022169240626215874	0.7537412881014735	C2	C4
DLBCL_LS2367	0.7540014728209913	0.09463579663450625	0.01665228102396333	0.1039944250615631	0.030716024458975963	0.7540014728209913	C1	C1
DLBCL_LS2590	0.037953365176808786	0.017712635687265353	0.055350065322625736	0.7574992648594604	0.13148466895383976	0.7574992648594604	C4	C4
DLBCL_C_D_1103_NULLPAIR	0.04959297124086998	0.09020332591166036	0.07934101576606988	0.7597624972329482	0.021100189848451627	0.7597624972329482	C4	C4
DLBCL_RICOVER_148	0.06913500795846375	0.10608741445940115	0.041098886980433715	0.7605471157854606	0.023131574816240695	0.7605471157854606	C4	C4
DLBCL10835	0.0202464670449517	0.15923836583825193	0.014530880647236111	0.04392813741458908	0.7620561490549712	0.7620561490549712	C5	C5
DLBCL10964	0.03516851243182121	0.07662009063229655	0.01387487982849324	0.11042446416098711	0.7639120529464019	0.7639120529464019	C5	C5
DLBCL_C_D_1118_NULLPAIR	0.16840083278015594	0.7652382519939227	0.017729786859986274	0.0288375089549927	0.01979361941094241	0.7652382519939227	C2	C2
DLBCL_LS2208	0.017952979145294864	0.06369903992389934	0.11839543447466286	0.03409968188826511	0.7658528645678778	0.7658528645678778	C5	C5
DLBCL10504	0.08730675257710495	0.010394691427200248	0.08267437119918901	0.05327127275938605	0.7663529120371197	0.7663529120371197	C5	C5
DLBCL10512	0.01206048799987983	0.14511445771290996	0.7681092382765602	0.027858832200667344	0.04685698380998267	0.7681092382765602	C3	C3
DLBCL_RICOVER_338	0.7682623516177263	0.011812187727845388	0.031944829009063945	0.1689123742353065	0.01906825741005784	0.7682623516177263	C1	C1
DLBCL10503	0.014446770093338219	0.7683057898281608	0.04541070176329337	0.03149211185254572	0.14034462646266185	0.7683057898281608	C2	C2
DLBCL_RICOVER_1190	0.0942717565101772	0.04537242988146224	0.06561124721834208	0.023135821408787907	0.7716087449812306	0.7716087449812306	C5	C5
DLBCL11501	0.7726452924530323	0.11954558158368984	0.019194198451358682	0.040034658881657005	0.04858026863026223	0.7726452924530323	C1	C1
DLBCL_RICOVER_1269	0.014669468627605077	0.1049513275391485	0.7741312094819022	0.06128815191334847	0.04495984243799582	0.7741312094819022	C3	C3
DLBCL_LS3866	0.13306937580208844	0.03961033592213	0.023998182540094424	0.7758247281334482	0.027497377602238936	0.7758247281334482	C4	C1
DLBCL_RICOVER_692	0.14417175038738148	0.027594057750029245	0.024008492832858847	0.7785098318986269	0.025715867131103572	0.7785098318986269	C4	C4
DLBCL10953	0.7804302580441532	0.030299032694969474	0.02476366662467979	0.0706343717871309	0.09387267084906657	0.7804302580441532	C1	C1
DLBCL10985	0.04698172795652637	0.7806492272686829	0.019640233469149226	0.12256351326548703	0.03016529804015451	0.7806492272686829	C2	C2
DLBCL_RICOVER_126	0.015028638825006152	0.7830223252913691	0.1690394949996421	0.014891672571129748	0.01801786831285293	0.7830223252913691	C2	C2
DLBCL10506	0.7840727171050929	0.027503039194981704	0.03784505598353457	0.13801203529611958	0.012567152420271288	0.7840727171050929	C1	C1
DLBCL_LS4323	0.10310133542189102	0.7848001166114044	0.018222808360542003	0.06403615346835341	0.02983958613780925	0.7848001166114044	C2	C2
DLBCL10984	0.016036510843024772	0.1477224765316322	0.015657030182101014	0.03461192323628397	0.785972059206958	0.785972059206958	C5	C5
DLBCL_RICOVER_978	0.7873789110720985	0.01684575448332146	0.10428258795964448	0.06934108969299181	0.022151656791943763	0.7873789110720985	C1	C3
DLBCL11460	0.11671637191130593	0.04666053467737126	0.025352508880594735	0.7880917041626205	0.02317888036810749	0.7880917041626205	C4	C4
DLBCL11193	0.03958178842207742	0.7913583337946837	0.057988047744050635	0.09198861195391875	0.01908321808526954	0.7913583337946837	C2	C2
DLBCL_C_D_1104_NULLPAIR	0.013055096710685214	0.15862384726705056	0.01992672020928857	0.016749144713419557	0.7916451910995561	0.7916451910995561	C5	C5
DLBCL10980	0.010115871709523824	0.12126831298481128	0.04272848440995317	0.03167464943115935	0.7942126814645524	0.7942126814645524	C5	C5
DLBCL11523	0.06360266501749481	0.03026926133221993	0.035197686782675486	0.07599722806770697	0.7949331587999028	0.7949331587999028	C5	C1
DLBCL10467	0.05053683995535995	0.02062376076593562	0.08268338437315502	0.0496089741732305	0.7965470407323189	0.7965470407323189	C5	C5
DLBCL11665	0.1066094980050908	0.023978403728852217	0.04360491313027187	0.8001566671108101	0.02565051802497497	0.8001566671108101	C4	C4
DLBCL11528	0.08936850676236417	0.800685736893164	0.06306406994618073	0.02266312100139759	0.02421856539689349	0.800685736893164	C2	C3
DLBCL10451	0.8008973394036433	0.024657019085475983	0.12831303872862077	0.035952411751446596	0.01018019103081335	0.8008973394036433	C1	C1
DLBCL_MAYO_DLBCL_3653	0.8024556534499041	0.020820269081506988	0.025504783414954577	0.08447261179372599	0.0667466822599083	0.8024556534499041	C1	C1
DLBCL10532	0.021930900677452382	0.017341848507085634	0.07833814637862203	0.07872340469801849	0.8036656997388215	0.8036656997388215	C5	C5
DLBCL10527	0.02804817761378517	0.02390011340298755	0.0640742917011695	0.8047799152389293	0.07919750204312848	0.8047799152389293	C4	C4
DLBCL10898	0.024501965158567434	0.13325020433145615	0.012932377161734343	0.02408140559057403	0.805234047757668	0.805234047757668	C5	C5
DLBCL_RICOVER_314	0.013409086949499905	0.09885989007918114	0.049616683028167144	0.032685010756995245	0.8054293291861566	0.8054293291861566	C5	C5
DLBCL10517	0.009929336124932289	0.8060382262061072	0.13870918736563592	0.022044714657516878	0.023278535645807685	0.8060382262061072	C2	C2
DLBCL10566	0.05223687373242537	0.10770756457378132	0.017048020291466282	0.01658681762100466	0.8064207237813223	0.8064207237813223	C5	C5
DLBCL10916	0.014837980357758327	0.1370171294110987	0.023198777401191625	0.01817286637885992	0.8067732464510914	0.8067732464510914	C5	C5
DLBCL11208	0.02839433560447223	0.8084033859593427	0.09042230682468587	0.042844817513594737	0.02993515409790451	0.8084033859593427	C2	C2
DLBCL_RICOVER_320	0.031478370132869575	0.06943828692769757	0.81276289302323	0.047004675702854104	0.03931577421334879	0.81276289302323	C3	C3
DLBCL11496	0.819042127664932	0.014658323906359707	0.02690366379043467	0.038930781969138205	0.10046510266913541	0.819042127664932	C1	C1
DLBCL11479	0.0321114182356048	0.8210021181454009	0.07935167441725109	0.01903078846705192	0.0485040007346912	0.8210021181454009	C2	C2
DLBCL10932	0.10983597414422216	0.02007818321487705	0.021925251445086176	0.8212101643111663	0.02695042688464829	0.8212101643111663	C4	C4
DLBCL_C_D_1156_NULLPAIR	0.8215320135077777	0.021148731638468758	0.015029168004493543	0.12623524787969598	0.01605483896956401	0.8215320135077777	C1	C1
DLBCL_C_D_1166_NULLPAIR	0.014238037853590268	0.13163642041813817	0.01727882905329684	0.012466384582110909	0.8243803280928639	0.8243803280928639	C5	C5
DLBCL11515	0.019858881726118542	0.10758061911496303	0.8256541980681652	0.0210978823099459	0.025808418780807304	0.8256541980681652	C3	C3
DLBCL_C_D_1109_NULLPAIR	0.10329069890736134	0.01386186906340473	0.025387953380834615	0.827384677302274	0.030074801346125304	0.827384677302274	C4	C4
DLBCL11488	0.8274707916492758	0.009923684867730598	0.012685478968600785	0.044536652120139526	0.10538339239425329	0.8274707916492758	C1	C1
DLBCL_RICOVER_617	0.09438117554805452	0.01882409625540911	0.04353781749630178	0.8285677334750587	0.014689177225175817	0.8285677334750587	C4	C4
DLBCL10498	0.02921874461931982	0.0480508747790115	0.8291728201256731	0.08572034912542775	0.007837211350567875	0.8291728201256731	C3	C3
DLBCL_MC_F339_JPS2	0.041640921663745264	0.07618837426711929	0.023845269808466178	0.02674916016993032	0.831576274090739	0.831576274090739	C5	C5
DLBCL10524	0.03538117523216975	0.8316525449836218	0.04316405020023194	0.05905923871528059	0.03074299086869592	0.8316525449836218	C2	C2
DLBCL10548	0.8325483628146004	0.0640987432461368	0.009078033927517052	0.06999836842613434	0.024276491585611314	0.8325483628146004	C1	C1
DLBCL11658	0.044360568227748094	0.013490038284506484	0.03312304435014161	0.8328465242151708	0.076179824922433	0.8328465242151708	C4	C4
DLBCL_LS951	0.8341431293941791	0.04233055377119732	0.0334011932474284	0.0797559787339189	0.010369144853276219	0.8341431293941791	C1	C1
DLBCL_LS1683	0.011069230988181019	0.8344180475417977	0.03080755092726445	0.011249771166902001	0.11245539937585486	0.8344180475417977	C2	C2
DLBCL_RICOVER_1263	0.03801157032187542	0.07878188078504768	0.8365352157573915	0.02175231972898939	0.02491901340669595	0.8365352157573915	C3	C3
DLBCL11671	0.8366258390414414	0.02035374455946868	0.026799736279273734	0.10646827329531902	0.009752406824497177	0.8366258390414414	C1	C1
DLBCL10910	0.01177122982843637	0.07908510390211253	0.8369126328401583	0.040169559706600126	0.03206147372269274	0.8369126328401583	C3	C3
