sample	C1	C2	C3	C4	C5	Confidence	PredictedCluster	TrueCluster
DLBCL10936	0.21045827150786336	0.18297358234549513	0.23944773699709784	0.14844378372502384	0.21867662542451974	0.23944773699709784	C3	C3
DLBCL11663	0.21045827150786336	0.18297358234549513	0.23944773699709784	0.14844378372502384	0.21867662542451974	0.23944773699709784	C3	C1
DLBCL11469	0.21045827150786336	0.18297358234549513	0.23944773699709784	0.14844378372502384	0.21867662542451974	0.23944773699709784	C3	C3
DLBCL_MC_F927_JHS	0.21045827150786336	0.18297358234549513	0.23944773699709784	0.14844378372502384	0.21867662542451974	0.23944773699709784	C3	C5
DLBC_FF_8046_TP_NB	0.21045827150786336	0.18297358234549513	0.23944773699709784	0.14844378372502384	0.21867662542451974	0.23944773699709784	C3	C3
DLBCL11525	0.21045827150786336	0.18297358234549513	0.23944773699709784	0.14844378372502384	0.21867662542451974	0.23944773699709784	C3	C3
DLBCL11208	0.21045827150786336	0.18297358234549513	0.23944773699709784	0.14844378372502384	0.21867662542451974	0.23944773699709784	C3	C2
DLBCL11512	0.25578266125945764	0.2359040602829415	0.1915726007305261	0.28346633018770734	0.0332743475393674	0.28346633018770734	C4	C1
DLBCL_RICOVER_1165	0.09591236817893739	0.2635183165267206	0.3096787181856417	0.049833639447037587	0.28105695766166267	0.3096787181856417	C3	C2
DLBCL11446	0.18311655910197017	0.3214817499950342	0.22536063573158951	0.24692297231906588	0.023118082852340245	0.3214817499950342	C2	C2
DLBCL10950	0.135369598483198	0.2644364842619734	0.14485595602704715	0.13356732173089542	0.32177063949688606	0.32177063949688606	C5	C1
DLBCL_C_D_1107_NULLPAIR	0.2772210097814177	0.02941413799074418	0.32978108369348635	0.2862030554189895	0.07738071311536222	0.32978108369348635	C3	C1
DLBCL11002	0.29465446600691997	0.07933856007817676	0.33266000824557457	0.2747469810477983	0.01859998462153042	0.33266000824557457	C3	C4
DLBCL11473	0.34232231105564337	0.12430740778335662	0.21432308699318364	0.2743704469702531	0.04467674719756334	0.34232231105564337	C1	C1
DLBCL10981	0.03246727953435146	0.31786451014548134	0.21531311287811009	0.08416399266989279	0.35019110477216436	0.35019110477216436	C5	C2
DLBCL_MC_F815_BAT	0.06889325630494343	0.16703894931484628	0.3561491570318889	0.2662033276898458	0.1417153096584756	0.3561491570318889	C3	C3
DLBCL10503	0.03896973139222006	0.2066944039646105	0.35939756039729304	0.2599628979487794	0.13497540629709698	0.35939756039729304	C3	C2
DLBCL10980	0.03238587491482592	0.06676003715696897	0.2822158678546657	0.25872270347112364	0.35991551660241583	0.35991551660241583	C5	C5
DLBCL_LS951	0.05521514319543974	0.22087324322188542	0.2216294669222505	0.13980396616083823	0.362478180499586	0.362478180499586	C5	C1
DLBCL10953	0.23936081838148865	0.04008797216074282	0.3669933093977859	0.03485342833282312	0.3187044717271595	0.3669933093977859	C3	C1
DLBCL10970	0.07753530526323425	0.3005672113499237	0.1900849946381559	0.37017226878203485	0.06164021996665129	0.37017226878203485	C4	C4
DLBCL10972	0.37096371424627506	0.03634691297912629	0.22744008571382657	0.13856742460238836	0.22668186245838373	0.37096371424627506	C1	C1
DLBCL11491	0.3710184247993296	0.013426929443601616	0.23863545081164594	0.10722873225791654	0.26969046268750624	0.3710184247993296	C1	C4
DLBCL_C_D_1156_NULLPAIR	0.2589295265572753	0.1292641586160814	0.12601346888674003	0.37282634979019996	0.1129664961497033	0.37282634979019996	C4	C1
DLBCL10552	0.3748974442899017	0.050380015583848685	0.25124931212100865	0.301725872785682	0.021747355219558978	0.3748974442899017	C1	C4
DLBCL_C_D_1138_NULLPAIR	0.06504167526000572	0.2937194182402848	0.37576862173250525	0.039892832697953275	0.225577452069251	0.37576862173250525	C3	C2
DLBCL_RICOVER_1287	0.0862510584877884	0.32684695856417845	0.09538044451874846	0.1131799965554789	0.3783415418738058	0.3783415418738058	C5	C5
DLBCL10846	0.0862510584877884	0.32684695856417845	0.09538044451874846	0.1131799965554789	0.3783415418738058	0.3783415418738058	C5	C2
DLBCL_C_D_PAIR20	0.028620575779544778	0.230104503845162	0.3850560477060316	0.01652510919478849	0.33969376347447316	0.3850560477060316	C3	C5
DLBCL_C_D_PAIR2	0.2532383762681056	0.13486916803419535	0.15738425621298313	0.06646139288657384	0.38804680659814206	0.38804680659814206	C5	C2
DLBCL10541	0.39085228628127194	0.21244634809713292	0.0711287708751158	0.14242937362832755	0.18314322111815182	0.39085228628127194	C1	C2
DLBCL_LS3809	0.3020093627444479	0.14453266150018285	0.05964065050542185	0.10153053017276857	0.3922867950771788	0.3922867950771788	C5	C1
DLBCL10454	0.3926417309808609	0.31366921994697294	0.15783414879936036	0.040013470286614734	0.09584142998619094	0.3926417309808609	C1	C5
DLBCL_RICOVER_111	0.1580909385526204	0.06264843352332901	0.39528380932561646	0.20749050140319059	0.17648631719524357	0.39528380932561646	C3	C5
DLBCL_MC_F648_JKW	0.39846191137676473	0.07637060747781005	0.08471673524025161	0.20136020395786647	0.23909054194730714	0.39846191137676473	C1	C1
DLBCL10539	0.3995426591328682	0.20119835282492954	0.05152558382776719	0.3051402224729421	0.04259318174149294	0.3995426591328682	C1	C4
DLBCL11478	0.046309440072785	0.4006782444543375	0.35223843089652274	0.03920066534432588	0.16157321923202894	0.4006782444543375	C2	C1
DLBCL11595	0.04001735863516972	0.06245110439712193	0.4011599068915314	0.19510088103998421	0.3012707490361928	0.4011599068915314	C3	C5
DLBCL_MAYO_DLBCL_3653	0.4051646050640478	0.033579217363125254	0.060694537460082534	0.20536427369907412	0.2951973664136703	0.4051646050640478	C1	C1
DLBCL10874	0.02932648480731012	0.18978558165690543	0.1090951639818563	0.4055931446020773	0.2661996249518508	0.4055931446020773	C4	C2
DLBCL_C_D_1128_NULLPAIR	0.13122833859559585	0.4106351205671848	0.10331683881150305	0.07228626845667091	0.2825334335690453	0.4106351205671848	C2	C1
DLBCL_RICOVER_583	0.13122833859559585	0.4106351205671848	0.10331683881150305	0.07228626845667091	0.2825334335690453	0.4106351205671848	C2	C2
DLBCL11483	0.13122833859559585	0.4106351205671848	0.10331683881150305	0.07228626845667091	0.2825334335690453	0.4106351205671848	C2	C2
DLBCL10933	0.08026798311491207	0.4109118168871603	0.06105568854436657	0.15276059433365957	0.29500391711990154	0.4109118168871603	C2	C2
DLBCL10516	0.04397288716031195	0.016236160040907305	0.28587378699052646	0.24223422542664771	0.4116829403816065	0.4116829403816065	C5	C5
DLBCL10895	0.07533369216763292	0.26762442494884375	0.41645031572987357	0.04904075095573126	0.1915508161979185	0.41645031572987357	C3	C5
DLBCL_C_D_PAIR23	0.1831556875183524	0.34876574759190365	0.018114640478947397	0.0326689133052071	0.4172950111055894	0.4172950111055894	C5	C2
DLBCL10513	0.4185171870702275	0.11199693399545128	0.11992715863103687	0.33240425937545737	0.017154460927826957	0.4185171870702275	C1	C4
DLBCL10969	0.3553232018670674	0.11816626406990571	0.4194599677032768	0.07581933578871292	0.031231230571037136	0.4194599677032768	C3	C1
DLBCL10915	0.12260208012745098	0.11914365239553931	0.04934438249422592	0.2883424651849711	0.42056741979781265	0.42056741979781265	C5	C5
DLBCL11433	0.06249191967592865	0.01921701129655289	0.15882373492150068	0.33852713317479777	0.42094020093122003	0.42094020093122003	C5	C4
DLBCL_C_D_1126_NULLPAIR	0.32376257265530933	0.42189692116542493	0.037653111724942095	0.04669035313593427	0.1699970413183894	0.42189692116542493	C2	C2
DLBCL_RICOVER_1169	0.11816824165544776	0.4234437088444432	0.22281454606037077	0.13280262560074269	0.10277087783899558	0.4234437088444432	C2	C2
DLBCL_C_D_1130_NULLPAIR	0.42454658849577537	0.05442640019565088	0.08816404377879414	0.06218566306958664	0.3706773044601929	0.42454658849577537	C1	C1
DLBCL_RICOVER_704	0.34583086669602653	0.027266283654594596	0.07424814258013993	0.12629196953544222	0.4263627375337967	0.4263627375337967	C5	C5
DLBCL_RICOVER_692	0.10625362066518938	0.4266651220937148	0.10948256269278216	0.09966103437813086	0.2579376601701828	0.4266651220937148	C2	C4
DLBCL10975	0.4271488167278882	0.014895754744473133	0.02892687444378794	0.3771800872491081	0.15184846683474268	0.4271488167278882	C1	C1
DLBCL11432	0.3656913859096408	0.014800345161405767	0.42732329989041573	0.1529179807337992	0.03926698830473847	0.42732329989041573	C3	C1
DLBCL_C_D_1162_NULLPAIR	0.03271463590175935	0.03668288826412927	0.2699012401837298	0.2329806730035724	0.42772056264680924	0.42772056264680924	C5	C5
DLBCL11471	0.07532231211985553	0.43124756751685706	0.3639708826059826	0.05370498974039538	0.07575424801690936	0.43124756751685706	C2	C4
DLBCL11456	0.0656925548641397	0.2075164452936422	0.43455328518769565	0.253617508057802	0.03862020659672035	0.43455328518769565	C3	C2
DLBCL11538	0.06229831168567668	0.018736294801163948	0.383407179040977	0.43522289409240567	0.10033532037977673	0.43522289409240567	C4	C5
DLBCL10782	0.03548229263506228	0.4354096339429652	0.24049935019597293	0.2553495108554623	0.03325921237053723	0.4354096339429652	C2	C4
DLBCL_LS3808	0.043259450916809876	0.08333439932450665	0.43729729091219893	0.09254195309987619	0.34356690574660836	0.43729729091219893	C3	C5
DLBCL10514	0.05626068865506834	0.24959905339886476	0.4389396553554043	0.2341538236232706	0.021046778967392012	0.4389396553554043	C3	C3
DLBCL_RICOVER_1018	0.1117686064592261	0.3317656957874613	0.03286249011963728	0.4415970069305831	0.08200620070309227	0.4415970069305831	C4	C4
DLBCL11476	0.4443489191714593	0.2005686370950711	0.03945827027198257	0.038485648308328235	0.27713852515315873	0.4443489191714593	C1	C5
DLBCL_RICOVER_105	0.18005989439569292	0.4444290004336785	0.025326903286580355	0.02431696498677326	0.325867236897275	0.4444290004336785	C2	C5
DLBCL11677	0.33175094805750666	0.009206275475908231	0.09992255927049316	0.11456083862495423	0.4445593785711377	0.4445593785711377	C5	C1
DLBCL_RICOVER_617	0.4471317906631934	0.049111916844830954	0.3596072972300069	0.11716033763490141	0.026988657627067272	0.4471317906631934	C1	C4
DLBCL_RICOVER_408	0.1701694349737055	0.2885631702374018	0.4493857193848849	0.06891820639956556	0.022963469004442162	0.4493857193848849	C3	C3
DLBCL_RICOVER_522	0.14346290608224274	0.06790208804516285	0.45389510097600244	0.3193252315699569	0.015414673326635117	0.45389510097600244	C3	C3
DLBCL11486	0.45562564371626685	0.16165702262644396	0.24908223062839016	0.0418966806257126	0.09173842240318641	0.45562564371626685	C1	C1
DLBCL_C_D_1120_NULLPAIR	0.046660015567704945	0.2682565019361606	0.45856950331246227	0.036824516486737756	0.1896894626969345	0.45856950331246227	C3	C5
DLBCL10878	0.2706655835830435	0.01862716962804635	0.03571505041233183	0.21006410748098428	0.464928088895594	0.464928088895594	C5	C5
DLBCL_RICOVER_338	0.25778613940076556	0.01897583968130862	0.46574922348758	0.14346876658428015	0.11402003084606566	0.46574922348758	C3	C1
DLBCL11480	0.38606358465927926	0.01978763515433439	0.4661134630430584	0.06377364210206563	0.06426167504126225	0.4661134630430584	C3	C1
DLBCL10994	0.21325924226970827	0.4699707316753354	0.0782997850197555	0.13622103595249002	0.10224920508271088	0.4699707316753354	C2	C1
DLBCL11204	0.28151671018081803	0.47115191441652976	0.07963274453795886	0.03026618281037262	0.13743244805432075	0.47115191441652976	C2	C2
DLBCL10488	0.3820960014305147	0.08680787152518929	0.47191465509843605	0.037622217312208085	0.021559254633651916	0.47191465509843605	C3	C1
DLBCL11501	0.26403496568878837	0.47200038840850417	0.18360858109174943	0.0392590813778795	0.04109698343307848	0.47200038840850417	C2	C1
DLBCL10550	0.03833104694997506	0.021701965231095067	0.37793919727140435	0.08816714807593165	0.4738606424715939	0.4738606424715939	C5	C5
DLBCL11429	0.13480899800322035	0.018254234239623364	0.22335469400908417	0.14966910220425889	0.47391297154381323	0.47391297154381323	C5	C1
DLBCL11448	0.10659762698255851	0.11145931907542315	0.18786107400995058	0.47691636816088934	0.11716561177117839	0.47691636816088934	C4	C4
DLBCL10961	0.020856478618799735	0.38778023562306624	0.08188613001452844	0.028908548573813333	0.4805686071697922	0.4805686071697922	C5	C5
DLBCL11479	0.2508164380072498	0.482269746560011	0.07409827772421869	0.08894413507016354	0.10387140263835694	0.482269746560011	C2	C2
DLBCL10965	0.3145212335909981	0.017894905579700034	0.0390567019731246	0.48283444329565983	0.14569271556051736	0.48283444329565983	C4	C4
DLBCL_C_D_1159_NULLPAIR	0.04009016014492762	0.03411626370439992	0.1780416561228229	0.4835771477854724	0.2641747722423771	0.4835771477854724	C4	C4
DLBCL_RICOVER_478	0.48423192800284837	0.2038013631725903	0.03001812107770077	0.0562899677397852	0.22565862000707537	0.48423192800284837	C1	C2
DLBCL11455	0.027101469561548505	0.10300870492339811	0.10833105075296355	0.27709203274888816	0.48446674201320167	0.48446674201320167	C5	C3
DLBCL10927	0.09382706504250787	0.055444772391230704	0.3198190628386809	0.4856578634677484	0.04525123625983213	0.4856578634677484	C4	C4
DLBCL10996	0.4899329708508353	0.024890050996156998	0.17641265995583863	0.032700809900281146	0.27606350829688797	0.4899329708508353	C1	C1
DLBCL_RICOVER_506	0.016725600716031307	0.38674075181474676	0.07621834861680025	0.025470444396237867	0.49484485445618387	0.49484485445618387	C5	C5
DLBCL10903	0.02667775056521071	0.49652421123502977	0.4073709300788387	0.03190244749917519	0.037524660621745656	0.49652421123502977	C2	C2
DLBCL_RICOVER_910	0.09481736236806007	0.4966090554589194	0.07697813451338732	0.27952024524503183	0.05207520241460139	0.4966090554589194	C2	C1
DLBCL_C_D_1148_NULLPAIR	0.11040718518342713	0.016932481927446147	0.3042017850350279	0.49749096544182037	0.07096758241227837	0.49749096544182037	C4	C1
DLBCL11507	0.029327989033191417	0.4982503085444017	0.3987381152149503	0.037908964830631345	0.03577462237682524	0.4982503085444017	C2	C2
DLBCL11437	0.05538414882205337	0.03838901595635545	0.1226315078530412	0.49874473571887246	0.2848505916496775	0.49874473571887246	C4	C4
DLBCL10495	0.10378282164666254	0.32320874138132116	0.03162320772148776	0.041098278295841395	0.5002869509546871	0.5002869509546871	C5	C1
DLBCL_RICOVER_711	0.06975307459056768	0.5009816130377838	0.0617538049209649	0.31388814090064315	0.05362336655004052	0.5009816130377838	C2	C4
DLBCL10476	0.0780877406328801	0.025722363118063852	0.37127870646535144	0.5018577757136023	0.023053414070102238	0.5018577757136023	C4	C4
DLBCL11537	0.5022799963891491	0.04558049649369413	0.031819776820810435	0.047997744592337764	0.3723219857040086	0.5022799963891491	C1	C1
DLBCL_RICOVER_978	0.5026969143007026	0.014652358666388617	0.1688018113396255	0.04921820487352185	0.2646307108197614	0.5026969143007026	C1	C3
DLBCL10896	0.5036023850673335	0.034237466830695465	0.027044720858349417	0.1972517154434695	0.23786371180015212	0.5036023850673335	C1	C1
DLBCL_RICOVER_1081	0.04384337727150064	0.023667718928067124	0.504203883620156	0.23345367780729445	0.19483134237298178	0.504203883620156	C3	C5
DLBCL_RICOVER_181	0.3660511223582925	0.023142653632713343	0.06693260531447882	0.03577080640400479	0.5081028122905106	0.5081028122905106	C5	C1
DLBCL10947	0.07598171136390264	0.5115129340811655	0.13904873113216612	0.03522403078970745	0.2382325926330583	0.5115129340811655	C2	C2
DLBCL10456	0.04756832725520759	0.02795359642601041	0.14150871661402667	0.5123701084164579	0.2705992512882975	0.5123701084164579	C4	C4
DLBCL_RICOVER_773	0.04909853312854866	0.04254354003815843	0.3631016719629315	0.03279304642978507	0.5124632084405764	0.5124632084405764	C5	C5
DLBCL10544	0.03567000530056518	0.024292964808822554	0.056869324838828006	0.3692094346959307	0.5139582703558535	0.5139582703558535	C5	C4
DLBCL11206	0.05790486870367041	0.2658418527464033	0.5139732578085765	0.041989166578478225	0.12029085416287152	0.5139732578085765	C3	C5
DLBCL_C_D_1153_NULLPAIR	0.06765089192700519	0.11803792668467843	0.0349153855588427	0.26367732535868776	0.5157184704707859	0.5157184704707859	C5	C4
DLBCL_LS2590	0.04518090258543057	0.018510993191358252	0.0808217848394505	0.3393583929747049	0.5161279264090558	0.5161279264090558	C5	C4
DLBCL10934	0.14747015861828014	0.28423113153188334	0.01616416205289435	0.03576704441586263	0.5163675033810796	0.5163675033810796	C5	C2
DLBCL11468	0.028306326359500988	0.0330113582472845	0.5209975149147708	0.3540646448400525	0.06362015563839125	0.5209975149147708	C3	C3
DLBCL_LS762	0.04505554801173985	0.02607822096621233	0.5213481006467938	0.07318185921337846	0.33433627116187553	0.5213481006467938	C3	C3
DLBCL_RICOVER_1190	0.04505554801173985	0.02607822096621233	0.5213481006467938	0.07318185921337846	0.33433627116187553	0.5213481006467938	C3	C5
DLBCL10548	0.5214811777958663	0.17311988406377535	0.0331528199182473	0.04187564121356334	0.23037047700854776	0.5214811777958663	C1	C1
DLBCL_C_D_1132_NULLPAIR	0.5270054512597238	0.05712046870383654	0.02442297584986988	0.15031864253512306	0.24113246165144672	0.5270054512597238	C1	C4
DLBCL10838	0.05884628364521284	0.350400356033537	0.02435735200482452	0.039316223101564955	0.5270797852148607	0.5270797852148607	C5	C5
DLBCL11436	0.08263849445590994	0.18949688852676094	0.13021646046523602	0.5272206418679949	0.07042751468409826	0.5272206418679949	C4	C2
DLBCL10527	0.029946493551385827	0.03543409191409286	0.07940222161186436	0.5304870809815911	0.3247301119410658	0.5304870809815911	C4	C4
DLBCL11574	0.1338841343066875	0.1323587725681015	0.12131166169148265	0.08017430377577481	0.5322711276579536	0.5322711276579536	C5	C3
DLBCL11431	0.1338841343066875	0.1323587725681015	0.12131166169148265	0.08017430377577481	0.5322711276579536	0.5322711276579536	C5	C5
DLBCL_C_D_PAIR13	0.1338841343066875	0.1323587725681015	0.12131166169148265	0.08017430377577481	0.5322711276579536	0.5322711276579536	C5	C5
DLBCL11510	0.1338841343066875	0.1323587725681015	0.12131166169148265	0.08017430377577481	0.5322711276579536	0.5322711276579536	C5	C5
DLBCL10461	0.02331080880787011	0.5343887404166368	0.3389386638643593	0.027862799024169785	0.0754989878869641	0.5343887404166368	C2	C2
DLBCL_MC_F362_MJB1	0.020895697851263034	0.3085533704200916	0.5351868222741377	0.021110657429301332	0.11425345202520623	0.5351868222741377	C3	C3
DLBCL_LS3615	0.053940519676622195	0.027698973218022525	0.5376284434387228	0.09027626898670876	0.2904557946799237	0.5376284434387228	C3	C3
DLBCL10490	0.5377338001508732	0.07650604041447859	0.061347216390409715	0.2534214287029648	0.07099151434127367	0.5377338001508732	C1	C1
DLBCL_C_D_1112_NULLPAIR	0.21361597776609442	0.030563609588986105	0.538248200011282	0.11526063319027532	0.1023115794433621	0.538248200011282	C3	C3
DLBCL10462	0.1587152262149441	0.016709174518713548	0.2060505263885885	0.07916164126787421	0.5393634316098797	0.5393634316098797	C5	C1
DLBCL_LS1899	0.028420851292129828	0.04072350233152887	0.539561634321526	0.321980185924294	0.06931382613052131	0.539561634321526	C3	C4
DLBCL10499	0.037984708138541316	0.02174622359205668	0.3269407304643116	0.07267992264267834	0.5406484151624121	0.5406484151624121	C5	C5
DLBCL10545	0.2631672545611561	0.040485342711813546	0.5408309318536239	0.07501768194577423	0.08049878892763232	0.5408309318536239	C3	C1
DLBCL_RICOVER_401	0.04619722392621188	0.5479951882798515	0.3657528234727739	0.017531316268211364	0.02252344805295141	0.5479951882798515	C2	C2
DLBCL11457	0.24935948258631344	0.013175252481530562	0.5487395439297098	0.06880692087365235	0.11991880012879381	0.5487395439297098	C3	C1
DFCIDL004_DT	0.34104262606246843	0.015070730103082606	0.031869229512306176	0.061847394237407115	0.5501700200847357	0.5501700200847357	C5	C5
DLBCL11452	0.0984996648851641	0.10254459774941378	0.08087569659931643	0.16715315431885736	0.5509268864472484	0.5509268864472484	C5	C1
DLBCL10486	0.5511238190357827	0.2045328109863965	0.08012456906007598	0.08288738059782073	0.08133142031992416	0.5511238190357827	C1	C1
DLBCL_LS4616	0.017720655747095457	0.359909064782132	0.5511523332996497	0.032136738125176305	0.03908120804594644	0.5511523332996497	C3	C3
DLBCL11503	0.13603736235293273	0.5517353198081132	0.03890909017527662	0.24550082464813203	0.02781740301554541	0.5517353198081132	C2	C2
DLBCL11657	0.02850457939777914	0.5532969996806211	0.32071689952339144	0.0603127736863942	0.03716874771181413	0.5532969996806211	C2	C4
DLBCL11665	0.10962755158224315	0.03746912730748318	0.27111723237715263	0.556639582674789	0.025146506058332	0.556639582674789	C4	C4
DLBCL_RICOVER_575	0.08425098220798322	0.024002024920418905	0.2837245662272163	0.5574151198470498	0.05060730679733171	0.5574151198470498	C4	C4
DLBCL11513	0.09095393583202452	0.017656878244982566	0.2650315475606738	0.06825747761474697	0.5581001607475721	0.5581001607475721	C5	C5
DLBCL10942	0.30245501254881746	0.042456137683443126	0.07620469736565331	0.5583713320320098	0.020512820370076228	0.5583713320320098	C4	C1
DLBCL11511	0.5598895736940833	0.02688776291944039	0.051948703373868386	0.07859173303351495	0.28268222697909295	0.5598895736940833	C1	C1
DLBCL_C_D_1114_NULLPAIR	0.233493631008643	0.03391562306266261	0.07303943454492424	0.0987275621407221	0.560823749243048	0.560823749243048	C5	C1
DLBCL11462	0.233493631008643	0.03391562306266261	0.07303943454492424	0.0987275621407221	0.560823749243048	0.560823749243048	C5	C1
DLBCL11581	0.09943737273385156	0.013947923613201848	0.11635921137480369	0.20881420917798182	0.5614412831001611	0.5614412831001611	C5	C5
DLBCL_RICOVER_694	0.5621120986218276	0.036797217647155905	0.04814668059234999	0.32950206043840785	0.023441942700258643	0.5621120986218276	C1	C1
DLBCL_RICOVER_99	0.5621472810320334	0.017409466052698764	0.03077271570558659	0.056414301489961655	0.33325623571971963	0.5621472810320334	C1	C5
DLBCL10452	0.060148467340338324	0.24730360308133983	0.562253082287273	0.03002017270195199	0.10027467458909685	0.562253082287273	C3	C2
DLBCL11003	0.07032248863749953	0.25495789090586934	0.03406352953475017	0.07789940482065216	0.5627566861012289	0.5627566861012289	C5	C2
DLBCL11560	0.05857626215925511	0.048673902706729	0.3104186483437952	0.5631261014083891	0.019205085381831626	0.5631261014083891	C4	C4
DLBCL_LS3499	0.04167050499690516	0.5639473630126863	0.13530921853642852	0.11568156541146742	0.14339134804251258	0.5639473630126863	C2	C4
DLBCL_LS1668	0.16743591861545132	0.5641155273127311	0.18357019827552923	0.06585275781881621	0.019025597977472164	0.5641155273127311	C2	C2
DLBCL_RICOVER_1060	0.5651160032881485	0.25190295129207724	0.05717528217959204	0.08176031867186759	0.04404544456831465	0.5651160032881485	C1	C2
DLBCL_RICOVER_269	0.1813581100222158	0.14189398594655261	0.5658801093524003	0.028781876061080285	0.08208591861775094	0.5658801093524003	C3	C3
DLBCL_MC_F307_JPS	0.1131556068911856	0.09413270480580269	0.11284175218323046	0.5660784390763579	0.11379149704342333	0.5660784390763579	C4	C1
DLBCL11467	0.1131556068911856	0.09413270480580269	0.11284175218323046	0.5660784390763579	0.11379149704342333	0.5660784390763579	C4	C4
DLBCL_C_D_1146_NULLPAIR	0.09641489608364608	0.1420916667272271	0.1398031711963064	0.5663379252281642	0.05535234076465625	0.5663379252281642	C4	C4
DLBCL11474	0.15953962830306004	0.021350853103624372	0.03899601902178883	0.5692054186722434	0.21090808089928342	0.5692054186722434	C4	C1
DLBCL10919	0.12135710458528615	0.02211606317367338	0.572884457278812	0.23125877767258765	0.052383597289640836	0.572884457278812	C3	C4
DLBCL11578	0.15910116465278962	0.15868748932277635	0.038361059536878066	0.5728992542130682	0.07095103227448776	0.5728992542130682	C4	C1
DLBCL_RICOVER_1237	0.5740499222464939	0.04238107219443806	0.023307228017956667	0.044558198857251013	0.31570357868386034	0.5740499222464939	C1	C5
DLBCL_LS4619	0.019590806593698395	0.29957235844109875	0.07576079916989957	0.02932529168936859	0.5757507441059346	0.5757507441059346	C5	C5
DLBCL11196	0.06888633656417091	0.012608317852728092	0.06296657065428077	0.2792952865615384	0.5762434883672819	0.5762434883672819	C5	C4
DLBCL10978	0.022795510096892537	0.11196905217275059	0.5779154784320775	0.08400005080262588	0.20331990849565354	0.5779154784320775	C3	C4
DLBCL10968	0.293696329293067	0.015580553420836299	0.07147891297316249	0.5792631425601931	0.03998106175274116	0.5792631425601931	C4	C1
DLBCL_C_D_1155_NULLPAIR	0.04665308271185014	0.07414099504742264	0.5794072380272631	0.2579010178540341	0.04189766635943001	0.5794072380272631	C3	C1
DLBCL10888	0.03607312491240657	0.04319876857930208	0.29118078840142775	0.04921003243075015	0.5803372856761135	0.5803372856761135	C5	C5
DLBC_FF_A7CW_TP_NB	0.03607312491240657	0.04319876857930208	0.29118078840142775	0.04921003243075015	0.5803372856761135	0.5803372856761135	C5	C5
DLBCL10866	0.01817719848454326	0.027420415259120142	0.2984874429425427	0.07500413354640227	0.5809108097673916	0.5809108097673916	C5	C5
DLBCL10914	0.582686632396603	0.14150119491049232	0.18924945859113607	0.059772274042210284	0.026790440059558232	0.582686632396603	C1	C1
DLBCL_LS378	0.583656244380396	0.023418145618934193	0.3074198696419305	0.051237217732888446	0.03426852262585087	0.583656244380396	C1	C1
DLBCL10913	0.58605322071759	0.2923288565363567	0.01990033709254361	0.04244723484570935	0.05927035080780033	0.58605322071759	C1	C1
DLBCL_MC_F218_RAP	0.08608998538564705	0.18042631643952767	0.11991261411505952	0.5907564866017728	0.022814597457992948	0.5907564866017728	C4	C4
DLBCL11660	0.04907362615368246	0.016827233770362455	0.1635653846995004	0.5920055256702322	0.17852822970622245	0.5920055256702322	C4	C4
DLBCL10897	0.5923376628640518	0.23821890057947626	0.02223236274277562	0.04707199421227452	0.10013907960142185	0.5923376628640518	C1	C1
DLBCL_RICOVER_467	0.019064806906997123	0.33521907879041674	0.03459553248062725	0.018247498559992675	0.5928730832619662	0.5928730832619662	C5	C2
DLBCL11202	0.054743347285766256	0.21729371774058967	0.5953863393700749	0.11582413299618392	0.01675246260738523	0.5953863393700749	C3	C1
DLBCL_RICOVER_120	0.5954056452413792	0.06828751991749281	0.0953104078353205	0.04121246672905145	0.1997839602767561	0.5954056452413792	C1	C5
DLBCL_RICOVER_956	0.07852309549467502	0.11265969963189218	0.09875444755047211	0.11334558295600575	0.5967171743669549	0.5967171743669549	C5	C5
DLBCL_MC_F089_MLB	0.07852309549467502	0.11265969963189218	0.09875444755047211	0.11334558295600575	0.5967171743669549	0.5967171743669549	C5	C5
DLBCL10837	0.17969025294853794	0.11676882545354764	0.017056744076627453	0.08863036998129528	0.5978538075399917	0.5978538075399917	C5	C5
DLBCL10506	0.08487396437031344	0.02569898690244978	0.5992531656787706	0.24485321925527745	0.04532066379318867	0.5992531656787706	C3	C1
DLBCL11576	0.04600060347646099	0.19423557346505868	0.1211798570211906	0.6018967999243385	0.03668716611295119	0.6018967999243385	C4	C4
DLBCL11439	0.024706622948161398	0.024313611332336452	0.6023501068630543	0.036323480699128455	0.3123061781573193	0.6023501068630543	C3	C3
DLBCL11681	0.1703426607177051	0.02319401003660255	0.6048048102956943	0.16783626073585362	0.03382225821414436	0.6048048102956943	C3	C1
DLBCL_MC_F339_JPS2	0.22099216498444033	0.030905992376967187	0.07502411367136792	0.06778271465640726	0.6052950143108173	0.6052950143108173	C5	C5
DLBCL11590	0.050936972047387855	0.011761219377884725	0.6078278303148527	0.15097311366013247	0.1785008645997423	0.6078278303148527	C3	C3
DFCIDL001_DT	0.14977598941782763	0.6085737736186011	0.1160316597639718	0.11259051062091166	0.013028066578687762	0.6085737736186011	C2	C1
DLBCL_C_D_1158_NULLPAIR	0.2059305790768438	0.08833917614690691	0.6091498379561034	0.07497900025334978	0.021601406566796034	0.6091498379561034	C3	C2
DLBCL10877	0.6101666985196672	0.081953743098735	0.09398060828443824	0.09154643640258299	0.12235251369457652	0.6101666985196672	C1	C1
DLBCL10564	0.09750749980715576	0.16726765716261321	0.09377825214274944	0.6104771166082695	0.030969474279212105	0.6104771166082695	C4	C4
DLBCL_RICOVER_258	0.6107830257598238	0.023830253808440765	0.035358683159498625	0.05215934265055416	0.2778686946216827	0.6107830257598238	C1	C3
DLBCL11466	0.05719556294382135	0.6119679871172767	0.06381556916869613	0.18775371493325455	0.07926716583695123	0.6119679871172767	C2	C2
DLBCL_LS1757	0.6128387200167911	0.17353373910902922	0.10906318997513584	0.045532555388300894	0.059031795510742974	0.6128387200167911	C1	C1
DLBCL10502	0.025622859484504972	0.6147942650663676	0.1972656573192505	0.10184535765604782	0.06047186047382914	0.6147942650663676	C2	C2
DLBCL10904	0.017454392063391243	0.03419036584163653	0.2995378793051129	0.03329690483413675	0.6155204579557225	0.6155204579557225	C5	C5
DLBCL11540	0.057301419006496136	0.045666449683231504	0.6156076519073697	0.04845272062523112	0.2329717587776716	0.6156076519073697	C3	C5
DLBCL10865	0.6182799909352715	0.02414192861617894	0.03594224900035318	0.14602801925082123	0.1756078121973752	0.6182799909352715	C1	C5
DLBCL10460	0.03289131519260524	0.6184912759149728	0.2166234743351601	0.025882245365186938	0.10611168919207493	0.6184912759149728	C2	C2
DLBCL10780	0.027529001052353744	0.6195048976646006	0.3009974608182338	0.035641650979486274	0.016326989485325554	0.6195048976646006	C2	C2
DLBCL10908	0.056629837369104465	0.10508365059389194	0.619780006330686	0.044702929977219606	0.17380357572909805	0.619780006330686	C3	C5
DLBCL10478	0.059754807882910294	0.022871437492458544	0.24325607976527658	0.6199301348825387	0.05418753997681596	0.6199301348825387	C4	C4
DLBCL10851	0.09658203766148116	0.6204114480358768	0.06784426966337723	0.03746140538676636	0.17770083925249852	0.6204114480358768	C2	C2
DLBCL10566	0.07114174377221096	0.17258020232868074	0.09355117412812336	0.04192944132133475	0.6207974384496502	0.6207974384496502	C5	C5
DLBCL11470	0.6210255525605871	0.014319494356485727	0.1259150445311823	0.18410484775792824	0.05463506079381665	0.6210255525605871	C1	C1
DLBCL_RICOVER_1045	0.6219743980314968	0.01531417197883569	0.01888781253639405	0.3042016074221758	0.03962201003109767	0.6219743980314968	C1	C4
DLBCL_LS3200	0.03222485050088656	0.2806431558138629	0.03556877877374877	0.027775081075896706	0.623788133835605	0.623788133835605	C5	C5
DLBCL_LS4593	0.03752747568469787	0.23583010980810654	0.6243929664615969	0.0336014635198188	0.06864798452577986	0.6243929664615969	C3	C3
DLBCL10884	0.18570081439179956	0.038758881804274864	0.6296334944222067	0.037832369562960315	0.10807443981875854	0.6296334944222067	C3	C1
DLBCL_LS2328	0.040399004089287746	0.28312864136552424	0.6344897466352444	0.02529571542894478	0.01668689248099889	0.6344897466352444	C3	C3
DLBCL11509	0.6349778549472324	0.20320340392848968	0.05354912744588831	0.05619006127137838	0.052079552407011315	0.6349778549472324	C1	C1
DLBCL10856	0.02330188644654071	0.04559928194510888	0.2555593505761713	0.04034322841581764	0.6351962526163615	0.6351962526163615	C5	C3
DLBCL10538	0.05436324648475793	0.635617044403407	0.02075112221058523	0.03168895204975633	0.2575796348514935	0.635617044403407	C2	C2
DLBCL_RICOVER_950	0.042238144151697306	0.027938374376498373	0.2571154095448429	0.6363247570014806	0.036383314925480775	0.6363247570014806	C4	C4
DLBCL_C_D_1142_NULLPAIR	0.09370110811778376	0.6382815721741694	0.14174663124802264	0.06898484329817718	0.05728584516184706	0.6382815721741694	C2	C2
DLBCL11528	0.03034413808571258	0.6409974129186613	0.25544642942133705	0.03836618613778487	0.03484583343650422	0.6409974129186613	C2	C3
DLBCL_RICOVER_985	0.031858872472028364	0.0641526777381295	0.22303795868549103	0.641712047687696	0.03923844341665516	0.641712047687696	C4	C4
DLBCL_C_D_1117_NULLPAIR	0.16637092312005036	0.6423060207610792	0.020054313459958045	0.1375103228283943	0.03375841983051813	0.6423060207610792	C2	C2
DLBCL_C_D_1145_NULLPAIR	0.6431745309451473	0.01216079943905358	0.024947232926340466	0.08904635645793191	0.23067108023152677	0.6431745309451473	C1	C5
DLBCL10906	0.034032457790723517	0.6437008699628101	0.02515031818288601	0.01699366739417624	0.28012268666940415	0.6437008699628101	C2	C2
DLBCL_C_D_1105_NULLPAIR	0.24358334115771565	0.6455222265055911	0.04213199256848343	0.03758473022181388	0.031177709546395933	0.6455222265055911	C2	C2
DLBCL_MC_F139_LJF	0.04868960645571371	0.019666777680147993	0.06069701674862639	0.6476350763026038	0.22331152281290814	0.6476350763026038	C4	C4
DLBCL11662	0.6487403374347711	0.036548757396485665	0.03388107419422841	0.07577286628965761	0.20505696468485712	0.6487403374347711	C1	C1
DLBCL10504	0.019523204672434465	0.016774045476577678	0.23388778583179973	0.0801724581378777	0.6496425058813105	0.6496425058813105	C5	C5
DLBCL10935	0.15984615623232548	0.6496453001521572	0.018701829959915994	0.05241534278824093	0.11939137086736046	0.6496453001521572	C2	C1
DLBCL10494	0.025433908953664597	0.6496580648894339	0.27378559355653587	0.01867753982237041	0.03244489277799522	0.6496580648894339	C2	C2
DLBCL_RICOVER_763	0.06386527142594846	0.6501280104409185	0.06484310566480415	0.03941031753366721	0.18175329493466164	0.6501280104409185	C2	C2
DLBCL11441	0.6519534313776584	0.019968761484486407	0.024748748624528173	0.14579730420742645	0.15753175430590063	0.6519534313776584	C1	C3
DLBCL10849	0.6531755438361408	0.20119560708294007	0.02511317464586479	0.04926256228082424	0.07125311215423007	0.6531755438361408	C1	C2
DLBCL_MC_F496DMP	0.031807843939829605	0.2468151767117659	0.6532882037561859	0.025882621159424204	0.042206154432794345	0.6532882037561859	C3	C2
DLBCL_LS2367	0.1880252661402979	0.09583206885337703	0.023259804956608388	0.03600840018030255	0.6568744598694142	0.6568744598694142	C5	C1
DLBCL_MC_F132_MLM	0.17207516186742505	0.0188181279059971	0.026133224426038482	0.1252891319286815	0.6576843538718579	0.6576843538718579	C5	C1
DLBCL10928	0.6583709824262703	0.1422649327377376	0.149238917390831	0.032856845336289006	0.01726832210887206	0.6583709824262703	C1	C1
DLBCL10844	0.2136936579931798	0.6592259022930387	0.045588558209753285	0.04829973369712615	0.03319214780690207	0.6592259022930387	C2	C1
DLBCL11005	0.05091520629797483	0.6593517714934499	0.06093006448243494	0.05068517928290069	0.17811777844323964	0.6593517714934499	C2	C4
DLBCL_LS148	0.07655464615473913	0.1138495529893476	0.09681480866498074	0.0530948607882169	0.6596861314027156	0.6596861314027156	C5	C5
DLBCL_LS1304	0.07655464615473913	0.1138495529893476	0.09681480866498074	0.0530948607882169	0.6596861314027156	0.6596861314027156	C5	C3
DLBCL_RICOVER_1150	0.062834310285916	0.6623191601202973	0.061985421995707154	0.07225003171849943	0.14061107587958008	0.6623191601202973	C2	C1
DLBCL10515	0.6623865401513953	0.16012786544621058	0.0400398223141636	0.08838575030547881	0.049060021782751664	0.6623865401513953	C1	C1
DLBCL_RICOVER_780	0.01760060900835001	0.6641767786779293	0.2539592523570608	0.04487998828920909	0.01938337166745072	0.6641767786779293	C2	C2
DLBCL_RICOVER_1278	0.0714165284683601	0.02598126464775991	0.04739096651015546	0.1859784191172209	0.6692328212565036	0.6692328212565036	C5	C5
DLBCL11461	0.6726304005814263	0.015086541124875032	0.13160442234310513	0.16123326272171712	0.019445373228876413	0.6726304005814263	C1	C1
DLBCL11683	0.08030603496295724	0.014137696809636582	0.6748535605707267	0.18266570740082452	0.04803700025585493	0.6748535605707267	C3	C3
DLBCL_C_D_1149_NULLPAIR	0.07152244024032398	0.6777672864960871	0.18844242816151038	0.024077695473427	0.038190149628651575	0.6777672864960871	C2	C2
DLBCL_LS2325	0.07527203841689407	0.6839007110045177	0.20063870561166816	0.02042987508716689	0.019758669879753218	0.6839007110045177	C2	C3
DLBCL10842	0.058070370134235674	0.017531631454809037	0.18397559665361918	0.05598455568870265	0.6844378460686334	0.6844378460686334	C5	C5
DLBCL11180	0.02884603442539728	0.6866176948598105	0.10387334468639225	0.015946853909354214	0.16471607211904576	0.6866176948598105	C2	C2
DLBCL11536	0.06649142111907344	0.6868283447779557	0.12253873677798062	0.04698079255064559	0.0771607047743446	0.6868283447779557	C2	C4
DLBCL10885	0.06708906133576364	0.6871633397487775	0.022183542588012486	0.03435766091042527	0.18920639541702106	0.6871633397487775	C2	C2
DLBCL10986	0.12228992630166892	0.03271360913147816	0.687588005411315	0.04297234528699731	0.11443611386854054	0.687588005411315	C3	C1
DLBCL10901	0.032977941078227845	0.12542636127807177	0.07070078811048197	0.0819532704151608	0.6889416391180576	0.6889416391180576	C5	C5
DLBCL10997	0.689603944814873	0.0194236170059902	0.023841136966414475	0.07574241851721387	0.1913888826955085	0.689603944814873	C1	C1
DLBCL10881	0.13622448630280562	0.014681663733553242	0.02920572890691591	0.12834120541108568	0.6915469156456395	0.6915469156456395	C5	C5
DLBCL10492	0.1804095859712387	0.017224395985480687	0.020352216472105562	0.08743554659999281	0.6945782549711822	0.6945782549711822	C5	C1
DLBCL_RICOVER_299	0.020503057630675975	0.2339289759893597	0.6947703610918905	0.019043338823467697	0.03175426646460616	0.6947703610918905	C3	C2
DLBCL10926	0.14903186890934642	0.6952523728129403	0.03391293653762029	0.052227966056374565	0.06957485568371843	0.6952523728129403	C2	C2
DLBCL_C_D_1140_NULLPAIR	0.06722830367119033	0.04038204624363564	0.09386977883519299	0.10104097262149328	0.6974788986284878	0.6974788986284878	C5	C5
DLBCL10457	0.06722830367119033	0.04038204624363564	0.09386977883519299	0.10104097262149328	0.6974788986284878	0.6974788986284878	C5	C5
DLBCL_LS2208	0.06722830367119033	0.04038204624363564	0.09386977883519299	0.10104097262149328	0.6974788986284878	0.6974788986284878	C5	C5
DLBCL10873	0.03700709289452713	0.20335573722501582	0.699925981322455	0.025313208357745143	0.034397980200256896	0.699925981322455	C3	C2
DLBCL10932	0.18455050000862716	0.03111571667001806	0.028010202850446236	0.7009455091445542	0.05537807132635429	0.7009455091445542	C4	C4
DLBCL11658	0.06641110957431622	0.014789046180052305	0.09416132362035859	0.7013567115021033	0.12328180912316963	0.7013567115021033	C4	C4
DLBC_FF_A7CX_TP_NB	0.7023188932656903	0.03836518945277328	0.019642018970400126	0.04761042844305869	0.19206346986807762	0.7023188932656903	C1	C5
DLBCL_C_D_1139_NULLPAIR	0.08977688464338147	0.7029704029160526	0.09684390307146917	0.09548111204161217	0.014927697327484644	0.7029704029160526	C2	C4
DLBCL_RICOVER_1199	0.07777163651906394	0.026023277224372983	0.16187722066844273	0.703030289220789	0.03129757636733133	0.703030289220789	C4	C4
DLBCL11591	0.0169662852695803	0.20498557681787286	0.7058396110263331	0.021515696113697837	0.0506928307725159	0.7058396110263331	C3	C2
DLBCL10956	0.11973552177133832	0.70764744075797	0.041669456590716664	0.1009577191257728	0.029989861754202214	0.70764744075797	C2	C2
DLBCL_RICOVER_787	0.7088313225107776	0.08419161547465753	0.06204549180718163	0.11464364543102602	0.03028792477635715	0.7088313225107776	C1	C2
DLBCL10453	0.0298854362843702	0.20052500312836688	0.03163252151727133	0.028956663172990685	0.7090003758970009	0.7090003758970009	C5	C2
DLBCL_RICOVER_1046	0.016033981018197273	0.21679289281534656	0.7091219266788309	0.032987757721001744	0.025063441766623576	0.7091219266788309	C3	C2
DLBCL10999	0.014727643471827492	0.02047123240684029	0.2122348716837298	0.043298198094722094	0.7092680543428803	0.7092680543428803	C5	C5
DLBCL10500	0.032165955925877475	0.061249635609942996	0.09797568369686446	0.09841563976187721	0.7101930850054378	0.7101930850054378	C5	C2
DLBCL_RICOVER_197	0.1185897050251931	0.024831035959116437	0.03807525427899247	0.7112931386328455	0.1072108661038525	0.7112931386328455	C4	C4
DLBCL11519	0.7156952583271444	0.12337820306787305	0.02013937977938115	0.12008630660916698	0.020700852216434407	0.7156952583271444	C1	C1
DLBCL_RICOVER_107	0.02167601533733565	0.7158863483493629	0.21162592260359142	0.02534101995571545	0.025470693753994515	0.7158863483493629	C2	C2
DLBCL10898	0.022511735236467607	0.13071227641206165	0.0381914088021074	0.09262361146716326	0.7159609680822001	0.7159609680822001	C5	C5
DLBCL_RICOVER_822	0.04261206355338361	0.11562660549438038	0.04303241549600048	0.08239516624062804	0.7163337492156074	0.7163337492156074	C5	C2
DLBCL_RICOVER_1247	0.08851408629101382	0.04902151147085355	0.04138434057367276	0.7176456593781169	0.10343440228634297	0.7176456593781169	C4	C4
DLBCL10945	0.0687139983309145	0.020932310173854596	0.0762832745837958	0.11515368182886349	0.7189167350825716	0.7189167350825716	C5	C1
DLBCL10939	0.12223920949360272	0.020699281066151876	0.058094941524516545	0.7226394024180416	0.07632716549768724	0.7226394024180416	C4	C4
DLBCL_RICOVER_543	0.09358340261118414	0.7236140313881274	0.07651176445187921	0.05908569211111347	0.04720510943769579	0.7236140313881274	C2	C5
DLBCL_LS2154	0.09358340261118414	0.7236140313881274	0.07651176445187921	0.05908569211111347	0.04720510943769579	0.7236140313881274	C2	C1
DLBCL_RICOVER_496	0.09358340261118414	0.7236140313881274	0.07651176445187921	0.05908569211111347	0.04720510943769579	0.7236140313881274	C2	C2
