sample	C1	C2	C3	C4	C5	Confidence	PredictedCluster	TrueCluster
DLBCL11663	0.21045827150786336	0.18297358234549513	0.23944773699709784	0.14844378372502384	0.21867662542451974	0.23944773699709784	C3	C1
DLBCL10955	0.1828565655364077	0.3055697967666569	0.07249809174188047	0.33721743224340806	0.10185811371164682	0.33721743224340806	C4	C4
DLBCL11466	0.2606849134781283	0.2998108304076307	0.04152880179168279	0.05574055949010665	0.3422348948324517	0.3422348948324517	C5	C2
DLBCL10995	0.053916301567287724	0.35904503772752394	0.21392900864978792	0.2706670779162465	0.1024425741391539	0.35904503772752394	C2	C3
DLBCL10869	0.36313203987770576	0.13820125685630075	0.16181999774356784	0.29320570271271024	0.04364100280971543	0.36313203987770576	C1	C1
DLBCL10538	0.04410521672023251	0.3644380757208216	0.03270689625238839	0.2417785080206771	0.3169713032858804	0.3644380757208216	C2	C2
DLBCL11528	0.31434832214793623	0.3673086492134477	0.25029126770016924	0.038130522087103866	0.029921238851342954	0.3673086492134477	C2	C3
DLBCL11202	0.3176171908528559	0.16615639950180067	0.3719888941162232	0.13331781282626604	0.010919702702854176	0.3719888941162232	C3	C1
DLBCL11664	0.257301503883993	0.38420360457933184	0.04994111148638215	0.26995935525782516	0.03859442479246788	0.38420360457933184	C2	C2
DLBCL10974	0.23978473748992019	0.016277027634808663	0.03506864375557052	0.39833639146020944	0.3105331996594912	0.39833639146020944	C4	C4
DLBCL11535	0.4107751198872183	0.2137514454440811	0.04146541384340449	0.2512672105542143	0.08274081027108175	0.4107751198872183	C1	C4
DLBCL10873	0.05154961840948148	0.3552674343091007	0.11981773129725702	0.42856046330777686	0.04480475267638398	0.42856046330777686	C4	C2
DLBCL11518	0.3387482883590534	0.16190717156678516	0.4358591940185003	0.03946259140947851	0.024022754646182667	0.4358591940185003	C3	C3
DLBCL10970	0.059000625689713176	0.43981581803122294	0.08197176629641999	0.38455011493553015	0.0346616750471138	0.43981581803122294	C2	C4
DLBCL10874	0.06816640770427994	0.44273417990594255	0.026824483199239153	0.08691159352287392	0.37536333566766444	0.44273417990594255	C2	C2
DLBCL10513	0.4471944712387766	0.05742413355827764	0.1251741099907085	0.35847344520470165	0.011733840007535542	0.4471944712387766	C1	C4
DLBCL11574	0.45213055068941105	0.1844553094805849	0.1759172139432856	0.054279776749190614	0.1332171491375278	0.45213055068941105	C1	C3
DLBCL11531	0.16094903193483145	0.4536671773835324	0.301170852891239	0.06811774855816993	0.016095189232227206	0.4536671773835324	C2	C2
DLBCL11449	0.0816998956298162	0.3627871786827786	0.03963811646309159	0.05784704517224862	0.45802776405206497	0.45802776405206497	C5	C2
DLBCL11447	0.05328080813489527	0.018464940747970213	0.043179438277507226	0.4710200438844139	0.4140547689552135	0.4710200438844139	C4	C4
DLBCL10503	0.09146345394104911	0.4713217933827759	0.03822396250550249	0.3109579216810662	0.08803286848960631	0.4713217933827759	C2	C2
DLBCL11471	0.1231427298444698	0.4722980735129074	0.1230489853875995	0.1457499040763927	0.13576030717863058	0.4722980735129074	C2	C4
DLBCL10564	0.11273556289934088	0.20351295643945025	0.18236638767924868	0.47284883064740074	0.02853626233455944	0.47284883064740074	C4	C4
DLBCL11439	0.28856371798466235	0.017965538286052407	0.4730154072935554	0.06773584652419867	0.15271948991153114	0.4730154072935554	C3	C3
DLBCL11206	0.04634113590036813	0.47359178916183575	0.04486784961167254	0.014712196366639002	0.4204870289594846	0.47359178916183575	C2	C5
DLBCL10506	0.4743123300033418	0.046046870031326646	0.0708151670646314	0.39094515455696494	0.017880478343735285	0.4743123300033418	C1	C1
DLBCL10971	0.30394987162544146	0.044490915896124424	0.05773877668497188	0.11547711606918325	0.47834331972427907	0.47834331972427907	C5	C1
DLBCL10980	0.014274532545002248	0.4839241771727815	0.07192963872238858	0.03859104025287728	0.3912806113069503	0.4839241771727815	C2	C5
DLBCL10500	0.029459319125214153	0.3301711998780559	0.08054139612052662	0.07417720708557154	0.48565087779063176	0.48565087779063176	C5	C2
DLBCL10539	0.07001711607238206	0.4867997358986227	0.046254211948796635	0.2778047790724586	0.11912415700774004	0.4867997358986227	C2	C4
DLBCL10953	0.4890896091043872	0.020118796357881302	0.06832969742621071	0.053076794466802746	0.369385102644718	0.4890896091043872	C1	C1
DLBCL10451	0.4911588936786541	0.03775672163678877	0.40701428622553787	0.05072945874734156	0.013340639711677735	0.4911588936786541	C1	C1
DLBCL11503	0.03449010709566891	0.49510611878034705	0.03801401683012024	0.15512956676821307	0.2772601905256507	0.49510611878034705	C2	C2
DLBCL10877	0.1665311090414669	0.49840218351553356	0.11226238647425879	0.07174527925372243	0.15105904171501833	0.49840218351553356	C2	C1
DLBCL10478	0.20065447067719433	0.014880118479048488	0.22528102008923956	0.5007284457484603	0.0584559450060573	0.5007284457484603	C4	C4
DLBCL11446	0.14415361703990628	0.5116080980553411	0.15304678835116128	0.17220483921718122	0.018986657336410116	0.5116080980553411	C2	C2
DLBCL10959	0.5197523497218033	0.03728917628646609	0.020593994188740035	0.18033248919098158	0.24203199061200903	0.5197523497218033	C1	C1
DLBCL10531	0.12073686166298431	0.11342408694914052	0.09645843285709721	0.14708805433781122	0.5222925641929668	0.5222925641929668	C5	C1
DLBCL11208	0.36854483256758014	0.5289400710310281	0.034155327953302166	0.03502912555065295	0.03333064289743662	0.5289400710310281	C2	C2
DLBCL10957	0.33356101697070684	0.01914547617649591	0.5318844386764684	0.08822018844869209	0.027188879727636714	0.5318844386764684	C3	C1
DLBCL11431	0.1338841343066875	0.1323587725681015	0.12131166169148265	0.08017430377577481	0.5322711276579536	0.5322711276579536	C5	C5
DLBCL10910	0.00982855533041318	0.06317205231780537	0.5367810808044715	0.0766695624861413	0.31354874906116864	0.5367810808044715	C3	C3
DLBCL10470	0.03757979813789337	0.5368598919435786	0.19196817004501368	0.19227694219835126	0.04131519767516312	0.5368598919435786	C2	C2
DLBCL10981	0.07244773741013089	0.19110621840709702	0.5401270296248866	0.13873231246612583	0.05758670209175967	0.5401270296248866	C3	C2
DLBCL10994	0.5460769213436157	0.057988423001706785	0.02493208070546061	0.30235150111251896	0.06865107383669798	0.5460769213436157	C1	C1
DLBCL11478	0.34078561415223646	0.02941440254575694	0.5461444283870249	0.04909651705172617	0.03455903786325553	0.5461444283870249	C3	C1
DLBCL11495	0.07305319505884025	0.014561223329298401	0.03767181124180831	0.327551401814819	0.547162368555234	0.547162368555234	C5	C5
DLBCL11501	0.5492215556507596	0.3134240995372797	0.040868029373467035	0.03299700369096076	0.06348931174753296	0.5492215556507596	C1	C1
DLBCL11430	0.22148665254310565	0.018196963514138288	0.14971756717728663	0.5533934655309867	0.05720535123448276	0.5533934655309867	C4	C1
DLBCL10501	0.013063219238465757	0.3658404289369789	0.5554936776030337	0.03418828014988507	0.03141439407163655	0.5554936776030337	C3	C3
DLBCL11652	0.5580466885645519	0.340679242426843	0.02787352007792987	0.034945631986852646	0.03845491694382264	0.5580466885645519	C1	C1
DLBCL11519	0.3548161714881221	0.03248152761887951	0.03816905559442362	0.5583356415725593	0.016197603726015464	0.5583356415725593	C4	C1
DLBCL11515	0.024631876659630066	0.10898651334257344	0.5586420587733584	0.10008976642427264	0.20764978480016547	0.5586420587733584	C3	C3
DLBCL11538	0.19084418844786963	0.014525429535999527	0.15992559859821506	0.07530077778959621	0.5594040056283196	0.5594040056283196	C5	C5
DLBCL10514	0.04289822209018944	0.3303509936354531	0.5595696931882957	0.05025432572629804	0.01692676535976369	0.5595696931882957	C3	C3
DLBCL11480	0.5605719473360701	0.0459756571580251	0.06849164309013149	0.28829362562282623	0.03666712679294709	0.5605719473360701	C1	C1
DLBCL10968	0.31346866564380677	0.015699668514115226	0.02436431467096655	0.5638936368050436	0.08257371436606785	0.5638936368050436	C4	C1
DLBCL10549	0.02741870673995519	0.565175254531329	0.30701992586380167	0.0818374733628735	0.018548639502040665	0.565175254531329	C2	C2
DLBCL11467	0.1131556068911856	0.09413270480580269	0.11284175218323046	0.5660784390763579	0.11379149704342333	0.5660784390763579	C4	C4
DLBCL10921	0.05392077827298563	0.3331563688252968	0.016155750582110197	0.019609315830065473	0.5771577864895419	0.5771577864895419	C5	C5
DLBCL11003	0.070330802719219	0.5793462086117258	0.018292727416090355	0.020314500237338325	0.31171576101562654	0.5793462086117258	C2	C2
DLBCL10894	0.29137379491151844	0.5821146324530595	0.029084331506645546	0.07017570331424804	0.02725153781452848	0.5821146324530595	C2	C2
DLBCL10553	0.041083380809713244	0.04154188609997266	0.2849267634705037	0.5852304984717139	0.04721747114809648	0.5852304984717139	C4	C4
DLBCL10919	0.32888252325063466	0.014876973213792515	0.04150580756891785	0.5853676717678229	0.029367024198832033	0.5853676717678229	C4	C4
DLBCL10491	0.05221069504830766	0.19590908590667885	0.14944467041094134	0.5864453712284573	0.01599017740561484	0.5864453712284573	C4	C4
DLBCL10505	0.2639431951814895	0.013573462266936105	0.0987497915716539	0.5946247100458918	0.029108840934028688	0.5946247100458918	C4	C4
DLBCL11486	0.5985044916103311	0.01739497584307949	0.030977251765021897	0.048900520006759866	0.30422276077480764	0.5985044916103311	C1	C1
DLBCL11441	0.08800700199780326	0.015301047559093135	0.12312923782609039	0.6103879539657987	0.16317475865121456	0.6103879539657987	C4	C3
DLBCL10969	0.6147359029093656	0.07036824887181291	0.10910108130469515	0.0486962547321908	0.1570985121819355	0.6147359029093656	C1	C1
DLBCL11536	0.046241179956696035	0.6188032181513096	0.03863697140786627	0.23092957095914216	0.06538905952498594	0.6188032181513096	C2	C4
DLBCL10999	0.04194211199911263	0.019168466217613617	0.033582430365908876	0.2856639043581655	0.6196430870591993	0.6196430870591993	C5	C5
DLBCL10908	0.056629837369104465	0.10508365059389194	0.619780006330686	0.044702929977219606	0.17380357572909805	0.619780006330686	C3	C5
DLBCL11346	0.025122320386042615	0.621978081388522	0.022599038497783108	0.02523506539213919	0.30506549433551317	0.621978081388522	C2	C2
DLBCL10965	0.18259239105980576	0.014187660650087202	0.07307895384097182	0.6240396817179605	0.1061013127311747	0.6240396817179605	C4	C4
DLBCL11448	0.021528654210363898	0.04469040941494347	0.11076180357703395	0.19649572533394616	0.6265234074637125	0.6265234074637125	C5	C4
DLBCL11464	0.2908603574901077	0.023962518684545624	0.02265228019265206	0.6329755693671297	0.029549274265564893	0.6329755693671297	C4	C4
DLBCL11473	0.6380041137803266	0.03822711316338156	0.01935422509068719	0.27014925345121343	0.03426529451439124	0.6380041137803266	C1	C1
DLBCL10948	0.03974125517533076	0.6391287442899538	0.0317732764709171	0.0990018427697568	0.19035488129404152	0.6391287442899538	C2	C2
DLBCL10516	0.023680508236583457	0.01645016218149509	0.22061726138844415	0.10000291623249448	0.6392491519609829	0.6392491519609829	C5	C5
DLBCL11510	0.21158769059168483	0.6410800979332604	0.03778199021337188	0.032519813683168745	0.07703040757851419	0.6410800979332604	C2	C5
DLBCL10454	0.22832222929339283	0.07526010283425767	0.02387759430565804	0.024627475364089386	0.6479125982026022	0.6479125982026022	C5	C5
DLBCL11530	0.023098053734613787	0.6587156938388998	0.2752161538470419	0.022852068181787154	0.020118030397657312	0.6587156938388998	C2	C2
DLBCL10961	0.014807542642813183	0.17053875757647072	0.057679135749236284	0.09805164960683747	0.6589229144246423	0.6589229144246423	C5	C5
DLBCL10973	0.03426133488602466	0.01731607263743501	0.6705285373493335	0.21311417159120338	0.06477988353600347	0.6705285373493335	C3	C4
DLBCL10909	0.02191937554378135	0.01843302965601576	0.06269221452251308	0.22341480947411782	0.673540570803572	0.673540570803572	C5	C5
DLBCL11479	0.07877609003048643	0.6737655096067285	0.10265987529367158	0.03025009357461625	0.11454843149449723	0.6737655096067285	C2	C2
DLBCL11433	0.026452353052125968	0.015626957901544454	0.08407190729415173	0.19902348142069584	0.674825300331482	0.674825300331482	C5	C4
DLBCL11005	0.024673971609043863	0.2265344795202395	0.02598307621806308	0.043991111873620786	0.6788173607790328	0.6788173607790328	C5	C4
DLBCL10453	0.015269484230922234	0.6791433378757585	0.03433847230879916	0.02821224463608635	0.2430364609484337	0.6791433378757585	C2	C2
DLBCL10986	0.6800867218172861	0.07624654632003366	0.1680362611590955	0.046106225969976634	0.02952424473360803	0.6800867218172861	C1	C1
DLBCL10504	0.06860903446876085	0.010196564913010511	0.159341514199042	0.07456348695153114	0.6872893994676555	0.6872893994676555	C5	C5
DLBCL10947	0.1739841605935637	0.6877631553884765	0.013733229204484993	0.02361807778734923	0.10090137702612559	0.6877631553884765	C2	C2
DLBCL11658	0.050339829390467675	0.014931598490623395	0.04903741472021075	0.6886742146968007	0.19701694270189754	0.6886742146968007	C4	C4
DLBCL10486	0.691170768685985	0.12301842054599732	0.044046849590622036	0.09029492308546314	0.05146903809193254	0.691170768685985	C1	C1
DLBCL10985	0.05013894986841558	0.6921598135533933	0.023714805191194163	0.19518078436557526	0.03880564702142169	0.6921598135533933	C2	C2
DLBCL11559	0.01838267131869392	0.22336848120226266	0.6925344363653133	0.05098057630134258	0.014733834812387535	0.6925344363653133	C3	C3
DLBCL10837	0.1386598461470279	0.06933450327297491	0.021602993314359175	0.07739192473327951	0.6930107325323586	0.6930107325323586	C5	C5
DLBCL10450	0.6965898124500033	0.08244832721697319	0.01682434878092915	0.1273744265693272	0.07676308498276711	0.6965898124500033	C1	C1
DLBCL11474	0.1944728280034103	0.01866233763061986	0.023134318254751336	0.6973708111516463	0.06635970495957225	0.6973708111516463	C4	C1
DLBCL11678	0.0659412418389315	0.032196822709686684	0.18655268897164748	0.6979873289102696	0.017321917569464673	0.6979873289102696	C4	C4
DLBCL11581	0.06484229904631478	0.016128136042321186	0.7028387546554813	0.07990470037312118	0.13628610988276157	0.7028387546554813	C3	C5
DLBCL11432	0.7055616445832456	0.010087487783069955	0.06624996811535838	0.18189651977954005	0.03620437973878614	0.7055616445832456	C1	C1
DLBCL11681	0.14463715297079527	0.011914827520141363	0.7063776351766274	0.06573025923633972	0.07134012509609623	0.7063776351766274	C3	C1
DLBCL11456	0.03390143839147573	0.7093259084506375	0.06578734984929287	0.1735233306338214	0.01746197267477261	0.7093259084506375	C2	C2
DLBCL10838	0.03732409797484074	0.19272177867341203	0.016337900872297126	0.03920264538474662	0.7144135770947035	0.7144135770947035	C5	C5
DLBCL10542	0.7195065802558405	0.011630224894145542	0.028091916376999353	0.0448632863954137	0.19590799207760093	0.7195065802558405	C1	C1
DLBCL10565	0.07629775108224411	0.02320673740624978	0.7223004065594166	0.15270265545807304	0.025492449494016443	0.7223004065594166	C3	C4
DLBCL11180	0.029299135195144516	0.7256481335521886	0.03778779122504672	0.012091106023847227	0.19517383400377294	0.7256481335521886	C2	C2
DLBCL11437	0.1264228038281318	0.012467443932502776	0.06885448721318722	0.7331707552145011	0.05908450981167705	0.7331707552145011	C4	C4
DLBCL10934	0.017140111234546167	0.19008452957383992	0.022231556992418227	0.0342703902464062	0.7362734119527894	0.7362734119527894	C5	C2
DLBCL11527	0.061328054661716744	0.02383083045974273	0.0835869340005825	0.7374788222923475	0.0937753585856105	0.7374788222923475	C4	C4
DLBC_FF_A7CX_TP_NB	0.06375344828962663	0.034622859957267764	0.10501296855003665	0.058772138539213245	0.7378385846638557	0.7378385846638557	C5	C5
DLBCL10962	0.032627608135396016	0.7401008644450094	0.10937093402957751	0.03919834517403415	0.07870224821598294	0.7401008644450094	C2	C2
DLBCL10536	0.023409417203461864	0.0636477450279591	0.7410772715874522	0.14276016961584426	0.029105396565282635	0.7410772715874522	C3	C3
DLBCL10936	0.7419882038834651	0.028953416967742913	0.10477586689919881	0.03998095392846988	0.08430155832112335	0.7419882038834651	C1	C3
DLBCL10867	0.014638918234666004	0.17777321009087432	0.021844710670765276	0.03651925626894487	0.7492239047347495	0.7492239047347495	C5	C5
DLBCL11469	0.018746773839793746	0.049186365615401	0.7492291757456648	0.025570885825388565	0.15726679897375184	0.7492291757456648	C3	C3
DLBCL10844	0.7547448123723599	0.02942703526308111	0.015113673268704188	0.03884723169236735	0.16186724740348743	0.7547448123723599	C1	C1
DLBCL10480	0.1503111865265837	0.7567060729759411	0.013825491015475026	0.019500361449530684	0.059656888032469525	0.7567060729759411	C2	C2
DLBCL11182	0.09560664576821543	0.03111865236337473	0.024848163919592832	0.7596154804827202	0.08881105746609681	0.7596154804827202	C4	C4
DLBCL10927	0.1597994836847343	0.01602938197603088	0.03220514864269761	0.7685720076324614	0.023393978064075942	0.7685720076324614	C4	C4
DLBCL11491	0.10286145858636057	0.02071024775220454	0.025264097424264328	0.7704736359559283	0.08069056028124222	0.7704736359559283	C4	C4
DLBCL10993	0.7723872669428049	0.009402252147993463	0.029647256487400565	0.1419278299685534	0.04663539445324765	0.7723872669428049	C1	C1
DLBCL10509	0.15735929681851674	0.7728950621630307	0.01609341291331765	0.020297561155535358	0.033354666949599515	0.7728950621630307	C2	C1
DLBCL10535	0.08817655612872538	0.08045263102910294	0.04077009787138283	0.014785068217592266	0.7758156467531966	0.7758156467531966	C5	C5
DLBCL11675	0.04733905241101741	0.008373797097461411	0.7817275617908733	0.08201599068960815	0.08054359801103976	0.7817275617908733	C3	C3
DLBCL11578	0.09541825108360581	0.026115237557464428	0.05157314147258142	0.781791766514191	0.04510160337215735	0.781791766514191	C4	C1
DLBCL10915	0.025019119067238627	0.06814905614343827	0.032643893217993	0.089935682564339	0.7842522490069911	0.7842522490069911	C5	C5
DLBCL11540	0.05583874835387101	0.07693479797115589	0.0654012399393263	0.016590588007585987	0.7852346257280608	0.7852346257280608	C5	C5
DLBCL11660	0.11002354299608835	0.014127528042133642	0.02937083762820047	0.7887553434887036	0.05772274784487393	0.7887553434887036	C4	C4
DLBCL10906	0.021879532449447715	0.7898383774664088	0.018128383629890707	0.015298740154544936	0.15485496629970774	0.7898383774664088	C2	C2
DLBCL10476	0.07016507960370856	0.018820761352362197	0.09710529692772968	0.7954347939230348	0.018474068193164713	0.7954347939230348	C4	C4
DLBCL10865	0.04508710823119179	0.04296441844170565	0.06418966364193633	0.05022888418253277	0.7975299255026335	0.7975299255026335	C5	C5
DLBCL11504	0.026316275100280933	0.01963522793547881	0.10464074199522166	0.05147164409512894	0.7979361108738896	0.7979361108738896	C5	C5
DLBCL10466	0.011641434407321969	0.05993790794170024	0.7999215673227567	0.10097093474770012	0.027528155580521043	0.7999215673227567	C3	C3
DLBCL10552	0.11258162940548816	0.019435544826280307	0.048881397357786	0.8029922169586196	0.016109211451826037	0.8029922169586196	C4	C4
DLBCL10898	0.026104215487698597	0.13754462476373586	0.013702558271387145	0.019150113446067624	0.8034984880311108	0.8034984880311108	C5	C5
DLBCL10846	0.0719024115741014	0.8040904289075146	0.02090287398206441	0.05164487683264539	0.0514594087036742	0.8040904289075146	C2	C2
DLBCL10544	0.03838903027589523	0.014293499367502994	0.03912433022188586	0.8044044033408309	0.10378873679388508	0.8044044033408309	C4	C4
DLBCL10782	0.09476200975559183	0.03751604313733587	0.04431081144518384	0.8047168536264125	0.018694282035475948	0.8047168536264125	C4	C4
DLBCL10566	0.05223687373242537	0.10770756457378132	0.017048020291466282	0.01658681762100466	0.8064207237813223	0.8064207237813223	C5	C5
DLBCL10456	0.03304856060987166	0.017598814964362285	0.06177917426973432	0.811547639229553	0.07602581092647881	0.811547639229553	C4	C4
DLBCL11470	0.8122446827934847	0.007220779979732482	0.034782991217914734	0.12875747978682228	0.016994066222045783	0.8122446827934847	C1	C1
DLBCL11590	0.045446297222636566	0.011897514842251574	0.8134492675530199	0.06677488539573107	0.06243203498636083	0.8134492675530199	C3	C3
DLBCL11483	0.03895990809697778	0.05839332768253598	0.0421314564964173	0.0453723310010361	0.8151429767230328	0.8151429767230328	C5	C2
DLBCL11534	0.06325903912807378	0.06358680155834398	0.03451204526506733	0.8159351525080625	0.022706961540452406	0.8159351525080625	C4	C3
DLBCL11455	0.05303157209938307	0.01508503622553076	0.03528626139425646	0.8222361697611373	0.07436096051969232	0.8222361697611373	C4	C3
DLBCL11683	0.028798412564535004	0.01975200714892898	0.8232985007321151	0.11138979523308265	0.01676128432133829	0.8232985007321151	C3	C3
DLBCL11509	0.11223425542102557	0.015607643924654014	0.025993195658642977	0.8240934072818358	0.02207149771384164	0.8240934072818358	C4	C1
DLBCL10858	0.021004615385758034	0.012504774382891309	0.025605618471900234	0.11426607168147393	0.8266189200779764	0.8266189200779764	C5	C4
DLBCL11445	0.8317788587271222	0.008418415537997185	0.01663816541215984	0.11895956569740304	0.024204994625317743	0.8317788587271222	C1	C1
DLBCL11001	0.07293647569672139	0.014938341163031808	0.037423483961636285	0.04178468313071703	0.8329170160478935	0.8329170160478935	C5	C5
DLBCL11576	0.044912103373513125	0.040341707383226254	0.05767579248052905	0.8348162946436031	0.02225410211912847	0.8348162946436031	C4	C4
DLBCL10942	0.8350543157148145	0.01554374887934878	0.0152984252873352	0.12421001802087836	0.009893492097623175	0.8350543157148145	C1	C1
DLBCL10871	0.04687623548378125	0.8364790763158358	0.02358962599153076	0.027053781201678093	0.06600128100717406	0.8364790763158358	C2	C2
DLBCL10835	0.013998415256836396	0.09192764238384192	0.013840263186634732	0.04267366458228085	0.8375600145904061	0.8375600145904061	C5	C5
DLBCL11481	0.8413158956452581	0.009306872990117907	0.08919429940951809	0.029373283474564155	0.030809648480541803	0.8413158956452581	C1	C1
DLBCL10492	0.841415536803404	0.014238609206085317	0.012349893891361567	0.0398884178941161	0.09210754220503309	0.841415536803404	C1	C1
DLBCL10856	0.023239054429208966	0.06740167461915564	0.8419539419906319	0.01602612459403003	0.0513792043669735	0.8419539419906319	C3	C3
DLBCL10868	0.05777188767205462	0.015176346597986695	0.022731639371388477	0.845577603229512	0.05874252312905816	0.845577603229512	C4	C4
DLBCL10527	0.02933937028106968	0.01701040878528568	0.044174787834824654	0.8455906219914113	0.06388481110740869	0.8455906219914113	C4	C4
DLBCL10939	0.06278096642111597	0.013190518457345236	0.025039452589686748	0.8463943558967613	0.052594706635090804	0.8463943558967613	C4	C4
DLBCL10863	0.0672382315658826	0.01711749381329189	0.022602974973144833	0.8474047388324532	0.045636560815227455	0.8474047388324532	C4	C4
DLBCL10950	0.8475263531204388	0.01835120154039018	0.014291987466321083	0.05873340663252457	0.061097051240325405	0.8475263531204388	C1	C1
DLBC_FF_8062_TP_NB	0.056209754766453394	0.014167789277736546	0.05910314491332532	0.8480860963759503	0.022433214666534418	0.8480860963759503	C4	C4
DLBCL10546	0.8487760272504543	0.01616729298467496	0.012328647286128156	0.028549457416419132	0.09417857506232348	0.8487760272504543	C1	C1
DLBCL10998	0.8506787986847222	0.014021367278294953	0.008551470267313163	0.07228204996337732	0.05446631380629237	0.8506787986847222	C1	C1
DLBCL11657	0.016226619070078368	0.05333616042405961	0.851811875513045	0.04744326926207044	0.031182075730746574	0.851811875513045	C3	C4
DLBCL10469	0.06540865140388918	0.012891562269323024	0.02557395725472006	0.853542164228687	0.04258366484338077	0.853542164228687	C4	C4
DLBCL10931	0.8550234453081976	0.006025232474248222	0.023915957012714713	0.0419205969450033	0.0731147682598361	0.8550234453081976	C1	C1
DLBCL10833	0.07565164277278157	0.01881236816262772	0.03273493038766792	0.016970450130972467	0.8558306085459504	0.8558306085459504	C5	C5
DLBCL11560	0.04895951011266527	0.04264953169050965	0.03681427553968758	0.8572821052384818	0.014294577418655691	0.8572821052384818	C4	C4
DLBCL10780	0.013461317845533973	0.8578513744173343	0.09825014114736655	0.01314305134057262	0.017294115249192592	0.8578513744173343	C2	C2
DLBCL10895	0.014035706810256227	0.08809714595562278	0.026540077569445812	0.013165531183361043	0.8581615384813142	0.8581615384813142	C5	C5
DLBCL11665	0.06283073316146934	0.016590939999433344	0.046367626352245235	0.8591256889357249	0.015085011551127174	0.8591256889357249	C4	C4
DLBCL11661	0.027526895352988388	0.8599043379096105	0.03614880250494831	0.06589300130999583	0.010526962922456999	0.8599043379096105	C2	C2
DLBCL10878	0.07736269514277273	0.016758321232662295	0.012764325866797677	0.03268671159518509	0.8604279461625822	0.8604279461625822	C5	C5
DLBCL11193	0.027670933315126153	0.8617986630251828	0.060693478293872186	0.0362874147641585	0.013549510601660342	0.8617986630251828	C2	C2
DLBCL11472	0.8632928993604372	0.007800747165461498	0.018020236242482782	0.09413197442306401	0.016754142808554588	0.8632928993604372	C1	C1
DLBCL11676	0.8635626735094516	0.013122569489307106	0.0373813812837065	0.07843055607010808	0.0075028196474267485	0.8635626735094516	C1	C1
DLBCL10547	0.053961878233720166	0.02269981683310346	0.03815323122015427	0.8657451260530085	0.019439947660013626	0.8657451260530085	C4	C4
DLBCL10887	0.010827140880930407	0.015508262105497913	0.08598642934516629	0.021396922649770812	0.8662812450186346	0.8662812450186346	C5	C5
DLBCL11655	0.07290922509820869	0.012470824554068938	0.023431431152078623	0.866954664292681	0.024233854902962818	0.866954664292681	C4	C4
DLBCL11562	0.011854080506940643	0.8670770406545337	0.09233630798112973	0.010411319544663716	0.01832125131273214	0.8670770406545337	C2	C2
DLBCL11002	0.058376541793440415	0.012704956738329241	0.03990481306581082	0.8694229580426206	0.019590730359798924	0.8694229580426206	C4	C4
DLBCL11468	0.021790054973601806	0.012243258293290354	0.8717655731106159	0.07169450826142584	0.022506605361066065	0.8717655731106159	C3	C3
DLBCL11586	0.8721862378853502	0.012022255229303948	0.009232351895551142	0.08806655007857835	0.018492604911216282	0.8721862378853502	C1	C1
DLBCL10510	0.028051080007074687	0.8725609877095815	0.012345715426616426	0.015436492320430307	0.0716057245362971	0.8725609877095815	C2	C2
DLBCL11457	0.8746173170281047	0.0065286182207207975	0.018048053319683587	0.08495956903996899	0.01584644239152185	0.8746173170281047	C1	C1
DLBCL11458	0.052800521899499735	0.032818025539791566	0.8765381877167204	0.017345176222080715	0.020498088621907558	0.8765381877167204	C3	C3
DLBCL11436	0.013738349843172007	0.8770175956853904	0.028316576417246272	0.04107383833287272	0.039853639721318626	0.8770175956853904	C2	C2
DLBCL10524	0.02716109407034063	0.8774117148870814	0.035469794559994945	0.035149262717177554	0.024808133765405457	0.8774117148870814	C2	C2
DLBCL10875	0.879369990701349	0.016001841310326465	0.047318608067811095	0.04722345931261876	0.010086100607894673	0.879369990701349	C1	C1
DLBCL10487	0.026418541721882238	0.8852662197185911	0.027694909352829856	0.04059968148431478	0.02002064772238207	0.8852662197185911	C2	C2
DLBCL10485	0.016762459859233546	0.07158355693890253	0.01417189486743747	0.011411817179707403	0.886070271154719	0.886070271154719	C5	C5
DLBCL11205	0.8864149825673486	0.05796231126662378	0.018608087695570194	0.021751535890180744	0.01526308258027669	0.8864149825673486	C1	C1
DLBCL11459	0.044278846482411635	0.01097146350643278	0.03133328323539587	0.8865615547744873	0.02685485200127241	0.8865615547744873	C4	C4
DLBCL10490	0.8871911548011655	0.014367105825714929	0.011821911886390892	0.06363988282527899	0.02297994466144967	0.8871911548011655	C1	C1
DLBCL10488	0.8880482973833801	0.025195288838055087	0.027839157746619447	0.05324754466490085	0.005669711367044502	0.8880482973833801	C1	C1
DLBCL11453	0.051435847688548406	0.016488424111461824	0.029439365990972403	0.8883715437154148	0.014264818493602538	0.8883715437154148	C4	C4
DLBCL10541	0.02277538354816533	0.8904404472527482	0.01856403936043436	0.018176311806876434	0.05004381803177573	0.8904404472527482	C2	C2
DLBCL10902	0.0076185903280008875	0.06361499068345983	0.016649189138756685	0.020951923336947214	0.8911653065128354	0.8911653065128354	C5	C5
DLBCL10888	0.013702295056033216	0.009669142655194236	0.032228656870476845	0.05229673999947043	0.8921031654188253	0.8921031654188253	C5	C5
DLBCL10933	0.011958138474506753	0.8937014883431179	0.04221475844449037	0.02974564967646378	0.02237996506142121	0.8937014883431179	C2	C2
DLBCL11452	0.8949105185335455	0.027694908076158573	0.0076770949718492675	0.057034224867380356	0.012683253551066285	0.8949105185335455	C1	C1
DLBCL10928	0.895659192601985	0.04735962826305921	0.011949244256944254	0.02909277095281446	0.015939163925197036	0.895659192601985	C1	C1
DLBCL10885	0.046793772560997066	0.897761690895634	0.009644137407138324	0.017775746874619677	0.02802465226161099	0.897761690895634	C2	C2
DLBCL10493	0.014095632034518185	0.8980525490883096	0.045671258592992224	0.02630655400623591	0.0158740062779441	0.8980525490883096	C2	C2
DLBCL11516	0.017786699768491135	0.8980686161456779	0.025833643545216424	0.03733219278387846	0.020978847756736075	0.8980686161456779	C2	C2
DLBCL11571	0.03155120967720317	0.012601365419539478	0.028003125658133645	0.8985959077556748	0.029248391489448917	0.8985959077556748	C4	C4
DLBCL11204	0.031795230290994785	0.9008504397858446	0.019711282389063764	0.019799373680611833	0.027843673853485105	0.9008504397858446	C2	C2
DLBCL11564	0.03639940661305544	0.013075541793641642	0.0258159594833065	0.9009671005936928	0.023741991516303615	0.9009671005936928	C4	C4
DLBCL10932	0.04704490775778014	0.012828780368934761	0.021567699913520425	0.9010262883307176	0.01753232362904705	0.9010262883307176	C4	C4
DLBCL10984	0.01326774335311932	0.059527140712186594	0.010460917026983298	0.015485224022852658	0.9012589748848582	0.9012589748848582	C5	C5
DLBCL10467	0.02184959455850619	0.011873241819053752	0.035601732014708204	0.027896944937688198	0.9027784866700437	0.9027784866700437	C5	C5
DLBCL11512	0.9036870692382991	0.013739171485687993	0.013577580324387824	0.05848253770983962	0.010513641241785386	0.9036870692382991	C1	C1
DLBCL10978	0.0356097552148946	0.016009605978166502	0.029598111000131617	0.9037172981683677	0.015065229638439646	0.9037172981683677	C4	C4
DLBCL10956	0.01691679178655944	0.9043822076175628	0.01026494914700668	0.011020813233273473	0.057415238215597623	0.9043822076175628	C2	C2
DLBCL11194	0.012886133515180627	0.009993405941417533	0.019097197617187027	0.0529534106557499	0.9050698522704649	0.9050698522704649	C5	C5
DLBCL11460	0.03795746127603598	0.015586661232081488	0.024496430770913933	0.9058610754631604	0.016098371257808143	0.9058610754631604	C4	C4
DLBCL11506	0.9060517844484454	0.009913379854169124	0.04249104505975043	0.017672892646609175	0.02387089799102589	0.9060517844484454	C1	C1
DLBCL10533	0.008834268114948331	0.06019941128098479	0.01392698583814585	0.01024681451848689	0.9067925202474342	0.9067925202474342	C5	C5
DLBCL10518	0.01808907316940546	0.008040752537193106	0.9090401301066429	0.05408931765824319	0.010740726528515423	0.9090401301066429	C3	C3
DLBCL11196	0.03720402966181262	0.011151177857448591	0.022346299407030184	0.9094324076298212	0.019866085443887335	0.9094324076298212	C4	C4
DLBCL10508	0.026643695450797516	0.009121553312724384	0.014625345331697103	0.039325698259060855	0.9102837076457201	0.9102837076457201	C5	C5
DLBCL10497	0.03672366791819254	0.012097142448226036	0.023145922665468492	0.9112785315732886	0.016754735394824298	0.9112785315732886	C4	C4
DLBCL11454	0.9133053305294552	0.020842060021695124	0.007459487972243323	0.04963788210973093	0.00875523936687548	0.9133053305294552	C1	C1
DLBCL10964	0.011180197574051136	0.03356451397391927	0.008961490790625231	0.03186402714078879	0.9144297705206156	0.9144297705206156	C5	C5
DLBCL11659	0.9149276587805668	0.006157428886494595	0.023805424859168662	0.047628095297644724	0.007481392176125169	0.9149276587805668	C1	C4
DLBCL11577	0.0321474655087636	0.9161709187888661	0.01747423688326248	0.026698559099051326	0.00750881972005646	0.9161709187888661	C2	C2
DLBCL11662	0.9173072344311248	0.008678875653902868	0.007517016901985887	0.034835213017691984	0.031661659995294404	0.9173072344311248	C1	C1
DLBCL11443	0.9179923388378027	0.00427239343774135	0.02447707105906326	0.026256028650299114	0.02700216801509353	0.9179923388378027	C1	C1
DLBCL11542	0.010450050258667616	0.03600784484429877	0.9185964728960829	0.027784285741686565	0.007161346259264124	0.9185964728960829	C3	C3
DLBCL11651	0.011021296382113372	0.012223810849286997	0.9191840318477499	0.014478504093947256	0.04309235682690245	0.9191840318477499	C3	C3
DLBCL10482	0.9197331695752753	0.008502589228617526	0.013465660699856503	0.019778319994324688	0.038520260501925994	0.9197331695752753	C1	C1
DLBCL10954	0.014665844608521062	0.9197691775655039	0.01836699376055936	0.009343160697872045	0.03785482336754362	0.9197691775655039	C2	C2
DLBCL10879	0.009141321853608208	0.009184471077468314	0.9229779530898099	0.02846919274827887	0.03022706123083471	0.9229779530898099	C3	C3
DLBCL10481	0.01206462069309339	0.010785339441859294	0.9236690270751148	0.046556280174196836	0.006924732615735733	0.9236690270751148	C3	C3
DLBCL11677	0.9250761964710332	0.0049390238963205255	0.013308641638338666	0.029661534405837384	0.027014603588470232	0.9250761964710332	C1	C1
DLBCL11563	0.020943437275475058	0.02817222032787044	0.9263555279757167	0.017444271122819557	0.007084543298118228	0.9263555279757167	C3	C3
DLBCL10972	0.9275659553015677	0.01334917951050951	0.009286878802011785	0.030537004591892826	0.019260981794018188	0.9275659553015677	C1	C1
DLBCL10517	0.007385023201041338	0.9278159790361886	0.03114616494990085	0.021946408198552137	0.011706424614317035	0.9278159790361886	C2	C2
DLBCL10532	0.006994909105367054	0.010758046639579027	0.030879352210783178	0.02274963026277792	0.9286180617814929	0.9286180617814929	C5	C5
DLBCL11476	0.01977795937876508	0.03220282581523503	0.009057238203261804	0.008815067631185645	0.9301469089715524	0.9301469089715524	C5	C5
DLBCL10857	0.009158045084057204	0.008171365147099804	0.03297640306337866	0.019543467364575535	0.9301507193408888	0.9301507193408888	C5	C5
DLBC_FF_8046_TP_NB	0.01766814347796347	0.0084005028091007	0.9311429395160774	0.0181709895098491	0.024617424687009285	0.9311429395160774	C3	C3
DLBCL10884	0.931169612101432	0.005602221891104059	0.011062088268116946	0.038338677713909856	0.013827400025437165	0.931169612101432	C1	C1
DLBCL11488	0.9315830371744273	0.0053728629570128465	0.007076911066039724	0.026927061317491046	0.029040127485029134	0.9315830371744273	C1	C1
DLBCL10935	0.9323148186054756	0.02148178569725961	0.008870979179830197	0.02760117884377652	0.009731237673658114	0.9323148186054756	C1	C1
DLBCL10938	0.007137497355058189	0.012363399603090266	0.014121593205408144	0.03391027645751337	0.93246723337893	0.93246723337893	C5	C5
DLBCL10848	0.015777365525059994	0.006645656761640429	0.015486696969743167	0.029204478293027015	0.9328858024505294	0.9328858024505294	C5	C5
DLBCL10843	0.9338089914345743	0.006293699318176625	0.01494667601043532	0.03332278292793687	0.011627850308876907	0.9338089914345743	C1	C1
DLBCL11569	0.009785485839040762	0.033786410617126506	0.9358966292878114	0.013490287668872367	0.007041186587148996	0.9358966292878114	C3	C3
DLBCL11679	0.032297964428055985	0.9363462528695021	0.011909776943790695	0.010440087301547172	0.009005918457104061	0.9363462528695021	C2	C2
DLBCL10523	0.018031568802482047	0.007274237763850158	0.9373118004593362	0.031049821477230517	0.006332571497101093	0.9373118004593362	C3	C3
DLBCL10473	0.026801438200075342	0.9373178970502744	0.01007816427726701	0.016927003091592455	0.00887549738079081	0.9373178970502744	C2	C2
DLBCL10836	0.01353868025614715	0.006236006358729768	0.01916390176801826	0.023376703012050002	0.9376847086050548	0.9376847086050548	C5	C5
DLBC_FF_A7CW_TP_NB	0.006083560791336804	0.022556371335126578	0.021341496919221842	0.01207291555587478	0.93794565539844	0.93794565539844	C5	C5
DLBCL10963	0.010597031622679106	0.03069962232703892	0.009561287440489731	0.010468368643484684	0.9386736899663075	0.9386736899663075	C5	C5
DLBCL10521	0.009930067141886118	0.035709643982698464	0.006753804942302348	0.008610817757882928	0.9389956661752301	0.9389956661752301	C5	C5
DLBCL11435	0.939123186535687	0.005495148954790262	0.006739050708501334	0.03959309015231803	0.009049523648703333	0.939123186535687	C1	C1
DLBCL10472	0.01475122259964621	0.008005425897188733	0.9395419461257533	0.031595881764750394	0.0061055236126614405	0.9395419461257533	C3	C3
DLBC_FF_A7CR_TP_NB	0.014045701764563356	0.0062374714632562	0.016463784753954085	0.023175484976091856	0.9400775570421345	0.9400775570421345	C5	C5
DLBC_FF_A7CQ_TP_NB	0.020623693919200877	0.007886569713372817	0.011654177499927447	0.019559291064473086	0.9402762678030258	0.9402762678030258	C5	C5
DLBC_FF_8042_TP_NB	0.005654637403022791	0.018440478046779285	0.020749611681077203	0.01203100801178683	0.9431242648573339	0.9431242648573339	C5	C5
DLBCL10462	0.9437578657718153	0.004894171041796962	0.009705050009601078	0.01994390998469343	0.021699003192093256	0.9437578657718153	C1	C1
DLBCL10907	0.013033483650304665	0.02102947888927481	0.006181943768880595	0.01575857178695719	0.9439965219045827	0.9439965219045827	C5	C2
DLBCL11440	0.01710462777701014	0.007933011757981766	0.019360449071782138	0.010759487495970867	0.944842423897255	0.944842423897255	C5	C5
DLBCL11673	0.01753652243309433	0.9458893863785761	0.021940569048386073	0.006790550077235898	0.007842972062707567	0.9458893863785761	C2	C2
DLBCL10943	0.0080382666017524	0.015529981212124164	0.016936364507815042	0.012962874461909973	0.9465325132163984	0.9465325132163984	C5	C5
DLBCL11191	0.9470367520919103	0.00439527710327018	0.013179475655852643	0.0267831367369949	0.008605358411971959	0.9470367520919103	C1	C1
DLBCL10537	0.02095449413202862	0.008056055483348902	0.9484119143854033	0.01629722709094149	0.006280308908277653	0.9484119143854033	C3	C3
DLBCL10904	0.009880212852908611	0.013425709755484698	0.01423339591117746	0.013331846104389398	0.9491288353760399	0.9491288353760399	C5	C5
DLBCL11498	0.021898543985053927	0.9492617537597232	0.007997684911239287	0.007806460322648791	0.013035557021334736	0.9492617537597232	C2	C2
DLBCL10945	0.9496780366097208	0.0051958647209001275	0.006307728975643789	0.017375464290186143	0.02144290540354915	0.9496780366097208	C1	C1
DLBCL11526	0.015776358176640762	0.009327649175954793	0.9497884738143196	0.020619942394563166	0.004487576438521589	0.9497884738143196	C3	C3
DLBCL11656	0.00681282681926227	0.005814220313695987	0.9503983234266045	0.01599402964504426	0.02098059979539307	0.9503983234266045	C3	C3
DLBCL10457	0.005808210970761696	0.016148693771320017	0.00929373190201432	0.01742683484676497	0.951322528509139	0.951322528509139	C5	C5
DLBCL10852	0.008226859862786595	0.01182625242299825	0.007322785574157417	0.020935460643849962	0.9516886414962078	0.9516886414962078	C5	C5
DLBCL10502	0.006593270467487457	0.9517825671003491	0.025169128500466452	0.008575003008082569	0.00788003092361443	0.9517825671003491	C2	C2
DLBCL11533	0.01229775222781432	0.952775549349405	0.021769100399241122	0.006325590618480267	0.006832007405059275	0.952775549349405	C2	C2
DLBCL11496	0.9528398175788784	0.005163695260148899	0.015710992160018616	0.014289096122373262	0.011996398878580906	0.9528398175788784	C1	C1
DLBCL10891	0.006040871385317603	0.006627283215475504	0.015305361535530063	0.01847825511901323	0.9535482287446636	0.9535482287446636	C5	C5
DLBCL10854	0.00706958863041387	0.008344144928346472	0.007926240801402841	0.021464828255686373	0.9551951973841505	0.9551951973841505	C5	C5
DLBCL11539	0.9552709602277885	0.003336038480916202	0.011692769355986201	0.02436324732953442	0.0053369846057747345	0.9552709602277885	C1	C1
DLBCL11513	0.007579740681670495	0.007597343834414708	0.01057951527629593	0.01731130946764345	0.9569320907399754	0.9569320907399754	C5	C5
DLBCL10926	0.013757540535829673	0.9571557594200198	0.007807730562147494	0.008172543959250428	0.013106425522752537	0.9571557594200198	C2	C2
DLBCL10922	0.015720630133112378	0.9575779483424888	0.011305651799033506	0.005075079807956417	0.010320689917408931	0.9575779483424888	C2	C2
DLBCL11672	0.008835427456587492	0.00590194830746293	0.9576040493724428	0.018495627440178616	0.009162947423328115	0.9576040493724428	C3	C3
DLBCL10545	0.958056340212669	0.005345870271218933	0.013205693655477392	0.013309942866110487	0.010082152994524184	0.958056340212669	C1	C1
DLBCL11203	0.006505839218181738	0.9582137084662607	0.008678585939562326	0.013854829864089004	0.01274703651190618	0.9582137084662607	C2	C2
DLBCL10930	0.014504012991388752	0.006347342561539063	0.010430459622773084	0.009320531099075088	0.959397653725224	0.959397653725224	C5	C5
