sample	C1	C2	C3	C4	C5	Confidence	PredictedCluster	TrueCluster
DLBCL10538	0.04410521672023251	0.3644380757208216	0.03270689625238839	0.2417785080206771	0.3169713032858804	0.3644380757208216	C2	C2
DLBCL11005	0.035808779166366	0.2851178102489892	0.039918823678993826	0.20008880832521303	0.4390657785804379	0.4390657785804379	C5	C4
DLBCL10470	0.041818088805079694	0.2156180570971242	0.2625514892233662	0.44034263334505275	0.03966973152937716	0.44034263334505275	C4	C2
DLBCL10531	0.09973906356213878	0.08333817078015122	0.07765871047362162	0.4745220908353085	0.26474196434877995	0.4745220908353085	C4	C1
DLBCL10500	0.029459319125214153	0.3301711998780559	0.08054139612052662	0.07417720708557154	0.48565087779063176	0.48565087779063176	C5	C2
DLBCL11180	0.04131018615567735	0.48596996446947427	0.035558502106575345	0.020205179434236796	0.4169561678340362	0.48596996446947427	C2	C2
DLBCL11182	0.1115483884441998	0.05674795938930021	0.028945189745487435	0.48734357086215496	0.31541489155885766	0.48734357086215496	C4	C4
DLBCL11586	0.43161838611234515	0.021993849747551267	0.022768521506092654	0.48995465820297474	0.03366458443103623	0.48995465820297474	C4	C1
DLBCL10524	0.09432574113632619	0.5196254009167468	0.07598388134466193	0.24203745202890659	0.06802752457335848	0.5196254009167468	C2	C2
DLBCL11193	0.09129153440666403	0.5381157261706879	0.09124656983841616	0.2504511294029299	0.028895040181302015	0.5381157261706879	C2	C2
DLBCL10506	0.5383730531132036	0.03392475936300858	0.049077454028444364	0.3542004750170678	0.024424258478275684	0.5383730531132036	C1	C1
DLBCL10948	0.01635139677968486	0.5404451319583171	0.03833947233777585	0.04161057440270357	0.3632534245215185	0.5404451319583171	C2	C2
DLBCL10478	0.18025855624364545	0.013950250927011161	0.10775183524296748	0.6208415117216408	0.07719784586473516	0.6208415117216408	C4	C4
DLBCL11530	0.022298117349565535	0.6225509704182439	0.3076709644560865	0.02441279866746672	0.023067149108637296	0.6225509704182439	C2	C2
DLBCL11562	0.02487325446432539	0.6861916320618496	0.24810445196096195	0.01694336595704772	0.023887295555815282	0.6861916320618496	C2	C2
DLBCL11531	0.13820184244083442	0.6957037110608324	0.09656499475259775	0.05491242219242815	0.014617029553307332	0.6957037110608324	C2	C2
DLBCL11540	0.0744357977922144	0.08715232974796411	0.08496445504498891	0.032109446643625396	0.7213379707712072	0.7213379707712072	C5	C5
DLBCL11506	0.7247397415024	0.016608057736839814	0.17206663871034975	0.03510347591110031	0.051482086139310226	0.7247397415024	C1	C1
DLBCL10998	0.7322130823879621	0.024211742656725353	0.01704887476181291	0.16181180776319756	0.064714492430302	0.7322130823879621	C1	C1
DLBCL10942	0.7379850933648389	0.019275178444287076	0.02062700055241738	0.2093408981048454	0.012771829533611318	0.7379850933648389	C1	C1
DLBCL11559	0.018942969178747555	0.1793216069105408	0.7380499966558682	0.049631546823785316	0.014053880431058118	0.7380499966558682	C3	C3
DLBCL11578	0.09541825108360581	0.026115237557464428	0.05157314147258142	0.781791766514191	0.04510160337215735	0.781791766514191	C4	C1
DLBCL11503	0.02650580347083521	0.785309880522454	0.0231278166590225	0.07220868205772343	0.09284781728996491	0.785309880522454	C2	C2
DLBCL10504	0.06011297294983087	0.009870158724959676	0.09571452524710387	0.04673405664998991	0.7875682864281157	0.7875682864281157	C5	C5
DLBCL10505	0.11133658215996328	0.01820888281116156	0.05920309950015384	0.7921147556141072	0.01913667991461421	0.7921147556141072	C4	C4
DLBCL10546	0.7999588454360974	0.03263969137799658	0.01481754192521905	0.029502305410042808	0.12308161585064419	0.7999588454360974	C1	C1
DLBCL11452	0.8090394001077371	0.03953118575662084	0.013532145913518999	0.12142844547423044	0.016468822747892645	0.8090394001077371	C1	C1
DLBCL11665	0.07819962428212565	0.01846656102439701	0.07273025363030686	0.811948998132983	0.01865456293018743	0.811948998132983	C4	C4
DLBCL10516	0.01521517667360325	0.012114496403803153	0.08140255600497655	0.06283365439395336	0.8284341165236637	0.8284341165236637	C5	C5
DLBCL11445	0.8367204632132944	0.00801511408362884	0.01788556524388181	0.10488175872544864	0.032497098733746344	0.8367204632132944	C1	C1
DLBCL10953	0.849916216768205	0.014446170199831604	0.028342007368887444	0.03919336066669408	0.06810224499638191	0.849916216768205	C1	C1
DLBCL11660	0.048474458056599876	0.011919262202989073	0.028316100165731634	0.8566014462626963	0.054688733311983075	0.8566014462626963	C4	C4
DLBCL10476	0.0566362034579285	0.01587816805669304	0.05275797207336474	0.858899035466367	0.01582862094564674	0.858899035466367	C4	C4
DLBCL11577	0.043810237206231055	0.8852930193162568	0.021062888132505002	0.04109575338217197	0.008738101962835155	0.8852930193162568	C2	C2
DLBCL10545	0.8966319798935583	0.01991744819301082	0.04610218920761114	0.02400065194860197	0.013347730757217837	0.8966319798935583	C1	C1
DLBCL11571	0.035231322224224426	0.011862409860347705	0.02514205901598434	0.8976923421737122	0.030071866725731377	0.8976923421737122	C4	C4
DLBCL11560	0.038579093198818776	0.01923705537007308	0.028892461863830175	0.8988447248733392	0.014446664693938755	0.8988447248733392	C4	C4
DLBCL10473	0.040292723046049035	0.9058766979774395	0.013334777515724002	0.029789510057777	0.01070629140301043	0.9058766979774395	C2	C2
DLBCL10933	0.01712874904150257	0.9108468167274788	0.01718555329372137	0.030386388655568097	0.024452492281729132	0.9108468167274788	C2	C2
DLBCL11453	0.03602479739873723	0.012066610242246792	0.02279873489778493	0.910962524942993	0.018147332518238028	0.910962524942993	C4	C4
DLBCL10493	0.011601708534508579	0.925316249739224	0.03967672323383704	0.010977412394502341	0.012427906097928033	0.925316249739224	C2	C2
DLBCL10533	0.00846520093310666	0.041458327700674376	0.008961230999983765	0.008557447209410969	0.9325577931568242	0.9325577931568242	C5	C5
DLBCL10481	0.009309368625428582	0.00878589681882267	0.9359121882959348	0.03836041723267668	0.007632129027137222	0.9359121882959348	C3	C3
DLBCL11563	0.015722358755451023	0.01726923295536428	0.9418612544346411	0.019977846544646856	0.005169307309896727	0.9418612544346411	C3	C3
DLBCL10938	0.006076602398951671	0.01054377548576755	0.011304452589517709	0.025001520357445645	0.9470736491683174	0.9470736491683174	C5	C5
DLBCL10537	0.014277112013446346	0.006365597958100263	0.9616319907979111	0.012665997529060906	0.00505930170148145	0.9616319907979111	C3	C3
DLBCL10943	0.008292338456050161	0.008380414494429318	0.00964214712369794	0.00910775713705938	0.9645773427887632	0.9645773427887632	C5	C5
DLBCL10508	0.006696458766613901	0.006508328480282629	0.00862541242470009	0.013448933627970545	0.9647208667004329	0.9647208667004329	C5	C5
DLBCL10540	0.0051086128171752	0.0055868856635555835	0.007792104097829668	0.01422632657761226	0.9672860708438273	0.9672860708438273	C5	C5
DLBCL11584	0.010493636521980716	0.007425484953922099	0.9686034425357188	0.008108064271994838	0.005369371716383529	0.9686034425357188	C3	C3
DLBCL11532	0.008095696526895114	0.004459084080980214	0.9712656205787237	0.012354892117204764	0.0038247066961962233	0.9712656205787237	C3	C3
DLBCL11575	0.005434118276437816	0.006381156351485738	0.9757468054367521	0.009705995572938603	0.002731924362385714	0.9757468054367521	C3	C3
DLBCL10499	0.005129703899614518	0.005022382758673808	0.0060366129051503455	0.007138702263384467	0.9766725981731769	0.9766725981731769	C5	C5
DLBCL10926	0.004903509533483775	0.9785316773723879	0.005160764781752587	0.004486556016957569	0.006917492295418223	0.9785316773723879	C2	C2
DLBCL11585	0.0031020513451454294	0.003125391354925266	0.9821186320533277	0.008065869641621013	0.003588055604980538	0.9821186320533277	C3	C3
DLBCL11451	0.0021748962421812047	0.005450410366460353	0.002694447796693489	0.003334135774954855	0.98634610981971	0.98634610981971	C5	C5
DLBCL11514	0.0023690319496911024	0.003928060241058421	0.0025099547015599833	0.004485810793360101	0.9867071423143304	0.9867071423143304	C5	C5
DLBCL10528	0.002169796706665951	0.9879001689535453	0.005429034895144524	0.0017695953341118108	0.002731404110532403	0.9879001689535453	C2	C2
DLBCL11572	0.001869994334438433	0.0027305188285367543	0.9890834156447968	0.00417745132836665	0.002138619863861264	0.9890834156447968	C3	C3
DLBCL11684	0.001625094579041935	0.9894231100711336	0.004215148617702211	0.0023563832332310053	0.0023802634988912825	0.9894231100711336	C2	C2
DLBCL11508	0.9926888506170182	0.0009972553454830999	0.0012012410542847304	0.003639817376320897	0.001472835606893111	0.9926888506170182	C1	C1
DLBCL11579	0.000956237269320723	0.9950449924961575	0.0016921806175266734	0.001183570946081658	0.001123018670913387	0.9950449924961575	C2	C2
DLBCL10507	0.00037294028383098133	0.9983825585040326	0.0005398851122902425	0.00031125411474014947	0.000393361985106051	0.9983825585040326	C2	C2
DLBCL11438	0.00033332611024822076	0.9985093802967778	0.0004659243609630539	0.0003015923909169995	0.0003897768410939038	0.9985093802967778	C2	C2
DLBCL10477	0.0002195411622966642	0.9988986730306428	0.0003689315958472829	0.0002013216365557048	0.0003115325746575495	0.9988986730306428	C2	C2
