sample	C1	C2	C3	C4	C5	Confidence	PredictedCluster	TrueCluster
DLBCL11471	0.2746242728834461	0.21003240422673947	0.11503785765522244	0.2289040930251133	0.17140137220947865	0.2746242728834461	C1	C4
DLBCL11446	0.12699427294435517	0.34125086695133616	0.17962065852294604	0.30248834364581006	0.049645857935552484	0.34125086695133616	C2	C2
DLBCL11483	0.13122833859559585	0.4106351205671848	0.10331683881150305	0.07228626845667091	0.2825334335690453	0.4106351205671848	C2	C2
DLBCL11466	0.08545272876142379	0.375439480909855	0.056723319003874055	0.42086335848293677	0.06152111284191038	0.42086335848293677	C4	C2
DLBCL11202	0.3404037513974968	0.0777690782806764	0.42530707470915763	0.14596749384333077	0.010552601769338471	0.42530707470915763	C3	C1
DLBCL11510	0.4355324866009851	0.19941855475856546	0.03532361491206334	0.056332897644297227	0.27339244608408886	0.4355324866009851	C1	C5
DLBCL11441	0.1380541121890992	0.012665046023595214	0.08114936494333126	0.32523653110511513	0.4428949457388592	0.4428949457388592	C5	C3
DLBCL11574	0.06483446498033447	0.20058670691455235	0.4467935251253579	0.07514226662353145	0.21264303635622372	0.4467935251253579	C3	C3
DLBCL11518	0.334090420367373	0.14303201342224078	0.4511517303130553	0.052551416485554704	0.01917441941177621	0.4511517303130553	C3	C3
DLBCL11433	0.049794317955725	0.017234946088527287	0.07932940116342592	0.45880203110121376	0.39483930369110803	0.45880203110121376	C4	C4
DLBCL11206	0.030069875687553274	0.4681658549799341	0.07222633902292284	0.01464372044347082	0.4148942098661189	0.4681658549799341	C2	C5
DLBCL11534	0.05010830864711884	0.0274827662918323	0.4741091103054025	0.1715366938824646	0.2767631208731818	0.4741091103054025	C3	C3
DLBCL10936	0.16256827678877744	0.4757393768259649	0.14641096197048245	0.10623360251819584	0.10904778189657933	0.4757393768259649	C2	C3
DLBCL11535	0.07930663287309389	0.03129860138113357	0.02742659130301859	0.37756417651129104	0.48440399793146294	0.48440399793146294	C5	C4
DLBCL10869	0.48612060107057176	0.17682490628358324	0.21288970309957495	0.0702611683881509	0.05390362115811907	0.48612060107057176	C1	C1
DLBCL10873	0.07186153830592905	0.48713504840022254	0.09184004299988516	0.3104376159781141	0.038725754315849216	0.48713504840022254	C2	C2
DLBCL10955	0.16110129114774846	0.08083704840028741	0.0825684680147547	0.4943340744466445	0.18115911799056494	0.4943340744466445	C4	C4
DLBCL10915	0.05820584093192501	0.13332998736126908	0.04741905111495187	0.26151392464195644	0.4995311959498976	0.4995311959498976	C5	C5
DLBCL10492	0.5092725004175402	0.023544202364539277	0.016014789457282855	0.07451340789172223	0.3766550998689154	0.5092725004175402	C1	C1
DLBCL11657	0.04511653221375879	0.08045027444682246	0.509669572655467	0.32744331245937275	0.037320308224579	0.509669572655467	C3	C4
DLBCL10934	0.041208940619186424	0.5106282298274178	0.022266081812676513	0.05839265190012457	0.3675040958405947	0.5106282298274178	C2	C2
DLBCL10874	0.0772952148314858	0.5160608639087358	0.02732247180557996	0.14340838647694845	0.23591306297724993	0.5160608639087358	C2	C2
DLBCL11448	0.036611256139904895	0.059324250581411976	0.1434350003403361	0.5214186559856722	0.2392108369526749	0.5214186559856722	C4	C4
DLBCL10856	0.035147396149919095	0.05287177106836981	0.5275325523512538	0.034737107094996916	0.3497111733354603	0.5275325523512538	C3	C3
DLBCL10985	0.10027229155968055	0.5299450559434936	0.027386081746903695	0.3061741256484156	0.03622244510150654	0.5299450559434936	C2	C2
DLBCL11431	0.1338841343066875	0.1323587725681015	0.12131166169148265	0.08017430377577481	0.5322711276579536	0.5322711276579536	C5	C5
DLBCL11467	0.08513242898997886	0.058068060014433036	0.09674279061128328	0.5390382800931768	0.22101844029112808	0.5390382800931768	C4	C4
DLBCL10973	0.05045959859799264	0.022959463657729176	0.2701525014118122	0.5391793907709334	0.11724904556153268	0.5391793907709334	C4	C4
DLBCL11455	0.16335052553152674	0.016739711282698418	0.21489671903947793	0.5400637139877473	0.06494933015854959	0.5400637139877473	C4	C3
DLBCL10907	0.08766565044590743	0.2914618872044156	0.0187997322198397	0.061263961924519925	0.5408087682053173	0.5408087682053173	C5	C2
DLBCL10971	0.19219278996866168	0.15802131109772943	0.022272745499988547	0.08621869015022812	0.5412944632833923	0.5412944632833923	C5	C1
DLBC_FF_A7CX_TP_NB	0.2739792138900804	0.0410591601884291	0.08128529981927837	0.05782199383399558	0.5458543322682166	0.5458543322682166	C5	C5
DLBCL11538	0.03570026981520775	0.01419525085516908	0.549372700301102	0.1842067357108002	0.21652504331772104	0.549372700301102	C3	C5
DLBCL11681	0.5531724641094776	0.011036947721860946	0.2751411452553861	0.09656722241631774	0.06408222049695755	0.5531724641094776	C1	C1
DLBCL11536	0.05545110194437991	0.283274564210079	0.044700976597231414	0.5598833500908339	0.056690007157475755	0.5598833500908339	C4	C4
DLBCL10501	0.011436395922004907	0.35747136155841924	0.5611972924503227	0.03651958010452524	0.03337536996472788	0.5611972924503227	C3	C3
DLBCL10909	0.06722630164810259	0.016525754298696578	0.06778388392654121	0.5738684851599275	0.27459557496673215	0.5738684851599275	C4	C5
DLBCL11519	0.5798533687703955	0.03649403529530024	0.027093993132000553	0.34117351861674206	0.015385084185561618	0.5798533687703955	C1	C1
DLBCL10486	0.584097929692636	0.12476520298452214	0.01741897787074613	0.11631811280895896	0.15739977664313684	0.584097929692636	C1	C1
DLBCL10539	0.06567440753465642	0.20071110842741563	0.06312786702233668	0.5853827862328571	0.08510383078273406	0.5853827862328571	C4	C4
DLBCL10959	0.5856393511015056	0.02770726691091375	0.016854387480299663	0.29274964425708316	0.07704935025019788	0.5856393511015056	C1	C1
DLBCL11003	0.059825451693081295	0.5859843165387575	0.019551084573423243	0.029917849628686	0.30472129756605193	0.5859843165387575	C2	C2
DLBCL11590	0.1633659317395351	0.015322265124687687	0.5872753966822282	0.18687826448493688	0.04715814196861219	0.5872753966822282	C3	C3
DLBCL11528	0.18345673209958369	0.14397023949088625	0.6161954648836591	0.03225824363677643	0.024119319889094545	0.6161954648836591	C3	C3
DLBCL10908	0.056629837369104465	0.10508365059389194	0.619780006330686	0.044702929977219606	0.17380357572909805	0.619780006330686	C3	C5
DLBCL11436	0.11368792416561616	0.6199205454530421	0.030542577450245308	0.18790744068767054	0.04794151224342592	0.6199205454530421	C2	C2
DLBCL10491	0.05905772702919234	0.21860197984459082	0.07878968050369622	0.6264406589429579	0.017109953679562796	0.6264406589429579	C4	C4
DLBCL10509	0.2729750639042907	0.6287392642451182	0.012924339752639902	0.04382595368343079	0.041535378414520395	0.6287392642451182	C2	C1
DLBCL11473	0.6380041137803266	0.03822711316338156	0.01935422509068719	0.27014925345121343	0.03426529451439124	0.6380041137803266	C1	C1
DLBCL11491	0.1537898408498135	0.018482300413629325	0.07896773937762525	0.6441430633242948	0.10461705603463706	0.6441430633242948	C4	C4
DLBCL10503	0.036116662642568666	0.6525843015274486	0.13608765561580197	0.038937039018647764	0.13627434119553294	0.6525843015274486	C2	C2
DLBCL10919	0.25532788700156167	0.015464923826823298	0.03574525602391269	0.6657695130605287	0.02769242008717371	0.6657695130605287	C4	C4
DLBCL11439	0.19883330771920057	0.015003066268762431	0.6679572366150008	0.06541378463377115	0.05279260476326501	0.6679572366150008	C3	C3
DLBCL11678	0.07911413533638818	0.02899985727224336	0.203872317277059	0.6679700013522777	0.02004368876203175	0.6679700013522777	C4	C4
DLBCL10858	0.04783353344575778	0.013302644258239456	0.03225883239609403	0.23721372078516811	0.6693912691147407	0.6693912691147407	C5	C4
DLBCL11430	0.6698401306225641	0.013945618598078992	0.0553439659053671	0.2426855681667392	0.01818471670725063	0.6698401306225641	C1	C1
DLBCL10553	0.04086775267812137	0.03025102724782323	0.2109201122766927	0.6702439662660629	0.047717141531299884	0.6702439662660629	C4	C4
DLBCL10974	0.06061696679867391	0.02024398259567146	0.04826372665509542	0.6712132607190777	0.1996620632314815	0.6712132607190777	C4	C4
DLBCL10969	0.675715593126923	0.11353941475940608	0.09552782949806332	0.03291369297649619	0.08230346963911138	0.675715593126923	C1	C1
DLBCL10906	0.04086510704393865	0.6780712269568175	0.018294172559270433	0.019931822451746715	0.2428376709882267	0.6780712269568175	C2	C2
DLBCL10552	0.21646759456515619	0.022247021823573354	0.05934847279780407	0.6852826684566605	0.01665424235680589	0.6852826684566605	C4	C4
DLBCL11581	0.05272451694009727	0.022083084420796064	0.07842533002191704	0.16115727995300247	0.6856097886641872	0.6856097886641872	C5	C5
DLBCL10843	0.6862174790671813	0.01623260116793814	0.03279298449660459	0.23056267464541985	0.03419426062285611	0.6862174790671813	C1	C1
DLBCL10877	0.6891597827625644	0.11966700751801924	0.0649817884543047	0.08458393149749047	0.04160748976762122	0.6891597827625644	C1	C1
DLBCL11576	0.05770797634033305	0.15147984775558399	0.07311405813525419	0.6916128985413141	0.026085219227514597	0.6916128985413141	C4	C4
DLBCL10454	0.12340905863851509	0.1308615798262112	0.03743186211615929	0.015877818676981185	0.6924196807421332	0.6924196807421332	C5	C5
DLBCL11474	0.6955215119003987	0.017304340434097443	0.01596649998094593	0.23864529212443297	0.03256235556012502	0.6955215119003987	C1	C1
DLBCL10970	0.0536340724458205	0.1578457785944028	0.06184667438604153	0.6976048313350546	0.02906864323868067	0.6976048313350546	C4	C4
DLBCL10867	0.024291127930181212	0.21459811827671715	0.01924503580986598	0.037912303284557296	0.7039534146986783	0.7039534146986783	C5	C5
DLBCL10986	0.703997487970669	0.04081512838129334	0.10949466269081325	0.11106852890228115	0.034624192054943354	0.703997487970669	C1	C1
DLBCL10921	0.029276568330321547	0.22891211387678048	0.014973452843205216	0.02052310086711533	0.7063147640825774	0.7063147640825774	C5	C5
DLBCL11652	0.7073215271673998	0.1745862864992799	0.034713322972210095	0.04415337945495953	0.03922548390615062	0.7073215271673998	C1	C1
DLBCL11449	0.034066931089277136	0.7128123963934087	0.030684022270065715	0.02958699247301853	0.19284965777423005	0.7128123963934087	C2	C2
DLBCL10450	0.7195091840082203	0.06355681720913425	0.012065752706760333	0.13594233391839947	0.06892591215748568	0.7195091840082203	C1	C1
DLBCL11468	0.054073128568341323	0.02457327822479606	0.7195446839492041	0.17814910131610362	0.023659807941554905	0.7195446839492041	C3	C3
DLBCL11480	0.7198843148693851	0.01876098405448209	0.1116042609245434	0.06969402585342205	0.08005641429816732	0.7198843148693851	C1	C1
DLBCL10964	0.03394479836396148	0.05721623949070865	0.017351481828633903	0.16481226170989102	0.726675218606805	0.726675218606805	C5	C5
DLBCL10565	0.07323587196093535	0.025810631941507633	0.7276725192744421	0.15870354328272937	0.014577433540385532	0.7276725192744421	C3	C4
DLBCL11663	0.7289777612906129	0.04385009792755694	0.08200765562082418	0.1121486559148046	0.03301582924620141	0.7289777612906129	C1	C1
DLBCL11504	0.10619653287347258	0.02239408948847836	0.02865559187263494	0.11277529447476141	0.7299784912906527	0.7299784912906527	C5	C5
DLBCL10514	0.05680147813457202	0.11400111559294832	0.7300743855856179	0.0854578262876533	0.013665194399208496	0.7300743855856179	C3	C3
DLBCL11525	0.12789975854892743	0.01787604834101691	0.7323512717825609	0.10810509755205455	0.013767823775440214	0.7323512717825609	C3	C3
DLBCL11002	0.17263753924316835	0.026476391542327834	0.05073724715791	0.7340395829293472	0.016109239127246548	0.7340395829293472	C4	C4
DLBCL10453	0.013083164166504372	0.19018386002102391	0.029117411849316373	0.03149545586999884	0.7361201080931565	0.7361201080931565	C5	C2
DLBCL11432	0.7378771964064642	0.006860794849737935	0.08210226815932017	0.10907522426895118	0.06408451631552652	0.7378771964064642	C1	C1
DLBCL10838	0.027821743519219747	0.19365412528422277	0.015231092125229918	0.0251908403555512	0.7381021987157763	0.7381021987157763	C5	C5
DLBCL10962	0.032627608135396016	0.7401008644450094	0.10937093402957751	0.03919834517403415	0.07870224821598294	0.7401008644450094	C2	C2
DLBCL10894	0.15317852846968588	0.7410203065658735	0.019842488270406456	0.06625718121803531	0.019701495475998834	0.7410203065658735	C2	C2
DLBCL10513	0.10618983999080579	0.0437605450666682	0.09484076678717264	0.7429867746742143	0.012222073481139047	0.7429867746742143	C4	C4
DLBCL11478	0.7490351644402884	0.025166888583629816	0.1712184692342534	0.03967997276012693	0.01489950498170144	0.7490351644402884	C1	C1
DLBCL11469	0.018746773839793746	0.049186365615401	0.7492291757456648	0.025570885825388565	0.15726679897375184	0.7492291757456648	C3	C3
DLBCL10965	0.15963076552523614	0.014594900726264563	0.038849800705074725	0.7514621791890841	0.03546235385434042	0.7514621791890841	C4	C4
DLBCL11659	0.7537785662148142	0.010976961475837438	0.08454904886607094	0.12980603381867012	0.020889389624607384	0.7537785662148142	C1	C4
DLBCL10968	0.7559780384080734	0.010171826170366771	0.016955010071409787	0.1719753458078835	0.04491977954226643	0.7559780384080734	C1	C1
DLBCL10878	0.14341205800924992	0.013740950912982167	0.020038222110910896	0.0652211035387931	0.757587665428064	0.757587665428064	C5	C5
DLBCL10865	0.09634223937126535	0.07278060444471383	0.020356076841697324	0.050750008778368536	0.759771070563955	0.759771070563955	C5	C5
DLBCL10914	0.76248094172982	0.12807481694861783	0.056558672173392	0.03301995609047923	0.019865613057690985	0.76248094172982	C1	C1
DLBCL10512	0.01570606717950861	0.0890518838328769	0.7636341500094699	0.0308163763130409	0.10079152266510367	0.7636341500094699	C3	C3
DLBCL10532	0.021416290921344647	0.01633758965363295	0.12163519726535302	0.07367908800804505	0.7669318341516244	0.7669318341516244	C5	C5
DLBCL11495	0.06133394746800876	0.010995719528133767	0.02787723264158264	0.1303690306400474	0.7694240697222274	0.7694240697222274	C5	C5
DLBC_FF_8062_TP_NB	0.0863888119580461	0.022524929562249704	0.0983561506181873	0.7710594167352384	0.021670691126278542	0.7710594167352384	C4	C4
DLBCL11501	0.7726452924530323	0.11954558158368984	0.019194198451358682	0.040034658881657005	0.04858026863026223	0.7726452924530323	C1	C1
DLBCL11515	0.018405183003694814	0.059478105099760224	0.7748260938365433	0.0317389272082799	0.11555169085172172	0.7748260938365433	C3	C3
DLBCL10863	0.09373208644461585	0.01707931031054836	0.027400370568011267	0.7750333144222858	0.08675491825453865	0.7750333144222858	C4	C4
DLBCL11204	0.12045235024129153	0.7794617256650057	0.026288544742158176	0.033071254489751394	0.040726124861793264	0.7794617256650057	C2	C2
DLBCL10984	0.016036510843024772	0.1477224765316322	0.015657030182101014	0.03461192323628397	0.785972059206958	0.785972059206958	C5	C5
DLBCL11683	0.0336663354463623	0.019686651947058084	0.786910870705282	0.14325999200300965	0.016476149898287974	0.786910870705282	C3	C3
DLBCL10957	0.7877082539950714	0.0170997895260338	0.06248138830064728	0.1207223413828892	0.011988226795358357	0.7877082539950714	C1	C1
DLBCL10527	0.028893473016045026	0.0202747675664648	0.08189208327048134	0.7909318899597891	0.07800778618721968	0.7909318899597891	C4	C4
DLBCL10980	0.010115871709523824	0.12126831298481128	0.04272848440995317	0.03167464943115935	0.7942126814645524	0.7942126814645524	C5	C5
DLBCL10488	0.7946841511637716	0.06062009913330826	0.061235351400784024	0.07636036417200283	0.0071000341301333215	0.7946841511637716	C1	C1
DLBCL11488	0.797350266588424	0.009605263448696704	0.014152285886370417	0.05992436940155264	0.11896781467495623	0.797350266588424	C1	C1
DLBCL10548	0.797440064292451	0.06699990294312903	0.011145474374263413	0.10102553385841181	0.02338902453174482	0.797440064292451	C1	C1
DLBCL11464	0.13025096808691888	0.01880987581018473	0.022952727435841105	0.7994857245768324	0.028500704090222824	0.7994857245768324	C4	C4
DLBCL11447	0.048073072399120925	0.01812750168833328	0.02989677009380754	0.8005465949062313	0.10335606091250704	0.8005465949062313	C4	C4
DLBCL10868	0.06520513177291723	0.015531230280674428	0.024735008637583777	0.8015106183483308	0.09301801096049381	0.8015106183483308	C4	C4
DLBCL10846	0.0719024115741014	0.8040904289075146	0.02090287398206441	0.05164487683264539	0.0514594087036742	0.8040904289075146	C2	C2
DLBCL10517	0.009929336124932289	0.8060382262061072	0.13870918736563592	0.022044714657516878	0.023278535645807685	0.8060382262061072	C2	C2
DLBCL10566	0.05223687373242537	0.10770756457378132	0.017048020291466282	0.01658681762100466	0.8064207237813223	0.8064207237813223	C5	C5
DLBCL10487	0.05371152128181111	0.8076299444902169	0.027069986502214257	0.08618480711795834	0.025403740607799506	0.8076299444902169	C2	C2
DLBCL10910	0.014274041309112076	0.07082732932374038	0.814589393564615	0.07575320504894047	0.024556030753592032	0.814589393564615	C3	C3
DLBCL11437	0.06897692695023949	0.01157721002699959	0.03729348032749861	0.8152056572986159	0.06694672539664631	0.8152056572986159	C4	C4
DLBCL10536	0.02007294834669943	0.09139219730958723	0.8175591319192199	0.052868910108776195	0.01810681231571722	0.8175591319192199	C3	C3
DLBCL10999	0.011167928362435273	0.02138306880067111	0.04409530742823358	0.10565497695941804	0.817698718449242	0.817698718449242	C5	C5
DLBCL10782	0.0989816521880357	0.033609607515445596	0.030691684940146284	0.817829604635946	0.018887450720426385	0.817829604635946	C4	C4
DLBCL10981	0.027893103560547423	0.8178494820626507	0.03710345780026728	0.07085574540363085	0.04629821117290371	0.8178494820626507	C2	C2
DLBCL11496	0.819042127664932	0.014658323906359707	0.02690366379043467	0.038930781969138205	0.10046510266913541	0.819042127664932	C1	C1
DLBCL11479	0.0321114182356048	0.8210021181454009	0.07935167441725109	0.01903078846705192	0.0485040007346912	0.8210021181454009	C2	C2
DLBCL10549	0.02531771043415314	0.8269857316327569	0.11830213737147552	0.01679528244058461	0.012599138121029823	0.8269857316327569	C2	C2
DLBCL10451	0.8279747129940096	0.016450520293605185	0.1117622683207434	0.03177706466409598	0.012035433727545777	0.8279747129940096	C1	C1
DLBCL10544	0.038475259726809034	0.013426614989904889	0.036808041957070485	0.8281986356986766	0.08309144762753908	0.8281986356986766	C4	C4
DLBCL11346	0.018365488256167427	0.8340852752864221	0.023301627841249405	0.01632568061352972	0.10792192800263137	0.8340852752864221	C2	C2
DLBCL11664	0.08157833864352168	0.8367632028560172	0.029315099218424793	0.04050346610489184	0.011839893177144466	0.8367632028560172	C2	C2
DLBCL10837	0.046053512327215336	0.04335297406237636	0.017582237820742128	0.050842492474619125	0.8421687833150471	0.8421687833150471	C5	C5
DLBCL10456	0.03955941184452289	0.015680544631984348	0.04457418001643844	0.8465503270149296	0.053635536492124665	0.8465503270149296	C4	C4
DLBC_FF_8042_TP_NB	0.011080633477543832	0.05748733481734151	0.04884347033150136	0.0356732644824158	0.8469152968911975	0.8469152968911975	C5	C5
DLBCL11486	0.8486112922828122	0.013687327832012968	0.01788482021986777	0.028651196322626152	0.09116536334268088	0.8486112922828122	C1	C1
DLBCL11591	0.011770236217646415	0.8487655487347793	0.1090448997795792	0.011133755952375004	0.019285559315620125	0.8487655487347793	C2	C2
DLBCL10871	0.050857816909619435	0.8497145212180002	0.027414646233397014	0.016988931209559195	0.05502408442942416	0.8497145212180002	C2	C2
DLBCL10972	0.8551546490256797	0.017653232065444252	0.02066422796971005	0.05079872099535707	0.0557291699438089	0.8551546490256797	C1	C1
DLBCL11675	0.019865875346452917	0.008331509721719156	0.8577366187941542	0.048977838035352946	0.0650881581023208	0.8577366187941542	C3	C3
DLBCL10564	0.04840921344405756	0.03103959964954315	0.04391493374553012	0.858013251607974	0.018623001552895115	0.858013251607974	C4	C4
DLBCL10885	0.03410668915629149	0.8605310166531308	0.012563490118540953	0.02594314108839763	0.06685566298363912	0.8605310166531308	C2	C2
DLBCL11676	0.8635626735094516	0.013122569489307106	0.0373813812837065	0.07843055607010808	0.0075028196474267485	0.8635626735094516	C1	C1
DLBCL10482	0.8661639491492302	0.01658358216170323	0.012285333570985027	0.029264747988359926	0.07570238712972158	0.8661639491492302	C1	C1
DLBCL10835	0.013313414899236299	0.061249182576860975	0.013442844833232064	0.045744303675971834	0.8662502540146988	0.8662502540146988	C5	C5
DLBCL11527	0.04851446667110138	0.015745448404118137	0.03611238930298883	0.8664492188002125	0.03317847682157913	0.8664492188002125	C4	C4
DLBCL11457	0.8684901796290792	0.005953230434194488	0.025014550250345963	0.07934375121301232	0.021198288473368045	0.8684901796290792	C1	C1
DLBCL10780	0.017318906514240423	0.8700181377329603	0.07115753167161734	0.02991541261066799	0.01159001147051391	0.8700181377329603	C2	C2
DLBCL10994	0.8740395380244012	0.02604782114065671	0.014305958382443376	0.04297482803186374	0.04263185442063506	0.8740395380244012	C1	C1
DLBCL10521	0.013069909970409258	0.08738036354027864	0.011065543867200585	0.012599155715799103	0.8758850269063124	0.8758850269063124	C5	C5
DLBCL10927	0.06625497614309794	0.01335325101288464	0.025991990040861543	0.8769800000412716	0.017419782761884273	0.8769800000412716	C4	C4
DLBCL10925	0.029644313440902823	0.03670363827498705	0.009482427561047673	0.04355865623501598	0.8806109644880464	0.8806109644880464	C5	C5
DLBCL11658	0.03621071592881056	0.011480538066412296	0.032455688972998414	0.8806370655180006	0.03921599151377817	0.8806370655180006	C4	C4
DLBCL10993	0.8826696435343272	0.006506035798157304	0.019459050537730737	0.06509757210070677	0.026267698029077965	0.8826696435343272	C1	C1
DLBCL11470	0.8851423192090037	0.005793545766260792	0.018685365664158075	0.07660713644330416	0.013771632917273263	0.8851423192090037	C1	C1
DLBCL10485	0.016762459859233546	0.07158355693890253	0.01417189486743747	0.011411817179707403	0.886070271154719	0.886070271154719	C5	C5
DLBCL10490	0.8871911548011655	0.014367105825714929	0.011821911886390892	0.06363988282527899	0.02297994466144967	0.8871911548011655	C1	C1
DLBCL10833	0.044629301732240605	0.011762987669943745	0.01289354897574764	0.04345080032197843	0.8872633613000895	0.8872633613000895	C5	C5
DLBCL10469	0.043641891859722524	0.010988864435155045	0.02634175802551245	0.8904067254841214	0.028620760195488655	0.8904067254841214	C4	C4
DLBCL10888	0.013702295056033216	0.009669142655194236	0.032228656870476845	0.05229673999947043	0.8921031654188253	0.8921031654188253	C5	C5
DLBCL10879	0.01110793610008367	0.011965199662374934	0.8927235570529406	0.038482634806870766	0.04572067237773002	0.8927235570529406	C3	C3
DLBCL11655	0.051003272627304294	0.011846777102458244	0.022412893129947348	0.8928612383982945	0.021875818741995647	0.8928612383982945	C4	C4
DLBCL10844	0.8970702358733955	0.020245972843032024	0.009501650250228597	0.024900042318059337	0.048282098715284584	0.8970702358733955	C1	C1
DLBCL11542	0.012926202957879185	0.040074165076738014	0.8982541811323588	0.041181494007634704	0.007563956825389372	0.8982541811323588	C3	C3
DLBCL10547	0.040304573129825605	0.014890210065236074	0.025800870987987543	0.8997626428464688	0.019241702970481972	0.8997626428464688	C4	C4
DLBCL10472	0.01867275422341105	0.01158613157867443	0.9010963991265067	0.059902136707536455	0.008742578363871373	0.9010963991265067	C3	C3
DLBCL11196	0.03549832607893503	0.010967783855340515	0.024443777242501026	0.9013574094260475	0.027732703397175946	0.9013574094260475	C4	C4
DLBCL11194	0.015149799925496329	0.009626680664523051	0.01881215982173479	0.05394545021609505	0.9024659093721508	0.9024659093721508	C5	C5
DLBCL10939	0.03836795142747291	0.01179576943864708	0.02312592895497859	0.9046797339565771	0.02203061622232437	0.9046797339565771	C4	C4
DLBCL10950	0.9047597517126407	0.008258948975149831	0.01594616181339511	0.04310243800804292	0.027932699490771477	0.9047597517126407	C1	C1
DLBCL11516	0.014606883247248178	0.9049561762519301	0.023176465192198445	0.029510761748464467	0.027749713560158804	0.9049561762519301	C2	C2
DLBCL10961	0.0070621017314378975	0.04067085054862953	0.016974709690160086	0.0303343200993298	0.9049580179304427	0.9049580179304427	C5	C5
DLBCL10932	0.04304538152298473	0.013101789131916126	0.021463192334928338	0.905559548236343	0.016830088773827797	0.905559548236343	C4	C4
DLBCL11435	0.9060569919532051	0.006965222240125117	0.008913974423838022	0.06136739866451985	0.016696412718311928	0.9060569919532051	C1	C1
DLBCL11460	0.03788348743758502	0.015165990847880596	0.02393819730265787	0.9074056721798104	0.015606652232066132	0.9074056721798104	C4	C4
DLBCL10978	0.03363165624163708	0.01351979345496689	0.026735376172619413	0.9087431753230291	0.0173699988077476	0.9087431753230291	C4	C4
DLBCL10935	0.9095766936153582	0.03800557333571091	0.006316511587337203	0.028140364505271073	0.01796085695632264	0.9095766936153582	C1	C1
DLBCL10891	0.010251806871923256	0.009171467390698365	0.032514585486034954	0.038325284111546835	0.9097368561397966	0.9097368561397966	C5	C5
DLBCL10851	0.015618326852397627	0.9098018229369815	0.015903533484893317	0.009222836300592945	0.04945348042513455	0.9098018229369815	C2	C2
DLBCL10497	0.03644004927137137	0.011706943358519135	0.022521339277809457	0.9111767312058522	0.018154936886447863	0.9111767312058522	C4	C4
DLBCL11564	0.035532550360057716	0.012996519783062457	0.023508266854484334	0.9115914264019596	0.016371236600435927	0.9115914264019596	C4	C4
DLBCL11459	0.03531417183504773	0.01149469740260943	0.023070582928246347	0.9121054452254348	0.01801510260866171	0.9121054452254348	C4	C4
DLBCL11456	0.015114414794001493	0.9134287864959533	0.02790621524992717	0.03463074130398965	0.008919842156128422	0.9134287864959533	C2	C2
DLBCL11662	0.9173072344311248	0.008678875653902868	0.007517016901985887	0.034835213017691984	0.031661659995294404	0.9173072344311248	C1	C1
DLBCL10930	0.04078016506804216	0.013026033260694809	0.01624632816321868	0.01262944303046645	0.9173180304775779	0.9173180304775779	C5	C5
DLBCL11454	0.920083024986509	0.014614038918138329	0.006856873171186676	0.04954117898186824	0.00890488394229782	0.920083024986509	C1	C1
DLBCL11541	0.007152824921155214	0.0266379092639482	0.9209021908876711	0.016482686146343465	0.02882438878088198	0.9209021908876711	C3	C3
DLBCL10523	0.018400707468986713	0.008117351572358895	0.9227239284673858	0.043483614462679246	0.007274398028589375	0.9227239284673858	C3	C3
DLBCL10542	0.9228690400329456	0.005263003997902817	0.01330838404887798	0.022807751434188797	0.03575182048608485	0.9228690400329456	C1	C1
DLBCL11001	0.023934049614296533	0.008739261828872406	0.01858324069368906	0.02543716794884892	0.923306279914293	0.923306279914293	C5	C5
DLBCL11533	0.02732766819902889	0.9242009546344708	0.026139582331380765	0.014007082168588878	0.008324712666530601	0.9242009546344708	C2	C2
DLBCL11472	0.9254505652583308	0.004586790085192811	0.011656731476677559	0.044677203591536735	0.013628709588262143	0.9254505652583308	C1	C1
DLBCL10854	0.008662069653422306	0.011983397306117421	0.013616833544211495	0.03975076124766947	0.9259869382485794	0.9259869382485794	C5	C5
DLBCL11481	0.9261836168124912	0.006061306829652373	0.0290182555293555	0.021005132647362236	0.017731688181138704	0.9261836168124912	C1	C1
DLBCL11512	0.9265577315751663	0.01267946389052559	0.011221833031769494	0.0420287952233216	0.007512176279217005	0.9265577315751663	C1	C1
DLBC_FF_A7CW_TP_NB	0.0069644473738960265	0.02446260207645459	0.01970081091101797	0.021921749503353	0.9269503901352785	0.9269503901352785	C5	C5
DLBCL11537	0.9274264957838568	0.005568767404183045	0.010648957014451635	0.02093918366043225	0.03541659613707622	0.9274264957838568	C1	C1
DLBCL10857	0.02054921322750962	0.009386186099275442	0.008894601098320864	0.03354599964710247	0.9276239999277917	0.9276239999277917	C5	C5
DLBCL10467	0.015418607356500321	0.009434562582967718	0.024919041984313856	0.021642431964862388	0.9285853561113557	0.9285853561113557	C5	C5
DLBCL10866	0.01185508326513247	0.008947582394865249	0.014531428206585437	0.035750254506754155	0.9289156516266627	0.9289156516266627	C5	C5
DLBCL10916	0.007477615149325729	0.03783734103582816	0.011921523603916646	0.013316322061844285	0.9294471981490852	0.9294471981490852	C5	C5
DLBCL10904	0.010336797372722304	0.01747007412083569	0.019809944602520942	0.021968596486489193	0.9304145874174319	0.9304145874174319	C5	C5
DLBCL11671	0.9314501187907438	0.009510925160039662	0.01201732056608216	0.04099987770549913	0.0060217577776352305	0.9314501187907438	C1	C1
DLBCL10463	0.006436845571819253	0.010331593225830557	0.0169184280120686	0.03362585098217665	0.9326872822081049	0.9326872822081049	C5	C5
DLBCL10881	0.02815097325256082	0.007813793794560885	0.009629324709765845	0.02110896694118961	0.9332969413019229	0.9332969413019229	C5	C5
DLBCL10947	0.020125294867690262	0.9337520899191513	0.010947433206258619	0.006845803823958052	0.028329378182941782	0.9337520899191513	C2	C2
DLBCL10963	0.009358274265390758	0.018877597016534402	0.011784184863667791	0.026074296051000395	0.9339056478034067	0.9339056478034067	C5	C5
DLBCL10845	0.007321920041461191	0.9347867957124404	0.011325373208857296	0.016664223944423774	0.029901687092817385	0.9347867957124404	C2	C2
DLBCL10898	0.010123587935840133	0.034550407323289324	0.007381039070770042	0.013133339050818179	0.9348116266192823	0.9348116266192823	C5	C5
DLBCL10995	0.008275329768613074	0.01528097341065631	0.93623600618337	0.026351053978319668	0.013856636659040938	0.93623600618337	C3	C3
DLBCL11513	0.008922701653816827	0.008534541435040918	0.024605326727709605	0.02164642766930782	0.9362910025141248	0.9362910025141248	C5	C5
DLBCL11679	0.032297964428055985	0.9363462528695021	0.011909776943790695	0.010440087301547172	0.009005918457104061	0.9363462528695021	C2	C2
DLBCL11458	0.023894350906992694	0.016160003062493197	0.9365024780122929	0.011980598905530004	0.011462569112691185	0.9365024780122929	C3	C3
DLBCL10899	0.018191735702871397	0.018267709045938028	0.0061455649956445434	0.020282027569412317	0.9371129626861338	0.9371129626861338	C5	C5
DLBCL11205	0.9374390032890151	0.012297668955958288	0.02407802099550723	0.020374731087756042	0.005810575671763362	0.9374390032890151	C1	C1
DLBCL11520	0.939016496194269	0.004918495842239774	0.007516563847604433	0.021669977847314087	0.026878466268572786	0.939016496194269	C1	C1
DLBCL10848	0.013505906699180488	0.006373783539126834	0.013969015886338606	0.026166011277315146	0.9399852825980389	0.9399852825980389	C5	C5
DLBCL11651	0.01030225495294396	0.007754728872608189	0.9402403233189528	0.023533932517922202	0.018168760337572903	0.9402403233189528	C3	C3
DLBCL11656	0.008140183454412944	0.006493614411799169	0.9408537292759515	0.01713328955232009	0.027379183305516384	0.9408537292759515	C3	C3
DLBCL11573	0.00916610807896392	0.023756473748707006	0.9408840852183311	0.01614690031890974	0.010046432635088236	0.9408840852183311	C3	C3
DLBCL11208	0.011594773777827774	0.9415194007990139	0.023578616169546703	0.01362472719083685	0.009682482062774821	0.9415194007990139	C2	C2
DLBCL11507	0.01145227697601759	0.9420931789149144	0.029704419852767124	0.007364227423589074	0.009385896832711854	0.9420931789149144	C2	C2
DLBCL10466	0.00554048586157987	0.01812351929201053	0.942511684480358	0.023243976232198368	0.010580334133853125	0.942511684480358	C3	C3
DLBCL11661	0.00975587371012553	0.9437812360370783	0.019120538235868918	0.020287019117825603	0.0070553328991016535	0.9437812360370783	C2	C2
DLBC_FF_8046_TP_NB	0.018757187690099677	0.00853439194676469	0.944249720946984	0.019559798705882946	0.008898900710268701	0.944249720946984	C3	C3
DLBCL10902	0.005380520684923577	0.021118606860533542	0.014764488718979256	0.013940636862678971	0.9447957468728847	0.9447957468728847	C5	C5
DLBCL11429	0.9462216505847069	0.004003433559718538	0.0077568280728294555	0.029948206770238232	0.012069881012506882	0.9462216505847069	C1	C1
DLBCL10494	0.006756051704595289	0.9467272865956421	0.030198183878364347	0.007842381267792766	0.008476096553605482	0.9467272865956421	C2	C2
DLBCL11484	0.008263938819528844	0.9476311697083828	0.019508451758242434	0.009347238037554492	0.015249201676291457	0.9476311697083828	C2	C2
DLBCL11523	0.010449526966779917	0.008328385354202779	0.011154448285332816	0.020811664694121386	0.9492559746995631	0.9492559746995631	C5	C1
DLBCL10870	0.005404974797367973	0.009362691274243157	0.02228107909473512	0.013099338369883638	0.9498519164637701	0.9498519164637701	C5	C5
DLBC_FF_A7CR_TP_NB	0.012937182389737687	0.005705069715023245	0.01226204512077542	0.017903679415095044	0.9511920233593686	0.9511920233593686	C5	C5
DLBCL10555	0.018535737584535864	0.011697562191925859	0.9513191626828919	0.013534083284494456	0.004913454256151941	0.9513191626828919	C3	C3
DLBCL10502	0.006593270467487457	0.9517825671003491	0.025169128500466452	0.008575003008082569	0.00788003092361443	0.9517825671003491	C2	C2
DLBCL10852	0.007181498472903015	0.009721860992560923	0.008465153231522039	0.022763313904907996	0.951868173398106	0.951868173398106	C5	C5
DLBCL11673	0.008186499751391515	0.9519923914384715	0.022934105684341975	0.010128248392229805	0.006758754733565281	0.9519923914384715	C2	C2
DLBCL11595	0.007867273352446295	0.02094894952632714	0.009471817432805675	0.009191895603018946	0.9525200640854019	0.9525200640854019	C5	C5
DLBCL11462	0.9535095534958995	0.004365440652915495	0.010611684281429735	0.014216849987946771	0.01729647158180847	0.9535095534958995	C1	C1
DLBCL10836	0.010721880539007963	0.005460445981593076	0.011896682722172768	0.01826772283119021	0.953653267926036	0.953653267926036	C5	C5
DLBCL10895	0.006383015904069975	0.02188684707458406	0.0106104996210871	0.007428837336259721	0.9536908000639992	0.9536908000639992	C5	C5
DLBCL10518	0.009374071570690786	0.005250334654060954	0.954493263846237	0.02340860003282112	0.007473729896190169	0.954493263846237	C3	C3
DLBCL10849	0.009920433135617548	0.9551516321614048	0.007510775140310424	0.006054086794626986	0.02136307276804034	0.9551516321614048	C2	C2
DLBCL11672	0.008835427456587492	0.00590194830746293	0.9576040493724428	0.018495627440178616	0.009162947423328115	0.9576040493724428	C3	C3
DLBCL11004	0.005565962078663516	0.008542537943183494	0.00750124627271243	0.02055993190057342	0.9578303218048672	0.9578303218048672	C5	C5
DLBCL10462	0.9590086150159814	0.003077915949912352	0.007512935205691124	0.022289380188984437	0.008111153639430635	0.9590086150159814	C1	C1
DLBCL10522	0.010786112480444305	0.005767954165417628	0.9595044075727978	0.011349448468769743	0.012592077312570574	0.9595044075727978	C3	C3
DLBCL10928	0.9598228274370064	0.009360000985454786	0.00812173364991636	0.014888051195888622	0.007807386731733835	0.9598228274370064	C1	C1
DLBCL10956	0.011791800609165884	0.9600363351321539	0.006398060443907722	0.0063413500008992485	0.015432453813873268	0.9600363351321539	C2	C2
DLBCL11526	0.012782942612076251	0.006797848995099297	0.9604665258302292	0.01549912027948918	0.0044535622831061395	0.9604665258302292	C3	C3
DLBCL10975	0.9605487027955834	0.003947794489166279	0.0044824132480991	0.023014910273191268	0.008006179193960012	0.9605487027955834	C1	C1
DLBCL10896	0.9607770074249871	0.006056633984069414	0.0036500731728053323	0.019865349827338622	0.009650935590799601	0.9607770074249871	C1	C1
DLBCL11509	0.9611421678197217	0.004825756744554379	0.006584010108462678	0.022509039227684612	0.0049390260995766195	0.9611421678197217	C1	C1
DLBCL11669	0.008717464950346815	0.007031137449317347	0.9613751719046403	0.018454801723897758	0.0044214239717978365	0.9613751719046403	C3	C3
DLBCL10945	0.9626746348606509	0.004249532599823899	0.005127337699086766	0.013699433747866007	0.014249061092572454	0.9626746348606509	C1	C1
DLBCL10931	0.9638257474371658	0.002714682860438335	0.0060792935395614246	0.01834377442207945	0.009036501740754975	0.9638257474371658	C1	C1
DLBCL10954	0.006065322692397335	0.963985782949293	0.008652245011295119	0.006690506715114318	0.014606142631900213	0.963985782949293	C2	C2
DLBCL10529	0.0042519873183436896	0.015355479733733291	0.007232649011830993	0.00872797024366664	0.9644319136924254	0.9644319136924254	C5	C5
DLBCL10987	0.010089307642372418	0.011504271374744343	0.0063494035139838355	0.007415723981440926	0.9646412934874585	0.9646412934874585	C5	C5
DLBCL10900	0.008990329808746715	0.00560773875415049	0.0061743121632144475	0.014526630000160206	0.9647009892737282	0.9647009892737282	C5	C5
DLBCL10535	0.007010663368779087	0.00961612308309777	0.011478563127774217	0.007073698018680988	0.964820952401668	0.964820952401668	C5	C5
DLBCL11677	0.9648390516560157	0.0030124618885244083	0.006873980623499682	0.015766806400309016	0.00950769943165123	0.9648390516560157	C1	C1
DLBCL10495	0.9659681911026909	0.009835176391831168	0.003420367407543126	0.013483596035883139	0.007292669062051658	0.9659681911026909	C1	C1
DLBCL11539	0.9665058977222072	0.0027592833268728994	0.008508772265080797	0.017927770170969397	0.00429827651486972	0.9665058977222072	C1	C1
DLBCL11242	0.011717788231027818	0.00602292687151006	0.005415562693254352	0.009863179475001104	0.9669805427292066	0.9669805427292066	C5	C5
DLBCL10847	0.00868422612143617	0.013825087485122583	0.004862025341691338	0.005239646729685242	0.9673890143220647	0.9673890143220647	C5	C5
DLBCL10918	0.9678475922716958	0.002856619872919382	0.005621448184464053	0.013742406439637521	0.009931933231283219	0.9678475922716958	C1	C1
DLBC_FF_A7CQ_TP_NB	0.006626066903185154	0.005263138044362177	0.0062749095605275935	0.013756940295356476	0.9680789451965686	0.9680789451965686	C5	C5
DLBCL10457	0.004556939833371623	0.012231490643140826	0.006748664956898371	0.00733598079020984	0.9691269237763793	0.9691269237763793	C5	C5
DLBCL10880	0.009290412278301829	0.005705593185485284	0.009749077456536748	0.005527796626664192	0.9697271204530119	0.9697271204530119	C5	C5
DLBCL10903	0.0038565998290015177	0.9698835996204253	0.0156436808605106	0.0042138985443342875	0.006402221145728384	0.9698835996204253	C2	C2
DLBCL10541	0.007171659050986343	0.9704319752740833	0.006845358966640473	0.0057702907113330905	0.00978071599695679	0.9704319752740833	C2	C2
DLBCL10875	0.9711650268282437	0.004460342182367894	0.00636609865188406	0.014287763189630358	0.0037207691478739566	0.9711650268282437	C1	C1
DLBCL11566	0.005414996523279168	0.01016166569232556	0.9712515857183347	0.008717080413073635	0.004454671652986888	0.9712515857183347	C3	C3
DLBCL10781	0.004968504644210161	0.006314094820033711	0.005365058549357785	0.011771286332779496	0.9715810556536189	0.9715810556536189	C5	C5
DLBCL11498	0.010625800204409388	0.9728406367439089	0.0058822820858789125	0.004619822635740247	0.006031458330062566	0.9728406367439089	C2	C2
DLBCL10480	0.00936739669649158	0.9736086801898083	0.005384934081180059	0.0043184495804962034	0.007320539452023921	0.9736086801898083	C2	C2
DLBCL11500	0.005133528618465774	0.004820483018529733	0.007259817532199092	0.009025393398320716	0.9737607774324847	0.9737607774324847	C5	C5
DLBCL10887	0.0035323103019724972	0.005244969824609052	0.009610623306463343	0.007635906254654762	0.9739761903123003	0.9739761903123003	C5	C5
DLBCL11477	0.9747201014190694	0.002686984873095214	0.00392262494976284	0.013038818154062179	0.005631470604010363	0.9747201014190694	C1	C1
DLBCL11450	0.003957839804514297	0.008046256505034712	0.003910136214553993	0.008421011992187864	0.9756647554837091	0.9756647554837091	C5	C5
DLBCL10889	0.003404690419568419	0.005056017081370385	0.0055793260433168864	0.010274952508396851	0.9756850139473474	0.9756850139473474	C5	C5
DLBC_FF_8043_TP_NB	0.0075281103709650835	0.9757427410427933	0.00676671713609167	0.0036425045917160333	0.006319926858433873	0.9757427410427933	C2	C2
DLBCL11353	0.0032309630274756983	0.007894055229362443	0.007289871896320948	0.005324158574302347	0.9762609512725385	0.9762609512725385	C5	C5
DLBCL10464	0.0083115895683068	0.004220927403541032	0.9764326719172973	0.007491851529309503	0.0035429595815453874	0.9764326719172973	C3	C3
DLBCL11685	0.0037208830753231413	0.0037021350329829064	0.9764917326420108	0.007791998103585187	0.00829325114609788	0.9764917326420108	C3	C3
DLBCL11569	0.003976355779088909	0.008622443167189998	0.9765445697634751	0.007715560233314098	0.00314107105693189	0.9765445697634751	C3	C3
DLBCL10510	0.0064939006041281055	0.976887439497592	0.004389550098430773	0.004259721606375537	0.00796938819347352	0.976887439497592	C2	C2
DLBCL11476	0.005801929933868289	0.008131185005060517	0.00382030554731345	0.00489649767257573	0.977350081841182	0.977350081841182	C5	C5
DLBCL11191	0.9777376599088456	0.0028435993379019656	0.003611977668234225	0.012203698320541356	0.0036030647644768265	0.9777376599088456	C1	C1
DLBCL10498	0.004705287250820987	0.004563837957657019	0.9778360309438794	0.010275366531457596	0.0026194773161850268	0.9778360309438794	C3	C3
