sample	C1	C2	C3	C4	C5	Confidence	PredictedCluster	TrueCluster
DLBCL10538	0.04410521672023251	0.3644380757208216	0.03270689625238839	0.2417785080206771	0.3169713032858804	0.3644380757208216	C2	C2
DLBCL11531	0.16094903193483145	0.4536671773835324	0.301170852891239	0.06811774855816993	0.016095189232227206	0.4536671773835324	C2	C2
DLBCL10506	0.4743123300033418	0.046046870031326646	0.0708151670646314	0.39094515455696494	0.017880478343735285	0.4743123300033418	C1	C1
DLBCL10500	0.029459319125214153	0.3301711998780559	0.08054139612052662	0.07417720708557154	0.48565087779063176	0.48565087779063176	C5	C2
DLBCL10953	0.4890896091043872	0.020118796357881302	0.06832969742621071	0.053076794466802746	0.369385102644718	0.4890896091043872	C1	C1
DLBCL11503	0.03449010709566891	0.49510611878034705	0.03801401683012024	0.15512956676821307	0.2772601905256507	0.49510611878034705	C2	C2
DLBCL10478	0.20065447067719433	0.014880118479048488	0.22528102008923956	0.5007284457484603	0.0584559450060573	0.5007284457484603	C4	C4
DLBCL10531	0.12073686166298431	0.11342408694914052	0.09645843285709721	0.14708805433781122	0.5222925641929668	0.5222925641929668	C5	C1
DLBCL10470	0.03757979813789337	0.5368598919435786	0.19196817004501368	0.19227694219835126	0.04131519767516312	0.5368598919435786	C2	C2
DLBCL10505	0.2639431951814895	0.013573462266936105	0.0987497915716539	0.5946247100458918	0.029108840934028688	0.5946247100458918	C4	C4
DLBCL10948	0.03974125517533076	0.6391287442899538	0.0317732764709171	0.0990018427697568	0.19035488129404152	0.6391287442899538	C2	C2
DLBCL10516	0.023680508236583457	0.01645016218149509	0.22061726138844415	0.10000291623249448	0.6392491519609829	0.6392491519609829	C5	C5
DLBCL11530	0.023098053734613787	0.6587156938388998	0.2752161538470419	0.022852068181787154	0.020118030397657312	0.6587156938388998	C2	C2
DLBCL11005	0.024673971609043863	0.2265344795202395	0.02598307621806308	0.043991111873620786	0.6788173607790328	0.6788173607790328	C5	C4
DLBCL10504	0.06860903446876085	0.010196564913010511	0.159341514199042	0.07456348695153114	0.6872893994676555	0.6872893994676555	C5	C5
DLBCL11559	0.01838267131869392	0.22336848120226266	0.6925344363653133	0.05098057630134258	0.014733834812387535	0.6925344363653133	C3	C3
DLBCL11180	0.029299135195144516	0.7256481335521886	0.03778779122504672	0.012091106023847227	0.19517383400377294	0.7256481335521886	C2	C2
DLBCL11182	0.09560664576821543	0.03111865236337473	0.024848163919592832	0.7596154804827202	0.08881105746609681	0.7596154804827202	C4	C4
DLBCL11578	0.09541825108360581	0.026115237557464428	0.05157314147258142	0.781791766514191	0.04510160337215735	0.781791766514191	C4	C1
DLBCL11540	0.05583874835387101	0.07693479797115589	0.0654012399393263	0.016590588007585987	0.7852346257280608	0.7852346257280608	C5	C5
DLBCL11660	0.11002354299608835	0.014127528042133642	0.02937083762820047	0.7887553434887036	0.05772274784487393	0.7887553434887036	C4	C4
DLBCL10476	0.07016507960370856	0.018820761352362197	0.09710529692772968	0.7954347939230348	0.018474068193164713	0.7954347939230348	C4	C4
DLBCL11445	0.8317788587271222	0.008418415537997185	0.01663816541215984	0.11895956569740304	0.024204994625317743	0.8317788587271222	C1	C1
DLBCL10942	0.8350543157148145	0.01554374887934878	0.0152984252873352	0.12421001802087836	0.009893492097623175	0.8350543157148145	C1	C1
DLBCL10546	0.8487760272504543	0.01616729298467496	0.012328647286128156	0.028549457416419132	0.09417857506232348	0.8487760272504543	C1	C1
DLBCL10998	0.8506787986847222	0.014021367278294953	0.008551470267313163	0.07228204996337732	0.05446631380629237	0.8506787986847222	C1	C1
DLBCL11560	0.04895951011266527	0.04264953169050965	0.03681427553968758	0.8572821052384818	0.014294577418655691	0.8572821052384818	C4	C4
DLBCL11665	0.06283073316146934	0.016590939999433344	0.046367626352245235	0.8591256889357249	0.015085011551127174	0.8591256889357249	C4	C4
DLBCL11193	0.027670933315126153	0.8617986630251828	0.060693478293872186	0.0362874147641585	0.013549510601660342	0.8617986630251828	C2	C2
DLBCL11562	0.011854080506940643	0.8670770406545337	0.09233630798112973	0.010411319544663716	0.01832125131273214	0.8670770406545337	C2	C2
DLBCL11586	0.8721862378853502	0.012022255229303948	0.009232351895551142	0.08806655007857835	0.018492604911216282	0.8721862378853502	C1	C1
DLBCL10524	0.02716109407034063	0.8774117148870814	0.035469794559994945	0.035149262717177554	0.024808133765405457	0.8774117148870814	C2	C2
DLBCL11453	0.051435847688548406	0.016488424111461824	0.029439365990972403	0.8883715437154148	0.014264818493602538	0.8883715437154148	C4	C4
DLBCL10933	0.011958138474506753	0.8937014883431179	0.04221475844449037	0.02974564967646378	0.02237996506142121	0.8937014883431179	C2	C2
DLBCL11452	0.8949105185335455	0.027694908076158573	0.0076770949718492675	0.057034224867380356	0.012683253551066285	0.8949105185335455	C1	C1
DLBCL10493	0.014095632034518185	0.8980525490883096	0.045671258592992224	0.02630655400623591	0.0158740062779441	0.8980525490883096	C2	C2
DLBCL11571	0.03155120967720317	0.012601365419539478	0.028003125658133645	0.8985959077556748	0.029248391489448917	0.8985959077556748	C4	C4
DLBCL11506	0.9060517844484454	0.009913379854169124	0.04249104505975043	0.017672892646609175	0.02387089799102589	0.9060517844484454	C1	C1
DLBCL10533	0.008834268114948331	0.06019941128098479	0.01392698583814585	0.01024681451848689	0.9067925202474342	0.9067925202474342	C5	C5
DLBCL10508	0.026643695450797516	0.009121553312724384	0.014625345331697103	0.039325698259060855	0.9102837076457201	0.9102837076457201	C5	C5
DLBCL11577	0.0321474655087636	0.9161709187888661	0.01747423688326248	0.026698559099051326	0.00750881972005646	0.9161709187888661	C2	C2
DLBCL10481	0.01206462069309339	0.010785339441859294	0.9236690270751148	0.046556280174196836	0.006924732615735733	0.9236690270751148	C3	C3
DLBCL11563	0.020943437275475058	0.02817222032787044	0.9263555279757167	0.017444271122819557	0.007084543298118228	0.9263555279757167	C3	C3
DLBCL10938	0.007137497355058189	0.012363399603090266	0.014121593205408144	0.03391027645751337	0.93246723337893	0.93246723337893	C5	C5
DLBCL10473	0.026801438200075342	0.9373178970502744	0.01007816427726701	0.016927003091592455	0.00887549738079081	0.9373178970502744	C2	C2
DLBCL10943	0.0080382666017524	0.015529981212124164	0.016936364507815042	0.012962874461909973	0.9465325132163984	0.9465325132163984	C5	C5
DLBCL10537	0.02095449413202862	0.008056055483348902	0.9484119143854033	0.01629722709094149	0.006280308908277653	0.9484119143854033	C3	C3
DLBCL10926	0.013757540535829673	0.9571557594200198	0.007807730562147494	0.008172543959250428	0.013106425522752537	0.9571557594200198	C2	C2
DLBCL10545	0.958056340212669	0.005345870271218933	0.013205693655477392	0.013309942866110487	0.010082152994524184	0.958056340212669	C1	C1
DLBCL10540	0.00846708854049513	0.005366201993696633	0.009241244374654003	0.014493931794163252	0.9624315332969909	0.9624315332969909	C5	C5
DLBCL11514	0.005626552759804058	0.0073356236236604856	0.006027029035801685	0.01393842195052078	0.967072372630213	0.967072372630213	C5	C5
DLBCL11451	0.004778493743978736	0.015369636010660928	0.00521695620557529	0.005585023230155824	0.9690498908096292	0.9690498908096292	C5	C5
DLBCL11532	0.008095696526895114	0.004459084080980214	0.9712656205787237	0.012354892117204764	0.0038247066961962233	0.9712656205787237	C3	C3
DLBCL11575	0.005611246265298663	0.008318375755063901	0.9716009330803236	0.011289499265313396	0.0031799456340005083	0.9716009330803236	C3	C3
DLBCL10499	0.005948770455263225	0.005772373441149426	0.006188024087504342	0.00701109523781664	0.9750797367782663	0.9750797367782663	C5	C5
DLBCL11585	0.004253893884014932	0.0035150311192369706	0.9774323223126918	0.009596743373103239	0.005202009310953032	0.9774323223126918	C3	C3
DLBCL11572	0.002477981273738503	0.00394514797073961	0.9843292178238181	0.005920541619609884	0.0033271113120938796	0.9843292178238181	C3	C3
DLBCL11684	0.00206504859280444	0.985702474932643	0.006437496300428865	0.0027162272802582865	0.003078752893865446	0.985702474932643	C2	C2
DLBCL11438	0.002236828800973991	0.9898877211055473	0.0024735879837935407	0.0024739310976487575	0.002927931012036412	0.9898877211055473	C2	C2
DLBCL11584	0.0014781690833393893	0.0019000196112564543	0.9925934008651423	0.002374850015194767	0.0016535604250670951	0.9925934008651423	C3	C3
DLBCL11508	0.992634235323197	0.0009241335654787095	0.0013490778815899605	0.0035247968670100317	0.0015677563627243254	0.992634235323197	C1	C1
DLBCL10528	0.001187965710165667	0.9938096072511534	0.0024894241950038924	0.0009830673809397977	0.0015299354627372269	0.9938096072511534	C2	C2
DLBCL11579	0.000438479523113364	0.9977040587375378	0.0008617958245204863	0.000436831219647674	0.0005588346951807468	0.9977040587375378	C2	C2
DLBCL10507	0.00037294028383098133	0.9983825585040326	0.0005398851122902425	0.00031125411474014947	0.000393361985106051	0.9983825585040326	C2	C2
DLBCL10477	0.0002979291090812332	0.99849807620108	0.00047222624060162875	0.00027978829171823203	0.0004519801575189577	0.99849807620108	C2	C2
